-197.698849,-2.0981214781949133,0.6947400587323614
-195.97848193110949,-2.112105094152703,0.6721963751406003
-194.258114862219,-2.126181556106941,0.6485534790350116
-192.5377477933285,-2.140351480524575,0.6236819897224903
-190.81738072443798,-2.1546154879597084,0.5974238454624446
-189.0970136555475,-2.1689742030902806,0.5695823722285472
-187.376646586657,-2.18342825473544,0.5399074137874827
-185.6562795177665,-2.1979782759028206,0.5080721343497905
-183.935912448876,-2.2126249037833126,0.47363495339501555
-182.21554537998549,-2.2273687798201296,0.4359729571021776
-180.495178311095,-2.2422105496977585,0.3941552273875384
-178.7748112422045,-2.257150863398134,0.34667240993783804
-177.05444417331398,-2.2721903752146497,0.2907516238776288
-175.3340771044235,-2.287329743784058,0.22003713313630643
-173.613710035533,-2.302569632116514,0.10869651277139078
-171.89334296664248,-2.3832702194326507,0.14807069823011854
-170.172975897752,-2.4936624965462695,0.19979215505274162
-168.4526088288615,-2.6041643295365193,0.20501009950457127
-166.73224175997098,-2.7147805577126576,0.16811308314597243
-165.0118746910805,-2.8229541146256905,0.04947885019263707
-163.29150762218998,-2.8853160939707054,0.17246921688194095
-161.57114055329947,-2.9470117296879916,0.2056136972162
-159.850773484409,-3.0088367752011,0.19714580801806483
-158.13040641551848,-3.070793938069408,0.13969060359911487
-156.41003934662797,-3.09365281020598,0.11272103800383136
-154.6896722777375,-3.0535486855291705,0.18911399642663398
-152.96930520884698,-3.013578636313545,0.2070358015172553
-151.2489381399565,-2.97374091212121,0.18440833635156362
-149.52857107106598,-2.934033768301164,0.09586650222240993
-147.8082040021755,-2.8047819432956063,0.15050474717577594
-146.087836933285,-2.6426360481943565,0.20045828195954388
-144.36746986439448,-2.4806062330993504,0.20451801159327662
-142.647102795504,-2.3186854020935797,0.1660850676910811
-140.9267357266135,-2.166080412344562,0.05958726542726704
-139.20636865772298,-2.115036590284557,0.1758237538404949
-137.4860015888325,-2.0645839960055326,0.20685817166347317
-135.76563451994198,-2.014222166591335,0.19712271493205372
-134.04526745105147,-1.9639488965054002,0.1382551558790441
-132.324900382161,-1.9660347089438446,0.12183283910428006
-130.60453331327048,-2.0386693753018217,0.19217083176253366
-128.88416624437997,-2.111393671623715,0.20786045823430607
-127.16379917548947,-2.1842107827921358,0.18350303732908063
-125.44343210659898,-2.2571238977455885,0.09126961442928652
-123.72306503770848,-2.216439323205824,0.1553970658118937
-122.00269796881798,-2.1425406728177707,0.2021141339744469
-120.28233089992747,-2.0687362013177055,0.20431850039239574
-118.56196383103698,-1.9950226765268164,0.16381753373356134
-116.84159676214648,-1.9206902878116536,0.07070792927645296
-115.12122969325597,-1.8413076287116916,0.17869014221899923
-113.40086262436547,-1.7620056670439699,0.2076479537358772
-111.68049555547498,-1.6827812191661626,0.1963683939175628
-109.96012848658448,-1.60363081553387,0.13512212601150367
-108.23976141769397,-1.5387681263203505,0.1282698351531702
-106.51939434880347,-1.4901081674287602,0.19444035619270572
-104.79902727991298,-1.441513814879771,0.20849915513544776
-103.07866021102248,-1.3929829405419365,0.18288980204137031
-101.35829314213197,-1.344513419053148,0.08795250008355285
-99.63792607324147,-1.24406877893151,0.1607205580379225
-97.91755900435098,-1.1319388485676136,0.2042580998899652
-96.19719193546047,-1.0198588389201222,0.20491568527652193
-94.47682486656997,-0.9078238415750159,0.1632125761561198
-92.75645779767947,-0.8248217406815272,0.08663686244696968
-91.03609072878898,-0.8902814325845652,0.18274588371697686
-89.31572365989847,-0.955780462091347,0.2090286128146934
-87.59535659100797,-1.021321697663491,0.19595524641858084
-85.87498952211747,-1.0869080095979469,0.1323314906194114
-84.15462245322696,-1.1573718350994249,0.13463226349705293
-82.43425538433647,-1.2325098080242416,0.19650284133329318
-80.71388831544597,-1.3077021060613587,0.20845368500580547
-78.99352124655547,-1.382952022173823,0.18068041005969354
-77.27315417766496,-1.4582628518476994,0.0786694907625002
-75.55278710877447,-1.5325377445632282,0.163444541738711
-73.83242003988397,-1.6066986613340366,0.20457874726580233
-72.11205297099346,-1.6809302903994054,0.2031541415083929
-70.39168590210296,-1.7552358826434997,0.15802354447332842
-68.67131883321247,-1.8489651952647408,0.08966325956579672
-66.95095176432196,-2.017379602167223,0.18308133816577482
-65.23058469543147,-2.1858827066689224,0.20780970279069125
-63.510217626540964,-2.3544818881817986,0.19245644173539816
-61.78985055765045,-2.5231845303102816,0.12280687287778919
-60.06948348875997,-2.570291149945429,0.13481577498368527
-58.34911641986946,-2.519303084752136,0.19594470353604196
-56.62874935097895,-2.468425698335768,0.206771876795721
-54.90838228208847,-2.417656762582064,0.17679622048060872
-53.18801521319796,-2.367219427152296,0.06326398916127134
-51.467648144307475,-2.4584399235811816,0.1645852973414129
-49.747281075416964,-2.5656086806094236,0.2042074341360531
-48.026914006526454,-2.672890144322062,0.20108540232380454
-46.30654693763597,-2.7802890129810387,0.15261745331531357
-44.58617986874546,-2.8575494643401926,0.09306547456878826
-42.86581279985495,-2.843392015255031,0.1837698609507083
-41.14544573096447,-2.829359438054732,0.20729732880670895
-39.42507866207396,-2.8154511182069974,0.19043438907661484
-37.70471159318345,-2.801666446607048,0.11683068487835392
-35.984344524292965,-2.7269913652178794,0.1386720710659911
-34.263977455402454,-2.611067971086257,0.19707409410440035
-32.54361038651194,-2.495259274470109,0.20634753128230815
-30.82324331762146,-2.379560203661439,0.17451049810613276
-29.10287624873095,-2.2643925724139997,0.05615303569302291
-27.38250917984047,-2.1906519956530692,0.1676698017042617
-25.662142110949958,-2.119963358664763,0.2052529791609696
-23.941775042059447,-2.049367911814686,0.2008566353744141
-22.221407973168965,-1.978862563462227,0.15085309808288
-20.501040904278454,-1.968912749310599,0.10352442972023233
-18.780673835387944,-2.106416442780379,0.18680090155198845
-17.06030676649746,-2.2440127331148516,0.20796317644587112
-15.339939697606951,-2.3817076462017925,0.18915889831326435
-13.61957262871644,-2.519507212224772,0.11176084657348312
-11.899205559825958,-2.6031705484661356,0.1432129730244882
-10.178838490935448,-2.656228545155585,0.19834777390714523
-8.458471422044965,-2.709403217113682,0.20563057875466403
-6.738104353154455,-2.76269689307729,0.17127976397415626
-5.017737284263944,-2.815215535614158,0.04815668165572615
-3.297370215373462,-2.834077412935738,0.15672813766250865
-1.5770031464829515,-2.851660603527985,0.15864558679610846
0.14336392240755913,-2.869308846989646,0.08212295954527445
1.8637309912980413,-2.8864211007891765,0.12582120856242898
3.584098060188552,-2.9386206618755453,0.10431866499526693
5.3044651290790625,-3.0608311925755856,0.16565840927534775
7.024832197969545,-3.1831761176725046,0.13925245718082396
8.745199266860055,-3.30964519391394,0.13285024780656865
10.465566335750566,-3.441523191418193,0.19707058657194945
12.185933404641048,-3.5735522552909886,0.21158735776929505
13.906300473531559,-3.7057381676025685,0.18827482357365105
15.626667542422041,-3.8380867172811897,0.10425824089467567
17.34703461131255,-3.8238980223705625,0.16254352661321755
19.067401680203062,-3.7680982273275023,0.20604313903031723
20.787768749093544,-3.712463800644634,0.20783467090262214
22.508135817984055,-3.6569923058696623,0.16924820175352098
24.228502886874566,-3.6143588757297405,0.08804462733014216
25.948869955765048,-3.659949618228658,0.18367017807476824
27.66923702465556,-3.7057009928389064,0.21073083964447456
29.38960409354607,-3.7516150031921356,0.19942914385002017
31.10997116243655,-3.7976936600362854,0.1408098441051886
32.83033823132706,-3.8194697948238336,0.13539656949967704
34.550705300217544,-3.8141886019604194,0.19768284574469427
36.271072369108055,-3.8090747959396745,0.21095489114548216
37.991439437998565,-3.804128152795039,0.1860203131091781
39.71180650688905,-3.799348455896914,0.09685838062341628
41.43217357577956,-3.719719576296068,0.16538773006547453
43.15254064467007,-3.6238818627169818,0.2069460954893086
44.87290771356055,-3.5282032017080827,0.2074568920595905
46.59327478245106,-3.4326794031228474,0.16729663837407663
48.31364185134157,-3.3597514002309947,0.09791049927923544
50.034008920232054,-3.397846720841488,0.18650266668809196
51.754375989122565,-3.436091195050312,0.21153089691579785
53.474743058013075,-3.4744864977465326,0.19868175055741885
55.19511012690356,-3.513034310404753,0.13773044073787455
56.91547719579407,-3.6112185992061683,0.1408440972313572
58.63584426468458,-3.7653862892599665,0.19938959652322394
60.35621133357506,-3.9197192289062035,0.21059399391351358
62.07657840246554,-4.074224176978571,0.1833540881342047
63.79694547135608,-4.2289078998518566,0.08695404213126358
65.51731254024656,-4.257545688758202,0.16729682013320762
67.23767960913705,-4.266391961289836,0.20689302489188244
68.95804667802759,-4.275425424398541,0.20548699989816305
70.67841374691807,-4.2846464736882695,0.1620144271063732
72.39878081580855,-4.285400033070694,0.09991642704286913
74.11914788469909,-4.253948967878677,0.18673217314795348
75.83951495358957,-4.22268454833434,0.21062536260615916
77.55988202248005,-4.191605405248184,0.19613100776027323
79.28024909137059,-4.160710177536873,0.13107577272831492
81.00061616026107,-4.202802765740459,0.143007957038793
82.72098322915156,-4.302664069101204,0.19973908041109503
84.4413502980421,-4.402714151534736,0.2095465175676321
86.16171736693258,-4.502957394620151,0.18026121959490016
87.88208443582306,-4.6033981883932436,0.07514514806135596
89.60245150471354,-4.450339900277034,0.16922488186257864
91.32281857360408,-4.271115112057872,0.20739780365237442
93.04318564249456,-4.092077721248833,0.20493673389611228
94.76355271138505,-3.9132198871244346,0.15997665671805242
96.48391978027558,-3.7669364857645458,0.10879878693781075
98.20428684916607,-3.7162999127010554,0.1895560455023741
99.92465391805655,-3.665826439542363,0.21153060547337751
101.64502098694709,-3.6155138558679116,0.19565231406038477
103.36538805583757,-3.565359958284928,0.12858559264373384
105.08575512472805,-3.5234227521915473,0.1488807424915293
106.80612219361859,-3.4869941025975693,0.20222595309632366
108.52648926250907,-3.4507185107285117,0.21071645502372918
110.24685633139956,-3.414594387922275,0.18078814841826835
111.9672234002901,-3.378620152173135,0.07577647465946684
113.68759046918058,-3.4769056950491763,0.17489999002460474
115.40795753807106,-3.582643555946817,0.2093543849154161
117.1283246069616,-3.688538663427269,0.20448346426369093
118.84869167585208,-3.7945956550444158,0.15665994834316083
120.56905874474256,-3.8027216610508088,0.1144949417965209
122.2894258136331,-3.5775706961567884,0.19143419680474025
124.00979288252358,-3.3525767556853006,0.21206602536294214
125.73015995141407,-3.1277299862718744,0.19515479051439838
127.4505270203046,-2.9030205410095102,0.12643585239427943
129.1708940891951,-2.722890489979869,0.1547200314621464
130.89126115808557,-2.567518399803025,0.20477689053997172
132.6116282269761,-2.4122590999406714,0.21194506817848918
134.3319952958666,-2.25710579098305,0.1813841847915931
136.05236236475707,-2.102051678169501,0.07661593099884263
137.77272943364756,-2.2190010895253454,0.1804264966835064
139.4930965025381,-2.33854710442052,0.21184216659436608
141.21346357142858,-2.458195882083511,0.2054525134658914
142.93383064031906,-2.577952662407257,0.1566976350942494
144.6541977092096,-2.6316233378471887,0.12505928058819615
146.37456477810008,-2.5559792198897853,0.1952650846521094
148.09493184699056,-2.4804473868998587,0.21357001965413583
149.8152989158811,-2.4050245310507403,0.19517232044823796
151.53566598477158,-2.3297073492744445,0.124769307469671
153.25603305366207,-2.0765747836956767,0.16053308969922087
154.9764001225526,-1.7420568647850068,0.20740473234891754
156.6967671914431,-1.407615586030996,0.21326559145112467
158.41713426033357,-1.0732363009493344,0.18212021654746371
160.1375013292241,-0.7446281583702778,0.09134637193113321
161.8578683981146,-0.5816981576497373,0.18614022973898994
163.57823546700507,-0.4187939804758156,0.21548102923241608
165.2986025358956,-0.2559084926448989,0.20904040382569183
167.0189696047861,-0.09303456076725534,0.16261966540888897
168.73933667367658,0.03884863858992374,0.14220290733419094
170.45970374256711,0.12037026404100531,0.2027686947729828
172.1800708114576,0.20189681223845649,0.2182894762729774
173.90043788034808,0.2834318535523931,0.19957020639403453
175.62080494923862,0.36497895871304364,0.13284460404190265
177.3411720181291,0.4820890831835113,0.1765367511574912
179.06153908701958,0.6124739050063137,0.22799597456534443
180.78190615591006,0.7428852007027387,0.24881248963200203
182.5022732248006,0.8733286814976917,0.2468672415856222
184.2226402936911,1.003810060009593,0.22156113247100706
185.94300736258157,1.1343350505270957,0.16230612985143353
187.6633744314721,1.2432122729461597,0.12439189165792935
189.3837415003626,1.3072918986702404,0.19511743704929668
191.10410856925307,1.3714284270503936,0.21374901513195343
192.8244756381436,1.4356246668643577,0.19577578724061187
194.5448427070341,1.4998834295189223,0.12644396802361188
196.26520977592457,1.626572551748268,0.15962311484828115
197.9855768448151,1.7835606349572881,0.20683661115214874
199.7059439137056,1.9406264784702176,0.21266290947806102
201.42631098259608,2.097776960807043,0.181141809127324
203.14667805148662,2.252152332877042,0.09206790532556326
204.8670451203771,2.3440933108517905,0.1836355466281393
206.58741218926758,2.434676841568563,0.21382520028357194
208.30777925815812,2.5253666474908654,0.20733377087359764
210.0281463270486,2.6161667002723132,0.15974906531417846
211.74851339593909,2.6943047475360173,0.1360060004915425
213.46888046482962,2.7506696014638172,0.19991418200117483
215.1892475337201,2.807154569149814,0.21637388029634044
216.9096146026106,2.8637621242870344,0.19762277249478513
218.62998167150113,2.920494745935496,0.1291341654356144
220.3503487403916,2.7834406448400166,0.16765429205716753
222.0707158092821,2.569609931458112,0.2099148835296644
223.79108287817257,2.355891402528486,0.2129109081268692
225.5114499470631,2.142275698489054,0.17862970910825293
227.2318170159536,1.9505069763383664,0.09331055838603607
228.95218408484408,2.0399417948329415,0.1853708384634787
230.67255115373462,2.1318218747942552,0.21392134488296455
232.3929182226251,2.2237949667665844,0.20587307898638557
234.11328529151558,2.3158650986178073,0.1556467296807925
235.83365236040612,2.33362707892324,0.1394508474637458
237.5540194292966,2.244879803850654,0.2005719508914403
239.27438649818708,2.156230492031811,0.21500683868187526
240.99475356707762,2.0676752611794074,0.19350475266914904
242.7151206359681,1.9792102331120653,0.11779649667486392
244.4354877048586,1.969179954298255,0.1669931883496156
246.15585477374913,1.9841728640519256,0.20912005142241724
247.8762218426396,1.9992523196983178,0.21151364133582404
249.5965889115301,2.0144189816216316,0.17580493457516191
251.31695598042063,2.0156656506213118,0.09802879344394044
253.0373230493111,1.8999992767694585,0.18714750185179002
254.7576901182016,1.7843132448584869,0.21349849978834448
256.47805718709213,1.668705006215898,0.20305416074434265
258.1984242559826,1.5531694979017074,0.14822811363380387
259.9187913248731,1.5279475793995771,0.13937565164012525
261.63915839376364,1.6115176361693586,0.20016524658933224
263.3595254626541,1.695157918814482,0.21399617190908501
265.0798925315446,1.778872090269913,0.19134075017075156
266.8002596004351,1.8626638166974097,0.11187171459665785
268.5206266693256,1.84474636853947,0.16979123692574
270.2409937382161,1.801631369006941,0.20977067919456127
271.9613608071066,1.758594921161405,0.21049121802990317
273.6817278759971,1.7156351402833283,0.17244582406490602
275.4020949448876,1.678324495138141,0.10293201822023454
277.1224620137781,1.6730324234896459,0.18862895376864958
278.84282908266863,1.667813271682701,0.2136527304086202
280.5631961515591,1.6626668111506455,0.20198164483516703
282.2835632204496,1.657592816521821,0.14500799753264126
284.00393028934013,1.5861611536432132,0.14420327250921483
285.7242973582306,1.4473178070228836,0.20142997502847185
287.4446644271211,1.3085374953298166,0.21293726882087602
289.16503149601164,1.1698141408484002,0.1873503560952813
290.8853985649021,1.031141668323276,0.09922634267431059
292.6057656337926,0.8946557208415289,0.16953391755089875
294.32613270268314,0.7586057440656533,0.20845615233433018
296.0464997715736,0.6225886408454722,0.2073691094941919
297.7668668404641,0.48659845446953887,0.16548598247524138
299.48723390935464,0.38688833140135326,0.10077491012105477
301.2076009782451,0.44069571950966135,0.1873711345720538
302.9279680471356,0.49452205865909726,0.211781476244059
304.64833511602615,0.5483697061192836,0.19846320608585852
306.36870218491663,0.6022410200849106,0.13680546924678005
308.0890692538071,0.6436452642806734,0.144430355854886
309.8094363226976,0.6743742591115565,0.2009994692792447
311.52980339158813,0.7051324386740752,0.21158982043770996
313.2501704604786,0.7359211499862026,0.18430759482604284
314.97053752936915,0.7666996595046662,0.08953028053952226
316.69090459825964,0.6669789453790371,0.17135766451198065
318.4112716671501,0.5504536233328865,0.20868719592588408
320.1316387360406,0.43395205906212864,0.2062030871114732
321.8520058049311,0.31746915049521673,0.16208445581228215
323.5723728738217,0.189295571621983,0.10673294486116751
325.29273994271216,0.02272880616879505,0.18876739535734413
327.01310701160264,-0.14383731263584382,0.21098742951751184
328.7334740804931,-0.3104100793569447,0.19504147029941016
330.4538411493836,-0.47699678887130637,0.12731235025366663
332.1742082182741,-0.4986810543733984,0.14416115579224845
333.89457528716457,-0.4159123315523384,0.20016634655797497
335.61494235605517,-0.33316217187357877,0.20962535350563824
337.33530942494565,-0.25042695139266136,0.180032734466443
339.05567649383613,-0.16750770572415938,0.0767223715112269
340.7760435627266,-0.05422929913094027,0.17194035726636303
342.4964106316171,0.061606789320562155,0.2084723141377292
344.2167777005076,0.17744522704144186,0.20508618334323783
345.9371447693982,0.293291087048532,0.15925498941672345
347.65751183828866,0.4136451243939311,0.11372406759954584
349.37787890717914,0.5458040418816439,0.19128092102554278
351.0982459760696,0.6779865135228293,0.2122851797698537
352.8186130449601,0.8101983280899101,0.19586849891159336
354.5389801138506,0.9424452756498808,0.12839638201724987
356.2593471827412,1.1741508820196862,0.14632549682154836
357.97971425163166,1.4659138517225294,0.17560803650686996
359.70008132052214,1.7577406707483196,0.1345900881837373
361.4204483894126,1.491774735991519,0.1429988042161497
363.1408154583031,1.017695281542713,0.0810426431097893
364.8611825271936,0.9289808901244684,0.16457296664592044
366.5815495960842,0.8599405134179641,0.16839742262269877
368.30191666497467,0.7919594757797945,0.10785208413103586
370.02228373386515,0.737913284231634,0.191560677557403
371.74265080275563,0.6838990600422892,0.21791454857701692
373.4630178716461,0.6299144377175683,0.2097802047903744
375.1833849405366,0.5759570530531819,0.16204269580035316
376.9037520094271,0.551465625690799,0.14792205605649295
378.6241190783177,0.5683298589796884,0.2050918109241341
380.34448614720816,0.5852186329096933,0.21909242893899375
382.06485321609864,0.6021326871053803,0.1992448231439755
383.7852202849891,0.6190727622963799,0.13096647588255897
385.5055873538796,0.6408157726100716,0.17561413523840078
387.2259544227701,0.664066009875355,0.21441607309645905
388.9463214916607,0.6873449804305833,0.2166247986324291
390.66668856055117,0.7106537037675236,0.18356645721556056
392.38705562944165,0.7049004338515841,0.1165664763130063
394.10742269833213,0.46616511006602723,0.1942045837933764
395.8277897672226,0.22744985274049753,0.21796845849564983
397.5481568361131,-0.011255792419342936,0.20730157942159175
399.2685239050037,-0.2499622792328134,0.15526014782761768
400.9888909738942,-0.37661933737244113,0.14784856069566926
402.70925804278465,-0.3709474598683645,0.2042380661774724
404.42962511167514,-0.36529217632382693,0.21694260020265038
406.1499921805656,-0.35965323906249225,0.19471221476246053
407.8703592494561,-0.35403040114728224,0.11940623505241199
409.5907263183467,-0.3180090870639993,0.17455489339163854
411.3110933872372,-0.2746817953731722,0.21280106110523356
413.03146045612766,-0.23136688179591025,0.21358953018324633
414.75182752501814,-0.1880624493952648,0.17742056557808164
416.4721945939086,-0.10707970891087572,0.11486377591145586
418.1925616627991,0.18171240354556742,0.19380508068860441
419.9129287316896,0.47051212515843144,0.21830833815490924
421.6332958005802,0.759332103594845,0.20854212908000655
423.35366286947067,1.0481849873966467,0.15828312075666554
425.07402993836115,1.1799433486709925,0.15858519778449778
426.79439700725163,1.1552461014430961,0.2091898657388598
428.5147640761421,1.130599098195687,0.21967707761421923
430.2351311450326,1.1060012595306303,0.19657799556769356
431.9554982139232,1.0814515082260214,0.12212037223364425
433.6758652828137,1.1599791655843168,0.1816312440017667
435.39623235170416,1.256951315550757,0.21680304508186687
437.11659942059464,1.3539781635599675,0.21674483002341502
438.8369664894851,1.4510639587874792,0.18142267590258168
440.5573335583756,1.5472816488643215,0.13234082788833806
442.2777006272662,1.6397469325677672,0.2006831083231538
443.9980676961567,1.7322836784162647,0.2216870990883794
445.71843476504716,1.8248959389523418,0.21007148453232014
447.43880183393765,1.917587770026258,0.15883138090720345
449.1591689028281,1.9433574666464741,0.16562514004287762
450.8795359717186,1.9129372417719837,0.21249402515029314
452.5999030406092,1.8826004431016525,0.22137853489900056
454.3202701094997,1.852345742080208,0.1974755611382892
456.04063717839017,1.8221718137247085,0.12294869446872915
457.76100424728065,1.596488064762399,0.18666846328832115
459.48137131617113,1.346953470549061,0.21809422297572445
461.2017383850616,1.0974775159176926,0.21503243266625194
462.9221054539522,0.8480492753504834,0.17568851381080805
464.6424725228427,0.6674966896019163,0.13121922768844785
466.3628395917332,0.7067358805475352,0.19945694143902873
468.08320666062366,0.7460056734565526,0.21943285152699069
469.80357372951414,0.7853077881202395,0.20572570590787922
471.5239407984046,0.8246439457282064,0.1493282285136588
473.2443078672951,0.7741209094669983,0.16352077238748083
474.9646749361857,0.6601301263746635,0.2103668177484659
476.6850420050762,0.5461679042111378,0.21800340040241561
478.40540907396667,0.4322292521278499,0.1911896173687396
480.12577614285715,0.3183091803052811,0.10647176888001626
481.84614321174763,0.3865941392829577,0.18442660322227641
483.5665102806381,0.4678670616880468,0.21646231361360152
485.2868773495287,0.549160125075657,0.21317128347309366
487.0072444184192,0.6304768895784911,0.17254307559007617
488.7276114873097,0.7588085645389475,0.13582718040934355
490.44797855620016,1.0073780519549682,0.20156274041801703
492.16834562509064,1.2559913076328357,0.2208927656786911
493.8887126939811,1.5046592193117103,0.20724063371627582
495.6090797628717,1.7533926771179535,0.15195957826416523
497.3294468317622,1.8485880030068462,0.1721018704327747
499.0498139006527,1.853081294022086,0.21485933299956547
500.77018096954316,1.8576553899195352,0.2211146858720513
502.49054803843364,1.8623104910160821,0.19442490977016635
504.2109151073241,1.8670468011843504,0.11353683911623635
505.9312821762147,1.7747482330844442,0.1919621390776072
507.6516492451052,1.6801433305434479,0.22009414783777353
509.3720163139957,1.5856116592599363,0.21477604064812103
511.09238338288617,1.4911490793348618,0.17294796581912605
512.8127504517767,1.4354467785132399,0.1444131688131762
514.5331175206671,1.4607089233144848,0.20467133520454175
516.2534845895576,1.4860346894898777,0.2212286621589466
517.9738516584482,1.5114251861538963,0.20496754659082195
519.6942187273387,1.5368815252665449,0.14525103780951984
521.4145857962292,1.4694219296373572,0.17262040233365109
523.1349528651197,1.356446475410665,0.21408557736131542
524.8553199340101,1.2435300765063542,0.21868253528154127
526.5756870029006,1.130667787878377,0.1891200735296107
528.2960540717912,1.0184951259667856,0.10431956978532939
530.0164211406817,0.9402404156623986,0.19066448278934822
531.7367882095722,0.862026533398498,0.21827200918665413
533.4571552784627,0.783850053891664,0.21155076302457415
535.1775223473531,0.7057075534900987,0.16638991839996845
536.8978894162436,0.6122907527807713,0.14579967667311655
538.6182564851342,0.4923956501734781,0.21411058634230862
540.3386235540247,0.3725217627431031,0.2438971424543276
542.0589906229152,0.25266384076213033,0.2493739246826808
543.7793576918057,0.13281663517794992,0.2322680156090255
545.4997247606962,0.012974897420148249,0.18646072807482938
547.2200918295866,-0.1073155568934729,0.07597881470526693
548.9404588984772,-0.25386046651501915,0.1746151883841943
550.6608259673677,-0.4018887796182705,0.20871514396217408
552.3811930362582,-0.549935041712424,0.20311574946205393
554.1015601051487,-0.6980057363299039,0.15353191569427196
555.8219271740392,-0.7981906030899681,0.11352369131854226
557.5422942429296,-0.7923478690581485,0.1905320677263107
559.2626613118201,-0.7865401837403936,0.21035947912455433
560.9830283807107,-0.7807672927921339,0.19166362667597076
562.7033954496012,-0.7750289434057438,0.11727172791587923
564.4237625184917,-0.7834741446888496,0.1507260659377544
566.1441295873822,-0.7992855101292369,0.20192041184449394
567.8644966562726,-0.8151322281046658,0.2081918408892008
569.5848637251631,-0.8310149926111228,0.1744556310035053
571.3052307940537,-0.8486393218518331,0.06726516120288294
573.0255978629442,-0.9124006453709232,0.17513083542028324
574.7459649318347,-0.9776023939962577,0.20817561217101652
576.4663320007252,-1.042847304347327,0.20122067354045062
578.1866990696157,-1.1081382337521113,0.1487559497966279
579.9070661385061,-1.0933532414139477,0.11758912019756977
581.6274332073967,-0.932205936895355,0.19181511526634124
583.3478002762872,-0.7710998060221579,0.21051120804103393
585.0681673451777,-0.6100277933235543,0.19077292695757417
586.7885344140682,-0.4489828448390305,0.11414759643226477
588.5089014829587,-0.3132683911228151,0.15599251040753434
590.2292685518491,-0.18835335735166092,0.20413703465710656
591.9496356207397,-0.06344692102971355,0.20907840751118528
593.6700026896302,0.06145638797360592,0.1745267191463518
595.3903697585207,0.18326994153099366,0.07867757359659612
597.1107368274112,0.25771139460630954,0.18022654276422137
598.8311038963017,0.33155940450389076,0.21069506363903523
600.5514709651922,0.4054215859436586,0.20272167434500907
602.2718380340826,0.47930117364261415,0.1503064585955297
603.9922051029732,0.5416142734911662,0.12981994532491303
605.7125721718637,0.5862929830137775,0.1964276525393968
607.4329392407542,0.6309970198490564,0.21254401220273947
609.1533063096447,0.6757283417646618,0.19138384504948788
610.8736733785352,0.7204889077051455,0.11375756008795153
612.5940404474256,0.6172248436534564,0.16235397814572453
614.3144075163162,0.46296596063932693,0.2063879463626707
616.0347745852067,0.3087270039692992,0.20890969750980068
617.7551416540972,0.1545012189201567,0.1717580554382711
619.4755087229877,0.038929840498158924,0.08257250879111257
621.1958757918782,0.2966189849372277,0.182372343995526
622.9162428607686,0.5553072790793621,0.2115224150290095
624.6366099296592,0.8140195435560462,0.20273098972666123
626.3569769985497,1.0727671083699228,0.14944363582025463
628.0773440674402,1.2126217019468064,0.13790806228160674
629.7977111363307,1.2003616548721947,0.19953298226509478
631.5180782052212,1.1881538275475871,0.2136441667875854
633.2384452741117,1.1759976853601792,0.19107828754921438
634.9588123430023,1.1638926959430824,0.11141389967979021
636.6791794118927,1.2516509807870273,0.16754575323557477
638.3995464807832,1.3666030466382366,0.2090709032996146
640.1199135496737,1.4816146125986214,0.21085823117967628
641.8402806185642,1.5966907154778756,0.17413605042170957
643.5606476874547,1.699614888457897,0.10256454653670138
645.2810147563451,1.7234431578998193,0.1887175047041367
647.0013818252357,1.747346554868116,0.21419603780606822
648.7217488941262,1.7713261261896045,0.2032688431748929
650.4421159630167,1.7953829220112176,0.14808219829893018
652.1624830319072,1.8105432522964624,0.1446068269595747
653.8828501007977,1.8161075288745878,0.2021289866891373
655.6032171696882,1.8217509911084393,0.21440942621028716
657.3235842385787,1.827473886154655,0.19041495436868658
659.0439513074692,1.8332764646276425,0.10823023636591865
660.7643183763597,1.8104749637322493,0.17181694875366432
662.4846854452502,1.7818244642668866,0.21051237141950427
664.2050525141407,1.7532516490742118,0.21043170821931337
665.9254195830312,1.7247552668393444,0.1715202432401891
667.6457866519218,1.7015141848647444,0.10901674959766468
669.3661537208122,1.7025604381623631,0.19065556125662442
671.0865207897027,1.7036809044476342,0.214439207153944
672.8068878585932,1.70487563279369,0.2019659155497326
674.5272549274837,1.7061446755270961,0.14410692423582236
676.2476219963742,1.7578278243092793,0.14853783690397046
677.9679890652648,1.8553637677081039,0.20356410436226743
679.6883561341552,1.9529806159549734,0.21454656253344642
681.4087232030457,2.050682644055614,0.1893144001810513
683.1290902719362,2.1484741307756994,0.10423868447119132
684.8494573408267,2.1644163137781676,0.17566406988303984
686.5698244097172,2.1683431667699034,0.21202996387641887
688.2901914786077,2.1723646311781084,0.21056664140676892
690.0105585474982,2.176480883127742,0.1703014145386598
691.7309256163887,2.1581089408853154,0.11791485697800037
693.4512926852792,2.0591734304696074,0.19357978417376367
695.1716597541697,1.9603277505144305,0.21511247972477832
696.8920268230602,1.8615675721832088,0.20076402411269934
698.6123938919507,1.7628885703850474,0.1398947134754396
700.3327609608413,1.7123874967864634,0.15215922927529987
702.0531280297317,1.6988070193665925,0.20460320058050752
703.7734950986222,1.6853005905595617,0.21388985160541393
705.4938621675127,1.6718676188690764,0.18658056881284682
707.2142292364032,1.6588201904323576,0.09623961806650481
708.9345963052937,1.73672353889294,0.17734648253911756
710.6549633741843,1.8236521427823564,0.21216524520139568
712.3753304430747,1.9106602627380567,0.20927613588713506
714.0956975119652,1.9977517091806951,0.16672969416312744
715.8160645808557,2.1075782466030755,0.11990683354235909
717.5364316497462,2.2815375051153723,0.17611518067517754
719.2567987186367,2.455596332267346,0.16169890752796784
720.9771657875273,2.5599474623149483,0.136468219306459
722.6975328564178,2.5395572345025306,0.12779286979066065
724.4178999253082,2.5772352356914725,0.1512638129433849
726.1382669941987,2.652273743862706,0.1796966091046783
727.8586340630892,2.72742805665093,0.14327045386663229
729.5790011319797,2.7796683444492847,0.17925522144117864
731.2993682008702,2.8224448471297947,0.21806334236467131
733.0197352697608,2.865344606890697,0.22217013237428956
734.7401023386512,2.9083695024718548,0.19379522809698116
736.4604694075417,2.940463087332604,0.12457524530959502
738.1808364764322,2.777603786904212,0.19862597185581965
739.9012035453227,2.6148657797924257,0.22304884811191925
741.6215706142132,2.4522419390577217,0.21544449785479908
743.3419376831038,2.289725142768714,0.17160513281845802
745.0623047519942,2.2390724228809273,0.15643847406578693
746.7826718208847,2.355367112589377,0.21000916163127017
748.5030388897752,2.471764604228398,0.22377534015482953
750.2234059586657,2.5882699952935813,0.2058851789873574
751.9437730275562,2.7048883880080092,0.14506003456919864
753.6641400964468,2.7534225698214057,0.18276233180895227
755.3845071653373,2.7791787900940066,0.21922009461438108
757.1048742342277,2.80505637265748,0.22161956606610778
758.8252413031182,2.831056450776169,0.19124748826997492
760.5456083720087,2.8513202629453422,0.12852887465460577
762.2659754408992,2.8166246436538662,0.20012079531675683
763.9863425097898,2.7820520265521345,0.22356847704451885
765.7067095786803,2.7476008975631068,0.21523244540485886
767.4270766475707,2.7132697479438237,0.17051133928525058
769.1474437164612,2.735415650379625,0.16213246547834517
770.8678107853517,2.8283542085123403,0.2123970955809779
772.5881778542422,2.9214162825071317,0.22444610003165535
774.3085449231327,3.014605947920867,0.20513028844492492
776.0289119920233,3.1079272858837923,0.14219079755867234
777.7492790609138,3.1707921955268064,0.1861391632253434
779.4696461298042,3.225720427128645,0.22077452599342012
781.1900131986947,3.280789576815705,0.222147297253683
782.9103802675852,3.3360020562564188,0.19097640076175754
784.6307473364757,3.384477560680022,0.13702525055061854
786.3511144053663,3.3903462844747367,0.20367819048427907
788.0714814742568,3.396363135946327,0.22535162987415328
789.7918485431472,3.402528378596921,0.21603981949813125
791.5122156120377,3.40884228242227,0.1707443259332181
793.2325826809282,3.4705962570407736,0.16888151130239068
794.9529497498187,3.5909398465576166,0.21584731990367248
796.6733168187093,3.711440348522367,0.22665277116669966
798.3936838875998,3.832103040116223,0.20704116006063714
800.1140509564902,3.952933205626544,0.1451628926214812
801.8344180253807,3.979749361169598,0.19274075464170656
803.5547850942712,3.987947805740691,0.224078679257598
805.2751521631617,3.9963205492808838,0.22374062927842864
806.9955192320523,4.004867958450967,0.19155891014722376
808.7158863009428,4.00511362399159,0.14583126359409132
810.4362533698333,3.9672229432896753,0.20735755445505352
812.1566204387237,3.9295056539372952,0.22685096590131398
813.8769875076142,3.891960104136115,0.21601124091463306
815.5973545765047,3.85458464963017,0.16909997298321353
817.3177216453952,3.879634526460818,0.17325322881794217
819.0380887142858,3.9603564084238014,0.21777032288454026
820.7584557831763,4.041251381016347,0.2272279417665827
822.4788228520667,4.122322986943502,0.2065025194095162
824.1991899209572,4.203574776641277,0.1430195714757143
825.9195569898477,4.1491640655248485,0.1959697474501907
827.6399240587383,4.075736865587338,0.22521050212247617
829.3602911276288,4.002487809238171,0.22331002857324012
831.0806581965193,3.9294136886127164,0.1893324810474341
832.8010252654097,3.823262594192491,0.14971905372862332
834.5213923343002,3.6018841185447443,0.20839318722267236
836.2417594031907,3.380663034640767,0.22591821520342545
837.9621264720812,3.159589654341636,0.21272302842045762
839.6824935409717,2.938654295994741,0.1614399180534671
841.4028606098622,2.641931956985338,0.17159764956596632
843.1232276787526,2.288332252785893,0.21474218515290297
844.8435947476434,1.9348324147966967,0.2213061153314312
846.5639618165338,1.5814169618885767,0.19502006697843738
848.2843288854243,1.2280704166391383,0.11524573111995765
850.0046959543148,1.142370632601364,0.18640608230715255
851.7250630232053,1.0804037661540202,0.21783078818723683
853.4454300920958,1.0184838660491744,0.2146364891741417
855.1657971609862,0.9566082205723004,0.17493626306163765
856.8861642298767,0.8969654564034377,0.13612247597150465
858.6065312987672,0.8434023613602202,0.20127760508400644
860.3268983676577,0.7898758534461083,0.2198767943566445
862.0472654365482,0.736383588525797,0.20501241868926526
863.7676325054387,0.6829232239749758,0.14684832072190132
865.4879995743291,0.7893529597256022,0.16583734854085766
867.2083666432198,0.9964450607051315,0.2119082725962408
868.9287337121103,1.203580451144792,0.21970121613517096
870.6491007810008,1.410768202311525,0.19388950593430618
872.3694678498913,1.6180173877528363,0.1134759635847425
874.0898349187818,1.5120781374488579,0.19038274135852853
875.8102019876723,1.3935593912412023,0.2194622357813433
877.5305690565627,1.27510132567705,0.21477149200266102
879.2509361254532,1.1566987530097737,0.17359318512156996
880.9713031943437,1.0703336381714763,0.14253004055687066
882.6916702632342,1.0556458376185267,0.20389387017937663
884.4120373321247,1.0410039191465215,0.22092911965085815
886.1324044010152,1.0264072415466663,0.20500482202395173
887.8527714699059,1.0118551655746535,0.14568261924852832
889.5731385387963,1.0198901362216823,0.17095021958273174
891.2935056076868,1.0397798788698414,0.21361194528846725
893.0138726765773,1.0597148087776411,0.21909952767829488
894.7342397454678,1.0796957989673492,0.190651548952353
896.4546068143583,1.1001208359631256,0.10442567293391358
898.1749738832488,1.2271642242958058,0.1980559859208574
899.8953409521392,1.3542610061819769,0.23836370159589068
901.6157080210297,1.4814167476765028,0.2523510348033528
903.3360750899202,1.6086370174231137,0.24457871437045967
905.0564421588107,1.7359273868923562,0.2126727202121997
906.7768092277012,1.863293430614787,0.1411074211006908
908.4971762965916,1.8534398625129984,0.1571536361227389
910.2175433654824,1.752641852371654,0.20635755482655713
911.9379104343728,1.651920248481764,0.21375723110856718
913.6582775032633,1.5512706398516625,0.18445582174205855
915.3786445721538,1.4522769131098054,0.09129248738630923
917.0990116410443,1.4860266229622523,0.17878313827339698
918.8193787099348,1.5287543810034128,0.21226252524360997
920.5397457788252,1.571548740403612,0.20812436855533592
922.2601128477157,1.6144115752833368,0.1635366175484855
923.9804799166062,1.6470374228153706,0.12548059293354066
925.7008469854967,1.655260802702316,0.19591467487034125
927.4212140543872,1.6635563241489821,0.21496825865653227
929.1415811232777,1.6719243504528822,0.19807354147206613
930.8619481921684,1.6803652480689413,0.132085821369619
932.5823152610589,1.5733407159825417,0.15873937946977343
934.3026823299493,1.4024722121061737,0.2063637029917847
936.0230493988398,1.231664779193976,0.2122768932692262
937.7434164677303,1.0609109369310359,0.18062427510283846
939.4637835366208,0.8950623965436126,0.08466182699327839
941.1841506055113,0.8959981523715983,0.1794982350785229
942.9045176744017,0.9033719658102134,0.21156889239512996
944.6248847432922,0.9107849926820141,0.2056644621633433
946.3452518121827,0.9182375576299852,0.15757096542383672
948.0656188810732,0.9129585546400697,0.126491702602408
949.7859859499637,0.8828003843417285,0.19571220271797699
951.5063530188542,0.8526805265671165,0.2135344646519767
953.2267200877449,0.8225976622513447,0.1946343557110148
954.9470871566353,0.792550473946563,0.12312030451953637
956.6674542255258,0.8333762839056287,0.1593520853489427
958.3878212944163,0.9066090313171923,0.20630770780775123
960.1081883633068,0.9798811339195853,0.21155247639532332
961.8285554321973,1.0531958005894497,0.17879656295612922
963.5489225010878,1.120438014344825,0.087818875231282
965.2692895699782,1.075162475136791,0.18252022031095333
966.9896566388687,1.0279031002276284,0.21237126280222163
968.7100237077592,0.9806883924532516,0.20474677424528606
970.4303907766497,0.9335162840950871,0.154182160456332
972.1507578455402,0.9168900111441166,0.13140460221162403
973.8711249144309,0.9497889726693897,0.19738334946912567
975.5914919833214,0.9827291804123465,0.21371915970467448
977.3118590522118,1.0157120769472896,0.1934306688510491
979.0322261211023,1.048739106714821,0.11906877375910971
980.7525931899928,1.0647858899866136,0.16335152138506934
982.4729602588833,1.074545447044968,0.20761608675792254
984.1933273277738,1.084351713889425,0.21113170724774633
985.9136943966643,1.0942051199636513,0.17635320354903736
987.6340614655547,1.0909001841348513,0.09118658741854022
989.3544285344452,0.9390885013670843,0.1845962719137718
991.0747956033357,0.7865256975330941,0.2124896313720882
992.7951626722262,0.6339969899817486,0.20300795448305875
994.5155297411167,0.48149569887863797,0.1491852938502644
996.2358968100074,0.49368214231113094,0.1343763364401094
997.9562638788979,0.729703701461875,0.19831744539024368
999.6766309477883,0.9657568684381072,0.21357611994486467
1001.3969980166788,1.2018519809188333,0.19212743263183277
1003.1173650855693,1.437999378424377,0.11499069033171017
1004.8377321544598,1.3845612032424088,0.1671919584085892
1006.5580992233503,1.245337824971685,0.2086850152359303
1008.2784662922408,1.1061686361348009,0.21020830477432403
1009.9988333611312,0.9670475419887586,0.17282230808583376
1011.7192004300217,0.8543925057252577,0.09439699269736768
1013.4395674989122,0.9374261212184282,0.18605357245395576
1015.1599345678027,1.0205222010704855,0.212962282182424
1016.8803016366934,1.1036626248153159,0.20277325657802947
1018.6006687055839,1.1868510334945523,0.14801138346165363
1020.3210357744744,1.2514280799897284,0.14176940908646032
1022.0414028433648,1.2947060489180926,0.20109303456625038
1023.7617699122553,1.3380403693130232,0.21427559965417406
1025.4821369811457,1.381432938954873,0.19111880265269585
1027.2025040500362,1.4248856581746439,0.11078743795981374
1028.9228711189267,1.3883312069389042,0.17097397160362238
1030.6432381878171,1.3335276874377269,0.2100966478274756
1032.3636052567076,1.2787822195581517,0.2101845522124928
1034.083972325598,1.2240924057697475,0.17129780827512284
1035.8043393944886,1.165235411258551,0.10414172676699401
1037.524706463379,1.0844990699464812,0.1888511265600009
1039.24507353227,1.0038098743221784,0.21331530836509116
1040.9654406011605,0.9231642906988923,0.20090605044961707
1042.685807670051,0.8425587872913962,0.1422789813446441
1044.4061747389414,0.8534012126333723,0.14401243042796572
1046.126541807832,0.9524961809695823,0.20158221775672622
1047.8469088767224,1.0516325140762741,0.21351447296849554
1049.567275945613,1.150814553518797,0.18867847448221792
1051.2876430145034,1.2500466428683294,0.10328141357194676
1053.0080100833939,1.327358155801952,0.17327280303105705
1054.7283771522843,1.4010425711312249,0.21087437717963253
1056.4487442211748,1.4747879948234577,0.20994738351425488
1058.1691112900653,1.548597656464622,0.16986199873694996
1059.8894783589558,1.6091266661083805,0.11333127545370664
1061.6098454278463,1.617609322690916,0.1920521407150431
1063.3302124967367,1.6261624719232248,0.21475802242421604
1065.0505795656272,1.6347864883862597,0.2013865597145299
1066.7709466345177,1.6434817497566139,0.14209033992326345
1068.4913137034082,1.6816637660789888,0.15159618314397333
1070.2116807722987,1.7438498507843139,0.2046957288379843
1071.9320478411892,1.8061119566982091,0.21465576405710465
1073.6524149100796,1.868452810535925,0.18844734365975246
1075.3727819789701,1.9305313893180158,0.10141215417042108
1077.0931490478606,1.7405671947267465,0.16555438078717052
1078.813516116751,1.5219035744712128,0.17192031104317274
1080.5338831856416,1.303306255546564,0.0992529548816434
1082.2542502545325,1.5707671151468638,0.14151268267210163
1083.974617323423,1.796734765912359,0.1160774008218047
1085.6949843923135,1.8901366328446694,0.17521419358897886
1087.415351461204,1.9836209274708025,0.1621767597364362
1089.1357185300944,2.079215576878035,0.1482605904720806
1090.856085598985,2.1787639043758533,0.20676816553389404
1092.5764526678754,2.2784072996592433,0.22310564882320078
1094.2968197367659,2.378150126504835,0.2074887990800348
1096.0171868056564,2.4779967530343017,0.15026080631102026
1097.7375538745468,2.404447838639076,0.17904275123002628
1099.4579209434373,2.2535247716327005,0.2175612645167217
1101.1782880123278,2.1027000464811567,0.22113549795467477
1102.8986550812183,1.9519670579896764,0.19173052798049176
1104.6190221501088,1.809236437846167,0.11578251413982897
1106.3393892189993,1.8627459241650697,0.19531590735506194
1108.0597562878897,1.9163366386176683,0.22165900905107833
1109.7801233567802,1.9700109281570186,0.2153154724685982
1111.5004904256707,2.0237711433763175,0.17271921506624502
1113.2208574945612,2.0362842467721483,0.15538155304450166
1114.9412245634517,1.9832180679024076,0.2091564418199452
1116.6615916323422,1.9302383931070266,0.22259803568065878
1118.3819587012326,1.8773429022122239,0.20385006417826526
1120.1023257701231,1.8245292787089953,0.1405699332524637
1121.8226928390136,1.8759022944132286,0.17799390933347997
1123.5430599079045,1.9651229827870118,0.21693505801935364
1125.263426976795,2.0544293827819478,0.22059985554772693
1126.9837940456855,2.143825405473964,0.19103021557393263
1128.704161114576,2.231982893764404,0.1253267645507804
1130.4245281834665,2.3051868988104522,0.19889606395629203
1132.144895252357,2.3784915081967832,0.22311578898185883
1133.8652623212474,2.451899932216522,0.21534071029470045
1135.585629390138,2.52541538570833,0.17126571671889576
1137.3059964590284,2.642095435139913,0.1607664132987682
1139.0263635279189,2.8162400102157568,0.21228683820690286
1140.7467305968094,2.990507570627145,0.22545824762147249
1142.4670976656998,3.164905748230857,0.20771135959034986
1144.1874647345903,3.3394421805946957,0.1483311075322382
1145.9078318034808,3.3556163649147916,0.18819793341035168
1147.6281988723713,3.326264535810642,0.22204470302678098
1149.3485659412618,3.297058027995928,0.2232413136141446
1151.0689330101523,3.267995562399618,0.19239817401981268
1152.7893000790427,3.229406060044353,0.13623802244101732
1154.5096671479332,3.1225292786870007,0.2032196002050551
1156.2300342168237,3.015788896267027,0.22486394268358803
1157.9504012857142,2.9091802381968326,0.21531182576763286
1159.6707683546047,2.8026986356830954,0.16936244608303763
1161.3911354234951,2.743471607415216,0.1650021959173225
1163.1115024923856,2.7372323551930147,0.21334616747156876
1164.831869561276,2.7311126282506897,0.22410914707644936
1166.552236630167,2.725112158598498,0.203350724943252
1168.2726036990575,2.719230683435519,0.13745855866990506
1169.992970767948,2.789750304519848,0.18655968306966236
1171.7133378368385,2.877269993447723,0.2205733153358512
1173.433704905729,2.964915340459002,0.22124461455193326
1175.1540719746195,3.052690183870022,0.1889294667150362
1176.87443904351,3.1606198941926644,0.1390385081423856
1178.5948061124004,3.369038781301524,0.20474494890495096
1180.315173181291,3.5776048629524837,0.22630663056557693
1182.0355402501814,3.786327273057722,0.21729225869208396
1183.7559073190719,3.9952151523888473,0.1729840962555868
1185.4762743879623,4.047506968375305,0.17500739068172894
1187.1966414568528,3.9516435395713216,0.21847161959741923
1188.9170085257433,3.8559528198297826,0.22727103771313623
1190.6373755946338,3.760430618481107,0.20590070890720832
1192.3577426635243,3.6650727522408677,0.14126980917377127
1194.0781097324148,3.5892447789059996,0.19331372937690813
1195.7984768013052,3.5166919710925737,0.22360354810390293
1197.5188438701957,3.4442928241239694,0.22202663898497296
1199.2392109390862,3.3720441673595376,0.18778157510295745
1200.9595780079767,3.2843459305843616,0.14466281929151262
1202.6799450768672,3.1377035977673016,0.2062355437246485
1204.4003121457577,2.9911983284152295,0.22504142569583568
1206.1206792146481,2.844823706510628,0.2127448787185684
1207.8410462835386,2.698573321731049,0.16242652768282215
1209.5614133524296,2.5248186780419655,0.17057526884739221
1211.28178042132,2.3291469327249508,0.21475633743436207
1213.0021474902105,2.1335768410480886,0.2223210252738693
1214.722514559101,1.9380998382356793,0.19752357573896515
1216.4428816279915,1.7427073636049806,0.12200506040535404
1218.163248696882,1.6936926166958464,0.1879627510537255
1219.8836157657724,1.6603154591719016,0.21934946868121447
1221.603982834663,1.6270106645681248,0.2168665404656152
1223.3243499035534,1.5937767743398472,0.17911037641247043
1225.044716972444,1.5513919988753206,0.1395530235930579
1226.7650840413344,1.4816111850155387,0.20313141822720582
1228.4854511102249,1.4118949079166268,0.22164631403562576
1230.2058181791153,1.3422401144473497,0.2075345043078697
1231.9261852480058,1.272643754146837,0.15195972480876932
1233.6465523168963,1.212242518829024,0.16765229107000273
1235.3669193857868,1.1580164196323506,0.2125769623204608
1237.0872864546773,1.1038406857396004,0.21965549063763332
1238.8076535235678,1.0497129445820552,0.19309721811084898
1240.5280205924582,0.995630825687314,0.11091008898801644
1242.2483876613487,0.9759422093993192,0.18773069157843097
1243.9687547302392,0.9582431543402522,0.21823806136792098
1245.6891217991297,0.9405857157463818,0.21434830522935572
1247.4094888680202,0.9229691203112728,0.1737657945985495
1249.1298559369106,0.9121292807040612,0.14002138854606044
1250.8502230058011,0.9175172621369597,0.20289820998481062
1252.570590074692,0.9229450764733452,0.22061249489914025
1254.2909571435825,0.9284129614235316,0.20521664488121938
1256.011324212473,0.933921156446676,0.14662377175485086
1257.7316912813635,0.9514716441663241,0.1734917758522781
1259.452058350254,0.9757745395211409,0.2269856817992354
1261.1724254191445,1.0001198191027887,0.24931371037435696
1262.892792488035,1.0245085490787322,0.24900951505189634
1264.6131595569254,1.048941797520869,0.22598165944185278
1266.333526625816,1.0734206344640456,0.17129309833962755
1268.0538936947064,1.1007305668840144,0.11592972793872983
1269.7742607635969,1.136954910924075,0.1926659536814787
1271.4946278324874,1.1732286978965827,0.21427569999143764
1273.2149949013778,1.2095535163752813,0.19955690920182764
1274.9353619702683,1.245930957155603,0.13727984517617284
1276.6557290391588,1.281968933618224,0.1534610843297031
1278.3760961080493,1.3177851391962945,0.20494563948948252
1280.0964631769398,1.3536587069731043,0.21356411123314037
1281.8168302458303,1.3895912079748198,0.18539600760673264
1283.5371973147207,1.4258906894739696,0.0936533158218762
1285.2575643836112,1.501818316432735,0.17837715101296714
1286.9779314525017,1.5809571733505385,0.21241911284410891
1288.6982985213922,1.6601649177864575,0.20891661483311574
1290.4186655902827,1.7394450185460197,0.1655021656806463
1292.1390326591732,1.8173786540990564,0.12512416410689392
1293.8593997280636,1.8917611786640873,0.19615045599496625
1295.5797667969546,1.9662262020664345,0.2159181951155951
1297.300133865845,2.0407769853959623,0.20023606110053097
1299.0205009347355,2.1154167935408923,0.1374601676703796
1300.740868003626,2.1272545677483308,0.16058856749552328
1302.4612350725165,2.1020885649394336,0.20803890363301586
1304.181602141407,2.0770142720027143,0.21484282335714713
1305.9019692102975,2.052030590852474,0.18552884414559986
1307.622336279188,2.0288986379846534,0.09732431112213234
1309.3427033480784,2.084967391871824,0.1830743344935703
1311.063070416969,2.144877609714126,0.2143710348854623
1312.7834374858594,2.204881411338341,0.20925835874474066
1314.5038045547499,2.264981424538759,0.16437211702952909
1316.2241716236404,2.259209304651458,0.1327867687142534
1317.9445386925308,2.1158979443528043,0.1987026934395924
1319.6649057614213,1.9726788986955253,0.21602837587935012
1321.3852728303118,1.8295458955699717,0.19796484813533402
1323.1056398992023,1.6864926666130806,0.13056383920864992
1324.8260069680928,1.6419408825499362,0.16207989744310855
1326.5463740369833,1.645608846664961,0.2080496050544951
1328.2667411058737,1.6493485296390666,0.21345609065776677
1329.9871081747642,1.653160095247696,0.18195297685667594
1331.7074752436547,1.6487596189211433,0.09358048537557365
1333.4278423125452,1.4585587325789433,0.1837323355343369
1335.1482093814357,1.2639143016154581,0.21314873675058227
1336.8685764503261,1.0693248736332628,0.20552915847404238
1338.588943519217,0.8747819268019164,0.15552030507941944
1340.3093105881076,0.7582432277054281,0.12976494388005433
1342.029677656998,0.7764936386039454,0.19686142461850012
1343.7500447258885,0.7947777064334787,0.2137657315944412
1345.470411794779,0.8130962319285502,0.1940728191535178
1347.1907788636695,0.8314500173338779,0.12107199077674961
1348.91114593256,0.846043516920687,0.16232002254970948
1350.6315130014505,0.8591532162042164,0.20730695218906486
1352.351880070341,0.8723001924144664,0.2113172413445285
1354.0722471392314,0.8854850212987917,0.17715669899827685
1355.792614208122,0.8815045739030507,0.08946753689411363
1357.5129812770124,0.6501639371906109,0.1836591406079659
1359.2333483459029,0.41682185815345685,0.21199278631871965
1360.9537154147934,0.1834976846377853,0.2026655610470326
1362.6740824836838,-0.04981880153894301,0.1487520317887745
1364.3944495525743,-0.23378376383468924,0.13051331505953326
1366.1148166214648,-0.3464521739168548,0.19627916538705434
1367.8351836903553,-0.45913610519551407,0.2115270281376967
1369.5555507592458,-0.5718404925643106,0.18891620707091863
1371.2759178281362,-0.6845702717735969,0.10658739902753511
1372.9962848970267,-0.6620173037705208,0.16044785358883304
1374.7166519659172,-0.5959465413576435,0.2054427774852526
1376.4370190348077,-0.5299022264807416,0.2082687772937527
1378.1573861036982,-0.46388146680773323,0.17102971921030677
1379.8777531725887,-0.4093494786632581,0.08531345546033293
1381.5981202414796,-0.45250202765573877,0.18294164173934171
1383.31848731037,-0.49577847374008965,0.2108350487536775
1385.0388543792606,-0.5390769806174096,0.2004139158272903
1386.759221448151,-0.5823994444930058,0.14356132191867127
1388.4795885170415,-0.6092267596806165,0.133786115176586
1390.199955585932,-0.6160138149885193,0.19724865809265038
1391.9203226548225,-0.6228281966601668,0.21123069303959446
1393.640689723713,-0.6296702031194341,0.18717329618805148
1395.3610567926034,-0.6365401340114987,0.10075547375575933
1397.081423861494,-0.555211318610316,0.16399473631824182
1398.8017909303844,-0.4517183900757631,0.20665228707658945
1400.522157999275,-0.3482455927649549,0.20802903399750103
1402.2425250681654,-0.2447883952153227,0.16913635696256604
1403.9628921370559,-0.16713154506820907,0.09508981033326995
1405.6832592059463,-0.23967319735433207,0.1857192326731446
1407.4036262748368,-0.3122256945866506,0.21144197630808806
1409.1239933437273,-0.3847922141220732,0.19922873672300231
1410.8443604126178,-0.4573759339353122,0.13944136880510016
1412.5647274815083,-0.5466211583701739,0.13818160876788696
1414.2850945503988,-0.6529329048135426,0.19853305568905866
1416.0054616192892,-0.7592735944545634,0.2107237261758334
1417.7258286881797,-0.8656478843523352,0.18455994878997226
1419.4461957570702,-0.9720604330578322,0.0915817682126494
1421.1665628259607,-0.9147008336788705,0.1660999430835972
1422.8869298948512,-0.8265382179374114,0.20688584386947464
1424.607296963742,-0.738412148246187,0.20661814318178925
1426.3276640326326,-0.6503187652118227,0.16509720105289258
1428.048031101523,-0.5749561097906946,0.09965878954824274
1429.7683981704135,-0.5541036067408747,0.1869166593099952
1431.488765239304,-0.5332757187574735,0.21135695832677207
1433.2091323081945,-0.5124715337208223,0.1978265867240103
1434.929499377085,-0.49169014051864257,0.13537965659364185
1436.6498664459755,-0.43113573231259095,0.13738655247064907
1438.370233514866,-0.33622867588336697,0.17315382716071004
1440.0906005837564,-0.24133669294361518,0.1351386452605017
1441.810967652647,-0.4453904345489552,0.13738855678541723
1443.5313347215374,-0.8219740283215256,0.08157665910761008
1445.251701790428,-0.7223544624285543,0.15825722777148565
1446.9720688593184,-0.5601791102715024,0.1687826760125998
1448.6924359282089,-0.39802863926495513,0.09502023377552997
1450.4128029970993,-0.3079409447990984,0.18565972625163055
1452.1331700659898,-0.21922925918310585,0.2162206936347929
1453.8535371348803,-0.130527523193127,0.2113618230609618
1455.5739042037708,-0.041831852249475554,0.16803709615442508
1457.2942712726613,0.003169739272400121,0.13899585946039467
1459.0146383415517,-0.04096032801844698,0.2017384002235826
1460.7350054104422,-0.08509253785067206,0.21849916279678622
1462.4553724793327,-0.12922882294255697,0.20112580357589951
1464.1757395482232,-0.17337111619522683,0.13720867025477138
1465.8961066171137,-0.11016130051722321,0.16765874867838237
1467.6164736860046,0.004394926639794197,0.21149066521464788
1469.336840754895,0.11895099754275335,0.21690860086719274
1471.0572078237856,0.2335119290380366,0.18727781922545736
1472.777574892676,0.34648780228320974,0.10189527837063093
1474.4979419615665,0.39448197997818435,0.18987497425357988
1476.218309030457,0.4424930848388451,0.21799127357543296
1477.9386760993475,0.4905232194557969,0.21163110630592366
1479.659043168238,0.5385744872617964,0.1668970238931647
1481.3794102371285,0.46485113865565386,0.14552492748609056
1483.099777306019,0.18505195865974847,0.20390008695369846
1484.8201443749094,-0.0947394659212632,0.21820352285723493
1486.5405114438,-0.374535388241778,0.19821997361990876
1488.2608785126904,-0.6543480616524444,0.12887563525962561
1489.9812455815809,-0.6273418515866684,0.16815644507272356
1491.7016126504714,-0.4804177959993957,0.2110841213040551
1493.4219797193618,-0.33351512850666043,0.21540288925560439
1495.1423467882523,-0.18662741565981927,0.18385485573514682
1496.8627138571428,-0.049678607336454066,0.10580728133918536
1498.5830809260333,-0.05221096597463449,0.1907849066739018
1500.3034479949238,-0.054745959861805055,0.21741187451334795
1502.0238150638143,-0.05728370000866995,0.20929455914998668
1503.7441821327047,-0.059824297572841106,0.16126729917061708
1505.4645492015952,-0.07069466250985028,0.14661747575287096
1507.1849162704857,-0.0933565012421709,0.20431702297007925
1508.9052833393762,-0.11602277714434486,0.21828385397507477
1510.6256504082671,-0.13869448286426772,0.19800228093399969
1512.3460174771576,-0.16137261128350028,0.1281216371650326
1514.066384546048,-0.24170316934820985,0.1734625445786213
1515.7867516149386,-0.34010205126054066,0.21277458049295453
1517.507118683829,-0.43851617629510287,0.21457742541643818
1519.2274857527195,-0.5369498543742068,0.18000204865558983
1520.94785282161,-0.6359180472917458,0.10808548768219123
1522.6682198905005,-0.7390898618145816,0.19104017433805912
1524.388586959391,-0.8422943926793871,0.21627515873765432
1526.1089540282815,-0.9455361596086655,0.20620393171111734
1527.829321097172,-1.0488196839624577,0.1540485454331873
1529.5496881660624,-1.1143610826969,0.14626300189846242
1531.270055234953,-1.1349573108615723,0.20337567688258115
1532.9904223038434,-1.1556035919229528,0.21615554472890772
1534.7107893727339,-1.176300830078584,0.19359355788946042
1536.4311564416244,-1.197049931733914,0.11672953736319658
1538.1515235105148,-1.1700559208273515,0.1728196474203655
1539.8718905794053,-1.1314604598272437,0.2117370126331351
1541.5922576482958,-1.0929148985896857,0.21257549446045054
1543.3126247171863,-1.0544175490679302,0.17588072048329778
1545.0329917860768,-1.0394286024719697,0.11114920822231415
1546.7533588549672,-1.1559082930078524,0.1917309046018532
1548.4737259238577,-1.2724389539786805,0.21568020916279287
1550.1940929927482,-1.3890256887097974,0.2040281702781626
1551.9144600616387,-1.5056736029945674,0.14862203069930163
1553.6348271305296,-1.6535461083465073,0.1483338388095212
1555.35519419942,-1.8327764580054364,0.20348356647514335
1557.0755612683106,-2.0120874207735833,0.2145249180529551
1558.795928337201,-2.1914868493872213,0.18934062471286217
1560.5162954060916,-2.3709826004295103,0.10435791865970846
1562.236662474982,-2.3332797913584478,0.1724004281946175
1563.9570295438725,-2.256271923787127,0.21051600279496044
1565.677396612763,-2.179363215842179,0.20987770102906284
1567.3977636816535,-2.102550299387589,0.1700495413235426
1569.118130750544,-2.060520828294813,0.11100140488128378
1570.8384978194345,-2.162716854529072,0.191107716608014
1572.558864888325,-2.2650079432496106,0.2140677846818807
1574.2792319572154,-2.367398574180273,0.20057794696974734
1575.999599026106,-2.4698932313965587,0.14050148969865875
1577.7199660949964,-2.52884022328256,0.1483128620770658
1579.4403331638869,-2.5509334514611766,0.20295481505444313
1581.1607002327773,-2.57313874363027,0.21315947272596847
1582.8810673016678,-2.5954570722471204,0.18637693122044824
1584.6014343705583,-2.6178894147213034,0.09532566016132593
1586.3218014394488,-2.407167759473498,0.17435596866923983
1588.0421685083393,-2.167425374595125,0.21121840199020545
1589.7625355772298,-1.9277782584104228,0.20977437384039185
1591.4829026461202,-1.688215915833852,0.1690447309390966
1593.2032697150107,-1.5015021791447687,0.1203775372584552
1594.9236367839012,-1.485226533037421,0.19456821120095
1596.6440038527921,-1.4690162794920514,0.21571804255286842
1598.3643709216826,-1.4528707085905288,0.2013075428159469
1600.084737990573,-1.4367891132596469,0.14080871708891454
1601.8051050594636,-1.389495164751275,0.15603294063640863
1603.525472128354,-1.3199844865240866,0.20650163926845108
1605.2458391972445,-1.250531964263516,0.21518353989064753
1606.966206266135,-1.1811345563764715,0.18796277916431725
1608.6865733350255,-1.1117892236777902,0.09858578075091061
1610.406940403916,-1.123900694914464,0.18086037512099898
1612.1273074728065,-1.142047197121828,0.21389178438734857
1613.847674541697,-1.160244062722328,0.21021535460124055
1615.5680416105874,-1.1784920886491623,0.1674293934689817
1617.288408679478,-1.207081251626109,0.1287790283202816
1619.0087757483684,-1.2623112889296586,0.20658310231206822
1620.729142817259,-1.3175969564699825,0.2401650614392105
1622.4495098861494,-1.3729406754189124,0.24818279954753636
1624.1698769550399,-1.4283448694800163,0.23328866201343898
1625.8902440239303,-1.4838119650451802,0.19017017121391608
1627.6106110928208,-1.5393434965220116,0.08255722190611677
1629.3309781617113,-1.5337701611437191,0.1673755566433601
1631.0513452306018,-1.5196550134236222,0.20661376124758107
1632.7717122994923,-1.5056067660175838,0.204686944255625
1634.4920793683827,-1.491624803699154,0.1601153789272208
1636.2124464372732,-1.4861896062167788,0.10021880546760549
1637.9328135061637,-1.5101766309799172,0.1866141265485946
1639.6531805750546,-1.5342301409573984,0.2100485904120895
1641.3735476439451,-1.5583511895507909,0.19476183318273824
1643.0939147128356,-1.5825408331117525,0.12751091003869178
1644.814281781726,-1.5297637062576719,0.14257428870409608
1646.5346488506166,-1.419328442961766,0.19962605311564124
1648.255015919507,-1.3089556862839729,0.20964272250196325
1649.9753829883975,-1.19864060258484,0.18062855806247513
1651.695750057288,-1.0893249157817577,0.0784920918764571
1653.4161171261785,-1.1940676138397337,0.1713172006468921
1655.136484195069,-1.318801437483277,0.20778643100425737
1656.8568512639595,-1.4435933652895934,0.203919540906347
1658.57721833285,-1.5684488623771058,0.15675853760931927
1660.2975854017404,-1.651906820584335,0.10655262596731047
1662.017952470631,-1.6213950773146577,0.18841632550057164
1663.7383195395214,-1.5909546899463038,0.21013775522524453
1665.4586866084119,-1.5605843253816198,0.19320060043510917
1667.1790536773024,-1.530282653579884,0.12249613267223282
1668.8994207461928,-1.52629185806398,0.14652957171020045
1670.6197878150833,-1.538855739837387,0.20069845171782605
1672.3401548839738,-1.551487362802137,0.2088550170674488
1674.0605219528643,-1.5641872801479868,0.177463093268464
1675.7808890217548,-1.5765377345442244,0.07055110947342996
1677.5012560906453,-1.5633711119344655,0.17301235948958216
1679.2216231595357,-1.5488015583100048,0.2080179314338175
1680.9419902284262,-1.5343001814315713,0.2028742249908607
1682.6623572973172,-1.5198663462381512,0.1535981132698437
1684.3827243662076,-1.530343173289845,0.11318279197640309
1686.1030914350981,-1.5964013684643497,0.19035842719181878
1687.8234585039886,-1.6625298249755704,0.21015764579463
1689.543825572879,-1.7287314388396646,0.19131505269768592
1691.2641926417696,-1.795009109284547,0.1163642794502743
1692.98455971066,-1.8636102978946603,0.14972265027346932
1694.7049267795505,-1.9334670140676684,0.20135193032547655
1696.425293848441,-2.003408752989856,0.20762352905003312
1698.1456609173315,-2.0734385776733424,0.17352841620681073
1699.866027986222,-2.1397552263765585,0.06305665395725384
1701.5863950551125,-2.1000578774977385,0.17402469850771268
1703.306762124003,-2.057120541092735,0.20772531465014268
1705.0271291928934,-2.0142736427029164,0.20113270002115693
1706.747496261784,-1.9715153058938182,0.14898923962516225
1708.4678633306744,-1.9887867631770728,0.11741205446774965
1710.1882303995649,-2.1166541942685995,0.19137674967064072
1711.9085974684554,-2.2446146705842156,0.20944078569327715
1713.6289645373458,-2.3726737960064757,0.1884356815416135
1715.3493316062363,-2.500837178735146,0.10747691091093614
1717.0696986751268,-2.528341947689393,0.1514894314309669
1718.7900657440173,-2.5126020255711086,0.2015499925885573
1720.5104328129078,-2.496972488768329,0.20649818410908
1722.2307998817982,-2.4814526527971252,0.17031354355926825
1723.9511669506887,-2.4689309355283964,0.06331312343692169
1725.6715340195797,-2.5018690557485854,0.17588627135824933
1727.3919010884701,-2.535525834463712,0.20758681692230715
1729.1122681573606,-2.569294002424094,0.19895753613922873
1730.832635226251,-2.603175038454242,0.14286640534913367
1732.5530022951416,-2.564750884026957,0.11978768426859367
1734.273369364032,-2.415136984592951,0.19206232893805797
1735.9937364329226,-2.265629202101745,0.2093204348548226
1737.714103501813,-2.116220989028871,0.18743431256780468
1739.4344705707035,-1.9669058021990269,0.10409682174224358
1741.154837639594,-1.845063695545313,0.15675623549372925
1742.8752047084845,-1.7328409434367695,0.20371051333378692
1744.595571777375,-1.6206944278818436,0.20724065842865544
1746.3159388462655,-1.5086192375465084,0.17007328799164984
1748.036305915156,-1.4079939874433205,0.07752268921847824
1749.7566729840464,-1.4196309155842106,0.1805636765585145
1751.477040052937,-1.431661995242193,0.20969494852516427
1753.1974071218274,-1.4437561216621753,0.19982423595979923
1754.9177741907179,-1.4559138244906922,0.14309365709865263
1756.6381412596083,-1.4708988259584597,0.1300336076639911
1758.3585083284988,-1.4895129245346017,0.1956467716648954
1760.0788753973893,-1.508192603390612,0.21023456043090583
1761.7992424662798,-1.5269386805731797,0.18620555776435277
1763.5196095351703,-1.5457519770548844,0.09847745194124452
1765.2399766040608,-1.5312524168470498,0.16056795424062031
1766.9603436729512,-1.507634306969778,0.2048198815578279
1768.6807107418422,-1.4840825709788683,0.20653070659114553
1770.4010778107327,-1.460596177438779,0.16701328648026947
1772.1214448796231,-1.456390299798208,0.08441908417968216
1773.8418119485136,-1.5789449124472972,0.18237388002855245
1775.562179017404,-1.7015690219430475,0.2095158726948923
1777.2825460862946,-1.8242679984650374,0.19758150586820994
1779.002913155185,-1.9470472154907073,0.13668954852572196
1780.7232802240756,-2.007199564719707,0.1322685172218523
1782.443647292966,-1.9992840052612162,0.1960740480197727
1784.1640143618565,-1.9914563509300078,0.20940777217348588
1785.884381430747,-1.9837162589267952,0.18361823433034655
1787.6047484996375,-1.9760633902677378,0.0896402783996815
1789.325115568528,-1.858383552727782,0.1631078636979674
1791.0454826374184,-1.7177035662929518,0.2054983375535353
1792.765849706309,-1.5770991534791954,0.2058789697037178
1794.4862167751994,-1.436564156692086,0.164541644934199
1796.20658384409,-1.3892276750869228,0.09238715555743265
1797.9269509129804,-1.78343135398278,0.1665088604776698
1799.6473179818709,-2.177713484979786,0.15230472541952592
1801.3676850507613,-2.346751981754836,0.11016851937106077
1803.0880521196518,-1.911527768364145,0.12054546248154716
1804.8084191885423,-1.8144723025514387,0.1327290388006447
1806.5287862574328,-2.027436966439205,0.170030650371033
1808.2491533263233,-2.240490768390917,0.12858397866367516
1809.9695203952137,-2.23264957194922,0.1556772507895894
1811.6898874641047,-2.0889379931523973,0.20583744048002037
1813.4102545329952,-1.9453182457759566,0.21380038056806347
1815.1306216018857,-1.8017840401478555,0.18509631077016472
1816.8509886707761,-1.6583290903686747,0.08953865488256381
1818.5713557396666,-1.4787359566134493,0.18198955015256313
1820.291722808557,-1.297956671398974,0.21433641558149383
1822.0120898774476,-1.1172345774708823,0.2102317692239466
1823.732456946338,-0.936561760301664,0.1670083360876681
1825.4528240152285,-0.8159528143152592,0.1346293564375568
1827.173191084119,-0.8264525824167774,0.1998258970326716
1828.8935581530095,-0.8369888928076756,0.21737475363012754
1830.6139252219,-0.8475622069158066,0.20022619541495165
1832.3342922907905,-0.8581729877907684,0.13581374038957983
1834.054659359681,-0.8796909446540992,0.16435434576930366
1835.7750264285714,-0.9068071777349871,0.20958694305261913
1837.495393497462,-0.9339634721455969,0.2152265083457883
1839.2157605663524,-0.9611610171702172,0.1849325829772038
1840.9361276352429,-0.9893131945373717,0.09040131858616904
1842.6564947041334,-1.1167596359467211,0.1857609952878268
1844.3768617730238,-1.2442553333180697,0.21508877042217775
1846.0972288419143,-1.3718058701862987,0.20842877240841742
1847.8175959108048,-1.4994168324797925,0.16138393748513177
1849.5379629796953,-1.6096598129449995,0.13544617949507282
1851.2583300485862,-1.6885196654004884,0.19942740090010713
1852.9786971174767,-1.7674538134039457,0.21558211115343368
1854.6990641863672,-1.8464657137941147,0.19611200180219396
1856.4194312552577,-1.925558826801907,0.12539017449312762
1858.1397983241482,-1.844971778515412,0.16368447493315713
1859.8601653930386,-1.697329677036511,0.20869747141029066
1861.5805324619291,-1.5497622569267446,0.21359146525225137
1863.3008995308196,-1.4022630556451794,0.1816397746540719
1865.02126659971,-1.265711904400978,0.09575683148692721
1866.7416336686006,-1.3292452142065572,0.18712956891845084
1868.462000737491,-1.3928370855429237,0.21498972979292347
1870.1823678063815,-1.4564903033484056,0.2068348577164099
1871.902734875272,-1.5202076552310122,0.15715309833632693
1873.6231019441625,-1.58975634385328,0.13877185079445353
1875.343469013053,-1.6680534282778459,0.20047408748375034
1877.0638360819435,-1.7464239119583063,0.21536316867020586
1878.784203150834,-1.8248712270357783,0.19450710828703785
1880.5045702197244,-1.903398809035087,0.12059653622902806
1882.224937288615,-1.886309958229123,0.16695418965225212
1883.9453043575054,-1.8368271621831487,0.2095050479148805
1885.6656714263959,-1.7874251566548862,0.2125353959282247
1887.3860384952868,-1.7381017781242878,0.17807502279559864
1889.1064055641773,-1.7024126706667428,0.09971595601026562
1890.8267726330678,-1.7972765025133217,0.18798822249458258
1892.5471397019583,-1.8922193927937951,0.21437363484418995
1894.2675067708487,-1.9872454994268585,0.20443723293517949
1895.9878738397392,-2.0823589839705594,0.15117679544883764
1897.7082409086297,-2.122083857982335,0.14027083702455467
1899.4286079775202,-2.091757096902221,0.2007850635707236
1901.1489750464107,-2.0615222907035307,0.21482628852764166
1902.8693421153012,-2.0313781152919965,0.19283155205911134
1904.5897091841916,-2.0013232505307355,0.11581921574580357
1906.3100762530821,-2.001397805147433,0.17025854416755462
1908.0304433219726,-2.009587859163726,0.21040898784605122
1909.750810390863,-2.0178662695522944,0.21166983039481413
1911.4711774597536,-2.0262333988533054,0.1748845044193497
1913.191544528644,-2.038214362425496,0.10484651772826968
1914.9119115975345,-2.0725568897395927,0.18949514804618348
1916.632278666425,-2.106990531078514,0.2145681210385304
1918.3526457353155,-2.14151679443309,0.2034398419998455
1920.073012804206,-2.1761371918330155,0.1481636544478914
1921.7933798730965,-2.2129533309883946,0.14520494897259925
1923.513746941987,-2.252104411949302,0.20232113495525683
1925.2341140108774,-2.291354470022697,0.2143649209834691
1926.954481079768,-2.3307052241229735,0.19010731029115946
1928.6748481486584,-2.3701583975672604,0.10722655046536349
1930.3952152175493,-2.292897916975677,0.1717625258847419
1932.1155822864398,-2.192090223909569,0.21051408653991577
1933.8359493553303,-2.0913788796970114,0.21048858344691507
1935.5563164242208,-1.9907594738124137,0.1716687298453198
1937.2766834931112,-1.9309053604815702,0.11017946567139858
1938.9970505620017,-2.0575192533833757,0.19097205387408916
1940.7174176308922,-2.1842236017548524,0.2143678261059239
1942.4377846997827,-2.3110239544760716,0.20147182043796197
1944.1581517686732,-2.437925864627757,0.14276335182989675
1945.8785188375637,-2.4632207360588,0.14775731703904527
1947.5988859064541,-2.3972032392203,0.20309060107180724
1949.3192529753446,-2.33129107393875,0.21402982094355183
1951.039620044235,-2.265481353656757,0.1884726507919393
1952.7599871131256,-2.199771196313522,0.10189954737174431
1954.480354182016,-2.1410341512814157,0.17501254505219804
1956.2007212509066,-2.0833811743768926,0.2115597818583866
1957.921088319797,-2.025819785541614,0.2100056428157651
1959.6414553886875,-1.9683474639261034,0.16930375748316528
1961.361822457578,-1.9268936246166883,0.11689517240823595
1963.0821895264685,-1.9414691286647865,0.19327605715168614
1964.802556595359,-1.9561300058991105,0.21514226419704793
1966.5229236642494,-1.9708768983908025,0.201141056206764
1968.24329073314,-1.9857104519433504,0.14095816824956536
1969.9636578020304,-1.936983061708585,0.15366835557832212
1971.684024870921,-1.84016116762765,0.2055255229188198
1973.4043919398118,-1.7434202100760952,0.21487552818237426
1975.1247590087023,-1.6467559523749673,0.18816723467962423
1976.8451260775928,-1.5501641612353754,0.09972513045788615
1978.5654931464833,-1.5327433323411153,0.20195455825353406
1980.2858602153738,-1.5225810900991288,0.27749980190934465
1982.0062272842642,-1.5124858763171711,0.3357832687403447
1983.7265943531547,-1.5024572488804337,0.38473977661020153
1985.4469614220452,-1.492494768603615,0.4275923242291988
1987.1673284909357,-1.4825979991871086,0.4660343353023096
1988.8876955598262,-1.4727665072108183,0.5010879477346624
1990.6080626287167,-1.462999862123492,0.5334271492013994
1992.3284296976071,-1.4532976361963905,0.5635246567193609
1994.0487967664976,-1.4436594045414894,0.5917275222722707
1995.769163835388,-1.4340847450526828,0.6182996819392067
1997.4895309042786,-1.4245732384251846,0.64344757318032
1999.209897973169,-1.4151244681116337,0.6673363973890919
2000.9302650420595,-1.4057380203118093,0.6901008952160695
2002.65063211095,-1.3964134839645996,0.7118527428821294
2004.3709991798405,-1.3871504506993992,0.7326857820665945
2006.091366248731,-1.3779485148675998,0.7526798127165244
2007.8117333176215,-1.3688072734647052,0.7719034044045177
2009.532100386512,-1.359726326170274,0.790416020281287
2011.2524674554024,-1.3507052752959559,0.8082696488295419
2012.972834524293,-1.3417437257712155,0.8255100762619867
2014.6932015931834,-1.3328412851287137,0.8421778919703315
2016.4135686620743,-1.3239975635034922,0.8583092925727067
2018.1339357309648,-1.3152121735983355,0.8739367318766478
2019.8543027998553,-1.3064847306555047,0.8890894514591802
2021.5746698687458,-1.2978148524805586,0.9037939176808931
2023.2950369376363,-1.2892021593739766,0.9180741845937511
2025.0154040065268,-1.2806462741592184,0.9319521975868681
2026.7357710754172,-1.2721468221392025,0.945448049218785
2028.4561381443077,-1.2637034310902493,0.9585801961557016
2030.1765052131982,-1.255315731238791,0.9713656442300541
2031.8968722820887,-1.2469833552600071,0.9838201071838235
2033.6172393509792,-1.238705938247987,0.9959581435464482
2035.3376064198696,-1.230483117695434,1.0077932752328433
2037.0579734887601,-1.2223145335029026,1.0193380907710383
2038.7783405576506,-1.2141998279316795,1.0306043355359227
2040.498707626541,-1.2061386456033487,1.0416029909423543
2042.2190746954316,-1.1981306334951227,1.0523443442124218
2043.939441764322,-1.1901754409001672,1.0628380500590804
2045.6598088332125,-1.182272719431329,1.0730931854077554
2047.380175902103,-1.1744221229975609,1.0831182980976428
2049.1005429709935,-1.1666233077892045,1.092921450357157
2050.820910039884,-1.1588759322701712,1.1025102577266732
2052.5412771087745,-1.1511796571481914,1.1118919240012848
2054.261644177665,-1.1435341453756294,1.1210732726828663
2055.9820112465554,-1.1359390621263532,1.1300607753609606
2057.702378315446,-1.128394074780806,1.1388605773835527
2059.422745384337,-1.1208988529156048,1.1474785211295073
2061.1431124532273,-1.1134530682849446,1.1559201671528145
2062.863479522118,-1.1060563948126547,1.164190813433425
2064.5838465910083,-1.0987085085655757,1.1722955129393386
2066.304213659899,-1.091409087753039,1.1802390896789103
2068.0245807287893,-1.0841578127028784,1.1880261534002274
2069.7449477976797,-1.0769543658559873,1.1956611130754873
2071.46531486657,-1.0697984317466027,1.2031481892918923
2073.1856819354607,-1.062689696985665,1.210491425656432
2074.906049004351,-1.0556278502584548,1.2176946993096434
2076.6264160732417,-1.0486125822922028,1.2247617306327192
2078.346783142132,-1.0416435858691537,1.2316960922230429
2080.0671502110226,-1.0347205557822614,1.2385012172050585
2081.787517279913,-1.0278431888540167,1.24518040693624
2083.5078843488036,-1.02101118388945,1.2517368381616425
2085.228251417694,-1.014224241689837,1.2581735696650151
2086.9486184865846,-1.0074820650383034,1.2644935484595377
2088.668985555475,-1.0007843586564387,1.2706996155569783
2090.3893526243655,-0.9941308292308204,1.2767945113502035
2092.109719693256,-0.9875211853758497,1.2827808806406245
2093.8300867621465,-0.9809551376351633,1.2886612773391073
2095.550453831037,-0.9744323984511876,1.2944381688662154
2097.2708208999275,-0.9679526821660083,1.3001139402752457
2098.991187968818,-0.9615157050127541,1.3056908981193662
2100.7115550377084,-0.9551211850897801,1.3111712740822559
2102.4319221065994,-0.9487688423537501,1.3165572283899094
2104.15228917549,-0.9424583986134762,1.3218508530197335
2105.8726562443803,-0.936189577509881,1.3270541747216695
2107.593023313271,-0.9299621045024384,1.3321691578647965
2109.3133903821613,-0.9237757068748116,1.3371977071217667
2111.0337574510518,-0.9176301136954037,1.3421416700023876
2112.7541245199423,-0.9115250558243713,1.3470028392467295
2114.4744915888327,-0.9054602658988775,1.35178295508731
2116.194858657723,-0.8994354783176148,1.356483707389137
2117.9152257266137,-0.8934504292302232,1.3611067376757024
2119.635592795504,-0.8875048565340664,1.3656536410483857
2121.3559598643947,-0.8815984998445439,1.3701259680061517
2123.076326933285,-0.8757311004955433,1.3745252261719065
2124.7966940021756,-0.869902401540279,1.378852881931401
2126.517061071066,-0.8641121477126186,1.3831103619901173
2128.2374281399566,-0.8583600854340183,1.3872990548531963
2129.957795208847,-0.8526459627984235,1.3914203122330886
2131.6781622777376,-0.8469695295716526,1.3954754503892657
2133.398529346628,-0.8413305371476818,1.3994657514040378
2135.1188964155185,-0.8357287385765408,1.403392464398229
2136.839263484409,-0.8301638885382081,1.4072568066902087
2138.5596305532995,-0.8246357433271285,1.4110599649015243
2140.27999762219,-0.819144060838046,1.4148030960121847
2142.0003646910804,-0.8136886005729957,1.418487328368409
2143.720731759971,-0.8082691236157922,1.422113762645497
2145.441098828862,-0.8028853926261847,1.4256834727682786
2147.1614658977524,-0.7975371718301287,1.4291975067914588
2148.881832966643,-0.7922242270078168,1.4326568877420192
2150.6022000355333,-0.7869463254841766,1.4360626144256883
2152.322567104424,-0.7817032361210046,1.4394156621993879
2154.0429341733143,-0.7764947293040956,1.4427169837114246
2155.7633012422048,-0.7713205769264604,1.445967509611095
2157.4836683110952,-0.7661805524006353,1.4491681492292718
2159.2040353799857,-0.761074430617688,1.4523197912314383
2160.924402448876,-0.7560019879629685,1.4554233042445552
2162.6447695177667,-0.7509630022993965,1.4584795374590567
2164.365136586657,-0.7459572529457246,1.4614893212072035
2166.0855036555477,-0.7409845206796333,1.4644534675189387
2167.805870724438,-0.7360445877250346,1.4673727706563422
2169.5262377933286,-0.7311372377502705,1.4702480076276911
2171.246604862219,-0.726262255837643,1.473079938682109
2172.9669719311096,-0.7214194284916788,1.4758693077857008
2174.687339,-0.7166085436301248,1.4786168430800444
