-197.698849,-0.7559032375210178,1.0334104650343927
-195.97848193110949,-0.7609289608891951,1.0314827901998438
-194.258114862219,-0.765988053189747,1.0295257504911768
-192.5377477933285,-0.771080735975533,1.0275388343058567
-190.81738072443798,-0.7762072322787862,1.0255215189050526
-189.0970136555475,-0.7813677666074087,1.0234732700903102
-187.376646586657,-0.7865625649605004,1.0213935418677489
-185.6562795177665,-0.7917918548388382,1.0192817760991773
-183.935912448876,-0.7970558652543893,1.0171374021394808
-182.21554537998549,-0.802354826736419,1.0149598364595966
-180.495178311095,-0.8076889713484955,1.0127484822543518
-178.7748112422045,-0.8130585326927449,1.0105027290343946
-177.05444417331398,-0.8184637459240655,1.0082219522014044
-175.3340771044235,-0.8239048477566946,1.00590551260571
-173.613710035533,-0.8293820764779786,1.0035527560853963
-171.89334296664248,-0.8348956719574241,1.0011630129859221
-170.172975897752,-0.8404458756547661,0.9987355976592005
-168.4526088288615,-0.8460329306387769,0.9962698079410371
-166.73224175997098,-0.8516570815844969,0.9937649246057421
-165.0118746910805,-0.8573185747982632,0.991220210796654
-163.29150762218998,-0.8630176582154719,0.9886349114312337
-161.57114055329947,-0.8687545814252933,0.9860082525792894
-159.850773484409,-0.8745295956649735,0.9833394408128019
-158.13040641551848,-0.8803429538479101,0.9806276625257117
-156.41003934662797,-0.8861949105640872,0.9778720832219141
-154.6896722777375,-0.8920857220910587,0.9750718467695834
-152.96930520884698,-0.8980156464125232,0.9722260746198192
-151.2489381399565,-0.9039849432208275,0.9693338649874572
-149.52857107106598,-0.9099938739364752,0.9663942919917339
-147.8082040021755,-0.9160427017120916,0.9634064047543169
-146.087836933285,-0.9221316914510389,0.9603692264520393
-144.36746986439448,-0.9282611098118276,0.9572817533214601
-142.647102795504,-0.9344312252275969,0.9541429536121655
-140.9267357266135,-0.9406423079096976,0.9509517664854776
-139.20636865772298,-0.9468946298671743,0.9477071008549848
-137.4860015888325,-0.9531884649128269,0.9444078341650108
-135.76563451994198,-0.959524088677121,0.9410528111028412
-134.04526745105147,-0.9659017786226674,0.9376408422401752
-132.324900382161,-0.9723218140534579,0.9341707025988989
-130.60453331327048,-0.9787844761255305,0.930641130135872
-128.88416624437997,-0.9852900478677133,0.9270508241409592
-127.16379917548947,-0.9918388141820299,0.923398443542052
-125.44343210659898,-0.9984310618625335,0.9196826051102759
-123.72306503770848,-1.005067079612721,0.9159018815579811
-122.00269796881798,-1.011747158047701,0.9120547995214459
-120.28233089992747,-1.0184715897144008,0.9081398374194944
-118.56196383103698,-1.025240669100927,0.9041554231784213
-116.84159676214648,-1.0320546926526042,0.900099931812705
-115.12122969325597,-1.0389139587818532,0.8959716828500054
-113.40086262436547,-1.045818767881565,0.8917689375878328
-111.68049555547498,-1.052769422340643,0.8874898961680255
-109.96012848658448,-1.0597662265554986,0.883132694453815
-108.23976141769397,-1.066809486945523,0.8786954006927059
-106.51939434880347,-1.0738995119573167,0.8741760119466848
-104.79902727991298,-1.0810366120948138,0.8695724502693368
-103.07866021102248,-1.0882210999152004,0.8648825586072906
-101.35829314213197,-1.095453290060364,0.8601040964009707
-99.63792607324147,-1.1027334992526934,0.8552347348568919
-97.91755900435098,-1.1100620463203803,0.8502720518606368
-96.19719193546047,-1.1174392522105392,0.8452135264961397
-94.47682486656997,-1.1248654399963682,0.8400565331329304
-92.75645779767947,-1.1323409349047773,0.8347983350384742
-91.03609072878898,-1.13986606431258,0.8294360774675879
-89.31572365989847,-1.1474411577764954,0.8239667801750419
-87.59535659100797,-1.1550665470365342,0.8183873292907403
-85.87498952211747,-1.1627425660414528,0.8126944684891434
-84.15462245322696,-1.1704695509524508,0.806884789375735
-82.43425538433647,-1.1782478401640704,0.8009547210031038
-80.71388831544597,-1.186077774316621,0.7949005184173669
-78.99352124655547,-1.1939596963139507,0.7887182501219423
-77.27315417766496,-1.201893951336934,0.782403784329714
-75.55278710877447,-1.2098808868567545,0.7759527738559621
-73.83242003988397,-1.2179208526514425,0.7693606394826535
-72.11205297099346,-1.226014200824298,0.7626225515989833
-70.39168590210296,-1.2341612858131261,0.7557334098928622
-68.67131883321247,-1.242362464409559,0.7486878208322042
-66.95095176432196,-1.2506180957776498,0.7414800726323434
-65.23058469543147,-1.2589285414595468,0.734104107355133
-63.510217626540964,-1.2672941654055119,0.726553489724433
-61.78985055765045,-1.2757153339770433,0.7188213721694545
-60.06948348875997,-1.2841924159696727,0.7109004555187974
-58.34911641986946,-1.292725782627844,0.7027829446603262
-56.62874935097895,-1.3013158076599654,0.6944604983503625
-54.90838228208847,-1.309962867259072,0.6859241721938535
-53.18801521319796,-1.3186673401103153,0.6771643536171507
-51.467648144307475,-1.3274296074189766,0.6681706874061522
-49.747281075416964,-1.336250052916177,0.6589319900709071
-48.026914006526454,-1.3451290628871022,0.6494361509046758
-46.30654693763597,-1.3540670261739418,0.6396700171059716
-44.58617986874546,-1.3630643342067832,0.6296192596922708
-42.86581279985495,-1.3721213810112594,0.6192682161074755
-41.14544573096447,-1.381238563233261,0.6085997043473587
-39.42507866207396,-1.3904162801472648,0.5975948020079769
-37.70471159318345,-1.3996549336815696,0.5862325817730935
-35.984344524292965,-1.4089549284333631,0.5744897923136247
-34.263977455402454,-1.4183166716837938,0.5623404701055408
-32.54361038651194,-1.427740573421753,0.5497554628825604
-30.82324331762146,-1.4372270463540433,0.5367018387221838
-29.10287624873095,-1.4467765059329023,0.5231421451880853
-27.38250917984047,-1.456389370366269,0.509033469055964
-25.662142110949958,-1.466066060636134,0.4943262265801557
-23.941775042059447,-1.4758070005232529,0.4789625831281282
-22.221407973168965,-1.4856126166228039,0.46287435271417704
-20.501040904278454,-1.4954833383565578,0.4459801509061389
-18.780673835387944,-1.5054195980082996,0.4281814476394556
-17.06030676649746,-1.5154218307201508,0.40935694952705426
-15.339939697606951,-1.5254904745292728,0.389354354262771
-13.61957262871644,-1.5356259703816066,0.3679777936065885
-11.899205559825958,-1.5458287621493554,0.34496783381051616
-10.178838490935448,-1.5560992966522655,0.3199677933058444
-8.458471422044965,-1.5664380236787459,0.29246280397234514
-6.738104353154455,-1.5768453960001405,0.26165848807425873
-5.017737284263944,-1.5873218693939148,0.2262043691311815
-3.297370215373462,-1.5978679026689153,0.18341542575757333
-1.5770031464829515,-1.6084839576753476,0.12601785344645813
0.14336392240755913,-1.6255388444392507,0.036238113060474864
1.8637309912980413,-1.7018669076331125,0.1198707913621342
3.584098060188552,-1.779104176848192,0.14178095651534686
5.3044651290790625,-1.8564194048348368,0.13441487649116352
7.024832197969545,-1.9338159775238073,0.09091319157249303
8.745199266860055,-1.9964449204315553,0.07934034078206527
10.465566335750566,-2.0395404746023154,0.13093187761895825
12.185933404641048,-2.0827253930585616,0.14210204212793398
13.906300473531559,-2.126001567030725,0.12427761398479521
15.626667542422041,-2.1693657373031687,0.05385743149473994
17.34703461131255,-2.157129105571145,0.10412942682431502
19.067401680203062,-2.129117806534289,0.13798045152702207
20.787768749093544,-2.1011997947185233,0.1393867805360679
22.508135817984055,-2.073373847489602,0.10960481109868275
24.228502886874566,-2.0343896956969365,0.03927990644953138
25.948869955765048,-1.921385514126191,0.12097961487307599
27.66923702465556,-1.808014724025014,0.14192351995104172
29.38960409354607,-1.694723158795536,0.13370585440040095
31.10997116243655,-1.5815058569694371,0.08854705184057271
32.83033823132706,-1.5051636773544919,0.0842127410796069
34.550705300217544,-1.4698384071145367,0.13259092904853662
36.271072369108055,-1.4345775516950547,0.14260224767928756
37.991439437998565,-1.3993795668927491,0.12392501004153879
39.71180650688905,-1.364329446640263,0.051771863438432125
41.43217357577956,-1.3996279478410796,0.10812935535358592
43.15254064467007,-1.450452502284553,0.13943094340210688
44.87290771356055,-1.5013406225657364,0.13948811610327266
46.59327478245106,-1.552294537272852,0.10835035740954232
48.31364185134157,-1.5858498581099287,0.049069499612389336
50.034008920232054,-1.5342818781849146,0.12330038469196458
51.754375989122565,-1.4826240811664964,0.14254485790134175
53.474743058013075,-1.4310312589080059,0.13305572707902705
55.19511012690356,-1.3795011519558231,0.0857723540698117
56.91547719579407,-1.3259239317867593,0.08836331641258607
58.63584426468458,-1.2704268398912408,0.1339423918313561
60.35621133357506,-1.2149854298125897,0.142727618685259
62.07657840246554,-1.1595972735603126,0.12288339144652043
63.79694547135608,-1.1043451688818948,0.04760600687812868
65.51731254024656,-1.0672984662561298,0.11104439830958933
67.23767960913705,-1.0332844087001753,0.1405168153979752
68.95804667802759,-0.9993156475772342,0.1395892862536769
70.67841374691807,-0.965390695261088,0.1074774076974336
72.39878081580855,-0.922094890087597,0.0588913396968278
74.11914788469909,-0.8436574325989483,0.1259307495805852
75.83951495358957,-0.7652489212064354,0.14357335910348018
77.55988202248005,-0.6868739679305123,0.1331433308901759
79.28024909137059,-0.608529140429134,0.08485021772612784
81.00061616026107,-0.5994956689189002,0.09394211328207847
82.72098322915156,-0.6452882421090744,0.13592861115725127
84.4413502980421,-0.6911091198745195,0.1431822946886407
86.16171736693258,-0.7369603088894138,0.12206236869933035
87.88208443582306,-0.7829119395394123,0.04502959581626748
89.60245150471354,-0.8347505058157457,0.11392660622504891
91.32281857360408,-0.8873160901850788,0.1413419610191063
93.04318564249456,-0.9399205784683191,0.13900354008708005
94.76355271138505,-0.9925662744178009,0.10494026587385083
96.48391978027558,-1.0450283753916978,0.06397863475052733
98.20428684916607,-1.0968670642125566,0.12708634866673654
99.92465391805655,-1.1487538339990035,0.1432444327598936
101.64502098694709,-1.2006909570690998,0.13114157762558482
103.36538805583757,-1.2526807079528202,0.07866254429550058
105.08575512472805,-1.3442076082714065,0.09497153244531056
106.80612219361859,-1.4620190832441209,0.13574832637541678
108.52648926250907,-1.5798946306000092,0.141778426504919
110.24685633139956,-1.6978394125703318,0.11849230971818482
111.9672234002901,-1.8126153494181747,0.03153423462560939
113.68759046918058,-1.7880899634313872,0.11385915866990211
115.40795753807106,-1.7524601069098515,0.140677415642584
117.1283246069616,-1.7169070423081174,0.13732949515199802
118.84869167585208,-1.6814292126235677,0.10085390358325248
120.56905874474256,-1.6786424560910336,0.06628991849672869
122.2894258136331,-1.7535492655276204,0.12744263061685143
124.00979288252358,-1.8285329145838194,0.14255438390234196
125.73015995141407,-1.9035966870840795,0.12897849764347186
127.4505270203046,-1.9787438703658013,0.07198666401395737
129.1708940891951,-1.9991684053602146,0.0962185016441004
130.89126115808557,-1.9893013513661586,0.13589295986980068
132.6116282269761,-1.979521461490599,0.14104690963627253
134.3319952958666,-1.969828307430382,0.11636259116513446
136.05236236475707,-1.9575308172889427,0.027393725851967688
137.77272943364756,-1.8797474915744745,0.11559532754811237
139.4930965025381,-1.7987037709536735,0.14102527970429304
141.21346357142858,-1.7177388674424878,0.1365755392015001
142.93383064031906,-1.636849235279751,0.09826651790046342
144.6541977092096,-1.5666127312119429,0.07134769513414131
146.37456477810008,-1.5171332191080558,0.12893082291578856
148.09493184699056,-1.4677201930549804,0.14292030127310648
149.8152989158811,-1.418371489053669,0.1284535949873025
151.53566598477158,-1.3690849459427683,0.0696046695169677
153.25603305366207,-1.419559184111763,0.10039162804991104
154.9764001225526,-1.5157531615612396,0.1372869449502234
156.6967671914431,-1.6120135646237619,0.14098759485948426
158.41713426033357,-1.708344608906567,0.11475212124891407
160.1375013292241,-1.8011383837013253,0.030017419824523436
161.8578683981146,-1.839825412299441,0.11764237096140268
163.57823546700507,-1.8769657541745852,0.14135576031742939
165.2986025358956,-1.9141883405574773,0.1354657629760193
167.0189696047861,-1.9514948015724365,0.09459390949606074
168.73933667367658,-1.9792750608824725,0.0725079544999748
170.45970374256711,-1.9915198604823081,0.11315696981427686
172.1800708114576,-2.0038519213561514,0.09147118713387467
173.90043788034808,-2.0160302102248195,0.081300705482723
175.62080494923862,-2.0280333241661666,0.05833006390283867
177.3411720181291,-2.093536691960943,0.09592340316160576
179.06153908701958,-2.179046364055516,0.11201320236645099
180.78190615591006,-2.2646515099378837,0.06207882376464128
182.5022732248006,-2.355697092410037,0.11339497897824442
184.2226402936911,-2.4479726776409727,0.14239036256100263
185.94300736258157,-2.5403555139836573,0.14223183123157968
187.6633744314721,-2.6328496472497314,0.11279649262538306
189.3837415003626,-2.7026148555080223,0.061531757135449304
191.10410856925307,-2.6635181499067295,0.12710314859912472
192.8244756381436,-2.6245381349930703,0.14506405590960988
194.5448427070341,-2.585673103680202,0.1358385927042967
196.26520977592457,-2.5469213539151907,0.09154444424217005
197.9855768448151,-2.5449755167353656,0.09458744679439021
199.7059439137056,-2.576905494365117,0.13674178072642876
201.42631098259608,-2.608948369576292,0.14478065938988735
203.14667805148662,-2.641105545653076,0.12544542937308
204.8670451203771,-2.673378430882644,0.05497952861291375
206.58741218926758,-2.6743755427309264,0.11450420644901182
208.30777925815812,-2.6707281773197975,0.14247410093855806
210.0281463270486,-2.667197818356179,0.14139213139678986
211.74851339593909,-2.66378431122624,0.11040722638962243
213.46888046482962,-2.646694398519318,0.06644701880980863
215.1892475337201,-2.5795975934449107,0.12845831490914233
216.9096146026106,-2.5126138038446557,0.14533370941257265
218.62998167150113,-2.445740096254788,0.13519268085244301
220.3503487403916,-2.378973542000807,0.08925559877967737
222.0707158092821,-2.3648357510664875,0.09842714470472103
223.79108287817257,-2.39152035174138,0.13809233050068595
225.5114499470631,-2.418309731264385,0.14491219333440158
227.2318170159536,-2.4452050628444972,0.12441220606480069
228.95218408484408,-2.4724233530227844,0.05095315965872467
230.67255115373462,-2.5727707843179637,0.11699427257409596
232.3929182226251,-2.680639425409683,0.1430741527646337
234.11328529151558,-2.7886255069890087,0.14055824393330102
235.83365236040612,-2.8967337581965023,0.10745582838773172
237.5540194292966,-2.9785548763559335,0.0699174401256887
239.27438649818708,-2.984662802713916,0.12920184875096002
240.99475356707762,-2.9909014839266295,0.14479673556881303
242.7151206359681,-2.997271193216057,0.13307188919703827
244.4354877048586,-3.0037722095328423,0.08317839976728127
246.15585477374913,-2.993012705842702,0.09915168176215444
247.8762218426396,-2.971067771818424,0.13794983072712663
249.5965889115301,-2.9492529972782577,0.14387849267140954
251.31695598042063,-2.927567426855016,0.12183572243574818
253.0373230493111,-2.9071465376175807,0.04345859334082623
254.7576901182016,-2.9715167914064846,0.11790892785077384
256.47805718709213,-3.04141070982687,0.14294266772886033
258.1984242559826,-3.1114378683137405,0.13933859920622593
259.9187913248731,-3.1816013336260722,0.10416455233047991
261.63915839376364,-3.192981252703868,0.07305547721696151
263.3595254626541,-3.0675510085375066,0.13009714528793856
265.0798925315446,-2.9422551492241,0.1448588332444711
266.8002596004351,-2.8170881875681344,0.13234144035229947
268.5206266693256,-2.692044642025988,0.08071669699462274
270.2409937382161,-2.6251061533536806,0.10285196712385755
271.9613608071066,-2.5897366060837044,0.1393269213710554
273.6817278759971,-2.5544805183255983,0.14412293907250365
275.4020949448876,-2.5193363460700544,0.1210663327571338
277.1224620137781,-2.4845785884520817,0.045630756403635314
278.84282908266863,-2.4587201958104137,0.1207927485331677
280.5631961515591,-2.4332847224077048,0.14426147269779402
282.2835632204496,-2.407955856874059,0.13994801972270543
284.00393028934013,-2.382732489966501,0.10446482902098159
285.7242973582306,-2.391569327201581,0.08161813282581573
287.4446644271211,-2.465456511201954,0.13286384225189982
289.16503149601164,-2.5394517120005107,0.14553893561696926
290.8853985649021,-2.6135581701306236,0.1313334739369579
292.6057656337926,-2.687779131016619,0.07650366249577985
294.32613270268314,-2.601928836013033,0.10530548850499231
296.0464997715736,-2.444504381187067,0.14022707875765822
297.7668668404641,-2.287187025578727,0.14421178418548383
299.48723390935464,-2.1299698796612008,0.12037300236955557
301.2076009782451,-1.975434329249586,0.05075768270971522
302.9279680471356,-1.86598272036025,0.12370747252937873
304.64833511602615,-1.7573485378155285,0.14562407128398627
306.36870218491663,-1.6487913612701897,0.14059958920416388
308.0890692538071,-1.5403064365991377,0.10482800138087513
309.8094363226976,-1.505939820049041,0.08919733474032411
311.52980339158813,-1.5895075693943133,0.13572362865377346
313.2501704604786,-1.6731449743424645,0.146809211845743
314.97053752936915,-1.7568556976986602,0.13173016780778526
316.69090459825964,-1.8406434054729774,0.07628790792092674
318.4112716671501,-1.8241743559403671,0.11005572556497487
320.1316387360406,-1.7713008015969847,0.14217447540982
321.8520058049311,-1.7185048642957887,0.1448297980836096
323.5723728738217,-1.6657842318798797,0.11999442943392559
325.29273994271216,-1.597738201632633,0.05801487241180517
327.01310701160264,-1.3644730830678204,0.1266564028362646
328.7334740804931,-1.1305365153398048,0.14704456183119738
330.4538411493836,-0.8966495030900296,0.1413251839089886
332.1742082182741,-0.6628018034987088,0.10532648664220652
333.89457528716457,-0.48032258718771187,0.09618931518125452
335.61494235605517,-0.3663784722303702,0.1389734267911775
337.33530942494565,-0.2524504473097849,0.14924104271899563
339.05567649383613,-0.13853352307259964,0.13465039616166027
340.7760435627266,-0.02462271066341655,0.08298438892492066
342.4964106316171,0.045144561968345,0.11835327850401263
344.2167777005076,0.10216114865718558,0.1464700703603218
345.9371447693982,0.15918216447841077,0.14790700338672683
347.65751183828866,0.2162101066057905,0.12359843466134925
349.37787890717914,0.27745835734203667,0.07574127177389989
351.0982459760696,0.3686386815496515,0.138358670330702
352.8186130449601,0.4598355425706779,0.16498913870095158
354.5389801138506,0.551052496673453,0.17312603209275296
356.2593471827412,0.6422935386012233,0.16552107086931736
357.97971425163166,0.7335626641522969,0.13962367449071633
359.70008132052214,0.8248638703470731,0.07914464850079399
361.4204483894126,0.8826438492202321,0.10977421756314683
363.1408154583031,0.9274760729089503,0.14216125012976727
364.8611825271936,0.9723488694601102,0.14506000830838997
366.5815495960842,1.0172642040421698,0.12061624935147262
368.30191666497467,1.0677079240126202,0.059951127203418456
370.02228373386515,1.1764248638590757,0.12615338896578704
371.74265080275563,1.2862418867706846,0.1466539522529322
373.4630178716461,1.3961151943009362,0.14082859637362177
375.1833849405366,1.5060495982211095,0.10435669463659267
376.9037520094271,1.5965978612906122,0.09319088006560303
378.6241190783177,1.6599075806768135,0.1375308842147201
380.34448614720816,1.7232899489421536,0.14811411975240474
382.06485321609864,1.7867477418564142,0.13324494275081766
383.7852202849891,1.8502835103944086,0.07977203179314651
385.5055873538796,1.8953891590565686,0.11528337987301679
387.2259544227701,1.9348432261951691,0.14480156237310413
388.9463214916607,1.9743819827197826,0.14661405506497258
390.66668856055117,2.0140071601855762,0.12196276576228415
392.38705562944165,2.031307385904655,0.0708126608022919
394.10742269833213,1.8830952644186185,0.13011756914552236
395.8277897672226,1.7335756690516513,0.14797845692527103
397.5481568361131,1.5841319487835608,0.14028369116933287
399.2685239050037,1.4347575589038006,0.10136993696319047
400.9888909738942,1.3833237247583556,0.09573044249008832
402.70925804278465,1.4475458713479423,0.13825648781086228
404.42962511167514,1.5118313666769878,0.14777016658628922
406.1499921805656,1.5761830260572605,0.1316369683621598
407.8703592494561,1.6405393715892937,0.07488128321928424
409.5907263183467,1.6030521870783538,0.11675521904375992
411.3110933872372,1.5410104890479048,0.14471120147945857
413.03146045612766,1.4790362329478708,0.14498205742535675
414.75182752501814,1.4171267046755975,0.11775903508547059
416.4721945939086,1.3665486510513918,0.06891156363252368
418.1925616627991,1.376817838901396,0.12965113999412145
419.9129287316896,1.3873276024863683,0.14728591979377212
421.6332958005802,1.3978980776271257,0.13899367567374363
423.35366286947067,1.4085297272400896,0.09842408938586364
425.07402993836115,1.373281542019638,0.09852264621892717
426.79439700725163,1.2923370842485966,0.13886460108091964
428.5147640761421,1.2114491780298753,0.14685845388223734
430.2351311450326,1.1306142809558704,0.12868253983382508
431.9554982139232,1.050198143754389,0.06592031216983836
433.6758652828137,1.0871679582295306,0.11662591265918931
435.39623235170416,1.145635230988732,0.144280452621209
437.11659942059464,1.2041526306611425,0.14400730950455812
438.8369664894851,1.262722719937347,0.1156086426524058
440.5573335583756,1.303887310826259,0.07302788309564735
442.2777006272662,1.2737397239325303,0.13093112536594192
443.9980676961567,1.2436073188898982,0.14728357339527323
445.71843476504716,1.2135293313245703,0.13772276379004217
447.43880183393765,1.1835044440187936,0.09469851251107313
449.1591689028281,1.1677938962790546,0.10060838451303572
450.8795359717186,1.1641128283413666,0.13950417279562288
452.5999030406092,1.1604826965229758,0.14664084043470196
454.3202701094997,1.1569033418352968,0.12747066460948459
456.04063717839017,1.1526572610866768,0.06285067933687984
457.76100424728065,1.0664459409218032,0.11878834777521718
459.48137131617113,0.9693580156622511,0.14451856416249872
461.2017383850616,0.8723124974489579,0.1425418107072517
462.9221054539522,0.7753051362796207,0.11139223222243519
464.6424725228427,0.6787552328320693,0.07309733535252276
466.3628395917332,0.5835871013920132,0.13049135175699866
468.08320666062366,0.48844449351529445,0.14592736676607518
469.80357372951414,0.39332323162276644,0.13470032540529486
471.5239407984046,0.2982191499666655,0.08703783571031487
473.2443078672951,0.2809039303345868,0.09958693242023992
474.9646749361857,0.3185413936409516,0.13850839147337266
476.6850420050762,0.3561927621980346,0.14495745937051877
478.40540907396667,0.39385968492188206,0.12410539434250178
480.12577614285715,0.43127231690437745,0.05403541873959746
481.84614321174763,0.4541017843567758,0.11876846760230314
483.5665102806381,0.47560132869963007,0.14399021881395202
485.2868773495287,0.49712165656334234,0.14120820147522242
487.0072444184192,0.5186637104115085,0.10828448206201673
488.7276114873097,0.5112545229773282,0.07609177716439836
490.44797855620016,0.42974592627735514,0.13127726854451785
492.16834562509064,0.348256104917924,0.14571641922365872
493.8887126939811,0.2667814901394394,0.13337660952393357
495.6090797628717,0.1853185138639163,0.08307378252836953
497.3294468317622,0.08183738377053103,0.1019493506076986
499.0498139006527,-0.03465719437882131,0.1388665177947064
500.77018096954316,-0.15115333520466803,0.14374266142107608
502.49054803843364,-0.26765614052253256,0.12053232070820706
504.2109151073241,-0.37874737165759986,0.044292460898963236
505.9312821762147,-0.3304526472554607,0.11845767561928351
507.6516492451052,-0.2725703432908672,0.14313716044117128
509.3720163139957,-0.21470002114342826,0.13931191638272825
511.09238338288617,-0.15683914643600583,0.10387839855434804
512.8127504517767,-0.09149003127210843,0.07716563937176674
514.5331175206671,-0.010474536443384377,0.13145449176612217
516.2534845895576,0.07054045476346722,0.14533643630489726
517.9738516584482,0.1515584903100603,0.13222101927339402
519.6942187273387,0.2325831182924969,0.07974208656643232
521.4145857962292,0.3212598620843215,0.10499445906377151
523.1349528651197,0.4136966973988589,0.14022206692084738
524.8553199340101,0.5061516052004066,0.14448690153118918
526.5756870029006,0.5986286344366186,0.1211063959027024
528.2960540717912,0.6969200612612361,0.05272467599994248
530.0164211406817,0.8972347194187257,0.11326728977035735
531.7367882095722,1.101307805582223,0.11472319831201451
533.4571552784627,1.242582512038269,0.0760470721384328
535.1775223473531,0.9057028711635323,0.09097912850967992
536.8978894162436,0.6744064145218759,0.08241141171050323
538.6182564851342,0.6261033518974083,0.11850641105888224
540.3386235540247,0.5778276638659999,0.1016829409821843
542.0589906229152,0.5344140030249909,0.1029878160411627
543.7793576918057,0.4966235883992574,0.14180549004945991
545.4997247606962,0.4588548779442673,0.15043407058894018
547.2200918295866,0.4211062176185623,0.1348027067245104
548.9404588984772,0.38337595426375937,0.08204935340162271
550.6608259673677,0.3858026962092753,0.12113988074367404
552.3811930362582,0.3976041132485815,0.14763132368333773
554.1015601051487,0.4094228980032342,0.14815064223692265
555.8219271740392,0.42125956807462134,0.12302728479125177
557.5422942429296,0.4338078582740384,0.08048621990771061
559.2626613118201,0.45005706158171405,0.13445656545905377
560.9830283807107,0.46632592973433357,0.150802596777093
562.7033954496012,0.48261517520573666,0.14306437020118717
564.4237625184917,0.4989255113620979,0.10609496745370289
566.1441295873822,0.42251043834057794,0.10670458723680391
567.8644966562726,0.25554741814143733,0.14289417132205326
569.5848637251631,0.08859554445185876,0.14980389988286757
571.3052307940537,-0.07835249419663981,0.1321121337883092
573.0255978629442,-0.24530400910939143,0.073858600761188
574.7459649318347,-0.2663801612239464,0.12089718856998517
576.4663320007252,-0.26241790317515024,0.1467163766286613
578.1866990696157,-0.25846718232094285,0.14608705863204832
579.9070661385061,-0.25452782565171606,0.11858877902662185
581.6274332073967,-0.2452961658437241,0.07950183031754432
583.3478002762872,-0.2149875475053053,0.13361453536104298
585.0681673451777,-0.18468838920450764,0.1493395536732606
586.7885344140682,-0.15439736402940152,0.14024869041521468
588.5089014829587,-0.12411314541255358,0.09977254884145456
590.2292685518491,0.0003371064841567184,0.10599785154431945
591.9496356207397,0.20231687658630154,0.142820718366302
593.6700026896302,0.4043054620199518,0.1502697431762399
595.3903697585207,0.606311708664298,0.13336281844937856
597.1107368274112,0.8081362689017839,0.077721161489747
598.8311038963017,0.813872051646176,0.12634310521323155
600.5514709651922,0.7966129778488755,0.14946396277802027
602.2718380340826,0.7793887459137568,0.1476924690796826
603.9922051029732,0.7621986015339023,0.11993021212534945
605.7125721718637,0.7657175458302283,0.08885411564391789
607.4329392407542,0.8335173313020402,0.13749634564180374
609.1533063096447,0.9013535748252753,0.15181486494301116
610.8736733785352,0.969229247217195,0.14255982603572367
612.5940404474256,1.037147321012059,0.10359256801440131
614.3144075163162,1.1031470432466413,0.11408832176743143
616.0347745852067,1.1678358703251306,0.14651196990523233
617.7551416540972,1.23257579655633,0.152060657507585
619.4755087229877,1.297369657164844,0.13411373563343612
621.1958757918782,1.3615107600403407,0.07945152975915132
622.9162428607686,1.3462137178987583,0.12997253700984662
624.6366099296592,1.324961229301099,0.15126938732029668
626.3569769985497,1.3037667209979023,0.1486240577306279
628.0773440674402,1.2826292647927409,0.1204689602926958
629.7977111363307,1.2176437766807788,0.09583177931240934
631.5180782052212,1.0430928975772795,0.13986853271456062
633.2384452741117,0.868587654649137,0.15189315923430713
634.9588123430023,0.6941204056412759,0.1403898879594964
636.6791794118927,0.5196835099590247,0.0973446655818536
638.3995464807832,0.47313389808203316,0.1133662758396555
640.1199135496737,0.5005857608820159,0.14541831780911543
641.8402806185642,0.5280595013719488,0.14999036423929668
643.5606476874547,0.5555563227310131,0.130015444185452
645.2810147563451,0.5806437345463513,0.07136005630944323
647.0013818252357,0.5053798044225257,0.1285927590729978
648.7217488941262,0.42566393532762165,0.14950493508266005
650.4421159630167,0.34596666280027477,0.14560303660827126
652.1624830319072,0.2662844965952443,0.11437417514146617
653.8828501007977,0.2314505403393321,0.09322246035138775
655.6032171696882,0.2882848106026448,0.13853624584784863
657.3235842385787,0.34513166106696336,0.15073153380534077
659.0439513074692,0.4019935812866435,0.1388313966554589
660.7643183763597,0.4588730614611514,0.09409661004691151
662.4846854452502,0.5948183184760981,0.11562206346827564
664.2050525141407,0.7686768650039338,0.1466622846460537
665.9254195830312,0.9425690299809953,0.15098823742699516
667.6457866519218,1.1165024288005985,0.1312690117058359
669.3661537208122,1.2829092097483583,0.07872389842861478
671.0865207897027,1.28957705963231,0.13316396832856445
672.8068878585932,1.2927419326024554,0.15217153900019528
674.5272549274837,1.2959633748407084,0.14771845958113403
676.2476219963742,1.2992415274459885,0.11715846781694812
677.9679890652648,1.2767594002755007,0.10262375374797536
679.6883561341552,1.2105611474767735,0.1425392489911315
681.4087232030457,1.1444158649425706,0.15264776862049217
683.1290902719362,1.0783206559095107,0.13958462963891374
684.8494573408267,1.0122726258199208,0.09415068490493057
686.5698244097172,1.0063679965941155,0.11967807220198748
688.2901914786077,1.02405360517238,0.1480221843602256
690.0105585474982,1.0417840161166647,0.1505280864798545
691.7309256163887,1.0595600059210901,0.12871435542384516
693.4512926852792,1.0702956069774447,0.07718145974722065
695.1716597541697,0.9919452845789575,0.13317167654089965
696.8920268230602,0.9129479473366643,0.15121038081702315
698.6123938919507,0.833990546733103,0.14534229560449713
700.3327609608413,0.7550696249016825,0.11186510387081113
702.0531280297317,0.6861632943055243,0.10155366272989834
703.7734950986222,0.6314441855351324,0.14153511272750197
705.4938621675127,0.5767526852493514,0.15104739903023634
707.2142292364032,0.5220863982971432,0.13661266344087916
708.9345963052937,0.4674429306345245,0.08703200515957932
710.6549633741843,0.3905668601901585,0.12258855534973452
712.3753304430747,0.3067195532249034,0.1579231411633065
714.0956975119652,0.22288563380631488,0.1717531590175232
715.8160645808557,0.13906143050474745,0.1694315199846839
717.5364316497462,0.05524327234625752,0.15021070784441148
719.2567987186367,-0.02857251139969516,0.10519848734982155
720.9771657875273,-0.11945542447945881,0.08144548276257135
722.6975328564178,-0.2229797625006737,0.132585333402176
724.4178999253082,-0.3265139105688502,0.14492049747244548
726.1382669941987,-0.43006240284865976,0.13001233084457064
727.8586340630892,-0.5336297741337935,0.07267681458215755
729.5790011319797,-0.5611747492569295,0.10474697271457949
731.2993682008702,-0.5570980938901375,0.13941729347494466
733.0197352697608,-0.5530458809055504,0.14260994638011293
734.7401023386512,-0.5490179328470782,0.11693302050850571
736.4604694075417,-0.5461272863627593,0.04518033569352822
738.1808364764322,-0.5568636163433125,0.12143195198967698
739.9012035453227,-0.5679316569905901,0.1434767585395116
741.6215706142132,-0.5790246144729799,0.13730596861573835
743.3419376831038,-0.5901429745879174,0.09771111386196354
745.0623047519942,-0.6150917840392774,0.08251804039241512
746.7826718208847,-0.660676032709949,0.13265270839685175
748.5030388897752,-0.7062892598381807,0.14420577076409477
750.2234059586657,-0.7519334630172637,0.12808386758769202
751.9437730275562,-0.7976106402231876,0.06653187726265174
753.6641400964468,-0.7247090645753047,0.10650573078194955
755.3845071653373,-0.6120159855869198,0.13997644808717755
757.1048742342277,-0.4993497540492069,0.14244083789662812
758.8252413031182,-0.3867054358718121,0.11589457043042511
760.5456083720087,-0.2767557232420283,0.05212177713206711
762.2659754408992,-0.18913548551704026,0.1240437401225195
763.9863425097898,-0.10177381483389122,0.14461195806141877
765.7067095786803,-0.014416646123163512,0.1376822329957736
767.4270766475707,0.07293984631999557,0.09755943512976878
769.1474437164612,0.1444510932182833,0.08939452105315646
770.8678107853517,0.19609485901360535,0.13534631522643994
772.5881778542422,0.24774716765913757,0.14562576159664842
774.3085449231327,0.2994102812152359,0.12906044527274346
776.0289119920233,0.35108219779109767,0.06836606669794511
777.7492790609138,0.38659580178224157,0.1121035625518359
779.4696461298042,0.4178505403046398,0.1423789214772734
781.1900131986947,0.44912353322126636,0.14342676526999484
782.9103802675852,0.4804161500959479,0.11604180429157948
784.6307473364757,0.4918935831482823,0.06202322766124533
786.3511144053663,0.384525608459041,0.1271160766091001
788.0714814742568,0.2766443381341543,0.1454862757380727
789.7918485431472,0.16877513823526152,0.13690907840211491
791.5122156120377,0.060913284750831895,0.09429523098738807
793.2325826809282,0.09344556279059292,0.09229645513869336
794.9529497498187,0.2743636396746656,0.13642404826579677
796.6733168187093,0.455293687102897,0.14596614803653857
798.3936838875998,0.636243628705422,0.12885221746499514
800.1140509564902,0.8169101588655512,0.06749063429207762
801.8344180253807,0.840162342766472,0.11591111596642971
803.5547850942712,0.831602240251221,0.1439305929354321
805.2751521631617,0.8230785119259564,0.1437957008207978
806.9955192320523,0.8145907845023937,0.11540772929483048
808.7158863009428,0.8223071701232196,0.06954626038176223
810.4362533698333,0.9025979576132673,0.12985810830230088
812.1566204387237,0.9830104606547642,0.14709368813842608
813.8769875076142,1.0634659686325327,0.13830207692808535
815.5973545765047,1.1439680050143242,0.09661999241121232
817.3177216453952,1.190727868423261,0.10050317199186545
819.0380887142858,1.2074138203939044,0.13968158028178573
820.7584557831763,1.2241526047938656,0.14719999328611352
822.4788228520667,1.2409449546818498,0.12873207789759
824.1991899209572,1.2577197338587132,0.06635784187626378
825.9195569898477,1.2632648584217785,0.11911782982023819
827.6399240587383,1.2671783183079897,0.14518965062771674
829.3602911276288,1.2711472279463327,0.14393541828606046
831.0806581965193,1.2751717611461881,0.11446005338041387
832.8010252654097,1.2738359597999933,0.07603653897700252
834.5213923343002,1.253766162308102,0.13192967527458474
836.2417594031907,1.2337498119446293,0.1475714301144138
837.9621264720812,1.2137874473722086,0.13746309582384234
839.6824935409717,1.1938781943569463,0.09360161149783885
841.4028606098622,1.1857632776903355,0.10318441142612357
843.1232276787526,1.1865155138350034,0.14053024521296967
844.8435947476434,1.1873196671887463,0.14695835144919384
846.5639618165338,1.1881757729699962,0.1272453072362447
848.2843288854243,1.1899596051869787,0.06295096700827653
850.0046959543148,1.2518010979609446,0.1209952478656058
851.7250630232053,1.320038890655566,0.14581146015659502
853.4454300920958,1.3883344480718531,0.1437057889482201
855.1657971609862,1.45669076113187,0.11318506441078752
856.8861642298767,1.5076006208416408,0.08164458995089578
858.6065312987672,1.5103070503779454,0.13385985912596782
860.3268983676577,1.5130795772176213,0.1482281788531188
862.0472654365482,1.515918322776755,0.13720766176850724
863.7676325054387,1.5188234113716585,0.09209212324553986
865.4879995743291,1.477482716673384,0.10704260825331041
867.2083666432198,1.4083132450970686,0.1418928453492549
868.9287337121103,1.3392054041128851,0.1469192607227108
870.6491007810008,1.2701561672296893,0.12575151337029597
872.3694678498913,1.2026717122729937,0.06052826131432388
874.0898349187818,1.189327687603715,0.12266393703452652
875.8102019876723,1.1798501219282442,0.1460634443720754
877.5305690565627,1.1704241815617924,0.14273031355657045
879.2509361254532,1.161049453709221,0.11026563700265408
880.9713031943437,1.1733462552399863,0.0842631115985772
882.6916702632342,1.2341110193122506,0.1345696123197654
884.4120373321247,1.294929784988343,0.14794448385205802
886.1324044010152,1.3558052157523295,0.1357818217839229
887.8527714699059,1.4167399775872218,0.08806687527110338
889.5731385387963,1.517522201488849,0.1036573435697291
891.2935056076868,1.6392146806388932,0.12136048323620857
893.0138726765773,1.7609789024574896,0.09050352138245457
894.7342397454678,1.7802197370648014,0.09881810788657935
896.4546068143583,1.768909519324946,0.062001762576755846
898.1749738832488,1.8186702835419042,0.11613790424873037
899.8953409521392,1.8711832855851132,0.11832267466100208
901.6157080210297,1.9214441072357902,0.08483247131237596
903.3360750899202,1.9513379875750387,0.13686622144241845
905.0564421588107,1.9812893964480658,0.15376926614792902
906.7768092277012,2.011327528773842,0.14798613618564574
908.4971762965916,2.0414537000264996,0.1161756633116907
910.2175433654824,2.006994356624639,0.11068957885332557
911.9379104343728,1.8931260596085702,0.14603024098223744
913.6582775032633,1.7793406250253032,0.15404071216860818
915.3786445721538,1.6656330697653674,0.1395124837238557
917.0990116410443,1.5519984141287078,0.09235616119935287
918.8193787099348,1.5935592916066086,0.12570697308180995
920.5397457788252,1.6749227703384442,0.15088296719754982
922.2601128477157,1.7563595555315903,0.15181572975356636
923.9804799166062,1.8378732136167777,0.12903228500233427
925.7008469854967,1.9103179004134945,0.08950712386921893
927.4212140543872,1.928280606759277,0.13858225545941338
929.1415811232777,1.9463277150855975,0.154099625723243
930.8619481921684,1.964460015741972,0.14709615962936343
932.5823152610589,1.9826783028219461,0.11347435214744264
934.3026823299493,1.9800508172636442,0.11252162943285168
936.0230493988398,1.955819101984261,0.1467777237677747
937.7434164677303,1.9316729947083755,0.15419861344145355
939.4637835366208,1.9076114379737015,0.13914756530241928
941.1841506055113,1.8836333780369008,0.09109019916478778
942.9045176744017,1.9342441493133937,0.12856233365854158
944.6248847432922,1.9992783572075403,0.1520414414599693
946.3452518121827,2.0644000763501182,0.1518926652323231
948.0656188810732,2.129612158677701,0.12803363309991933
949.7859859499637,2.1898842987958567,0.093881607549654
951.5063530188542,2.228241818072883,0.140354205131905
953.2267200877449,2.2666968757962973,0.15487998947526843
954.9470871566353,2.3052511560608604,0.14724140793586737
956.6674542255258,2.3439063473074064,0.11302903096469344
958.3878212944163,2.3641393423319714,0.116600337771446
960.1081883633068,2.368284772305562,0.14870354801230762
961.8285554321973,2.3725338737510633,0.15514722255448957
963.5489225010878,2.3768868327443657,0.13953396782004332
965.2692895699782,2.381351619948428,0.09117045725984174
966.9896566388687,2.4559903883650014,0.13213197787631303
968.7100237077592,2.5402005646664323,0.15404597895562544
970.4303907766497,2.6245219412988234,0.153303995537682
972.1507578455402,2.7089582110215744,0.12951707947328658
973.8711249144309,2.775448390408142,0.10201509267363246
975.5914919833214,2.781108677075369,0.14390143179847162
977.3118590522118,2.7868907143738024,0.1566658615253412
979.0322261211023,2.792794755516904,0.148045471039054
980.7525931899928,2.7988210590668707,0.11325621357205361
982.4729602588833,2.7861172180473286,0.12089898638317656
984.1933273277738,2.759664834613085,0.1506084377493164
985.9136943966643,2.7333332627003335,0.1557579021720664
987.6340614655547,2.7071213491471005,0.13910323136300864
989.3544285344452,2.6814291770823493,0.08997143473142628
991.0747956033357,2.731122287678427,0.13437786633077925
992.7951626722262,2.787625995540517,0.1549908988132205
994.5155297411167,2.844251739446787,0.1533986522043675
996.2358968100074,2.901001999261897,0.12877976662223953
997.9562638788979,2.9284791301111373,0.10607950574585794
999.6766309477883,2.877048300620019,0.14551516363627232
1001.3969980166788,2.825743423327302,0.1570185987921127
1003.1173650855693,2.774562251390912,0.1472888445990198
1004.8377321544598,2.7235025433903095,0.11086764319021929
1006.5580992233503,2.608249135380797,0.12266892344615954
1008.2784662922408,2.453463214813274,0.15078661232390836
1009.9988333611312,2.298784696006255,0.1545025907051063
1011.7192004300217,2.1442068049959646,0.1358352227677267
1013.4395674989122,1.988159158229065,0.08360701423749456
1015.1599345678027,1.7455182966801523,0.1329320380759276
1016.8803016366934,1.4982425774948438,0.15217404403717977
1018.6006687055839,1.2510324272608926,0.1479522909061525
1020.3210357744744,1.0038770196813875,0.11776895560472606
1022.0414028433648,0.8206592882767633,0.09556024348831624
1023.7617699122553,0.777299397607274,0.13969355984733894
1025.4821369811457,0.7339735029848088,0.15168031847263416
1027.2025040500362,0.6906797070149645,0.14003662739674597
1028.9228711189267,0.6474161136836212,0.0965593581483542
1030.6432381878171,0.6079873432282533,0.11566368934955291
1032.3636052567076,0.5705360764737494,0.14627840631901312
1034.083972325598,0.5331097508021528,0.1499850345952465
1035.8043393944886,0.4957067271687154,0.12912279715250266
1037.524706463379,0.4648742540773038,0.07129475568132569
1039.24507353227,0.6047236527058284,0.1299065817798699
1040.9654406011605,0.7495732906362917,0.1505855176661555
1042.685807670051,0.8944557103910337,0.14700032533654853
1044.4061747389414,1.0393772569207922,0.11693941015439327
1046.126541807832,1.1031657594266904,0.10063684365300472
1047.8469088767224,1.0202473249003086,0.14173213069818652
1049.567275945613,0.9373735260617809,0.15238666866063055
1051.2876430145034,0.854540733540554,0.13974771194292346
1053.0080100833939,0.7717453197716078,0.09492380466892926
1054.7283771522843,0.739977209419824,0.11875919685632821
1056.4487442211748,0.7297174152334259,0.14762506991123395
1058.1691112900653,0.7194895332943613,0.15041492014616853
1059.8894783589558,0.7092931156929538,0.1288345966913042
1061.6098454278463,0.7006234170795456,0.07547360948510606
1063.3302124967367,0.7142487824999507,0.13238173437422907
1065.0505795656272,0.7281719068273287,0.1511260445567051
1066.7709466345177,0.7421268757261239,0.14591077949366316
1068.4913137034082,0.7561143003349231,0.11347808119359204
1070.2116807722987,0.7999595404498706,0.10331094799834956
1071.9320478411892,0.8888268796503966,0.14984427617498183
1073.6524149100796,0.9777330991213701,0.17025106082761196
1075.3727819789701,1.0666820924167222,0.1739846145128158
1077.0931490478606,1.1556777549509973,0.1622011077858799
1078.813516116751,1.2447239841967415,0.1307684579570118
1080.5338831856416,1.3274150330044872,0.06316146139398528
1082.2542502545325,1.2638864260138913,0.1250609024648655
1083.974617323423,1.1934106368423663,0.14674554676799148
1085.6949843923135,1.1229870668437971,0.14212729181227013
1087.415351461204,1.052612631906294,0.10787831277932504
1089.1357185300944,1.0167114594665887,0.08647243084173861
1090.856085598985,1.04656733894349,0.13517173634848145
1092.5764526678754,1.076469006755539,0.14768187990763137
1094.2968197367659,1.106417772421096,0.13451289605331765
1096.0171868056564,1.1364149475071945,0.08439248760811294
1097.7375538745468,1.1496453904551585,0.1103680569078592
1099.4579209434373,1.1554166489016657,0.14280426295786577
1101.1782880123278,1.1612384626209342,0.14615719223088128
1102.8986550812183,1.1671110865741243,0.12283273047084478
1104.6190221501088,1.164977262507404,0.0610124282066586
1106.3393892189993,1.0486333726869945,0.12568551799170724
1108.0597562878897,0.9291469019706099,0.14635931520263426
1109.7801233567802,0.8097010773069022,0.14053883880877874
1111.5004904256707,0.6902906676866778,0.10386002651783181
1113.2208574945612,0.6190023500977518,0.08788856218742126
1114.9412245634517,0.6241430478928701,0.13527963288822892
1116.6615916323422,0.6293110344329417,0.1467529961621934
1118.3819587012326,0.634506536040391,0.13203239995585261
1120.1023257701231,0.6397297802456166,0.0773834506373542
1121.8226928390136,0.625637717936521,0.11069298897791958
1123.5430599079045,0.6045560456338438,0.14234692881560948
1125.263426976795,0.5835008042853265,0.14467525257927888
1126.9837940456855,0.5624710717996674,0.11940643438887431
1128.704161114576,0.5482754617662341,0.058807712919058105
1130.4245281834665,0.5985378855774655,0.1259123416312284
1132.144895252357,0.6497668434948319,0.14614632772507224
1133.8652623212474,0.7010242123232685,0.13977569340138243
1135.585629390138,0.7523122368135984,0.10192685987269268
1137.3059964590284,0.7674298000197445,0.09214921197314445
1139.0263635279189,0.7343573943949395,0.13670371704396347
1140.7467305968094,0.701317104220982,0.14684069675076392
1142.4670976656998,0.6683074825461901,0.13082367019302707
1144.1874647345903,0.6353303517685543,0.07312288209736344
1145.9078318034808,0.6458052119293167,0.11292897952534513
1147.6281988723713,0.6688257360851696,0.14307495113074178
1149.3485659412618,0.691875505807213,0.14443744587557186
1151.0689330101523,0.7149555305468518,0.1180179030045726
1152.7893000790427,0.7359539616841406,0.06375247757146715
1154.5096671479332,0.7428501246106781,0.12782324015256347
1156.2300342168237,0.7496887417039391,0.14657060748820558
1157.9504012857142,0.7565601456686316,0.1389792925467877
1159.6707683546047,0.763464637439337,0.09917309777942783
1161.3911354234951,0.7168194211583746,0.09520358837464271
1163.1115024923856,0.6101016081096836,0.13757163976603698
1164.831869561276,0.5034104688721516,0.14643386320018795
1166.552236630167,0.3967413310324816,0.12889889378288685
1168.2726036990575,0.29034115777730457,0.06687204271727691
1169.992970767948,0.4059261076538751,0.11427480981066722
1171.7133378368385,0.5710054277568694,0.14341772741875328
1173.433704905729,0.7361097094933856,0.1440403978974488
1175.1540719746195,0.901246183435355,0.11660076576958597
1176.87443904351,1.0223100023507263,0.06926884346814585
1178.5948061124004,0.9253444296575998,0.129618697267941
1180.315173181291,0.8279882715775718,0.14676527644293044
1182.0355402501814,0.7306683294106429,0.13770434750717744
1183.7559073190719,0.6333803411449269,0.09522540632784672
1185.4762743879623,0.6159343991540684,0.09715165720623307
1187.1966414568528,0.6740335554001108,0.13828292346849932
1188.9170085257433,0.732162185282858,0.14656567159763126
1190.6373755946338,0.7903228344883556,0.12851787931152878
1192.3577426635243,0.8484115130963251,0.06597512568496458
1194.0781097324148,0.8826439711202698,0.11777049760125588
1195.7984768013052,0.9129276184296095,0.1447319544430006
1197.5188438701957,0.9432512014804116,0.1440635842016347
1199.2392109390862,0.9736160482504851,0.11528568541013086
1200.9595780079767,0.9896400457518045,0.07483989868255421
1202.6799450768672,0.951299899443068,0.13148635981703474
1204.4003121457577,0.9129870240108965,0.14733641038241488
1206.1206792146481,0.8747140869123413,0.13730669406241566
1207.8410462835386,0.8364794120363797,0.09339964633580658
1209.5614133524296,0.7881061679765661,0.10107407203812677
1211.28178042132,0.7316531819380928,0.1395062227242734
1213.0021474902105,0.6752321929307529,0.14622163498259702
1214.722514559101,0.6188407300576801,0.12638293096751818
1216.4428816279915,0.5637216121480607,0.059735425029136986
1218.163248696882,0.619686836896503,0.11875288279242079
1219.8836157657724,0.6890040706375412,0.1447319154281403
1221.603982834663,0.7583514336413175,0.14312056585547045
1223.3243499035534,0.8277319628868606,0.11274162053417969
1225.044716972444,0.8926379940858196,0.07827824730690319
1226.7650840413344,0.9441475212532106,0.13260454197998364
1228.4854511102249,0.9956983513119816,0.14759237650099233
1230.2058181791153,1.0472927419534737,0.136846098358126
1231.9261852480058,1.0989329527056126,0.09172493772510355
1233.6465523168963,1.123202689690801,0.10503622327990056
1235.3669193857868,1.1291548276153935,0.14117996219915388
1237.0872864546773,1.1351563707023147,0.14693714749279765
1238.8076535235678,1.141207581787354,0.12652718891857345
1240.5280205924582,1.1480718299378345,0.06216672064130385
1242.2483876613487,1.1887684151966247,0.12246787812793467
1243.9687547302392,1.2322816004699217,0.14630238097935475
1245.6891217991297,1.2758487072367253,0.14352550252098403
1247.4094888680202,1.319471643457295,0.11217749225420395
1249.1298559369106,1.3053501434186596,0.08258781321569078
1250.8502230058011,1.1523873755304122,0.11974718892903725
1252.570590074692,0.9994750302463079,0.10568065642999329
1254.2909571435825,0.9800852449988867,0.08889711549727168
1256.011324212473,1.1684295762795236,0.08104012134664652
1257.7316912813635,1.2778702062834744,0.10209315010881606
1259.452058350254,1.343217097155393,0.12112534663492193
1261.1724254191445,1.4086227678081127,0.09133478641543616
1262.892792488035,1.477131626332648,0.12169247174139602
1264.6131595569254,1.5467807679713326,0.14937639386554516
1266.333526625816,1.616497604241096,0.1519629047575756
1268.0538936947064,1.6862851883017091,0.13094825829043907
1269.7742607635969,1.7404589981786767,0.08507536001142262
1271.4946278324874,1.6354089251114319,0.13665016172048686
1273.2149949013778,1.5298823438965656,0.15328841535029417
1274.9353619702683,1.4244227172618693,0.14702403827509075
1276.6557290391588,1.3190254267192227,0.11414519609980196
1278.3760961080493,1.2755944970812025,0.10668651787604284
1280.0964631769398,1.3130408139337124,0.14431465627025897
1281.8168302458303,1.3505445890336911,0.15343431645961833
1283.5371973147207,1.3881074648149276,0.1397447570636123
1285.2575643836112,1.425731086299165,0.09373121102081376
1286.9779314525017,1.404950218594289,0.12507536630436672
1288.6982985213922,1.3678602771801187,0.1502216908946218
1290.4186655902827,1.330830194765521,0.15079651803181385
1292.1390326591732,1.2938583496619256,0.12713370077992175
1293.8593997280636,1.269718824879403,0.08314826095251089
1295.5797667969546,1.3320840655179866,0.1360653707837728
1297.300133865845,1.3945075983855795,0.15288888849753207
1299.0205009347355,1.4569921572388826,0.14662252956278474
1300.740868003626,1.519540478532828,0.11350294354556116
1302.4612350725165,1.5766982884778349,0.11103303969217938
1304.181602141407,1.6279240628130978,0.14615815491221593
1305.9019692102975,1.6792210853494178,0.15404081347684184
1307.622336279188,1.730591602584306,0.1393838166536104
1309.3427033480784,1.7820378642339239,0.09197435100479537
1311.063070416969,1.8914081688412103,0.12799365670631
1312.7834374858594,2.013236724376906,0.15226426008074379
1314.5038045547499,2.1351534024490535,0.15298919870451827
1316.2241716236404,2.25716354227231,0.13056142228490442
1317.9445386925308,2.354815768517029,0.09635327788847982
1319.6649057614213,2.334225419868093,0.14152129405928113
1321.3852728303118,2.3137372510969714,0.15569404661017194
1323.1056398992023,2.293350364943242,0.14806002331083415
1324.8260069680928,2.27306386859458,0.11432967033261417
1326.5463740369833,2.2245412396395228,0.11618741964382333
1328.2667411058737,2.1498306036980823,0.14838697884207214
1329.9871081747642,2.075214072274054,0.15475337544158563
1331.7074752436547,2.0006883776160116,0.13888696743138765
1333.4278423125452,1.9262502559581458,0.0896706578015243
1335.1482093814357,1.9124831140328808,0.1299437196180192
1336.8685764503261,1.9081524731330517,0.1523423297866364
1338.588943519217,1.903905352728044,0.15128589477335738
1340.3093105881076,1.8997415668200797,0.12618646367635553
1342.029677656998,1.9095896735469249,0.09459091607993189
1343.7500447258885,1.9707483205818268,0.140471997655647
1345.470411794779,2.031993229422044,0.15455762500164685
1347.1907788636695,2.0933270822208785,0.14633933629740326
1348.91114593256,2.154752565025057,0.11096564622525579
1350.6315130014505,2.2635252092945297,0.11763304989761453
1352.351880070341,2.4093314862655326,0.1493929582987107
1354.0722471392314,2.55524323230457,0.155873028907833
1355.792614208122,2.701266837443134,0.1406140690316677
1357.5129812770124,2.846899031337112,0.09388830561307651
1359.2333483459029,2.799753150580142,0.13526354716988226
1360.9537154147934,2.732755148321198,0.1552914030349704
1362.6740824836838,2.6658767791034474,0.153257664808882
1364.3944495525743,2.599115114064036,0.12811554615248574
1366.1148166214648,2.5364980475332795,0.10303311556250334
1367.8351836903553,2.4856891336068276,0.14400991388491408
1369.5555507592458,2.434989032745623,0.1560144221729118
1371.2759178281362,2.3843955245911577,0.1463604718360848
1372.9962848970267,2.3339063934574753,0.10945778777485499
1374.7166519659172,2.251981320281149,0.12016589586432713
1376.4370190348077,2.149459327986569,0.1496695442478796
1378.1573861036982,2.047031423951575,0.1541471641500871
1379.8777531725887,1.944693122453911,0.13609264512148692
1381.5981202414796,1.842029049785042,0.0839088517050559
1383.31848731037,1.7072341661152117,0.1325270149594347
1385.0388543792606,1.5704118218613674,0.15244855127387863
1386.759221448151,1.4336582071303956,0.1490228942020291
1388.4795885170415,1.2969673329477993,0.12027059247612362
1390.199955585932,1.1941592181587268,0.0971821709740386
1391.9203226548225,1.1707844028439611,0.14072078865728016
1393.640689723713,1.147460815811066,0.15289416298308864
1395.3610567926034,1.1241874356371122,0.1420135719956146
1397.081423861494,1.1009632430831326,0.1008735194500307
1398.8017909303844,1.0612055358870212,0.11742875980872909
1400.522157999275,1.0124195154720832,0.14750215601013292
1402.2425250681654,0.9636777879252906,0.15137517869910574
1403.9628921370559,0.9149782186690937,0.13138642435162834
1405.6832592059463,0.8666223827028968,0.07548751603026356
1407.4036262748368,0.8283051237668289,0.13080010236250672
1409.1239933437273,0.7903939658835145,0.1508479518057916
1410.8443604126178,0.7525173775117735,0.1467749980677493
1412.5647274815083,0.714673699893784,0.11606825969387753
1414.2850945503988,0.6855256604303968,0.09732562672119482
1416.0054616192892,0.6731292194016388,0.14033635451888174
1417.7258286881797,0.660762212416439,0.15177160323916228
1419.4461957570702,0.6484240978609914,0.1396203574602406
1421.1665628259607,0.6361143354150798,0.09524361468326793
1422.8869298948512,0.6348764274978558,0.11754987653039055
1424.607296963742,0.6386557185511194,0.1471344102077665
1426.3276640326326,0.6424629339122288,0.15034064617886791
1428.048031101523,0.6462982403159727,0.12914900786087366
1429.7683981704135,0.6508456534735134,0.07465640528421309
1431.488765239304,0.6676167445623985,0.13686800857760092
1433.2091323081945,0.684625599610902,0.16470450826940178
1434.929499377085,0.701664392162567,0.17391291124906652
1436.6498664459755,0.7187338684224233,0.1675940779427174
1438.370233514866,0.7358347759137432,0.14371297718615195
1440.0906005837564,0.7529678635706598,0.08911415666749667
1441.810967652647,0.7752995960145852,0.10611039767536912
1443.5313347215374,0.8006481161232992,0.1413031337166604
1445.251701790428,0.8260316548088922,0.14626157179402774
1446.9720688593184,0.8514513237263447,0.12464863269169121
1448.6924359282089,0.87689257673349,0.0592988935490479
1450.4128029970993,0.9019427535608583,0.12325812517185042
1452.1331700659898,0.9270080141170113,0.14611781468557433
1453.8535371348803,0.9521138270403718,0.14229156709070923
1455.5739042037708,0.9772612918189484,0.10900364671887361
1457.2942712726613,1.0123484049892906,0.08576942786175826
1459.0146383415517,1.0676694686462433,0.13504913772708507
1460.7350054104422,1.1230372447875725,0.14795399665679057
1462.4553724793327,1.1784541581814798,0.13532694152160815
1464.1757395482232,1.2339226357478645,0.08664081552651574
1465.8961066171137,1.2870546936887044,0.11029340767467657
1467.6164736860046,1.3390997089787144,0.1431488532039744
1469.336840754895,1.3912033237309844,0.14711073375193534
1471.0572078237856,1.443367819768991,0.12495902792597441
1472.777574892676,1.4917459760067826,0.06502842249946271
1474.4979419615665,1.4762804405345327,0.1268396949152941
1476.218309030457,1.4587049786811477,0.14771869776738764
1477.9386760993475,1.4411933542736173,0.14284618528736895
1479.659043168238,1.4237448004109192,0.1088150593277921
1481.3794102371285,1.4283434035416216,0.09211025543512082
1483.099777306019,1.47020538550284,0.13744627995617628
1484.8201443749094,1.512131708557503,0.14884335717463998
1486.5405114438,1.5541242088156193,0.1351793846720263
1488.2608785126904,1.5961847252997317,0.08513614524563483
1489.9812455815809,1.5359334069983182,0.11377049491047823
1491.7016126504714,1.4357286954206785,0.1442170599574931
1493.4219797193618,1.3355868150635108,0.14656213496324955
1495.1423467882523,1.2355033803321485,0.12243178521976233
1496.8627138571428,1.1440031359691578,0.06407674818518547
1498.5830809260333,1.1448226182643106,0.1274311240705144
1500.3034479949238,1.147407757919429,0.14735840911050818
1502.0238150638143,1.1500431021117392,0.14135949326386058
1503.7441821327047,1.1527287662465866,0.10508284720288429
1505.4645492015952,1.0979475960552787,0.0936303263927363
1507.1849162704857,0.9617887813081308,0.13739421813565628
1508.9052833393762,0.8256720421221301,0.14736376621510294
1510.6256504082671,0.6895914174117581,0.13146809719868555
1512.3460174771576,0.5535418614182892,0.07469897638246586
1514.066384546048,0.5308033151067912,0.11218858225580383
1515.7867516149386,0.5435767259249539,0.14287477295281667
1517.507118683829,0.5563738971772066,0.14462347416212548
1519.2274857527195,0.5691953892907201,0.11872072968094179
1520.94785282161,0.5816080619098636,0.06253081670577999
1522.6682198905005,0.5907897756314608,0.12733671936345917
1524.388586959391,0.5999688356069873,0.14649294062884785
1526.1089540282815,0.6091741256418916,0.1392600849441187
1527.829321097172,0.618406048869421,0.10006921031665096
1529.5496881660624,0.5489266401901154,0.09402350923078212
1531.270055234953,0.38571814525056075,0.13706462495313435
1532.9904223038434,0.2225264975042331,0.14614122881417382
1534.7107893727339,0.059344550156873385,0.12865656853519802
1536.4311564416244,-0.10379633277682543,0.06623279986705888
1538.1515235105148,-0.1991711151435456,0.11232633026250274
1539.8718905794053,-0.2779743092729218,0.14205288863743792
1541.5922576482958,-0.3567897218796488,0.14237326375415849
1543.3126247171863,-0.4356208045897963,0.11353673246247695
1545.0329917860768,-0.49518987241738005,0.058454837399697
1546.7533588549672,-0.4493003949529535,0.12612408252490043
1548.4737259238577,-0.40309861794940777,0.1449327012829888
1550.1940929927482,-0.3569145390971344,0.13646544404607094
1551.9144600616387,-0.31074613581847466,0.09358875656397958
1553.6348271305296,-0.3027137952290021,0.09345209349838937
1555.35519419942,-0.3329722785310037,0.13647522860432218
1557.0755612683106,-0.3632453888776422,0.14508011926855105
1558.795928337201,-0.39353445205725274,0.12649892151312023
1560.5162954060916,-0.4237769156620889,0.05974798522077973
1562.236662474982,-0.43250439891531633,0.11379048761953271
1563.9570295438725,-0.43725873050697117,0.1423695932208631
1565.677396612763,-0.4420322562576145,0.14180199538836125
1567.3977636816535,-0.4468251852121397,0.11164390392742037
1569.118130750544,-0.4366176088110332,0.06413351032823947
1570.8384978194345,-0.3642647029211255,0.12783187745866922
1572.558864888325,-0.29188857631176546,0.14536355770011922
1574.2792319572154,-0.2195252775372046,0.13588856332693364
1575.999599026106,-0.14717163752934956,0.09135609053788563
1577.7199660949964,-0.14147140317075904,0.09731587062900308
1579.4403331638869,-0.1922091424108628,0.1377528527212661
1581.1607002327773,-0.24295534413329573,0.14501856963269544
1582.8810673016678,-0.2937122307205511,0.12503739401154426
1584.6014343705583,-0.34465487780468823,0.055097889002405205
1586.3218014394488,-0.41620989748410125,0.11576843840783116
1588.0421685083393,-0.49057102635554006,0.14275952195393435
1589.7625355772298,-0.5649536841397587,0.1409215522832178
1591.4829026461202,-0.6393611283304419,0.10880279574786252
1593.2032697150107,-0.6815975372178155,0.06777679274912204
1594.9236367839012,-0.6199218666234136,0.12872520476612775
1596.6440038527921,-0.5582721072843492,0.14508962301163897
1598.3643709216826,-0.49664684175160134,0.1343005079048033
1600.084737990573,-0.4350433712040092,0.08675559604771363
1601.8051050594636,-0.4009012216754478,0.09910689186094865
1603.525472128354,-0.3863240355694678,0.1382143893763855
1605.2458391972445,-0.37176381299307476,0.14461830062130807
1606.966206266135,-0.35721991629375344,0.12351598938444643
1608.6865733350255,-0.34185177684879786,0.051709002485839456
1610.406940403916,-0.2798593790485306,0.10933012390730386
1612.1273074728065,-0.21348670921807827,0.11391309447627561
1613.847674541697,-0.16281453291169987,0.06482107752463274
1615.5680416105874,-0.42009524782724755,0.09045774235777165
1617.288408679478,-0.5783900791136856,0.07094523996919264
1619.0087757483684,-0.4649530888103634,0.11616693237039097
1620.729142817259,-0.351536505509512,0.10370323239844809
1622.4495098861494,-0.257459482976403,0.09515925195981023
1624.1698769550399,-0.19540976167286755,0.13897179236978016
1625.8902440239303,-0.13336864302037213,0.15015544367419364
1627.6106110928208,-0.07133340999958825,0.13695380330937956
1629.3309781617113,-0.009301345849735534,0.08911540846032047
1631.0513452306018,-0.014516813240652515,0.11687054818694274
1632.7717122994923,-0.045381433917385326,0.1461043038543207
1634.4920793683827,-0.07624808692283369,0.14840026406204834
1636.2124464372732,-0.10711812402811535,0.1252491748098438
1637.9328135061637,-0.12941285840458536,0.06975031206129875
1639.6531805750546,-0.049946221702017415,0.1305236467221353
1641.3735476439451,0.030172958096189875,0.1496770243320784
1643.0939147128356,0.11029341438478689,0.14414047867629046
1644.814281781726,0.19041865594590213,0.1102539583271102
1646.5346488506166,0.25104254767678874,0.10054057106259248
1648.255015919507,0.28461376373447783,0.1411413002993981
1649.9753829883975,0.3181973992275834,0.15095328065157004
1651.695750057288,0.35179492491891173,0.13677348924678248
1653.4161171261785,0.38540781217411196,0.08763809221162448
1655.136484195069,0.24328008481437624,0.1199140578928088
1656.8568512639595,0.047594105648725835,0.1469098941479087
1658.57721833285,-0.14808983408317428,0.1475185799266123
1660.2975854017404,-0.3437803041494274,0.1221354000665466
1662.017952470631,-0.5053986480682818,0.06952113126082027
1663.7383195395214,-0.4027152031665602,0.13061734394647723
1665.4586866084119,-0.29996422512700505,0.1491134123534007
1667.1790536773024,-0.19722642858418968,0.14264153117600342
1668.8994207461928,-0.09449731425122393,0.10675181397418834
1670.6197878150833,-0.039988022202222126,0.10209573481595247
1672.3401548839738,-0.041759850748175974,0.14135907713231174
1674.0605219528643,-0.043533553026430055,0.15009989624979814
1675.7808890217548,-0.045309206708663875,0.1344126327674204
1677.5012560906453,-0.047086889557056456,0.08119074954388875
1679.2216231595357,-0.06024663568418697,0.12044050990536079
1680.9419902284262,-0.0760972739380718,0.14710151204618468
1682.6623572973172,-0.09195128968637788,0.14749453626361564
1684.3827243662076,-0.10780937723448494,0.12187406144407117
1686.1030914350981,-0.13195392025119138,0.07772338647609038
1687.8234585039886,-0.20076826692233898,0.1331703351215166
1689.543825572879,-0.2695914509208173,0.14958897321217568
1691.2641926417696,-0.3384264862682917,0.14131279602825228
1692.98455971066,-0.4072763875286642,0.10252440027197732
1694.7049267795505,-0.47779572451461433,0.10294809272532132
1696.425293848441,-0.5499618656720078,0.14116559178770147
1698.1456609173315,-0.6221521366920855,0.14882112552374555
1699.866027986222,-0.6943696990667371,0.13137240190507668
1701.5863950551125,-0.7666177154844083,0.07252454480855333
1703.306762124003,-0.7896035833425489,0.12006786874397067
1705.0271291928934,-0.8040221589943863,0.14615708536504912
1706.747496261784,-0.8184759907956509,0.14547410217573892
1708.4678633306744,-0.8329657117402922,0.11755305447816816
1710.1882303995649,-0.839220741232601,0.0771346648036235
1711.9085974684554,-0.8122057172235052,0.13264562123151333
1713.6289645373458,-0.7852263077610037,0.14863649008275232
1715.3493316062363,-0.7582813312983885,0.13944310850458766
1717.0696986751268,-0.7313696078202251,0.09822993364288166
1718.7900657440173,-0.7636820195971731,0.10418656979465792
1720.5104328129078,-0.8451605685472587,0.14129046661818137
1722.2307998817982,-0.9266761752564642,0.1480064539288578
1723.9511669506887,-1.0082324096090474,0.12916626890550026
1725.6715340195797,-1.0898669713680227,0.06573956037762956
1727.3919010884701,-1.2105215120158093,0.12089600298162198
1729.1122681573606,-1.335895291820484,0.14577289048129632
1730.832635226251,-1.4613276205612427,0.14370377013094454
1732.5530022951416,-1.5868239914035311,0.1132203712404715
1734.273369364032,-1.6690415792948885,0.07699729191457044
1735.9937364329226,-1.6151398315063006,0.13216362749743582
1737.714103501813,-1.561308861852605,0.14742742283265534
1739.4344705707035,-1.5075463128654298,0.13686559926441405
1741.154837639594,-1.4538498300767666,0.09197140975978066
1742.8752047084845,-1.4738759346523953,0.10398827171973324
1744.595571777375,-1.545376842913364,0.14061667558375823
1746.3159388462655,-1.6169454741215437,0.14644342968693322
1748.036305915156,-1.688584962536974,0.12582424091071423
1749.7566729840464,-1.7598631629875119,0.05647076865456682
1751.477040052937,-1.7792864863081919,0.12075536052252407
1753.1974071218274,-1.7947691743904162,0.14519879235303443
1754.9177741907179,-1.81033050727189,0.14238047891497338
1756.6381412596083,-1.8259711664430236,0.1102281703617685
1758.3585083284988,-1.7895826693276906,0.07989584970441677
1760.0788753973893,-1.6218650229175162,0.13312650907844087
1761.7992424662798,-1.4542184491638246,0.14768774189786718
1763.5196095351703,-1.2866356061741058,0.1365689136040682
1765.2399766040608,-1.1191091548477168,0.09077615833362176
1766.9603436729512,-1.0501804373641603,0.10817216369972202
1768.6807107418422,-1.0388155126956944,0.1424528997295806
1770.4010778107327,-1.0274961266845166,0.14730920925559948
1772.1214448796231,-1.0162217836188718,0.1261863184964539
1773.8418119485136,-1.004174221714387,0.06069560399187745
1775.562179017404,-0.9571393190051886,0.12465775781821373
1777.2825460862946,-0.9085404656129608,0.14717935547856054
1779.002913155185,-0.8599814456308291,0.14361494776208308
1780.7232802240756,-0.8114601324719729,0.11148922206361546
1782.443647292966,-0.7829283328834704,0.08896011386026938
1784.1640143618565,-0.7955987987016083,0.13642948927570975
1785.884381430747,-0.8083041517773429,0.14889858765983252
1787.6047484996375,-0.8210449485256845,0.1363373635157409
1789.325115568528,-0.8338217469197338,0.0886771658815761
1791.0454826374184,-0.8640176173235199,0.11419971472194014
1792.765849706309,-0.9026601957256689,0.15382469224858708
1794.4862167751994,-0.9413423500170753,0.1698779879866223
1796.20658384409,-0.9800657742379083,0.16920983931864114
1797.9269509129804,-1.0188321642420686,0.15159918540899506
1799.6473179818709,-1.0576432177560848,0.1091263991580369
1801.3676850507613,-1.0832455829896144,0.07018895427849427
1803.0880521196518,-1.073345050076599,0.12916171145289357
1804.8084191885423,-1.0634915680061294,0.1444737436589326
1806.5287862574328,-1.0536847052610265,0.13227610511869328
1808.2491533263233,-1.043924032352371,0.08096340219866328
1809.9695203952137,-1.0505925198081687,0.09922672769432629
1811.6898874641047,-1.067387116088773,0.1377524262381949
1813.4102545329952,-1.0842285023018745,0.14328751326146436
1815.1306216018857,-1.1011174159759216,0.12046973710417397
1816.8509886707761,-1.115473597458837,0.04327873476744085
1818.5713557396666,-1.0439370749050902,0.11771468226258391
1820.291722808557,-0.9667172694368122,0.14292180560662096
1822.0120898774476,-0.8895398451691849,0.13947184407139446
1823.732456946338,-0.8124014221989478,0.10456497533362656
1825.4528240152285,-0.7868996059514903,0.07643680017316233
1827.173191084119,-0.874114639295059,0.13102990634007372
1828.8935581530095,-0.9613679984059018,0.14475156779326442
1830.6139252219,-1.0486635044548585,0.13113270908884125
1832.3342922907905,-1.1360049804393486,0.07678861384933713
1834.054659359681,-1.1514392533940192,0.10180563487962281
1835.7750264285714,-1.130119423851072,0.13850370215832003
1837.495393497462,-1.1088491315204296,0.14291838789103156
1839.2157605663524,-1.0876274448934602,0.11870878311806723
1840.9361276352429,-1.0678486029818013,0.04258673273366362
1842.6564947041334,-1.0754841997231541,0.11950197643358222
1844.3768617730238,-1.0842899365694534,0.14315248815994114
1846.0972288419143,-1.0931432035784865,0.1383418759072377
1847.8175959108048,-1.1020443884646773,0.10108414535765763
1849.5379629796953,-1.1041409623795788,0.0791472503420514
1851.2583300485862,-1.0939220749739746,0.13176558385013554
1852.9786971174767,-1.083751139563287,0.144572984796383
1854.6990641863672,-1.0736277107117798,0.1299324584453529
1856.4194312552577,-1.0635513450813405,0.07283373215919553
1858.1397983241482,-1.093094043266953,0.10458501174311845
1859.8601653930386,-1.139313744190634,0.13929449823988796
1861.5805324619291,-1.1855833849760216,0.1424374747064117
1863.3008995308196,-1.231904991960698,0.11659592908586018
1865.02126659971,-1.2784543984049193,0.04334177836265621
1866.7416336686006,-1.3272262325566548,0.12090012160142488
1868.462000737491,-1.3761066500229613,0.1430968593555273
1870.1823678063815,-1.4250473774363541,0.1368403826524819
1871.902734875272,-1.4740505580948622,0.09675882437812633
1873.6231019441625,-1.4915072852290074,0.08093362830305001
1875.343469013053,-1.4614383719417035,0.13209469429343781
1877.0638360819435,-1.4314335055953125,0.14399926504922364
1878.784203150834,-1.401491372183965,0.12810608175524932
1880.5045702197244,-1.3716106604102025,0.0668908830002731
1882.224937288615,-1.430797060978993,0.10633801048344615
1883.9453043575054,-1.5202516783264763,0.13952031440090684
1885.6656714263959,-1.6097729182993132,0.14140085065472074
1887.3860384952868,-1.699364701363177,0.11354608017356359
1889.1064055641773,-1.7785042364329229,0.043312007918900365
1890.8267726330678,-1.7684875813944778,0.12163559133557268
1892.5471397019583,-1.757509763589635,0.14288373118485415
1894.2675067708487,-1.7466089588578297,0.1355702090270665
1895.9878738397392,-1.7357846898023994,0.09319561765130381
1897.7082409086297,-1.7401246830720902,0.08398836525507286
1899.4286079775202,-1.763617309924046,0.13280340210415165
1901.1489750464107,-1.787187217319023,0.1433761193566177
1902.8693421153012,-1.8108354374728262,0.12575556045229697
1904.5897091841916,-1.8345398363664625,0.05844065513240673
1906.3100762530821,-1.7569723651892277,0.1073595270823081
1908.0304433219726,-1.652363547417663,0.13976667618405714
1909.750810390863,-1.547827137952048,0.14109328649441233
1911.4711774597536,-1.4433585587374853,0.1124451354739635
1913.191544528644,-1.3425855338536794,0.05208196646526398
1914.9119115975345,-1.2639602807623962,0.12423507327398192
1916.632278666425,-1.1854941200400757,0.143957465152043
1918.3526457353155,-1.107079921597469,0.13580837486688077
1920.073012804206,-1.0287142513805123,0.09270621763585092
1921.7933798730965,-0.9923517359026235,0.09034884741268394
1923.513746941987,-1.0007396695861128,0.13522318394740604
1925.2341140108774,-1.0091714744424245,0.14446113446764403
1926.954481079768,-1.0176475197264176,0.12615267147728393
1928.6748481486584,-1.0261749366140138,0.05892801424303788
1930.3952152175493,-1.0384142051053065,0.11199340544508125
1932.1155822864398,-1.05145079262738,0.14145866079030064
1933.8359493553303,-1.0645334721548099,0.14114734457724515
1935.5563164242208,-1.0776628166307143,0.1108086998253001
1937.2766834931112,-1.085475955621888,0.05853821945400097
1938.9970505620017,-1.0689592260843164,0.1260132299996936
1940.7174176308922,-1.0524593432034048,0.14422409032830524
1942.4377846997827,-1.0360055964907087,0.13474852725636224
1944.1581517686732,-1.0195972653875476,0.08915493910703397
1945.8785188375637,-1.0569779647227755,0.09317178716927786
1947.5988859064541,-1.142710357270138,0.1359049748091699
1949.3192529753446,-1.2284928384306222,0.14380381775627776
1951.039620044235,-1.3143291649621103,0.12373154984596185
1952.7599871131256,-1.3997423165267218,0.050396712610883534
1954.480354182016,-1.4061682534805031,0.11293331099798279
1956.2007212509066,-1.400656489578677,0.14141655680041698
1957.921088319797,-1.3952061107629155,0.14014500486664574
1959.6414553886875,-1.389816878327877,0.10807316767488385
1961.361822457578,-1.363833198329504,0.06290646660645906
1963.0821895264685,-1.2654154600260328,0.12718735272818205
1964.802556595359,-1.16704647485001,0.14433036996963478
1966.5229236642494,-1.0687286440661095,0.133863775187269
1968.24329073314,-0.9704576619545153,0.08626051505405972
1969.9636578020304,-1.0850411882513307,0.0922445422680021
1971.684024870921,-1.3607640860580916,0.1153841770484427
1973.4043919398118,-1.6365466219009364,0.08072354266169822
1975.1247590087023,-1.525614231338745,0.08858004978428559
1976.8451260775928,-1.2269434515163964,0.04618098514607531
1978.5654931464833,-1.332389543227981,0.10687817548450351
1980.2858602153738,-1.481359044255068,0.11123982459928836
1982.0062272842642,-1.6206842840510056,0.05506219658899792
1983.7265943531547,-1.5263351343812497,0.12435021946531197
1985.4469614220452,-1.4258503814069725,0.1465442717563614
1987.1673284909357,-1.3254281168453104,0.14231024497227002
1988.8876955598262,-1.2250639428182932,0.10859884693122758
1990.6080626287167,-1.1152805680386702,0.09048612918141787
1992.3284296976071,-0.988818197433233,0.13699983833130977
1994.0487967664976,-0.8623991759143087,0.14908515023157237
1995.769163835388,-0.7360179671011734,0.13623738175423733
1997.4895309042786,-0.6096690362699573,0.08815350275457057
1999.209897973169,-0.5781116106185425,0.1147408127557709
2000.9302650420595,-0.5854651137535226,0.1450282449851326
2002.65063211095,-0.5928443015675089,0.14770421297694356
2004.3709991798405,-0.600249497239567,0.12456170920081078
2006.091366248731,-0.6084405535258735,0.06565048403635357
2007.8117333176215,-0.6272791420716,0.12872359823264398
2009.532100386512,-0.6462549694453481,0.1484534968715389
2011.2524674554024,-0.6652591437276868,0.14284820809480508
2012.972834524293,-0.6842924971917392,0.10803234781463159
2014.6932015931834,-0.731661194513873,0.0958004533176397
2016.4135686620743,-0.8208092812000604,0.13871794047691074
2018.1339357309648,-0.9099933592068741,0.14891943702008925
2019.8543027998553,-0.9992173342513917,0.13409413119496377
2021.5746698687458,-1.0884851138003435,0.08157600077938539
2023.2950369376363,-1.1521032526959194,0.11495162143847007
2025.0154040065268,-1.2072773903613365,0.1443954157323227
2026.7357710754172,-1.2625044442822675,0.14589617287559764
2028.4561381443077,-1.3177868330710854,0.12050279297327574
2030.1765052131982,-1.3571788362258426,0.06278088041715674
2031.8968722820887,-1.254112327351723,0.12823097695953287
2033.6172393509792,-1.1508738776744527,0.14765909802759786
2035.3376064198696,-1.0476858741273785,0.1413338253488234
2037.0579734887601,-0.9445437977054947,0.1046851761544014
2038.7783405576506,-0.9073167397563943,0.09785320872054332
2040.498707626541,-0.9517673349952561,0.13924564709263798
2042.2190746954316,-0.9962596567195747,0.14846010624503875
2043.939441764322,-1.0407956534164309,0.13239665251684415
2045.6598088332125,-1.085377275490924,0.0765112493038613
2047.380175902103,-1.1380275601319236,0.11647222917558032
2049.1005429709935,-1.192807857141916,0.14476474790211294
2050.820910039884,-1.2476404367350986,0.14538847060323748
2052.5412771087745,-1.30252770024473,0.11878020592440737
2054.261644177665,-1.3447804483839274,0.06806275603169891
2055.9820112465554,-1.3101376819197175,0.12973426156027207
2057.702378315446,-1.2755523363635701,0.14771195666350476
2059.422745384337,-1.2410228970911008,0.13998908197748275
2061.1431124532273,-1.2065478519203932,0.10082138758244757
2062.863479522118,-1.2213941462024474,0.09936999348691403
2064.5838465910083,-1.2877625867624725,0.13943261886747346
2066.304213659899,-1.3541874683425499,0.14757880099773293
2068.0245807287893,-1.4206716999420455,0.1299574818059913
2069.7449477976797,-1.4872181931595656,0.06905745586060617
2071.46531486657,-1.4803264142700674,0.11712094910555416
2073.1856819354607,-1.4591416489397575,0.14475076077774773
2074.906049004351,-1.4380208299792474,0.14473325249193858
2076.6264160732417,-1.416963032426026,0.11705601533044346
2078.346783142132,-1.4008685417610887,0.07343148520371941
2080.0671502110226,-1.406559327832845,0.13128133072911913
2081.787517279913,-1.4123117574899084,0.14785443774875198
2083.5078843488036,-1.4181260826539692,0.13882159164702915
2085.228251417694,-1.4240025579632027,0.09729251159498091
2086.9486184865846,-1.4395323132286588,0.10146515766906418
2088.668985555475,-1.4635762243001074,0.1400935532213666
2090.3893526243655,-1.487684275941337,0.1473970294109774
2092.109719693256,-1.511857523952731,0.12881998258305127
2093.8300867621465,-1.5360971772105272,0.06506183997396946
2095.550453831037,-1.5630708458429383,0.11939615184526611
2097.2708208999275,-1.5904799724425807,0.14525638392505988
2098.991187968818,-1.6179587972260705,0.14383744598077203
2100.7115550377084,-1.645508523605869,0.11412602947046223
2102.4319221065994,-1.6508694703736067,0.07593207892946421
2104.15228917549,-1.5803231643227054,0.13190838831735105
2105.8726562443803,-1.5098461116573945,0.1475870713394919
2107.593023313271,-1.439435225900258,0.13752385397778147
2109.3133903821613,-1.369087423492938,0.09376524228346891
2111.0337574510518,-1.3899692593764752,0.10366675689768526
2112.7541245199423,-1.478546452109709,0.14063994982510666
2114.4744915888327,-1.5671884410277104,0.14679987187007756
2116.194858657723,-1.6558991081026462,0.12672382309304364
2117.9152257266137,-1.7440771273189952,0.058771913178434505
2119.635592795504,-1.7090547397054932,0.12057428620347548
2121.3559598643947,-1.662912005636637,0.1454825149621271
2123.076326933285,-1.6168421418361776,0.1432771018320969
2124.7966940021756,-1.5708431307191741,0.11237234616951945
2126.517061071066,-1.5263934773775332,0.08080661632452818
2128.2374281399566,-1.4860318658816798,0.13347744684369317
2129.957795208847,-1.445735378384684,0.1478882341112969
2131.6781622777376,-1.4055022501456171,0.1367279139434226
2133.398529346628,-1.3653307192017525,0.09102994216084384
2135.1188964155185,-1.3562158293576405,0.10660238917328126
2136.839263484409,-1.3664333405765514,0.14177725555894727
2138.5596305532995,-1.3767107381064008,0.1470300798317273
2140.27999762219,-1.3870484720459968,0.12615663944291997
2142.0003646910804,-1.396188619353218,0.05939197692731062
2143.720731759971,-1.3325016439899873,0.1234854461258584
2145.441098828862,-1.264807953095128,0.14669925211621948
2147.1614658977524,-1.1971696979402275,0.14354244227969443
2148.881832966643,-1.1295839163853914,0.11180242123194269
2150.6022000355333,-1.0808546853937266,0.09141382952482366
2152.322567104424,-1.0737187852170127,0.1619139714924695
2154.0429341733143,-1.066629952243353,0.20938232633848178
2155.7633012422048,-1.0595878760400281,0.24745514534012789
2157.4836683110952,-1.0525922481901504,0.2799972359827974
2159.2040353799857,-1.0456427623445141,0.3087671857688561
2160.924402448876,-1.0387391141459645,0.33474346115397596
2162.6447695177667,-1.0318810012640545,0.35853787771903217
2164.365136586657,-1.0250681233522327,0.3805637130563821
2166.0855036555477,-1.0183001820480857,0.40111597620199657
2167.805870724438,-1.0115768809581214,0.420414181542838
2169.5262377933286,-1.0048979256415622,0.43862705115163486
2171.246604862219,-0.9982630236029173,0.45588768902050136
2172.9669719311096,-0.9916718842727089,0.47230337047130705
2174.687339,-0.9851242190060909,0.4879621147542675
