     11.62814124
     11.62814124
     11.62814124
     36.18386389
     38.92440339
     38.92440339
     38.92440339
     38.92440339
     38.92440339
     38.92440339
     39.76993683
     39.76993683
     39.76993683
     39.76993683
     39.76993683
     39.76993683
     39.76993683
     39.76993683
     39.76993683
     39.25626651
     39.25626651
     39.25626651
     39.25626651
     39.25626651
     39.25626651
     39.25626651
     39.25626651
     39.25626651
     39.18357729
     39.18357729
     39.18357729
     52.54226256
     52.54226256
     52.54226256
     52.54226256
     52.54226256
     53.04061112
     53.04061112
     53.04061112
     53.04061112
     53.04061112
     53.11455863
     53.11455863
     53.15782470
     53.15782470
     53.15782470
     53.15782470
     53.15782470
     53.15782470
     53.15782470
     41.73490529
     41.73490529
     41.73490529
     41.73490529
     41.73490529
     41.73490529
     43.39383584
     43.39383584
     43.39383584
     43.39383584
     43.39383584
     43.97091809
     43.97091809
     43.97091809
     43.97091809
     43.97091809
     43.97091809
     43.97091809
     44.29303396
     44.29303396
     44.29303396
     44.29303396
     44.29303396
     44.29303396
     44.29303396
     44.29303396
     44.29303396
     44.29303396
     44.29303396
     45.12373944
     45.34152383
     45.34152383
     45.34152383
     45.34152383
     45.40265287
     45.40265287
     45.40265287
     45.40265287
     45.40265287
     45.40265287
     45.22333547
     45.22333547
     44.66538330
     44.66538330
     44.66538330
     44.66538330
     44.66538330
     44.66538330
     44.66538330
     44.66538330
     40.36156372
     40.36156372
     40.36156372
     39.98301648
     39.98301648
     39.98301648
     39.98301648
     39.98301648
     39.98301648
     39.98301648
     39.98301648
     39.98301648
     39.98301648
     39.98301648
     39.98301648
     39.98301648
     44.10911687
     44.10911687
     39.98188378
     39.98188378
     39.98188378
     39.98188378
     42.00754503
     41.99638524
     41.99638524
     41.99638524
     41.99638524
     42.73760894
     43.76506104
     43.76506104
     43.76506104
     43.76506104
     43.76506104
     43.76506104
     43.76506104
     45.06538802
     45.06538802
     45.06538802
     45.06538802
     45.06538802
     45.06538802
     45.06538802
     45.06538802
     45.06538802
     44.95930441
     44.95930441
     44.95930441
     44.95930441
     44.29503882
     44.29503882
   -379.67988130
   -379.67988130
   -379.67988130
   -379.67988130
   -379.67988130
   -262.19700769
   -262.19700769
   -262.19700769
   -262.19700769
   -262.19700769
   -261.26305641
   -261.26305641
   -261.26305641
    -30.36135064
    -30.36135064
    -30.36135064
    -30.36135064
    -30.36135064
    -30.36135064
    -30.36221462
    -30.36221462
    -30.36221462
    -30.36221462
    -30.36221462
    -30.36221462
    -30.36221462
    -30.36221462
    -16.75944423
      9.62786610
      9.62786610
     24.55058082
     24.55058082
     32.61168630
     35.50782462
     35.50782462
     35.50782462
     35.50782462
     36.08616181
     36.08616181
     36.08616181
     36.08616181
     36.08616181
     36.08616181
     36.08616181
     36.08616181
     36.08616181
     36.08616181
     36.08616181
     36.24207341
     36.24207341
   -211.99872719
   -211.99872719
   -211.99872719
   -211.99872719
   -211.99872719
   -211.99872719
   -211.99872719
   -211.99872719
   -211.99872719
   -211.99872719
   -211.99872719
   -211.99872719
   -211.99872719
   -211.99872719
   -211.99872719
   -211.99872719
   -211.99872719
   -211.99872719
   -211.99872719
   -211.99872719
   -211.99872719
   -211.99872719
   -211.99872719
   -211.99872719
   -211.99872719
   -211.99872719
   -211.99872719
   -211.99872719
   -211.99872719
   -211.99872719
   -211.99872719
   -211.99872719
   -211.99872719
   -211.99872719
   -211.99872719
   -211.99872719
   -211.99872719
   -211.99872719
   -211.99872719
   -211.99872719
   -211.99872719
   -211.99872719
   -211.99872719
   -211.99872719
   -211.99872719
   -211.99872719
   -211.99872719
   -211.99872719
   -211.99872719
   -211.99872719
     26.62033622
     26.62033622
     26.62033622
     26.62033622
     26.62033622
     27.53394194
     30.90557537
     30.90557537
     30.90557537
     30.90557537
     30.90557537
     30.90557537
     30.90557537
     30.90557537
     30.90557537
     30.90557537
     30.90557537
     30.90557537
     30.90557537
     30.90557537
     43.08006850
     43.08006850
     43.08006850
     42.64792984
     42.64792984
     42.64792984
     42.64792984
     42.64792984
     42.64792984
     42.64792984
     42.62212908
     42.62212908
     42.62212908
     42.62212908
     42.62212908
     42.62212908
     42.62212908
     42.62212908
     42.62212908
     42.62212908
     42.62212908
     40.75050893
     40.75050893
     40.75050893
     40.75050893
     40.75050893
     40.75050893
     42.23233956
     42.23233956
     42.23233956
   -131.13267182
   -131.13267182
   -131.13267182
   -131.13267182
   -131.13267182
   -131.13267182
   -131.13267182
   -131.13267182
   -131.13267182
   -131.13267182
   -131.13267182
   -131.13267182
   -131.13267182
   -131.13267182
   -131.13267182
   -131.13267182
   -131.13267182
   -131.13267182
   -126.16758490
   -126.16758490
   -126.16758490
   -126.16758490
   -126.16758490
   -113.34933049
   -113.34933049
   -113.34933049
   -113.34933049
   -113.34933049
   -113.34933049
   -113.34933049
   -113.34933049
   -113.34933049
   -113.34933049
   -113.34933049
   -113.34933049
   -113.34933049
   -113.34933049
   -113.34933049
   -113.34933049
   -113.34933049
   -113.34933049
   -113.34933049
   -113.34933049
   -113.34933049
   -113.34933049
   -113.34933049
   -113.34933049
   -113.34933049
   -113.34933049
   -113.34933049
    -46.32938470
    -46.32938470
    -46.32938470
    -46.32938470
    -32.34506659
    -32.34506659
    -32.34506659
     -4.71483713
     -4.71483713
     -4.71483713
     -4.71483713
     -4.71483713
     -4.71483713
     -4.71483713
     -4.71483713
     36.97477354
     36.97477354
     36.97477354
     36.97477354
     36.97477354
     36.97477354
     36.97477354
     36.97477354
     36.97477354
     36.97477354
     36.97477354
     40.60894265
     40.60894265
     40.60894265
     40.60894265
     40.60894265
     47.94475951
     48.50691898
     48.50691898
     48.50691898
     48.50691898
     48.50691898
     48.50691898
     50.79209687
     50.79209687
     50.53954691
     50.53954691
     50.53954691
     50.23988201
     50.23988201
     50.23988201
     50.23988201
     50.23988201
     50.23988201
     50.23988201
    -30.90455280
    -30.90455280
    -30.90455280
    -30.90455280
    -30.90455280
    -30.90455280
     19.42576224
     19.42576224
     19.42576224
     19.42576224
     19.42576224
     19.42576224
     39.95266271
     39.95266271
     39.95266271
     39.95266271
     39.95266271
     39.84074111
     39.84074111
     39.84074111
     40.81158785
     40.81158785
     43.20369501
     43.20369501
     44.98008020
     44.98008020
     44.53665486
     44.65572603
     44.65572603
     44.65572603
     44.65572603
     44.65572603
     44.65572603
     44.65572603
     44.65572603
     44.65572603
     44.65572603
     44.65572603
     44.65572603
     44.28204245
     44.28204245
     44.33278671
     44.33278671
     44.45335649
     44.45335649
     44.45335649
     44.45335649
     44.45335649
     44.85661208
     44.85661208
     53.63288378
     53.63288378
     53.31819398
     53.31819398
     53.31819398
     52.58720016
     52.58720016
     52.58720016
     52.58720016
     52.58720016
     52.58720016
     52.58720016
     53.80800470
     53.80800470
     51.91547069
     51.91547069
     51.91547069
     51.91547069
     52.35693683
     52.35693683
     50.81733960
     50.81733960
     50.81733960
     50.81733960
     50.81733960
     50.81733960
     50.81733960
     50.81733960
     52.59655682
     52.59655682
     52.59655682
     52.59655682
     52.59655682
     52.59655682
     52.87732637
     52.86632299
     52.86632299
     53.21374950
     53.21374950
     53.21374950
     52.66982497
     52.66982497
     52.66982497
     52.66982497
     52.66982497
     53.28242006
     53.28242006
     53.12959896
     52.99195461
     52.99195461
     35.88208866
     35.88208866
     35.88208866
     35.88208866
     37.14012695
     37.14012695
     36.62797907
     36.62797907
     36.62797907
     36.62797907
     36.62797907
     36.62797907
     47.60484712
     47.60484712
     47.60484712
     47.60484712
     53.63695337
     53.63695337
     53.63695337
     53.63695337
     53.67323980
     49.33665874
     49.33665874
     48.65610938
     48.65610938
     53.08187788
     52.54795405
     52.54795405
     52.54795405
     53.49102160
     53.49102160
     53.49102160
     53.49102160
     53.49102160
     53.49102160
     53.49102160
     53.49102160
     53.49102160
     53.49102160
     52.93063206
     52.93063206
     52.93063206
     52.93063206
     52.93063206
     52.93063206
     53.16929742
     53.16929742
     53.16929742
     53.16929742
     53.16929742
     52.64401058
     52.64401058
     52.64401058
     52.64401058
     52.64401058
     52.64401058
     52.64401058
     52.64401058
     52.64401058
     52.77594152
     52.77594152
     53.96827866
     53.96827866
     54.00725919
     54.00725919
     54.00725919
     54.00725919
     54.00725919
     54.00725919
     54.00725919
     54.00725919
     54.00948501
     54.00948501
     53.87507914
     53.87507914
     53.87507914
     53.87507914
     53.87507914
     53.91930866
     53.91473663
     53.91473663
     52.12717468
     51.43869743
     51.43869743
     50.41443377
     50.41443377
     50.00549075
     50.00549075
     50.00549075
     50.00549075
     50.00549075
     50.00549075
     50.00549075
     50.00549075
     50.00549075
     50.00549075
     50.00549075
     52.37288996
     52.37288996
     52.37288996
  -1445.36391207
  -1445.36391207
  -1445.36391207
  -1445.36391207
  -1445.36391207
  -1445.36391207
  -1445.36391207
  -1445.36391207
  -1445.36391207
  -1445.36391207
  -1445.36391207
  -1445.36391207
  -1445.36391207
  -1445.36391207
  -1445.36391207
  -1445.36391207
  -1445.36391207
  -1445.36391207
  -1445.36391207
  -1416.24890028
  -1416.24890028
  -1416.24890028
   -509.84537661
   -509.84537661
   -509.84537661
   -509.84537661
   -219.12807537
   -219.12807537
   -136.17277015
   -136.17277015
   -136.17277015
   -136.17277015
   -136.17277015
   -131.66046196
   -131.66046196
   -131.66046196
   -131.66046196
   -131.66046196
   -131.66046196
   -131.66046196
   -131.66046196
   -131.66046196
     -0.07516223
     31.92444098
     33.27404715
     33.27404715
     43.09180093
     43.93652846
     43.93652846
     44.39812882
     42.63446925
     43.64856733
     42.62611896
     42.62611896
     42.62611896
     43.88047561
     43.88047561
     43.88047561
     43.88047561
     43.88047561
     43.88047561
     43.88047561
     43.88047561
     43.88047561
     43.88047561
     43.88047561
     43.88047561
     43.88047561
     43.88047561
     43.88047561
     43.88047561
     43.88047561
     43.88047561
     43.88047561
     43.88047561
     45.07803540
     45.07803540
     45.07803540
     45.07803540
     44.05574874
     44.05574874
     44.05574874
     44.05574874
     44.05574874
     44.05574874
     45.10730292
     45.10730292
     45.10730292
     45.10730292
     45.10730292
     45.10730292
     45.10730292
     45.10730292
     45.10730292
     45.10730292
     45.10730292
     45.10730292
     45.10730292
     45.10730292
     45.10730292
     16.78762592
     51.19083795
     51.19083795
     51.19083795
     51.19083795
     51.19083795
     51.19083795
     51.19176211
     52.98784657
     51.90437378
     51.90437378
     51.90437378
     51.67633213
     51.67633213
     53.70403976
     53.70403976
     52.58912117
     52.58912117
     53.70655348
     53.70655348
     53.70655348
     53.70655348
     53.70655348
     53.70655348
     53.70655348
     53.70655348
     53.62084874
     53.62084874
     53.62084874
     53.46625943
     53.46625943
     53.46625943
     53.46625943
     50.73167580
     50.62872437
     50.62872437
     50.62872437
     50.62872437
     49.77751121
     49.77751121
     49.59794549
     49.59794549
     49.59794549
     50.83975924
     50.83975924
     50.83975924
     46.36382892
     46.36382892
     46.06791966
     48.07948799
   -915.94929581
   -915.94929581
   -915.94929581
   -915.94929581
   -915.94929581
   -915.94929581
   -915.94929581
   -915.94929581
   -915.94929581
   -915.94929581
   -915.94929581
   -915.94929581
   -915.94929581
   -915.94929581
   -915.94929581
   -915.94929581
   -915.94929581
   -915.94929581
   -729.35995907
   -729.35995907
   -729.35995907
   -729.35995907
   -729.35995907
   -729.35995907
   -729.35995907
   -729.35995907
   -655.23590480
   -655.23590480
   -655.23590480
   -655.23590480
   -655.23590480
   -655.23590480
   -655.23590480
   -655.23590480
   -655.23590480
   -655.23590480
   -655.23590480
   -655.23590480
   -655.23590480
   -655.23590480
   -655.23590480
   -655.23590480
   -655.23590480
   -655.23590480
   -655.23590480
   -655.23590480
   -655.23590480
   -655.23590480
   -655.23590480
   -655.23590480
     31.55643368
     31.55643368
     31.55643368
     35.22156687
     35.22156687
     35.22156687
     35.22156687
     43.95374267
     43.95674733
     43.95674733
     43.95674733
     43.95674733
     43.95674733
     44.12202435
     44.12202435
     44.12202435
     44.12202435
     44.12202435
     44.12202435
     44.12202435
     44.12202435
     42.14172913
     41.53120654
     44.33391640
     44.33391640
     44.33391640
     44.33391640
     44.33391640
     44.33391640
     44.27431685
     44.27431685
     44.27431685
     43.94098832
     43.94098832
     43.94098832
     43.94098832
     43.94098832
     43.94098832
     43.94098832
     43.94098832
     43.94098832
     43.94098832
     43.94098832
     43.94098832
     43.94098832
     43.79875581
     43.79875581
     43.79875581
     43.18167727
     43.18167727
   -586.76293883
   -586.76293883
   -586.76293883
   -477.33801963
   -477.33801963
   -477.33801963
   -477.33801963
   -477.33801963
   -477.33801963
   -477.33801963
   -477.33801963
   -477.33801963
   -477.33801963
   -477.33801963
   -477.33801963
   -477.33801963
   -477.33801963
   -477.33801963
   -477.33801963
   -477.33801963
   -477.33801963
   -477.33801963
   -477.33801963
   -477.33801963
   -477.33801963
   -477.33801963
   -477.33801963
   -477.33801963
   -477.33801963
   -477.33801963
   -477.33801963
   -477.33801963
   -477.33801963
   -477.33801963
   -477.33801963
   -477.33801963
   -477.33801963
   -477.33801963
   -477.33801963
   -477.33801963
   -477.33801963
   -477.33801963
   -477.33801963
   -477.33801963
   -477.33801963
   -477.33801963
   -477.33801963
   -477.33801963
   -477.33801963
   -477.33801963
   -932.04924814
   -932.04924814
   -932.04924814
   -932.04924814
   -932.04924814
   -932.04924814
   -932.04924814
   -932.04924814
   -932.04924814
   -932.04924814
   -932.04924814
   -932.04924814
   -932.04924814
   -932.04924814
   -932.04924814
   -932.04924814
   -932.04924814
   -932.04924814
   -932.04924814
   -932.04924814
   -932.04924814
   -932.04924814
   -932.04924814
   -932.04924814
   -806.12593415
   -806.12593415
   -806.12593415
   -806.12593415
   -806.12593415
   -806.12593415
   -806.12593415
   -806.12593415
   -806.12593415
   -806.12593415
   -806.12593415
   -806.12593415
   -806.12593415
   -806.12593415
   -806.12593415
   -806.12593415
   -806.12593415
   -806.12593415
   -806.12593415
   -806.12593415
   -806.12593415
   -806.12593415
   -806.12593415
   -806.12593415
   -806.12593415
   -806.12593415
     50.62338724
     50.62338724
     50.62338724
     50.62338724
     50.62338724
     50.62338724
     50.62338724
     50.62338724
     50.62338724
     50.62338724
     51.60149195
     51.79909336
     51.79909336
     51.79909336
     48.51328495
     50.31829058
     50.31829058
     50.93586536
     50.93586536
     52.90276017
     52.90276017
     52.90276017
     52.90276017
     52.90276017
     52.90276017
     52.90276017
     52.53467407
     52.53467407
     52.53467407
     52.53467407
     52.53467407
     52.53467407
     50.31840829
     52.39011003
     52.15314372
     49.11398971
     49.11398971
     49.11398971
     49.04626671
     49.04626671
     49.04626671
     52.88359734
     52.88359734
     52.88359734
     52.88359734
     52.88359734
     52.88359734
     52.88359734
     52.25668660
     52.25668660
      7.95489440
      7.95489440
      7.95489440
      7.95489440
      7.95489440
      7.95489440
      7.95489440
      7.95489440
      7.95489440
      7.95489440
      7.95489440
      7.95489440
      7.95489440
      7.95489440
      7.95489440
      7.95489440
      7.95489440
      7.95489440
      7.95489440
      7.95489440
     25.19271119
     25.19271119
     45.90665839
     45.90665839
     46.47477991
     46.47477991
     46.35320075
     46.35320075
     46.35320075
     46.35320075
     46.35320075
     46.35320075
     47.21134754
     45.69200609
     45.69200609
     45.69200609
     45.69200609
     45.69200609
     45.69200609
     45.69200609
     45.69200609
     45.69200609
     45.69200609
     45.69200609
     47.11154524
     47.11154524
     47.11154524
     47.11154524
     47.21221936
     47.21221936
   -460.49712931
   -460.49712931
   -460.49712931
   -460.49712931
   -460.49712931
   -460.49712931
   -460.49712931
   -460.49712931
   -460.49712931
   -152.38722803
   -152.38722803
   -152.38722803
   -152.38722803
    -15.51644574
    -15.51644574
    -15.51644574
    -15.51644574
    -15.51644574
    -15.51644574
     38.01295660
     38.01295660
     38.01295660
     38.01295660
     38.01295660
     38.01295660
     38.01295660
     38.01295660
     38.01295660
     38.01295660
     38.01295660
     38.01295660
     37.85694784
     37.85694784
     37.85694784
     37.85694784
     37.85694784
     37.85694784
     37.85694784
     37.85694784
     37.85694784
     37.85694784
     37.85694784
     37.85694784
     37.85694784
     37.85694784
     37.85694784
     37.85694784
     37.85694784
     37.85694784
     37.85694784
     10.67476349
     10.67476349
     10.67476349
     17.07293125
     17.07293125
     17.07293125
     17.07293125
     17.07293125
     17.07293125
     17.07293125
     17.07293125
     17.07293125
     17.07293125
     16.72532228
     16.72532228
     16.72532228
     16.72532228
     16.72532228
     16.72532228
     16.72532228
     16.72532228
     16.72532228
     21.13360711
     21.13360711
     21.15551744
     21.15551744
     21.15551744
     21.15551744
     35.96201190
     35.96201190
     35.96201190
     35.96201190
     35.96201190
     35.96201190
     35.96201190
     35.96201190
     35.96201190
     35.96201190
     35.96201190
     35.96201190
     44.88821752
     44.88821752
     44.31616370
     44.31616370
     44.31616370
     44.31616370
     44.31616370
     44.00178632
     44.00178632
     44.00178632
    -12.48541742
    -12.48541742
    -12.48541742
    -12.48541742
    -12.48541742
    -12.48541742
    -12.48541742
    -12.48541742
    -12.48541742
    -12.48541742
    -12.48541742
    -12.48541742
    -12.48541742
    -12.48541742
    -12.48541742
    -12.48541742
    -12.48541742
    -12.48541742
    -12.48541742
    -12.48541742
    -12.48541742
    -12.48541742
    -12.48541742
    -12.48541742
    -12.48541742
    -12.48541742
    -12.48541742
    -12.48541742
    -12.48541742
    -12.48541742
    -12.48541742
    -12.48541742
    -12.48541742
    -12.48541742
    -12.48541742
    -12.48541742
    -12.48541742
    -12.48541742
    -12.48541742
    -12.48541742
    -12.48541742
    -12.48541742
    -12.48541742
    -12.48541742
    -12.48541742
    -12.48541742
    -12.48541742
    -12.48541742
    -12.48541742
    -12.48541742
     40.04497207
     52.71842568
     52.71842568
     52.71842568
     50.71735317
     50.71735317
     50.71735317
     50.71735317
     52.63729974
     52.63729974
     52.63729974
     51.97912065
     51.97912065
     51.97912065
     51.97912065
     51.97912065
     51.97912065
     51.97912065
     51.97912065
     51.97912065
     51.97912065
     52.95000099
     52.57219952
     52.57219952
     52.05852002
     52.05852002
     52.05852002
     51.69936657
     51.69936657
     51.69936657
     51.07961914
     51.07961914
     51.07961914
     51.57947478
     51.76805126
     51.76805126
     52.19318989
     52.19318989
     52.19318989
     52.19318989
     52.09860824
     52.09860824
     52.09860824
     52.09860824
     52.09860824
     52.09860824
     52.09860824
     52.09860824
     52.09860824
     52.63733334
    -67.21407817
    -67.21407817
    -67.21407817
    -63.98792966
    -63.98792966
    -63.98792966
    -63.98792966
     34.11643440
     34.11643440
     34.11643440
     34.11643440
     34.11643440
     34.11643440
     35.95797181
     35.95797181
     41.55851762
     41.55851762
     41.55851762
     42.87519449
     42.87519449
     42.87519449
     42.87519449
     42.87519449
     42.87519449
     47.70947495
     47.70947495
     46.82818374
     46.82818374
     46.82818374
     43.78000269
     43.78000269
     43.78000269
     43.78000269
     43.78000269
     43.78000269
     43.78000269
     43.78000269
     43.78000269
     43.78000269
     43.78000269
     43.78000269
     43.78000269
     43.78000269
     47.42686166
     47.42686166
     47.42686166
     48.87991686
     48.87991686
     48.87991686
     48.87991686
   -146.68729809
   -146.68729809
   -146.68729809
   -146.68729809
   -146.68729809
   -146.68729809
   -146.68729809
   -146.68729809
   -146.68729809
   -146.68729809
   -146.68729809
   -146.68729809
   -146.68729809
   -146.68729809
     37.52287565
     37.52287565
     37.52287565
     37.52287565
     37.52287565
     40.10025597
     40.10025597
     40.10025597
     43.82253518
     43.82253518
     43.82253518
     43.82253518
     43.82253518
     43.82253518
     43.90531817
     43.90531817
     43.90531817
     43.90531817
     43.90531817
     43.90531817
     43.90531817
     43.90531817
     43.90531817
     43.90531817
     43.90531817
     43.90531817
     43.90531817
     43.90531817
     43.90531817
     43.88732039
     43.88732039
     43.88732039
     43.88732039
     44.71403823
     44.71403823
     44.71403823
   -103.85798280
   -103.85798280
   -103.85798280
   -103.85798280
   -103.85798280
   -103.85798280
   -103.85798280
   -103.85798280
      7.68511206
      7.68511206
     41.94111847
     41.94111847
     41.94111847
     41.94111847
     41.94111847
     41.94111847
     47.81194979
     47.81194979
     47.81194979
     45.98364223
     45.98364223
     45.98364223
     45.98364223
     45.75738342
     47.21201663
     47.21201663
     49.39650317
     49.39650317
     49.98964542
     49.98964542
     49.98964542
     49.98964542
     49.98964542
     49.98964542
     49.98964542
     49.98964542
     47.69313908
     47.69313908
     47.69313908
     47.69313908
     47.69313908
     49.96664388
     49.96664388
     49.96664388
     49.96664388
     49.96664388
     50.74699112
     50.74699112
     50.74699112
     50.43234116
     34.14675670
     34.14675670
     34.14675670
     34.14675670
     34.14675670
     34.14675670
     34.14675670
     34.14675670
     34.14675670
     34.14675670
     34.14675670
     38.57780244
     38.57780244
     38.57780244
     37.87254927
     37.87254927
     37.87254927
     37.87254927
     37.87254927
     37.87254927
     39.19582555
     39.19582555
     39.58093127
     39.58093127
     39.58093127
     39.58093127
     39.58093127
     39.58093127
     39.62649122
     39.62649122
     39.62649122
     39.62649122
     39.62649122
     39.62649122
     39.62649122
     39.62649122
     39.62649122
     39.62649122
     39.45427920
     42.10442008
     42.10442008
     43.44326793
     43.44326793
     43.44326793
     43.44326793
     43.39000259
     43.39000259
     43.39000259
     42.58434532
     42.58434532
     53.10326043
     53.10326043
     53.10326043
     53.10326043
     53.10326043
     53.10326043
     53.47194745
     53.47194745
     53.47194745
     53.47194745
     53.26793696
     53.26793696
     53.26793696
     53.26793696
     53.26793696
     53.35578198
     53.35578198
     53.70647227
     53.71175202
     53.72175133
     53.72175133
     53.29482951
     53.29482951
     53.29482951
     53.29482951
     51.70938194
     51.70938194
     51.70938194
     52.97923190
     52.97923190
     52.97923190
     52.97923190
     52.97923190
     52.32552632
     50.53755495
     53.68079312
     53.68079312
     53.68079312
     53.68079312
     53.68079312
     53.68079312
     53.68079312
     53.68079312
     53.68079312
     53.68079312
     53.68079312
     53.68079312
     53.68079312
     53.68079312
     53.68079312
   -123.72559712
   -123.72559712
   -123.72559712
   -123.72559712
   -123.72559712
   -123.72559712
   -123.72559712
   -123.72559712
   -123.72559712
   -123.72559712
   -123.72559712
   -123.72559712
   -123.72559712
   -123.72559712
   -123.72559712
   -123.72559712
   -123.72559712
   -123.72559712
   -123.72559712
   -123.72559712
   -123.72559712
   -123.72559712
   -123.72559712
   -123.72559712
   -123.72559712
   -123.72559712
   -123.72559712
   -123.72559712
   -123.72559712
   -123.72559712
   -123.72559712
   -123.72559712
   -123.72559712
   -123.72559712
   -123.72559712
   -123.72559712
   -123.72559712
   -123.72559712
   -123.72559712
   -123.72559712
   -123.72559712
   -123.72559712
   -123.72559712
   -123.72559712
   -123.72559712
   -123.72559712
   -123.72559712
   -123.72559712
   -123.72559712
   -123.72559712
   -507.79725365
   -507.79725365
   -507.79725365
   -507.79725365
   -507.79725365
   -507.79725365
   -507.79725365
   -507.79725365
   -507.79725365
   -507.79725365
   -507.79725365
   -507.79725365
   -507.79725365
   -507.79725365
   -507.79725365
   -507.79725365
   -507.79725365
   -366.72417282
   -366.72417282
   -296.56239072
   -296.56239072
   -296.56239072
   -296.56239072
   -296.56239072
   -296.56239072
   -296.56239072
    -87.79221644
    -87.79221644
    -87.79221644
    -87.79221644
    -87.79221644
    -87.79221644
    -87.79221644
    -87.79221644
    -87.79221644
    -87.79221644
    -87.79221644
    -87.79221644
    -87.79221644
    -87.79221644
    -78.04750692
    -78.04750692
    -78.04750692
    -78.04750692
    -78.04750692
    -71.25859631
    -71.25859631
    -71.25859631
    -71.25859631
    -71.25859631
   -884.62207135
   -884.62207135
   -884.62207135
   -884.62207135
    -91.21217774
    -91.21217774
      8.83935137
     20.85349409
     20.85349409
     25.14232884
     25.14232884
     23.56481896
     20.45833529
     20.45833529
     20.45833529
     41.34976055
     41.34976055
     43.66614098
     43.85656440
     43.85656440
     43.85656440
     43.85656440
     43.85656440
     43.85656440
     43.85656440
     43.85656440
     43.85656440
     42.98131179
     42.98131179
     42.98131179
     42.98131179
     42.98131179
     42.98131179
     42.98131179
     42.98131179
     42.98131179
     43.47408111
     43.47408111
     43.47408111
     43.47408111
     43.33981962
     43.33981962
     43.33981962
     43.33981962
     43.33981962
     43.33981962
     43.33981962
     44.93771913
     44.93771913
     44.22837774
   -334.64675736
   -193.05839180
   -193.05839180
   -193.05839180
   -193.05839180
   -193.05839180
   -193.05839180
   -193.05839180
   -193.05839180
   -193.05839180
   -193.05839180
   -186.45955239
   -186.45955239
   -186.45955239
   -186.45955239
   -186.45955239
   -186.45955239
   -186.45955239
   -186.45955239
   -186.45955239
   -186.45955239
   -186.45955239
   -186.45955239
   -186.45955239
   -186.45955239
   -186.45955239
   -186.45955239
   -186.45955239
   -186.45955239
   -186.45955239
   -186.45955239
   -186.45955239
   -186.45955239
   -186.45955239
   -186.45955239
   -186.45955239
   -186.45955239
   -186.45955239
   -186.45955239
   -186.45955239
   -186.45955239
   -186.45955239
   -186.45955239
   -186.45955239
   -186.45955239
   -186.45955239
   -186.45955239
   -186.45955239
   -125.83426316
   -125.83426316
   -269.54644057
   -269.54644057
   -191.36607180
   -191.36607180
   -191.36607180
   -191.36607180
   -191.36607180
   -191.36607180
   -191.36607180
   -191.36607180
   -191.36607180
   -191.36607180
   -191.36607180
   -191.36607180
   -191.36607180
   -191.36607180
   -191.36607180
   -191.36607180
   -191.36607180
   -191.36607180
   -191.36607180
   -191.36607180
   -191.36607180
   -191.36607180
   -191.36607180
   -191.36607180
   -147.16647724
   -147.16647724
   -147.16647724
   -147.16647724
   -147.16647724
   -147.16647724
   -147.16647724
   -147.16647724
   -147.16647724
   -147.16647724
   -147.16647724
   -147.16647724
   -147.16647724
   -147.16647724
   -147.16647724
   -147.16647724
   -147.16647724
   -147.16647724
   -147.16647724
   -147.16647724
   -147.16647724
   -147.16647724
   -147.16647724
   -147.16647724
      0.73421562
      0.73421562
      4.06011151
      4.06011151
     33.91625975
     33.91625975
     33.91625975
     33.91625975
     33.91625975
     33.91625975
     33.91625975
     33.91625975
     33.91625975
     33.91625975
     37.12969951
     37.12969951
     37.12969951
     37.95722357
     37.95722357
     37.95722357
     37.95722357
     37.95722357
     37.95722357
     44.77770162
     45.53139991
     45.53139991
     48.73910105
     48.73910105
     48.73910105
     48.73910105
     48.73910105
     48.73910105
     46.43019950
     46.43019950
     46.43019950
     49.68229683
     49.68229683
     49.68229683
     49.68229683
     47.89262414
     47.89262414
     47.89262414
     47.89262414
     47.99827713
     53.51041994
     53.51041994
     53.51041994
     53.51041994
     53.51041994
     53.17619849
     44.73760081
     44.73760081
     44.92790925
     44.92790925
     44.92790925
     44.92790925
     44.92790925
     44.92790925
     44.92790925
     44.72197662
     45.56802347
     45.56802347
     45.56802347
     45.56802347
     45.56802347
     44.70653579
     44.70653579
     44.70653579
     45.55850293
     45.55850293
     45.55850293
     45.55850293
     45.55850293
     44.16071007
     44.29141263
     44.29141263
     42.72608364
     42.72608364
     42.72608364
     43.96822354
     43.96822354
     43.96822354
     43.96822354
     43.96822354
     43.96822354
     43.96822354
     44.84519828
     45.63031035
     45.63031035
     45.33990027
     45.33990027
     45.41917958
     45.41917958
     45.41917958
     45.41917958
     45.41917958
     45.41917958
     45.41917958
     45.41917958
     45.34608040
   -106.66413477
   -106.66413477
   -106.66413477
   -106.66413477
   -106.66413477
   -106.66413477
   -106.66413477
   -106.66413477
   -109.66538128
   -109.66538128
   -109.66538128
   -109.66538128
   -109.66538128
   -109.66538128
   -109.66538128
   -109.66538128
   -109.66538128
   -109.66538128
    -96.84499807
    -96.84499807
    -96.84499807
    -96.84499807
    -96.84499807
    -96.84499807
    -96.84499807
    -96.84499807
    -96.84499807
    -96.84499807
    -96.84499807
    -96.84499807
    -96.84499807
    -96.84499807
    -96.84499807
    -96.84499807
    -96.84499807
    -97.86343185
    -97.86343185
    -97.86343185
    -97.86343185
    -97.86343185
     14.38019792
     41.14891270
     41.14891270
     44.45043152
     44.45043152
     44.45043152
     50.62058856
     52.87862325
     52.87862325
     52.87862325
     29.14264234
     29.14264234
     29.14264234
     29.14264234
     29.14264234
     29.14264234
     29.14264234
     29.14264234
     29.14264234
     29.14264234
     29.14264234
     31.55491608
     31.55491608
     31.56055996
     31.56055996
     31.56055996
     31.56055996
     31.56055996
     31.56055996
     31.56055996
     31.56055996
     31.56055996
     31.56055996
     37.67405404
     37.67405404
     37.67405404
     37.67405404
     37.67405404
     37.67405404
     37.67405404
     37.67405404
     37.67405404
     37.67405404
     35.24301241
     35.24301241
     35.24301241
     35.24301241
     35.24301241
     35.62377111
     43.42633472
     43.42633472
     43.42633472
     40.69815755
     40.69815755
     40.69815755
     40.69815755
     40.69815755
     40.69815755
     40.69815755
     40.69815755
     38.75720137
     38.75720137
     38.75720137
     38.75720137
     38.75720137
     38.75720137
     38.75720137
     38.75720137
     38.75720137
     38.75720137
     38.75720137
     38.75720137
     38.75720137
     38.75720137
     38.75720137
     38.73895544
     38.73895544
     38.73895544
     45.35126935
     45.35126935
     45.35126935
     45.35126935
     44.20626430
     44.20626430
     44.20626430
     44.20626430
     44.20626430
     44.20626430
     44.20626430
     45.29631896
     45.29631896
     44.20526440
     44.20526440
     44.20526440
     44.18015670
     44.18015670
     43.99548525
     43.99548525
     43.99548525
     44.78277073
     44.78277073
     44.78277073
     44.76594915
     44.76590352
     44.76590352
     44.76590352
     44.76590352
     44.27261503
     44.27261503
     43.63247223
   -231.59326933
   -231.59326933
   -231.59326933
   -231.59326933
   -231.59326933
   -231.59326933
   -231.59326933
   -231.59326933
   -231.59326933
   -231.59326933
   -225.36251697
   -225.36251697
   -162.20617997
   -162.20617997
   -162.20617997
   -162.20617997
   -162.20617997
   -162.20617997
   -161.32216075
   -161.32216075
    -72.52468247
     33.17682237
     33.17682237
     33.17682237
     33.17682237
     39.07043135
     39.07043135
     42.23319552
     42.23319552
     42.23319552
     42.23319552
     42.23319552
     41.45154800
     41.45154800
     41.78752458
     41.78752458
     41.78752458
     43.02837293
     43.02837293
     43.02837293
     43.02837293
     43.02837293
     43.02837293
     43.35358222
     43.35358222
     43.35358222
     43.35358222
     43.35358222
     43.35358222
     43.35358222
     45.48239409
     45.48239409
     45.48239409
     45.48239409
     45.48239409
     45.48239409
     45.48239409
     45.48239409
     45.48239409
     45.48239409
     45.48239409
     49.12979766
     49.12979766
     49.12979766
     49.12979766
     49.12979766
     49.12979766
     48.87979018
     48.87979018
     48.87979018
     48.87979018
     48.87979018
     49.97073155
     49.97073155
     49.97073155
     49.97073155
     49.97073155
     49.97073155
     49.97073155
     49.97073155
     49.97073155
     49.97073155
     49.97073155
     50.62558843
     50.62558843
     50.62558843
     50.62558843
     50.62558843
     50.62558843
     51.56776329
     52.13867727
     52.13867727
     52.49009076
     52.49009076
     52.60732070
     52.60732070
     52.60732070
     52.60732070
     52.60732070
     52.60732070
     42.27631153
     42.27631153
     42.27631153
     42.27631153
     42.27631153
     46.26653007
     46.26653007
     46.26653007
     52.62762303
     52.62762303
     52.72193353
     52.72193353
     52.72193353
     52.72193353
     52.72193353
     52.72193353
     53.61427891
     53.61427891
     53.61427891
     53.61427891
     53.61427891
     53.61427891
     53.61306828
     53.61306828
     53.61306828
     53.73528711
     53.73528711
     52.13793438
     52.13793438
     52.13793438
     53.20805905
     53.20805905
     53.20805905
     53.20805905
     53.20805905
     51.49927019
     52.04826620
     52.04826620
     51.51946523
     51.51946523
     51.51946523
     51.51946523
     50.93595433
     50.93595433
     50.93595433
     52.77433467
     52.77433467
     53.39231534
     53.39231534
     53.12643064
   -522.98704104
   -522.98704104
   -522.98704104
   -522.98704104
   -522.98704104
   -522.98704104
   -522.98704104
   -522.98704104
   -522.98704104
   -522.98704104
   -522.98704104
   -522.98704104
   -522.98704104
   -522.98704104
   -522.98704104
   -522.98704104
   -522.98704104
   -522.98704104
   -522.98704104
   -522.98704104
   -522.98704104
   -502.70561676
   -502.70561676
   -502.70561676
   -502.70561676
   -502.70561676
   -502.70561676
   -502.70561676
   -502.70561676
   -502.70561676
   -502.70561676
   -502.70561676
   -502.70561676
   -502.70561676
   -502.70561676
   -502.70561676
   -502.70561676
   -502.70561676
   -502.70561676
   -502.70561676
   -502.70561676
   -502.70561676
   -502.70561676
   -502.70561676
   -502.70561676
   -502.70561676
   -502.70561676
   -502.70561676
   -502.70561676
   -502.70561676
   -120.21633360
   -120.21633360
   -120.21633360
   -120.21633360
   -120.21633360
   -120.21633360
   -120.21633360
   -120.21633360
   -120.21633360
   -120.21633360
   -120.21633360
   -122.22122788
   -122.22122788
   -122.22122788
   -122.22122788
   -122.22122788
   -122.22122788
   -122.22122788
   -122.22122788
   -122.22122788
   -122.22122788
   -122.22122788
   -122.22122788
   -122.22122788
   -122.22122788
   -122.22122788
   -122.22122788
   -122.22122788
   -122.22122788
   -122.22122788
   -122.22122788
   -122.22122788
   -122.22122788
   -122.22122788
   -122.22122788
   -122.22122788
   -122.22122788
   -122.22122788
   -122.22122788
   -122.22122788
   -122.22122788
   -122.22122788
   -122.22122788
   -122.22122788
   -122.22122788
   -122.22122788
    -33.03417174
    -33.03417174
    -33.03417174
    -33.03417174
   -885.09694516
   -885.09694516
   -885.09694516
   -885.09694516
   -885.09694516
   -885.09694516
   -885.09694516
   -885.09694516
   -885.09694516
   -885.09694516
   -885.09694516
   -885.09694516
   -885.09694516
   -885.09694516
   -885.09694516
   -885.09694516
   -885.09694516
   -885.09694516
   -885.09694516
   -885.09694516
   -885.09694516
   -885.09694516
   -885.09694516
   -885.09694516
   -885.09694516
   -885.09694516
   -885.09694516
   -311.83887087
   -311.83887087
   -311.83887087
   -311.83887087
   -311.83887087
   -311.83887087
   -311.83887087
   -311.83887087
   -311.83887087
   -311.83887087
   -311.83887087
   -311.83887087
   -311.83887087
   -311.83887087
   -311.83887087
   -311.83887087
   -311.83887087
   -311.83887087
   -311.83887087
   -311.83887087
   -311.83887087
   -311.83887087
   -311.83887087
   -654.05347021
   -654.05347021
   -654.05347021
   -654.05347021
   -654.05347021
   -654.05347021
   -654.05347021
   -654.05347021
   -654.05347021
   -654.05347021
   -654.05347021
   -654.05347021
   -654.05347021
   -654.05347021
   -654.05347021
   -654.05347021
   -654.05347021
   -654.05347021
   -654.05347021
   -654.05347021
   -654.05347021
   -654.05347021
   -654.05347021
   -654.05347021
   -654.05347021
   -654.05347021
   -654.05347021
   -654.05347021
   -654.05347021
   -654.05347021
   -654.05347021
   -654.05347021
   -654.05347021
   -654.05347021
   -654.05347021
   -654.05347021
   -654.05347021
   -654.05347021
   -654.05347021
   -654.05347021
   -654.05347021
   -654.05347021
   -654.05347021
   -654.05347021
   -654.05347021
   -654.05347021
   -654.05347021
   -654.05347021
   -654.05347021
   -654.05347021
   -321.96564017
   -321.96564017
   -321.96564017
   -321.96564017
   -321.96564017
   -321.96564017
   -318.08668229
   -318.08668229
   -318.08668229
   -318.08668229
   -318.08668229
   -318.08668229
   -318.08668229
   -318.08668229
   -318.08668229
   -318.08668229
   -318.08668229
   -318.08668229
   -318.08668229
   -318.08668229
   -318.08668229
   -318.08668229
   -318.08668229
   -318.08668229
   -318.08668229
   -318.08668229
   -318.08668229
   -318.08668229
   -318.08668229
   -318.08668229
   -318.08668229
   -318.08668229
   -318.08668229
   -318.08668229
   -318.08668229
   -318.08668229
   -318.08668229
   -318.08668229
   -318.08668229
   -318.08668229
   -318.08668229
   -318.08668229
    -50.82116421
    -50.82116421
    -50.82116421
    -50.82116421
    -50.82116421
    -50.82116421
    -50.82116421
     11.18507919
   -971.96559225
   -971.96559225
   -971.96559225
   -971.96559225
   -971.96559225
   -971.96559225
   -971.96559225
   -971.96559225
   -674.65010472
   -674.65010472
   -674.65010472
   -674.65010472
   -674.65010472
   -674.65010472
   -674.65010472
   -674.65010472
   -593.18640451
   -593.18640451
   -593.18640451
   -593.18640451
   -593.18640451
    -85.64590104
    -85.64590104
    -85.64590104
    -85.64590104
    -85.64590104
    -85.64590104
    -85.64590104
    -85.64590104
    -85.64590104
    -85.64590104
    -85.64590104
    -85.64590104
    -85.64590104
    -85.64590104
    -85.64590104
    -85.64590104
    -85.64590104
    -85.64590104
    -85.64590104
    -85.64590104
    -82.35925801
    -82.35925801
    -82.35925801
    -17.28827512
    -17.28827512
    -17.28827512
    -17.28827512
     15.88340937
     15.88340937
   -712.40640113
   -712.40640113
   -712.40640113
   -712.40640113
   -712.40640113
   -712.40640113
   -712.40640113
   -247.21990662
   -247.21990662
    -72.75266574
    -72.75266574
    -72.75266574
    -70.31164630
      4.35588270
      4.35588270
      4.35588270
      4.35588270
      4.35588270
     33.94417868
     33.94417868
     37.20127816
     37.20127816
     37.20127816
     37.41463836
     43.15490985
     43.15490985
     43.15490985
     43.98525319
     43.98525319
     43.98525319
     43.98525319
     43.98525319
     41.76997026
     41.76997026
     41.76997026
     41.76997026
     41.76997026
     41.76997026
     42.26394476
     42.26394476
     44.87176788
     44.87176788
     44.87176788
     44.87176788
     44.87176788
     44.87176788
     44.87176788
     44.87176788
     44.87176788
     43.74162026
   -470.96927594
   -470.96927594
   -470.96927594
   -470.96927594
   -185.64968828
   -185.64968828
   -143.08629761
   -143.08629761
   -143.08629761
   -143.08629761
   -143.08629761
   -143.08629761
   -143.08629761
   -143.08629761
   -143.08629761
   -143.08629761
   -110.86970022
   -110.86970022
   -110.86970022
   -110.86970022
   -110.86970022
   -110.86970022
   -110.86970022
   -110.86970022
   -110.86970022
   -110.86970022
   -110.86970022
   -110.86970022
   -110.86970022
   -110.86970022
   -110.86970022
   -110.86970022
   -110.86970022
   -110.86970022
   -110.86970022
   -110.86970022
   -110.86970022
   -110.86970022
   -110.86970022
   -110.86970022
   -110.86970022
   -110.86970022
   -110.86970022
   -110.86970022
   -110.86970022
   -110.86970022
   -110.86970022
   -110.86970022
   -110.86970022
   -110.86970022
     49.60972268
     49.60972268
     49.60972268
     49.60972268
     49.60972268
     49.60972268
     49.60972268
     50.29328156
     50.29328156
     50.29328156
     50.29328156
     51.84783532
     53.41576295
     53.41576295
     53.41576295
     53.41576295
     53.41576295
     53.41576295
     53.41576295
     53.41576295
     53.41576295
     53.41576295
     53.41576295
     53.52671106
     53.52671106
     53.52671106
     53.52671106
     53.52671106
     53.52671106
     52.47732446
     52.47732446
     52.47732446
     52.47732446
     52.47732446
     52.47732446
     52.78717973
     52.78717973
     52.78717973
     52.78717973
     52.78717973
     53.60930573
     53.26990093
     53.26990093
     53.26990093
     53.26990093
     53.26990093
     54.08539743
     54.08539743
     54.08539743
     54.08539743
     41.41421785
     41.41421785
     43.41965057
     43.41965057
     43.41965057
     43.47214579
     43.47214579
     43.47214579
     43.47214579
     43.47214579
     49.53948770
     49.53948770
     49.53948770
     52.96796573
     52.96796573
     52.96796573
     53.57979671
     53.55964054
     53.55964054
     53.55964054
     53.55964054
     53.55964054
     53.55964054
     53.55964054
     53.55964054
     53.54466562
     53.54466562
     53.54466562
     53.54466562
     53.54466562
     53.54466562
     53.54466562
     53.54466562
     53.54466562
     53.63569581
     53.63569581
     53.63569581
     53.77452914
     53.77452914
     53.77452914
     53.77452914
     53.36687564
     53.36687564
     53.36687564
     53.36687564
     53.66158367
     53.42929899
     53.57255389
     50.92703261
     50.92703261
   -347.84559039
   -347.84559039
   -347.84559039
   -347.84559039
   -347.84559039
   -347.84559039
   -347.84559039
   -347.84559039
   -347.84559039
   -347.84559039
   -347.84559039
   -347.84559039
   -347.84559039
   -347.84559039
   -347.84559039
   -347.84559039
   -347.84559039
   -347.84559039
   -347.84559039
   -347.84559039
   -347.84559039
   -347.84559039
   -347.84559039
   -347.84559039
   -347.84559039
   -347.84559039
   -347.84559039
   -347.84559039
   -347.84559039
   -347.84559039
   -347.84559039
   -347.84559039
   -347.84559039
   -347.84559039
   -347.84559039
   -347.84559039
   -347.84559039
   -347.84559039
   -347.84559039
   -347.84559039
   -347.84559039
   -347.84559039
   -347.84559039
   -347.84559039
   -347.84559039
   -347.84559039
   -347.84559039
   -347.84559039
   -347.84559039
   -347.84559039
     45.45708863
     45.45708863
     45.45708863
     45.58454628
     45.58454628
     48.56926506
     48.56926506
     48.56926506
     48.56926506
     48.56926506
     48.56926506
     48.56926506
     51.71406542
     53.56809816
     53.62859143
     53.62859143
     53.69110428
     53.69110428
     51.77006206
     51.77006206
     51.77006206
     51.49669948
     51.49669948
     51.49669948
     51.49669948
     51.49669948
     51.49669948
     49.72475733
     49.72475733
     49.72475733
     49.72475733
     49.72475733
     49.72475733
     49.72475733
     49.72475733
     49.72475733
     49.72475733
     49.72475733
     49.72475733
     49.72475733
     49.72475733
     49.17604100
     49.17604100
     49.17604100
     51.20320900
     51.20320900
     53.43855617
     53.43855617
     53.43855617
     53.43855617
    -97.79589117
    -97.79589117
    -97.79589117
    -97.79589117
    -97.79589117
    -97.79589117
    -97.79589117
    -97.79589117
    -97.79589117
    -97.79589117
    -97.79589117
    -97.79589117
    -97.79589117
    -97.79589117
    -97.79589117
    -97.79589117
    -97.79589117
    -97.79589117
    -97.79589117
    -97.79589117
    -97.79589117
    -97.79589117
    -97.79589117
    -97.79589117
    -97.79589117
    -97.79589117
    -97.79589117
    -97.79589117
    -97.79589117
    -97.79589117
    -97.79589117
    -97.79589117
    -97.79589117
    -97.79589117
    -97.79589117
    -97.79589117
    -97.79589117
    -97.79589117
    -97.79589117
    -97.79589117
    -97.79589117
    -97.79589117
    -97.79589117
    -97.79589117
    -97.79589117
    -97.79589117
    -97.79589117
    -97.79589117
    -97.79589117
    -97.79589117
   -147.81939595
   -147.81939595
   -147.81939595
   -147.81939595
   -147.81939595
   -147.81939595
   -147.81939595
   -147.81939595
   -147.81939595
   -147.81939595
   -147.81939595
   -147.81939595
   -147.81939595
   -147.81939595
   -147.81939595
   -147.81939595
   -147.81939595
   -147.81939595
   -147.81939595
   -147.81939595
   -147.81939595
   -147.81939595
   -147.81939595
   -147.81939595
   -147.81939595
   -147.81939595
   -147.81939595
   -147.81939595
   -147.81939595
   -147.81939595
   -147.81939595
   -134.75868306
   -134.75868306
   -134.75868306
   -134.75868306
   -134.75868306
   -134.75868306
   -134.75868306
   -134.75868306
   -134.75868306
   -134.75868306
   -134.75868306
   -134.75868306
   -134.75868306
   -134.75868306
   -134.75868306
   -134.75868306
   -134.75868306
   -134.75868306
   -115.25482140
   -379.39918424
   -379.39918424
   -379.39918424
   -379.39918424
   -379.39918424
   -379.39918424
   -379.39918424
   -379.39918424
   -379.39918424
   -379.39918424
   -379.39918424
   -379.39918424
   -379.39918424
   -379.39918424
   -379.39918424
   -379.39918424
   -379.39918424
   -379.39918424
   -379.39918424
   -379.39918424
   -379.39918424
   -379.39918424
   -379.39918424
   -379.39918424
   -379.39918424
   -379.39918424
   -270.65328382
   -270.65328382
   -270.65328382
   -270.65328382
   -270.65328382
   -270.65328382
   -255.91815230
   -255.91815230
   -255.91815230
   -255.91815230
   -255.91815230
   -255.91815230
   -255.91815230
   -255.91815230
   -255.91815230
   -255.91815230
   -255.91815230
   -255.91815230
   -255.91815230
   -255.91815230
   -255.91815230
   -255.91815230
   -255.91815230
   -255.91815230
   -130.90017674
   -130.90017674
   -130.90017674
   -130.90017674
   -130.90017674
   -130.90017674
   -130.90017674
   -130.90017674
   -130.90017674
   -109.35663205
   -109.35663205
   -109.35663205
   -109.35663205
   -109.35663205
   -109.35663205
   -109.35663205
   -109.35663205
   -109.35663205
   -109.35663205
   -109.35663205
   -109.35663205
   -109.35663205
   -109.35663205
   -109.35663205
   -109.35663205
   -109.35663205
   -109.35663205
   -109.35663205
   -109.35663205
   -109.35663205
   -109.35663205
   -100.90654964
   -100.90654964
    -96.60404244
    -96.60404244
    -96.60404244
    -96.60404244
    -96.60404244
    -96.60404244
    -96.60404244
    -96.60404244
    -96.60404244
    -98.67077362
    -98.67077362
    -98.67077362
   -100.49016186
   -100.49016186
   -100.49016186
   -100.49016186
   -100.49016186
     47.35069930
     47.35069930
     47.35069930
     47.55866694
     47.55866694
     47.55866694
     47.55866694
     47.55866694
     53.00406212
     53.00406212
     53.00406212
     53.00406212
     53.00406212
     53.00406212
     53.00406212
     53.00406212
     53.00406212
     53.00406212
     53.00406212
     53.00406212
     52.77813251
     52.77813251
     52.77813251
     52.19519008
     52.19519008
     52.19519008
     52.19519008
     52.19519008
     52.19519008
     52.19519008
     52.19519008
     52.19519008
     52.19519008
     52.19519008
     52.19519008
     52.19519008
     52.14833059
     52.14833059
     52.14833059
     52.14833059
     52.14833059
     52.68995798
     52.68995798
     53.44905821
     53.44905821
     53.44905821
     53.44905821
     53.57435339
     53.57435339
     53.03317640
    -90.45880453
    -90.45880453
    -90.45880453
    -90.45880453
    -90.45880453
    -90.45880453
    -90.45880453
    -90.45880453
    -90.45880453
    -90.45880453
    -90.45880453
    -90.45880453
    -90.45880453
    -90.45880453
    -90.45880453
    -90.45880453
    -90.45880453
    -90.45880453
    -90.45880453
    -90.45880453
    -90.45880453
    -90.45880453
    -90.45880453
    -90.45880453
    -90.45880453
    -90.45880453
    -90.45880453
    -90.45880453
    -90.45880453
    -90.45880453
    -90.45880453
    -90.45880453
    -90.45880453
    -90.45880453
    -90.45880453
    -90.45880453
    -38.13717253
    -38.13717253
    -27.03192579
    -27.03192579
    -27.03192579
    -27.03192579
    -27.03192579
    -27.03192579
    -27.03192579
    -27.03192579
    -27.03192579
    -27.03192579
    -27.03192579
    -27.03192579
   -239.54432693
   -239.54432693
   -239.54432693
   -239.54432693
   -239.54432693
   -239.54432693
   -239.54432693
   -239.54432693
   -239.54432693
   -239.54432693
   -239.54432693
   -239.54432693
   -239.54432693
   -239.54432693
   -239.54432693
   -239.54432693
   -239.54432693
   -239.54432693
   -239.54432693
   -239.54432693
   -239.54432693
   -239.54432693
   -239.54432693
   -239.54432693
   -239.54432693
   -239.54432693
   -239.54432693
   -239.54432693
   -239.54432693
   -239.54432693
   -239.54432693
   -239.54432693
   -239.54432693
   -239.54432693
   -239.54432693
   -239.54432693
   -239.54432693
   -239.54432693
   -239.54432693
   -239.54432693
   -239.54432693
   -239.54432693
   -239.54432693
   -239.54432693
   -239.54432693
   -239.54432693
   -239.54432693
   -239.54432693
   -239.54432693
   -239.54432693
    -16.82370745
    -16.82370745
    -16.82370745
    -16.82370745
    -16.82370745
    -16.82370745
    -16.82370745
    -16.82370745
    -16.82370745
    -16.82370745
    -16.82370745
    -16.82370745
    -15.07659523
    -15.07659523
    -15.07659523
     15.59856478
     15.59856478
     15.59856478
     15.59856478
     15.59856478
     15.59856478
     15.59856478
     15.59856478
     15.59856478
     15.59856478
     15.59856478
     44.59133708
     52.90206114
     52.90206114
     52.90206114
     52.90206114
     52.90206114
     52.90206114
     53.57803522
     52.47443002
     52.57929382
     52.57929382
     52.57929382
     53.21034676
     53.21034676
     53.21034676
     53.21034676
     52.31769003
     52.31769003
     52.31769003
     52.31769003
     52.31769003
     52.31769003
     52.31769003
     52.31769003
     41.94173900
     41.94173900
     41.94173900
     41.94173900
     41.94173900
     41.94173900
     41.94173900
     42.65601895
     42.65601895
     45.41899427
     45.41899427
     45.41899427
     46.22373282
     50.08553224
     50.08553224
     50.08553224
     53.44906666
     53.44906666
     53.44906666
     53.15027628
     53.15027628
     53.15027628
     53.15027628
     53.15027628
     53.15027628
     53.15027628
     53.15027628
     53.26335660
     53.26335660
     53.26335660
     51.61288215
     51.61288215
     51.61288215
     51.61288215
     51.61288215
     51.61288215
     51.69248387
     53.79146013
     53.79146013
     53.79146013
     53.78696225
     53.78696225
     53.78696225
     53.78696225
     53.74104491
     53.58526436
     53.36453171
     53.51332162
     53.51332162
     53.51332162
     34.51497215
     34.51497215
     34.51497215
     34.51497215
     34.51497215
     34.51497215
     34.80222283
     34.80222283
     34.80222283
     34.80222283
     34.80222283
     34.80222283
     34.80222283
     34.80222283
     49.98273527
     49.98273527
     49.98273527
     49.98273527
     49.98273527
     49.98273527
     49.98273527
     49.98273527
     49.98273527
     49.98273527
     51.73752074
     51.73752074
     51.73752074
     51.73752074
     51.73752074
     52.11420283
     52.11420283
     52.11420283
     52.11420283
     52.11420283
     52.11420283
     52.11420283
     52.11420283
     52.70823108
     52.70823108
     52.68697226
     52.68697226
     52.69111045
     52.65250598
     52.65250598
     52.65250598
     52.65250598
     52.65250598
     51.95288083
     52.05659823
     53.44530398
   -887.77604377
   -887.77604377
   -887.77604377
   -887.77604377
   -887.77604377
   -887.77604377
   -887.77604377
   -887.77604377
   -887.77604377
   -887.77604377
   -887.77604377
   -887.77604377
   -887.77604377
   -887.77604377
   -887.77604377
   -887.77604377
   -887.77604377
   -887.77604377
   -887.77604377
   -887.77604377
   -887.77604377
   -887.77604377
   -887.77604377
   -887.77604377
   -562.11725643
   -562.11725643
   -562.11725643
   -562.11725643
   -562.11725643
   -562.11725643
   -562.11725643
   -562.11725643
   -562.11725643
   -562.11725643
   -562.11725643
   -562.11725643
   -562.11725643
   -562.11725643
   -562.11725643
   -562.11725643
   -562.11725643
   -131.76875872
   -131.76875872
   -131.76875872
   -131.76875872
   -131.76875872
   -131.76875872
   -131.76875872
   -131.76875872
   -131.76875872
     45.01468114
     45.01468114
     45.01468114
     45.01468114
     45.01468114
     45.01468114
     45.01468114
     45.01468114
     45.01468114
     45.04180101
     44.97161348
     44.97161348
     44.78282527
     44.78282527
     44.78282527
     44.78282527
     44.78282527
     44.78282527
     44.78282527
     44.78282527
     44.36968280
     44.36968280
     45.04447935
     45.04447935
     45.04447935
     45.04447935
     45.04447935
     45.04447935
     45.04447935
     45.04447935
     45.04447935
     45.04447935
     45.04447935
     45.04447935
     45.04447935
     45.04447935
     45.04447935
     45.04447935
     45.04447935
     45.04447935
     45.04447935
     45.04447935
     45.04447935
     45.04447935
     45.19659040
     45.19659040
     45.19659040
     45.19659040
     45.19659040
     45.19659040
     49.81373193
     49.81373193
     49.81373193
     49.81373193
     49.81373193
     49.81373193
     49.81373193
     49.81373193
     49.81373193
     47.35842878
     47.35842878
     47.35842878
     47.35842878
     47.35842878
     47.35842878
     47.35842878
     47.35842878
     47.35842878
     47.35842878
     47.35842878
     47.35842878
     47.35842878
     47.35842878
     47.35842878
     47.35842878
     47.35842878
     47.35842878
     53.87562709
     53.87562709
     53.87562709
     53.87562709
     53.68086450
     52.60301634
     52.60301634
     53.83193259
     53.83193259
     53.83193259
     53.83193259
     53.83193259
     53.83193259
     53.83193259
     53.83114855
     53.83114855
     53.83114855
     53.83114855
     53.83114855
     53.83114855
     53.83114855
     53.83114855
     53.83114855
   -132.97913624
   -132.97913624
   -132.97913624
   -132.97913624
   -132.97913624
   -132.97913624
   -132.97913624
   -132.97913624
   -132.97913624
   -132.97913624
   -132.97913624
   -132.97913624
   -132.97913624
   -132.97913624
   -132.97913624
   -132.97913624
   -132.97913624
   -132.97913624
   -132.97913624
   -132.97913624
   -132.97913624
   -132.97913624
   -132.97913624
   -132.97913624
   -132.97913624
   -132.97913624
   -124.22598570
   -124.22598570
   -124.22598570
   -124.22598570
   -124.22598570
   -124.22598570
   -124.22598570
   -124.22598570
   -124.22598570
   -124.22598570
   -124.22598570
   -124.22598570
   -124.22598570
   -124.22598570
   -124.22598570
   -123.23492708
   -123.23492708
   -123.23492708
   -123.23492708
   -123.23492708
   -123.23492708
   -123.23492708
   -123.23492708
   -123.23492708
     15.90715873
     15.90715873
     15.90715873
     15.90715873
     15.90715873
     15.90715873
     15.90715873
     15.90715873
     15.90715873
     20.15854333
     20.15854333
     20.15854333
     20.15854333
     20.15854333
     20.15854333
     20.15854333
     20.15854333
     20.15854333
     20.15854333
     20.15854333
     20.15854333
     20.15854333
     41.87987060
     41.87987060
     41.87987060
     41.87987060
     41.87987060
     41.87987060
     42.13702454
     42.35562556
     41.57207609
     41.57207609
     41.57207609
     41.57207609
     41.57207609
     41.57207609
     41.57207609
     39.73793159
     48.91802679
     48.91802679
     48.91802679
     49.00881532
     49.00881532
     49.00881532
     51.21320420
     51.21320420
     51.21320420
     51.21320420
     51.21320420
     50.97213252
     42.02542568
     42.02542568
     42.02542568
     42.02542568
     42.02542568
     42.02542568
     42.02542568
     43.98054815
     43.98054815
     43.98054815
     43.98054815
     45.02459958
     45.02459958
     45.02459958
     45.02459958
     45.02459958
     45.02459958
     45.02459958
     45.02459958
     45.02459958
     45.02459958
     45.02459958
     48.59262679
     48.59262679
     50.53608835
     49.89236138
     49.89236138
     49.89236138
     50.59571787
     50.59571787
     50.59571787
     50.59571787
     50.59571787
     50.59571787
     50.59571787
     50.59571787
     50.59571787
     51.46684968
     51.46684968
     51.46684968
     51.46684968
     51.46684968
     51.46684968
     51.46684968
     51.46684968
     51.46684968
     51.46684968
     52.87751957
     52.87751957
     52.87751957
      7.86141586
     34.94875056
     34.94875056
     34.94875056
     34.94875056
     34.94875056
     34.94875056
     34.94875056
     34.94875056
     34.94875056
     34.94875056
     34.94875056
     34.94875056
     34.94875056
     34.94875056
     34.94875056
     34.94875056
     34.94875056
     34.94875056
     34.94875056
     34.94875056
     34.94875056
     34.94875056
     34.94875056
     34.94875056
     35.33413820
     35.33413820
     35.33413820
     35.33413820
     35.33413820
     35.33413820
     35.33413820
     35.33413820
     35.33413820
     35.33413820
     35.33413820
     35.33413820
     35.33413820
     35.33413820
     35.33413820
     35.33413820
     35.33413820
     35.33413820
     35.33413820
     35.33413820
     35.33413820
     35.33413820
     35.33413820
     35.33413820
     35.61186626
   -134.66051346
    -68.52399478
    -68.52399478
    -68.52399478
    -68.52399478
    -68.52399478
     35.29598158
     35.29598158
     35.29598158
     35.29598158
     35.29598158
     38.52541345
     38.52541345
     38.52541345
     38.52541345
     38.52541345
     38.52541345
     38.52541345
     38.52541345
     38.52541345
     38.52541345
     45.69561538
     45.69561538
     45.69561538
     45.69561538
     45.69561538
     51.78847195
     51.78847195
     51.78847195
     51.78847195
     51.78847195
     51.78847195
     51.78847195
     51.78847195
     51.78847195
     51.78847195
     51.78847195
     51.35522257
     51.35522257
     51.35522257
     51.35522257
     51.25768104
     50.59793937
     50.59793937
     50.59793937
     50.59793937
     50.59793937
     50.59793937
     50.59793937
     50.59793937
    -11.29693229
      2.73795822
      2.73795822
      2.73795822
      2.73795822
      2.73795822
     17.69076633
     17.69076633
     33.64872783
     33.64872783
     44.09357878
     44.09357878
     44.09357878
     44.09357878
     44.09357878
     44.09357878
     44.09357878
     44.09357878
     44.09357878
     44.09357878
     44.09357878
     44.09357878
     44.01419378
     42.77888872
     42.77888872
     42.46879109
     42.46879109
     42.46879109
     42.46879109
     41.74951287
     41.74951287
     43.59357565
     43.59357565
     43.59357565
     43.59357565
     43.59357565
     43.59357565
     43.59357565
     45.11261803
     45.11261803
     45.11261803
     45.11261803
     45.11261803
     45.11261803
     44.49040481
     44.49040481
     44.49040481
     44.49040481
     44.49040481
     44.49040481
   -114.54558896
   -114.54558896
    -99.01033171
    -99.01033171
    -99.01033171
    -99.01033171
    -99.01033171
    -99.01033171
    -99.01033171
    -99.01033171
    -99.01033171
    -99.01033171
    -99.01033171
    -99.01033171
    -99.01033171
    -99.01033171
    -99.01033171
    -99.01033171
    -99.01033171
    -99.01033171
    -99.01033171
    -99.01033171
    -99.01033171
    -99.01033171
    -95.27730041
    -96.26619257
    -96.26619257
    -96.26619257
    -96.26619257
    -96.26619257
    -96.26619257
    -96.26619257
    -96.26619257
    -96.26619257
    -96.26619257
    -96.26619257
    -96.26619257
    -96.26619257
    -96.26619257
    -96.26619257
    -96.26619257
    -96.26619257
    -96.26619257
    -96.26619257
    -96.26619257
    -96.26619257
    -96.26619257
    -96.26619257
    -96.26619257
    -96.26619257
    -42.37706508
    -42.37706508
    -42.37706508
      0.14208229
      0.14208229
      0.14208229
      0.14208229
      0.14208229
      0.14208229
      0.04963009
      0.04963009
      0.04963009
      0.04963009
      8.84976152
      8.84976152
      8.84976152
     35.33768435
     35.33768435
     35.33768435
     35.33768435
     42.88783071
     42.88783071
     44.28998126
     44.28998126
     44.28998126
     44.28998126
     44.28998126
     44.28998126
     44.28998126
     44.15333213
     44.15333213
     44.15333213
     43.51097215
     43.51097215
     43.63043628
     43.63043628
     43.63043628
     43.63043628
     43.63043628
     43.63043628
     43.63043628
     44.81961236
     44.81961236
     44.81961236
     44.81961236
     44.81961236
     44.81961236
     44.81961236
     44.81961236
     44.81961236
     43.27037849
     43.27037849
     43.27037849
     43.27037849
     43.27037849
     43.27037849
     43.27037849
     43.84410234
     44.44272242
     44.44272242
     44.95118102
     44.81626653
     44.81626653
     44.57031250
     44.57031250
     44.57031250
     44.57031250
     44.57031250
     44.57031250
     44.32145084
     44.10554857
     44.10554857
     43.56464787
     43.56464787
     43.56464787
     43.56464787
     43.56464787
     40.63550213
     40.63550213
     40.63550213
     40.63550213
     40.63550213
     40.63550213
     40.63550213
     40.63550213
     50.84991992
     50.84991992
     50.84991992
     52.22825058
     52.22825058
     52.22825058
     52.22825058
     52.22825058
     52.13629224
     52.13629224
     52.13629224
     52.13629224
     51.00203523
     51.00203523
     50.02834980
   -413.00249986
   -413.00249986
   -413.00249986
   -413.00249986
   -413.00249986
   -413.00249986
   -413.00249986
   -413.00249986
   -413.00249986
   -413.00249986
   -413.00249986
   -413.00249986
   -413.00249986
   -413.00249986
   -413.00249986
   -413.00249986
   -413.00249986
   -413.00249986
   -413.00249986
   -413.00249986
   -413.00249986
   -413.00249986
   -413.00249986
   -413.00249986
   -413.00249986
   -413.00249986
   -413.00249986
   -413.00249986
   -413.00249986
   -413.00249986
   -413.00249986
   -413.00249986
   -413.00249986
   -413.00249986
   -413.00249986
   -413.00249986
   -413.00249986
   -413.00249986
   -413.00249986
    -17.05914207
    -17.05914207
    -17.05914207
     15.17959070
     15.17959070
     15.17959070
     15.17959070
     15.17959070
     15.17959070
     15.17959070
     39.49676898
     45.16853889
     45.16853889
     45.16853889
     45.16853889
     45.16853889
     45.16853889
     45.16853889
     45.16853889
     45.41838189
     45.41838189
     45.41838189
     45.41838189
     45.41838189
     45.41838189
     45.41838189
     45.06854165
     45.06854165
     45.06854165
     45.06854165
     45.06854165
     45.06854165
     45.06854165
     45.05071465
     45.05071465
     45.05071465
     45.05071465
     45.05071465
     45.05071465
     45.05071465
     45.05071465
     45.01968651
     45.01968651
     45.01968651
     45.18770123
     45.18770123
     45.18770123
     45.22399973
     45.22399973
     44.91143786
     44.91143786
     44.91143786
     42.69816498
     42.69816498
     42.69816498
     42.69816498
     42.69816498
     42.69816498
     42.69816498
     42.69816498
     42.69816498
   -775.02123650
   -775.02123650
   -775.02123650
   -775.02123650
   -775.02123650
   -775.02123650
   -775.02123650
   -775.02123650
    -27.46659874
    -27.46659874
    -27.46659874
    -27.46659874
     -4.57760812
     -4.57760812
     11.61199803
     11.61199803
     11.61199803
     11.61199803
     38.13496013
     38.13496013
     38.13496013
     38.13496013
     40.38496027
     40.38496027
     40.38496027
     40.50793106
     40.50793106
     41.01036867
     41.01036867
     41.28132088
     41.28132088
     41.28132088
     41.28132088
     41.31780158
     41.31780158
     41.31780158
     42.45484516
     42.45484516
     42.45484516
     42.45484516
     42.45484516
     42.45484516
     42.45484516
     42.45484516
     42.38603691
     39.34272245
     40.28610692
     40.28610692
     40.28610692
     40.28610692
     52.97691378
     52.97691378
     52.97691378
     52.97691378
     52.97691378
     50.85389317
     50.85389317
     50.85389317
     50.85389317
     47.48544902
     47.48544902
     47.48544902
     47.48544902
     47.48544902
     47.48544902
     47.48544902
     47.48544902
     47.48544902
     47.48544902
     47.48544902
     47.48544902
     47.48544902
     47.48544902
     47.48544902
     47.48544902
     47.48544902
     47.48544902
     50.02878619
     53.09882640
     53.09882640
     52.90846695
     52.90846695
     52.90846695
     53.55221188
     53.55221188
     53.61170631
     53.61170631
     53.19412611
     52.08007144
     52.08007144
     52.08007144
     52.08007144
     52.08007144
     52.08007144
     52.28474945
     52.28474945
     52.28474945
     52.28474945
     53.21206502
     53.21206502
     23.48816195
     23.48816195
     23.48816195
     23.48816195
     23.48816195
     23.48816195
     23.48816195
     32.75688821
     32.75688821
     32.75688821
     32.75688821
     32.75688821
     35.12960200
     35.12960200
     35.12960200
     35.12960200
     35.12960200
     35.12960200
     35.12960200
     37.89628236
     37.89628236
     37.89628236
     37.89628236
     37.89628236
     37.89628236
     37.89628236
     37.89628236
     37.89628236
     37.89628236
     37.89628236
     37.89628236
     38.87747636
     38.87747636
     38.87747636
     38.87747636
     38.92123938
     38.92123938
     38.92123938
     41.54186089
     41.54186089
     44.67206652
     44.67206652
     46.11815890
     48.77154553
     48.77154553
     48.77154553
     46.78321568
     46.78321568
     47.28417510
     47.28417510
     41.01229138
     41.01229138
     41.01229138
     41.01229138
     41.01229138
     41.01229138
     43.79487366
     43.79487366
     43.79487366
     43.79487366
     43.79487366
     43.79487366
     43.79487366
     43.79487366
     43.79487366
     43.79487366
     43.79487366
     43.79487366
     43.79487366
     43.79487366
     42.09054713
     42.09054713
     42.09054713
     42.09054713
     42.09054713
     42.09054713
     42.09054713
     45.73169916
     45.73169916
     45.70093977
     45.70093977
     45.70093977
     45.70093977
     45.70093977
     45.70093977
     45.90233170
     45.90233170
     45.90233170
     46.12429484
     46.12429484
     46.12429484
     46.12429484
     46.12429484
     46.12429484
     46.12429484
     46.05031341
     46.05031341
     46.05031341
     46.05031341
     46.05031341
     49.97669290
     49.97669290
     49.97669290
     49.39957172
     49.39957172
     49.39957172
     50.52703790
     53.89476527
     53.70953728
     53.70953728
     53.70953728
     53.95377270
     53.95377270
     53.95377270
     53.95377270
     53.95377270
     53.95377270
     53.95377270
     53.95377270
     53.95377270
     53.95377270
     53.95377270
     53.95377270
     53.95377270
     53.95377270
     53.95438536
     53.95438536
     53.95438536
     53.95438536
     53.13051243
     51.61645555
     51.61645555
     51.61645555
     51.61645555
     51.61645555
     51.61645555
     51.61645555
     51.61645555
     51.61645555
     51.61645555
     51.61645555
     51.61645555
     51.40843807
     51.40843807
     51.40843807
     51.86003691
     51.86003691
     51.86003691
     51.86003691
     51.86003691
   -949.79174141
   -949.79174141
   -949.79174141
   -949.79174141
   -949.79174141
   -949.79174141
   -949.79174141
   -949.79174141
   -949.79174141
   -949.79174141
   -949.79174141
   -949.79174141
   -949.79174141
   -949.79174141
   -949.79174141
   -949.79174141
   -949.79174141
   -949.79174141
   -949.79174141
   -949.79174141
   -949.79174141
   -943.44115385
   -943.44115385
   -943.44115385
   -943.44115385
   -943.44115385
   -943.44115385
   -943.44115385
   -943.44115385
   -499.83955671
   -499.83955671
   -499.83955671
   -499.83955671
   -499.83955671
   -499.83955671
   -499.83955671
   -499.83955671
   -499.83955671
   -499.83955671
   -499.83955671
   -499.83955671
   -499.83955671
   -499.83955671
   -499.83955671
   -499.83955671
   -499.83955671
   -499.83955671
   -499.83955671
   -499.83955671
   -499.83955671
   -157.79147908
   -157.79147908
   -157.79147908
   -157.79147908
   -157.79147908
   -157.79147908
   -157.79147908
   -157.79147908
   -157.79147908
   -157.79147908
    -72.09112673
    -72.09112673
    -72.09112673
    -72.09112673
    -72.09112673
    -72.09112673
    -72.09112673
    -72.09112673
    -72.09112673
    -72.09112673
    -72.09112673
    -72.09112673
    -72.09112673
    -72.09112673
    -72.09112673
    -72.09112673
     13.32029683
     13.32029683
     13.32029683
     13.32029683
     13.32029683
     30.77664498
     30.77664498
     39.35371027
     43.97751894
     43.97751894
     43.97751894
     43.97751894
     43.97751894
     44.13226561
     44.57964892
     44.39436491
     44.39436491
     44.39436491
     44.39436491
     44.39436491
     44.69638459
     44.69638459
     44.69638459
     44.69638459
   -132.96406057
   -132.96406057
   -132.96406057
   -132.96406057
     42.69785208
     39.29272770
     39.29272770
     39.29272770
     41.89394997
     41.89394997
     41.89394997
     41.89394997
     41.89394997
     41.89394997
     41.89394997
     41.89394997
     41.89394997
     41.89394997
     41.89394997
     41.89394997
     41.85186768
     41.85186768
     41.85186768
     46.13004524
     46.13004524
     46.13004524
     46.13004524
     46.13004524
     46.13004524
     50.63184924
     50.63184924
     50.63184924
     50.63184924
     51.07219787
     51.07219787
     51.07219787
     51.07219787
     51.07219787
     50.95859438
     50.95859438
     50.95859438
     50.95859438
     51.43920892
     51.43920892
     51.43920892
     51.43920892
     51.43920892
     51.43920892
     51.43920892
     52.49988185
     52.13674860
     52.13674860
     52.13674860
     52.13674860
     52.13674860
     52.13674860
     52.13674860
     52.13674860
     51.71169662
     51.71169662
     51.71169662
     51.71169662
     51.71169662
     51.71169662
     51.71169662
     51.71169662
     51.71169662
     51.71169662
     51.71169662
     51.71424946
     51.71424946
     51.71424946
     51.71424946
     52.63297173
     51.61982856
     51.61982856
     53.76839085
     53.76839085
     53.76839085
     53.76839085
     53.76839085
     53.49342297
     53.50902543
     53.50902543
     53.19369212
     53.19369212
     53.19369212
     53.19369212
     53.19369212
     53.19369212
     53.19369212
     50.85692006
     47.99896197
     47.99896197
     52.19118723
     52.19118723
     52.19118723
     53.63748702
     53.63748702
     53.38713624
     51.06299871
     51.06299871
     51.06299871
     51.06299871
     51.06299871
     51.06299871
     51.06299871
     51.06299871
     51.06299871
     51.06299871
     51.06299871
     51.06299871
     51.03703551
     51.03703551
     51.03703551
     51.03703551
     51.03703551
     51.03703551
     51.03703551
     51.03703551
     51.03703551
     51.03703551
     51.03703551
     51.03703551
     51.03703551
     51.03703551
     53.35139048
     53.35139048
     53.35139048
     53.35139048
     53.35139048
     53.66083721
     53.66083721
     53.66083721
     53.66083721
     53.66083721
     53.66085258
     53.66582696
     53.66582696
     53.14601023
     53.14601023
     53.14601023
     53.14601023
     53.14601023
     53.14601023
     53.14601023
     53.14601023
     52.86003383
     52.86003383
     52.86003383
     15.85180336
     15.85180336
     15.85180336
     15.85180336
     24.08672788
     24.08672788
     24.08672788
     24.08672788
     24.08672788
     24.08672788
     24.08672788
     24.08672788
     49.15382724
     48.35398334
     48.35398334
     49.91526053
     49.91526053
     50.55403075
     50.55403075
     50.55403075
     50.93484387
     50.93484387
     50.93484387
     50.93484387
     51.93536285
     51.93536285
     51.01720589
     51.01720589
     51.01720589
     51.01720589
     49.54565817
     49.54565817
     49.54565817
     49.54565817
     49.54565817
     49.54565817
     49.54565817
     49.59783667
     50.06871526
     50.06871526
     51.68104498
     53.45223273
     53.45223273
     53.45223273
     53.45223273
     53.45223273
     53.45223273
     53.42816499
     53.42816499
     53.42816499
     53.44991235
     53.44991235
     53.44991235
     53.44991235
     53.44991235
     53.44991235
     53.25526719
     52.49750561
     52.49750561
     52.49750561
     52.82121184
     52.82121184
     52.82121184
     53.30271332
     53.30271332
     53.16742084
     53.16742084
     53.16742084
     53.16742084
     53.23018708
     53.23018708
     53.23018708
     53.23018708
     53.23018708
     53.23018708
     53.23018708
     53.23018708
     53.23018708
     53.23018708
     53.23018708
     52.99254539
     52.99254539
     52.99254539
     53.04512334
     53.04512334
     52.71092824
     51.53043225
     51.53043225
     51.53043225
     51.53043225
     51.53043225
     51.53043225
     51.53043225
     51.53043225
     51.53043225
     51.53043225
     51.53043225
     51.53043225
     51.53043225
     51.53043225
   -162.01920014
   -162.01920014
   -162.01920014
   -162.01920014
   -162.01920014
   -162.01920014
   -162.01920014
   -162.01920014
   -162.01920014
   -162.01920014
   -136.56860479
   -136.56860479
   -136.56860479
   -136.56860479
   -136.56860479
   -136.56860479
   -136.56860479
   -136.56860479
   -136.56860479
   -136.56860479
   -136.56860479
   -136.56860479
   -136.56860479
   -136.56860479
   -136.56860479
   -136.56860479
   -136.56860479
   -136.56860479
   -136.56860479
     19.19121022
     19.19121022
     32.83937937
     32.83937937
     32.83937937
     32.83937937
     32.83937937
     32.83937937
     32.83937937
     32.83937937
     32.83937937
     32.83937937
     32.83937937
     32.83937937
     32.83937937
     32.83937937
     32.83937937
     32.83937937
     32.83937937
     32.83937937
     32.83937937
   -738.38094019
   -738.38094019
   -738.38094019
   -738.38094019
   -738.38094019
   -738.38094019
   -738.38094019
   -738.38094019
   -738.38094019
   -738.38094019
   -738.38094019
   -738.38094019
   -738.38094019
   -738.38094019
   -738.38094019
   -738.38094019
   -738.38094019
   -738.38094019
   -738.38094019
   -603.50030710
   -603.50030710
   -603.50030710
   -262.38954218
   -262.38954218
   -262.38954218
   -262.38954218
   -262.38954218
   -262.38954218
   -262.38954218
   -262.38954218
   -262.38954218
   -262.38954218
   -262.38954218
   -262.38954218
   -262.38954218
   -262.38954218
   -262.38954218
   -262.38954218
   -262.38954218
   -262.38954218
   -262.38954218
    -35.44671319
    -35.44671319
     27.13017652
     27.13017652
     27.13017652
     27.13017652
     32.62059779
     32.62059779
     32.62059779
     53.07366894
     53.24040442
     53.24040442
     53.24040442
     53.24040442
     53.24040442
     53.24040442
     53.24040442
     53.24040442
     51.87156976
     51.87156976
     51.87156976
     51.87156976
     51.87156976
     51.87156976
     51.87156976
     52.18333076
     52.18333076
     52.18333076
     51.51751838
     51.33720147
     51.33720147
     51.33720147
     51.33720147
     51.33720147
     51.33720147
     51.82960762
     51.82960762
     50.87542989
     50.87542989
     50.87542989
     50.87542989
     50.87542989
     50.87542989
     50.87542989
     50.87542989
     50.87542989
     50.87542989
     50.87542989
     50.87542989
     50.87542989
     50.87542989
     51.41720200
     52.49250731
     52.49250731
     52.49250731
     52.49250731
     48.00201546
     48.00201546
     48.00201546
     21.31494047
     21.31494047
     21.31494047
     21.31494047
     21.31494047
     26.84439361
     26.84439361
     33.48754679
     33.48754679
     33.48754679
     33.66893428
     33.66893428
     33.66893428
     33.66893428
     33.66893428
     36.09286383
     36.09286383
     36.09286383
     36.09286383
     36.09286383
     36.09286383
     36.09286383
     50.36492205
     50.50216826
     50.50216826
     50.50216826
     50.50216826
     50.50216826
     50.50216826
     50.50216826
     50.50216826
     50.50216826
     50.26928691
     50.26928691
     50.26928691
     51.50532486
     51.50532486
     51.50532486
     51.50532486
     51.57135382
     51.57135382
     51.57135382
     51.57135382
     51.57135382
     51.57135382
     51.57135382
     51.35954598
     51.35954598
     51.35954598
     51.35954598
   -268.03875533
   -268.03875533
   -268.03875533
   -268.03875533
   -268.03875533
   -268.03875533
   -268.03875533
   -268.03875533
   -268.03875533
   -268.03875533
   -268.03875533
   -268.03875533
   -268.03875533
   -268.03875533
   -268.03875533
   -268.03875533
   -268.03875533
   -268.03875533
   -268.03875533
   -268.03875533
   -268.03875533
   -268.03875533
   -268.03875533
   -268.03875533
   -268.03875533
   -268.03875533
   -268.03875533
   -206.42399711
   -206.42399711
   -206.42399711
   -206.42399711
   -206.42399711
   -206.42399711
   -206.42399711
   -206.42399711
   -206.42399711
   -206.42399711
   -206.42399711
   -206.42399711
   -206.42399711
   -206.42399711
   -206.42399711
   -206.42399711
   -206.42399711
      7.02110120
      7.02110120
      7.02110120
      7.02110120
     48.67046002
     48.16360802
   -336.68703151
   -336.68703151
   -336.17147212
   -336.17147212
   -336.17147212
   -336.17147212
   -336.17147212
   -336.17147212
   -336.17147212
   -336.17147212
   -336.17147212
   -336.17147212
   -336.17147212
   -336.17147212
   -336.17147212
   -336.17147212
   -336.17147212
   -336.17147212
   -336.17147212
   -336.17147212
   -336.17147212
   -336.17147212
   -336.17147212
   -336.17147212
   -336.17147212
   -336.17147212
   -336.17147212
   -336.17147212
   -336.17147212
   -336.17147212
   -336.17147212
   -336.17147212
   -336.17147212
   -336.17147212
   -336.17147212
   -336.17147212
   -336.17147212
   -336.17147212
   -336.17147212
   -336.17147212
   -336.17147212
   -336.17147212
   -336.17147212
   -336.17147212
   -336.17147212
   -336.17147212
   -336.17147212
   -336.17147212
   -336.17147212
   -336.17147212
   -203.75442549
   -203.75442549
   -203.75442549
    -53.56964530
    -53.56964530
    -53.56964530
    -53.56964530
    -53.56964530
    -53.56964530
    -53.56964530
    -53.56964530
    -53.56964530
    -53.56964530
    -53.56964530
    -53.56964530
    -53.56964530
    -53.56964530
    -53.56964530
    -53.56964530
    -53.56964530
    -53.56964530
    -53.56964530
    -53.56964530
    -53.56964530
    -53.56964530
    -53.56964530
    -53.56964530
    -53.56964530
    -53.56964530
    -53.56964530
    -53.56964530
    -53.56964530
    -53.56964530
    -53.56964530
    -53.56964530
    -53.56964530
    -53.56964530
    -53.56964530
    -53.56964530
    -53.56964530
    -53.56964530
    -53.56964530
    -53.56964530
    -53.56964530
    -53.56964530
    -53.56964530
    -53.56964530
    -53.56964530
    -53.56964530
    -53.56964530
     38.62716172
     38.62716172
     38.62716172
     42.59958043
     42.59958043
     42.59958043
     42.59958043
     42.59958043
     42.59958043
     42.10537293
     42.10537293
     42.10537293
     42.10537293
     41.47528997
     41.47528997
     41.47528997
     41.47528997
     52.52993524
     52.52993524
     52.52993524
     52.52993524
     53.12146358
     53.12146358
     53.12146358
     51.65851269
     51.65851269
     51.65851269
     51.65851269
     51.65851269
     51.97352328
     51.97352328
     51.97352328
     51.97352328
     51.97352328
     51.97352328
     51.97352328
     51.97352328
     51.97352328
     51.97352328
     51.97352328
     51.97352328
     51.97352328
     51.97352328
     51.97352328
     51.97352328
     51.97352328
     51.97352328
     52.87040488
     52.87040488
     52.87040488
   -322.34352833
   -322.34352833
   -322.34352833
   -322.34352833
   -322.34352833
   -322.34352833
   -322.34352833
   -322.34352833
   -322.34352833
   -322.34352833
   -322.34352833
   -322.34352833
   -322.34352833
   -322.34352833
   -322.34352833
   -322.34352833
   -322.34352833
   -322.34352833
   -322.34352833
   -322.34352833
   -322.34352833
   -322.34352833
   -322.34352833
   -322.34352833
   -322.34352833
   -322.34352833
   -322.34352833
   -322.34352833
   -322.34352833
   -322.34352833
   -322.34352833
   -322.34352833
   -322.34352833
   -322.34352833
   -322.34352833
   -322.34352833
   -322.34352833
   -113.74823680
   -113.74823680
   -113.74823680
   -113.74823680
   -113.74823680
   -113.74823680
   -113.74823680
   -113.74823680
   -113.74823680
   -113.74823680
   -113.74823680
   -113.74823680
   -113.74823680
