-197.698849,7.15321724415,0.782670036879
-195.978481931,7.13756984729,0.734549435834
-194.258114862,7.12181642507,0.682320010575
-192.537747793,7.10595625908,0.624941642659
-190.817380724,7.08998862602,0.560824010256
-189.097013656,7.07391279771,0.487299978583
-187.376646587,7.05772804103,0.399188044822
-185.656279518,7.04136869654,0.28336053353
-183.935912449,7.00739926497,0.174740736244
-182.21554538,6.94220832568,0.165866173244
-180.495178311,6.84579290573,0.229567991031
-178.774811242,6.72530088304,0.264435061776
-177.054444173,6.60464868991,0.215123088109
-175.334077104,6.49922299575,0.156518377705
-173.613710036,6.41222716304,0.176620915049
-171.893342967,6.34365114117,0.244047024424
-170.172975898,6.28374620879,0.254024830123
-168.452608829,6.23146911728,0.18939237545
-166.73224176,6.20520783929,0.151649873705
-165.011874691,6.20573959258,0.19860621072
-163.291507622,6.2311891819,0.25799136737
-161.571140553,6.26205163217,0.23527164857
-159.850773484,6.32067868979,0.168522505238
-158.130406416,6.42557362761,0.160516559602
-156.410039347,6.57674122924,0.223634402498
-154.689672278,6.76213847911,0.261237557376
-152.969305209,6.94509858877,0.212257588336
-151.24893814,7.09395896265,0.15685021453
-149.528571071,7.20278911837,0.180104385123
-147.808204002,7.27168661097,0.24703044338
-146.087836933,7.32314951227,0.253376143892
-144.367469864,7.35914659667,0.188922871103
-142.647102796,7.34821086538,0.155400149299
-140.926735727,7.28940654014,0.203673505358
-139.206368658,7.18685685128,0.259925049969
-137.486001589,7.07673339663,0.233448033536
-135.76563452,7.00570118833,0.168130421765
-134.045267451,6.99595741703,0.164145013393
-132.324900382,7.04750163839,0.227560218424
-130.604533313,7.14245804144,0.261328319564
-128.884166244,7.23843219231,0.209867934181
-127.163799175,7.33006927966,0.156867122544
-125.443432107,7.41676041972,0.183474496936
-123.723065038,7.4985392327,0.249682149995
-122.002697969,7.57831083503,0.252075662402
-120.2823309,7.65230904544,0.187239026054
-118.561963831,7.710472426,0.157343892186
-116.841596762,7.75261117603,0.207534824547
-115.121229693,7.78040040286,0.261400183331
-113.400862624,7.80645232017,0.231972728906
-111.680495555,7.85726062728,0.16881847798
-109.960128487,7.94485602655,0.168702170751
-108.239761418,8.06924251269,0.231932645778
-106.519394349,8.21846404339,0.26195527743
-104.79902728,8.35794196458,0.209143260977
-103.078660211,8.43361498258,0.159802593315
-101.358293142,8.43792998221,0.188912676746
-99.6379260732,8.37172322484,0.252988776973
-97.9175590044,8.27989492507,0.25098604788
-96.1971919355,8.19062601921,0.18601261097
-94.4768248666,8.10789786945,0.159914062285
-92.7564577977,8.03174899571,0.211567828493
-91.0360907288,7.96134369169,0.262321477516
-89.3157236599,7.89189871933,0.229028641317
-87.595356591,7.82753886753,0.16662376111
-85.8749895221,7.77039707941,0.170337146637
-84.1546224532,7.72047074907,0.234426528897
-82.4342553843,7.67513467184,0.260459028953
-80.7138883154,7.62124885564,0.204268078554
-78.9935212466,7.52121322947,0.156068012664
-77.2731541777,7.37061697991,0.189255649313
-75.5527871088,7.17041911264,0.253414838399
-73.8324200399,6.95378900824,0.246990418713
-72.112052971,6.78014639812,0.179701143045
-70.3916859021,6.70587875958,0.156082652824
-68.6713188332,6.73122952462,0.211768496134
-66.9509517643,6.84148751423,0.261362603044
-65.2305846954,6.95895026728,0.224592160044
-63.5102176265,7.01696073949,0.162280378764
-61.7898505577,6.99453715459,0.169939747878
-60.0694834888,6.89167848998,0.235872125085
-58.3491164199,6.74023794578,0.258503196018
-56.628749351,6.59828977183,0.199459293326
-54.9083822821,6.5043175584,0.152755103548
-53.1880152132,6.4619624311,0.189997043582
-51.4676481443,6.46975489262,0.254204859143
-49.7472810754,6.49242966677,0.24416184158
-48.0269140065,6.52931985188,0.176676706458
-46.3065469376,6.5964333923,0.156611007255
-44.5861798687,6.69378511416,0.214461406209
-42.8658127999,6.81617133522,0.261569007678
-41.145445731,6.9406193693,0.221766024041
-39.4250786621,7.05856832162,0.160939303245
-37.7047115932,7.16810122508,0.172395082017
-35.9843445243,7.26922307482,0.238876298577
-34.2639774554,7.36555499417,0.258027145739
-32.5436103865,7.44381974399,0.198111010542
-30.8232433176,7.44579308894,0.155086577689
-29.1028762487,7.36700706221,0.194571116229
-27.3825091798,7.21063510184,0.256388084871
-25.6621421109,7.03329432362,0.241922650433
-23.9417750421,6.8779663187,0.174665401744
-22.2214079732,6.76551518858,0.158459457372
-20.5010409043,6.69593580505,0.217744595685
-18.7806738354,6.66074240664,0.261544071788
-17.0603067665,6.62852392434,0.218096429611
-15.3399396976,6.59776005984,0.158128311349
-13.6195726287,6.56885384737,0.173581256082
-11.8992055598,6.54180396871,0.240889823503
-10.1788384909,6.51566283544,0.255895179854
-8.45847142204,6.49676850135,0.19330450757
-6.73810435315,6.50581245277,0.152284109836
-5.01773728426,6.54403024175,0.195547122626
-3.29737021537,6.60989311921,0.256198454542
-1.57700314648,6.6823389965,0.236307121887
0.143363922408,6.7419396117,0.104899263071
1.8637309913,6.66151203256,0.264668891596
3.58409806019,6.58095671794,0.308453798293
5.30446512908,6.5002699942,0.29375296342
7.02483219797,6.41944818172,0.208540597376
8.74519926686,6.31610538049,0.186772428156
10.4655663358,6.18305084011,0.286848811178
12.1859334046,6.04984674453,0.309240154169
13.9063004735,5.91648701912,0.273729925512
15.6266675424,5.78296558215,0.142036128081
17.3470346113,5.79970625987,0.234183792563
19.0674016802,5.8591193954,0.300963775442
20.7877687491,5.91836820318,0.303680523071
22.508135818,5.97745538519,0.244479746083
24.2285028869,6.02311290496,0.114804561328
25.9488699558,5.9764275291,0.266714294776
27.6692370247,5.9295831752,0.30818362472
29.3896040935,5.88257770697,0.291043520426
31.1099711624,5.83540898078,0.200803869899
32.8303382313,5.81310249564,0.192344376974
34.5507053002,5.81847588903,0.288417233523
36.2710723691,5.82368310117,0.308617143617
37.991439438,5.82872436952,0.270515584662
39.7118065069,5.83359992399,0.130318440819
41.4321735758,5.91579502844,0.238729094395
43.1525406447,6.01473935137,0.302279532936
44.8729077136,6.11352644342,0.302806662524
46.5932747825,6.2121608097,0.240724978355
48.3136418513,6.28770723466,0.12951930184
50.0340089202,6.249789774,0.270438181076
51.7543759891,6.2117258017,0.308971299006
53.474743058,6.17351358189,0.289410925453
55.1951101269,6.13515137194,0.194989577015
56.9154771958,6.03595871386,0.199947566255
58.6358442647,5.87966202406,0.290746344388
60.3562113336,5.72320194332,0.308151100673
62.0765784025,5.56657133646,0.266930558248
63.7969454714,5.40976306051,0.115817005522
65.5173125402,5.38209008224,0.242497197251
67.2376796091,5.37469816684,0.302872531132
68.958046678,5.36711983216,0.30075523829
70.6784137469,5.35935473261,0.234457858192
72.3987808158,5.36018438952,0.137259599335
74.1191478847,5.39369264679,0.272233165415
75.8395149536,5.42701535101,0.308512624056
77.5598820225,5.46015402183,0.286446276898
79.2802490914,5.4931101705,0.186340528351
81.0006161603,5.45039889434,0.204947884172
82.7209832292,5.34779972368,0.292051123146
84.441350298,5.24501290707,0.307152626469
86.1617173669,5.14203375702,0.262967522996
87.8820844358,5.03885757729,0.0985738803462
89.6024515047,5.19520263763,0.246165101789
91.3228185736,5.37834056524,0.303796247452
93.0431856425,5.56129223969,0.299645333522
94.7635527114,5.7440660043,0.23039595964
96.4839197803,5.89310965481,0.149619438453
98.2042868492,5.94309720707,0.275784053399
99.9246539181,5.9929242613,0.309263409268
101.645020987,6.0425930898,0.284869419196
103.365388056,6.09210595768,0.180483764701
105.085755125,6.13503770776,0.212442670702
106.806122194,6.17354837106,0.294788082349
108.526489263,6.21190904581,0.307646072323
110.246856331,6.25012148141,0.261479594469
111.9672234,6.2881874205,0.089842295575
113.687590469,6.18558386339,0.252397321229
115.407957538,6.07518209162,0.305680319678
117.128324607,5.96462584541,0.298532524529
118.848691676,5.85391008296,0.225271505143
120.569058745,5.84396138404,0.159039980627
122.289425814,6.07403592806,0.278587997031
124.009792883,6.30395594537,0.309705537454
125.730159951,6.53373192123,0.283223936746
127.45052702,6.76337433435,0.17465177658
129.170894089,6.948113874,0.219755108631
130.891261158,7.10791865446,0.297517406745
132.611628227,7.26761605736,0.308144415159
134.331995296,7.42721336552,0.260005003241
136.052362365,7.58671785722,0.0803771203019
137.772729434,7.46251334552,0.258461015232
139.493096503,7.3356109062,0.30789349842
141.213463571,7.20861147298,0.298374653447
142.93383064,7.08150925418,0.222459268219
144.654197709,7.02260690569,0.171711952864
146.374564778,7.09714732344,0.282711828153
148.094931847,7.17157987241,0.310775349119
149.815298916,7.245907947,0.281875952356
151.535665985,7.32013493689,0.168940990134
153.256033054,7.57914870066,0.226906827197
154.976400123,7.92274358624,0.300250190767
156.696767191,8.26626825348,0.308672108463
158.41713426,8.60973836848,0.258597223848
160.137501329,8.94713368963,0.100558000934
161.857868398,9.10982781283,0.264582356902
163.578235467,9.27250585342,0.310892177218
165.298602536,9.43517523018,0.300111878847
167.018969605,9.59784336147,0.224147727942
168.739336674,9.74347541986,0.189124526953
170.459703743,9.86142104575,0.287705735815
172.180070811,9.97938486467,0.309520690845
173.90043788,10.0973722562,0.273598001166
175.620804949,10.1562526878,0.158208589955
177.341172018,10.4676486487,0.166806774928
179.061539087,10.7188615935,0.193617684652
180.781906156,10.742263212,0.25473332991
182.502273225,10.709661237,0.244883907801
184.222640294,10.712949812,0.186999258212
185.943007363,10.7816230362,0.175747100302
187.663374431,10.9156840413,0.22950237201
189.3837415,11.1007700915,0.26826147353
191.104108569,11.2868172881,0.227184300463
192.824475638,11.44372664,0.17667854914
194.544842707,11.5650193251,0.192335038998
196.265209776,11.6507029404,0.252268859949
197.985576845,11.7190148277,0.263408076795
199.705943914,11.7908958964,0.207219689296
201.426310983,11.8749745087,0.17505861804
203.146678051,11.9716616072,0.213413806062
204.86704512,12.0801595386,0.266815870132
206.587412189,12.1908130255,0.248092602287
208.307779258,12.2273440326,0.191164699745
210.028146327,12.1377334115,0.183631237793
211.748513396,11.9219770754,0.235936800691
213.468880465,11.6115118279,0.269276154344
215.189247534,11.310154003,0.224362841942
216.909614603,11.1350836088,0.174946689375
218.629981672,11.1097837101,0.193927014328
220.35034874,11.2340408128,0.254234649707
222.070715809,11.4254648951,0.261607148033
223.791082878,11.585726638,0.204083152988
225.511449947,11.6475226147,0.174449170367
227.231817016,11.6085740019,0.215285366258
228.952184085,11.4769775456,0.266737360427
230.672551154,11.3279601627,0.243272637071
232.392918223,11.2198558254,0.184754097758
234.113285292,11.1770834021,0.180172112565
235.83365236,11.1996409424,0.235949676903
237.554019429,11.269261888,0.267963335502
239.274386498,11.3324726182,0.22135501269
240.994753567,11.3320281514,0.173999498053
242.715120636,11.2580642306,0.196020281374
244.435487705,11.1109150375,0.255831492872
246.155854774,10.9337503427,0.258534221271
247.876221843,10.7895846417,0.198233901553
249.596588912,10.7397505824,0.170299664468
251.31695598,10.7856316268,0.21505485195
253.037323049,10.9178319253,0.266378063123
254.757690118,11.0638683377,0.240334585063
256.478057187,11.1655978009,0.182894973531
258.198424256,11.200322539,0.181641486158
259.918791325,11.1680441357,0.238450434177
261.639158394,11.0897355224,0.267185208037
263.359525463,11.0145858827,0.217962991097
265.079892532,10.9688371779,0.172163451748
266.8002596,10.9562205029,0.197476640487
268.520626669,10.9764191534,0.257446086754
270.240993738,11.0089624731,0.256822520414
271.961360807,11.0208557247,0.196381802994
273.681727876,10.9788010405,0.171711142294
275.402094945,10.8823524219,0.218122189557
277.122462014,10.7379318585,0.266468405878
278.842829083,10.5863278274,0.235669471013
280.563196152,10.4335859334,0.177184289295
282.28356322,10.2791789489,0.179363780017
284.003930289,10.1230998326,0.238725316542
285.724297358,9.9659349348,0.264411556117
287.444664427,9.82036451664,0.21127752658
289.165031496,9.74012304863,0.165461672922
290.885398565,9.73195250173,0.195241506872
292.605765634,9.79467486092,0.256839818672
294.326132703,9.88159151615,0.252780471002
296.046499772,9.96347664296,0.190578286575
297.76686684,10.0333581093,0.16820492157
299.487233909,10.0911952994,0.218256277715
301.207600978,10.1386752449,0.26573013894
302.927968047,10.1831673163,0.232003917566
304.648335116,10.1922341145,0.174221339605
306.368702185,10.1526217917,0.179910530933
308.089069254,10.0643285414,0.240669766757
309.809436323,9.94603222092,0.263218390288
311.529803392,9.82264620484,0.208116058718
313.25017046,9.67574427342,0.164595284867
314.970537529,9.50338081046,0.197426431954
316.690904598,9.30618302357,0.257801288468
318.411271667,9.10129531029,0.248788468404
320.131638736,8.94031401543,0.184217621068
321.852005805,8.87507599117,0.16427279992
323.572372874,8.90566558944,0.218202228108
325.292739943,9.01646868861,0.26446404195
327.013107012,9.13584513067,0.227266413931
328.73347408,9.25137241852,0.169383673874
330.453841149,9.36183410485,0.17881397229
332.174208218,9.46723522717,0.241880888297
333.894575287,9.56971242253,0.261939735966
335.614942356,9.67526859913,0.205768555834
337.335309425,9.7944841979,0.165035806671
339.055676494,9.92824270485,0.200611720713
340.776043563,10.0760369771,0.260129011565
342.496410632,10.2277746682,0.248578659582
344.216777701,10.3447411086,0.186804846595
345.937144769,10.3921114899,0.17117790287
347.657511838,10.3698879713,0.22447136522
349.377878907,10.2911666866,0.266714373406
351.098245976,10.2162575566,0.227451517061
352.818613045,10.2585540417,0.173050455874
354.538980114,10.449767803,0.185476475132
356.259347183,10.7899075607,0.246969983941
357.979714252,11.210266817,0.262873685116
359.700081321,11.6308200326,0.177705043047
361.420448389,11.5627583901,0.242517404978
363.140815458,11.3056648922,0.307114296136
364.861182527,11.0486554504,0.311738383018
366.581549596,10.7917183443,0.259615291146
368.301916665,10.5482975592,0.124297554149
370.022283734,10.4879362137,0.270578847234
371.742650803,10.4276216327,0.313137097656
373.463017872,10.3673510657,0.299967000941
375.183384941,10.3071217642,0.22133124223
376.903752009,10.280021569,0.197155375022
378.624119078,10.2994139986,0.292227520077
380.344486147,10.3188445954,0.314654408626
382.064853216,10.3383142456,0.282319225037
383.785220285,10.357823837,0.165781923336
385.505587354,10.387128819,0.243176364681
387.225954423,10.4194976318,0.306771592745
388.946321492,10.4519100881,0.310226803077
390.666688561,10.4843676661,0.255989669569
392.387055629,10.4851702174,0.137535247571
394.107422698,10.2321116273,0.273948461955
395.827789767,9.97908813518,0.313300007802
397.548156836,9.72608820217,0.297064917296
399.268523905,9.47310029046,0.212880160573
400.988890974,9.34120003245,0.20059871995
402.709258043,9.35230042307,0.292740525435
404.429625112,9.3633957888,0.312942992069
406.149992181,9.37448663564,0.277400399647
407.870359249,9.38557346936,0.150818380834
409.590726318,9.41889977714,0.244696353548
411.311093387,9.45757763389,0.306246021219
413.031460456,9.4962552668,0.307416697114
414.751827525,9.53493443973,0.24906151237
416.472194594,9.61472003827,0.141641444547
418.192561663,9.92116492801,0.275191226864
419.912928732,10.2276307353,0.3137699359
421.633295801,10.5341314363,0.297036239526
423.353662869,10.8406810085,0.212285683909
425.074029938,10.9742407755,0.212654642655
426.794397007,10.9355140864,0.297541454835
428.514764076,10.8968545732,0.31476754047
430.235131145,10.8582604729,0.277248954361
431.955498214,10.8197300255,0.147959454008
433.675865283,10.8999481938,0.25241535962
435.396232352,11.0014210802,0.309811614917
437.116599421,11.1029641481,0.309163421795
438.836966489,11.2045820283,0.250019588231
440.557333558,11.3055368611,0.162606689845
442.277700627,11.4035303452,0.282024815302
443.998067696,11.5016123487,0.316460286376
445.718434765,11.5997873443,0.297106116184
447.438801834,11.6980598094,0.209548620812
449.159168903,11.7283951746,0.221515424172
450.879535972,11.7016913918,0.30105271209
452.599903041,11.6750897257,0.315809120173
454.320270109,11.6485889631,0.276367035694
456.040637178,11.6221878954,0.143382317198
457.761004247,11.3817448992,0.258573866931
459.481371316,11.1152002314,0.311368542294
461.201738385,10.8487309339,0.307182546232
462.922105454,10.5823248546,0.243088903637
464.642472523,10.392217707,0.166199270876
466.362839592,10.4455685599,0.282534559192
468.083206661,10.4989642452,0.31490793307
469.80357373,10.552407198,0.292659210251
471.523940798,10.6058998556,0.198167939863
473.244307867,10.5553249559,0.222659497164
474.964674936,10.4312503194,0.300387154122
476.685042005,10.3072198623,0.313002677387
478.405409074,10.1832279284,0.269802454289
480.125776143,10.0592688632,0.121226706777
481.846143212,10.1279605268,0.258763912775
483.566510281,10.2103966431,0.31062220856
485.28687735,10.2928668672,0.305092330816
487.007244418,10.37537496,0.238209284182
488.727611487,10.5089974212,0.174594342332
490.447978556,10.7733231274,0.285508803056
492.168345625,11.0377086129,0.316082619526
493.888712694,11.3021659349,0.292686482107
495.609079763,11.5667071535,0.19693689801
497.329446832,11.6644829596,0.232436439312
499.049813901,11.6637479976,0.304672324221
500.77018097,11.6631134219,0.31499823575
502.490548038,11.6625792035,0.270599068162
504.210915107,11.662145318,0.121738998549
505.931282176,11.5619730283,0.266636273646
507.651649245,11.4594459538,0.313797715744
509.372016314,11.3570099487,0.305509597207
511.092383383,11.2546603412,0.235998493282
512.812750452,11.1967277847,0.186119271007
514.533117521,11.2315680319,0.289243299983
516.25348459,11.2664889563,0.316351435702
517.973851658,11.3014921504,0.28964290181
519.694218727,11.3365792104,0.187358141551
521.414585796,11.2668867846,0.235454002676
523.134952865,11.1458722496,0.304913065503
524.855319934,11.0249344837,0.312771153109
526.575687003,10.9040679716,0.264576875233
528.296054072,10.7825067316,0.110990137264
530.016421141,10.6207846578,0.266189575643
531.73678821,10.4591154069,0.30913908428
533.457155278,10.2974916063,0.294029875824
535.177522347,10.1636681572,0.211779167179
536.897889416,9.86608567399,0.147856690357
538.618256485,9.11450497873,0.173130485978
540.338623554,8.84348818302,0.229855642852
542.058990623,8.83460722541,0.255542556206
543.779357692,8.82773104398,0.200029082076
545.499724761,8.8269110472,0.160761024653
547.22009183,8.83245976035,0.199542914617
548.940458898,8.84408780627,0.259154930088
550.660825967,8.85724811385,0.243685142325
552.381193036,8.86781292913,0.179573677589
554.101560105,8.87354460231,0.166015486854
555.821927174,8.87444339476,0.223105163846
557.542294243,8.87151964756,0.264130114021
559.262661312,8.86597045758,0.220856045407
560.983028381,8.83492179288,0.164771373134
562.70339545,8.77236986075,0.18095808256
564.423762518,8.67831180857,0.245394726905
566.144129587,8.5683520713,0.257979604074
567.864496656,8.48268475152,0.196953120626
569.584863725,8.48498620402,0.159429969509
571.305230794,8.57858802884,0.201818193667
573.025597863,8.7581083273,0.260468548648
574.745964932,8.95721186298,0.241902111762
576.466332001,9.1420224218,0.179285749379
578.18669907,9.3019763383,0.169490101489
579.907066139,9.437080907,0.227247609312
581.627433207,9.55327161441,0.265240606393
583.347800276,9.66684075453,0.220528894069
585.068167345,9.7671150004,0.167998709486
586.788534414,9.85146320777,0.186961125183
588.508901483,9.9199009873,0.249984566926
590.229268552,9.98099030197,0.258859475298
591.949635621,10.0444477495,0.198980833372
593.67000269,10.1155870543,0.166292187948
595.390369759,10.1946149505,0.208995550461
597.110736827,10.2809498095,0.263710665917
598.831103896,10.3680552479,0.241511687684
600.551470965,10.3914317056,0.181092528167
602.271838034,10.310776633,0.175127411636
603.992205103,10.126086352,0.232197063185
605.712572172,9.86534352078,0.265601376134
607.432939241,9.62171343744,0.217580418425
609.15330631,9.54142257167,0.166493801042
610.873673379,9.65145710019,0.188953823256
612.594040447,9.95119881499,0.252401121184
614.314407516,10.3313446915,0.258283965909
616.034774585,10.6644614898,0.199026210594
617.755141654,10.8583143728,0.170206118819
619.475508723,10.9104850142,0.214030871702
621.195875792,10.833984746,0.265817712608
622.916242861,10.7353988861,0.240384202995
624.63660993,10.6863396663,0.181763897422
626.356976999,10.7135295097,0.179298259158
628.077344067,10.8169696565,0.236697052845
629.797711136,10.973727756,0.267369344243
631.518078205,11.1265230421,0.219662285586
633.238445274,11.2391663964,0.173719400108
634.958812343,11.3061734919,0.197691853046
636.679179412,11.3278956942,0.257426143804
638.399546481,11.332139405,0.258263570816
640.11991355,11.3373517402,0.198738514157
641.840280619,11.3450281529,0.173395467735
643.560647687,11.3551934084,0.218509245548
645.281014756,11.3675814988,0.267478739609
647.001381825,11.3800927679,0.2389296272
648.721748894,11.3829219234,0.182043006674
650.442115963,11.3715546415,0.18295927607
652.162483032,11.345990404,0.240371078847
653.882850101,11.3110121172,0.267141272326
655.60321717,11.2769170062,0.2170543842
657.323584239,11.2490035,0.173118268886
659.043951307,11.2279490815,0.200076818497
660.764318376,11.2136594669,0.259250534527
662.484685445,11.2018071065,0.256352292739
664.205052514,11.2064340893,0.196381273595
665.925419583,11.2514352719,0.174032020074
667.645786652,11.3370153449,0.221238907117
669.366153721,11.4578399921,0.268272680338
671.08652079,11.5824651939,0.237135671864
672.806887859,11.6818128178,0.182064767383
674.527254927,11.7458646363,0.186242213643
676.247621996,11.7746235706,0.243872087911
677.967989065,11.7812099015,0.267224903502
679.688356134,11.7807871743,0.215926255964
681.408723203,11.7453435983,0.174987581312
683.129090272,11.6717387973,0.204220775506
684.849457341,11.5608008029,0.261595716588
686.56982441,11.4379711084,0.254438993693
688.290191479,11.3297910838,0.194039486336
690.010558547,11.2544246038,0.174754566836
691.730925616,11.2119224814,0.223845418814
693.451292685,11.1972163591,0.268382960129
695.171659754,11.1871198491,0.233814391286
696.892026823,11.2002043698,0.179351365686
698.612393892,11.2442564632,0.186882959365
700.332760961,11.3192781384,0.245796203614
702.05312803,11.4126665332,0.266017800429
703.773495099,11.506224039,0.212965731858
705.493862168,11.5995816277,0.174166757475
707.214229236,11.6927229411,0.206347160131
708.934596305,11.7856621071,0.263371387949
710.654963374,11.8786192094,0.253601016007
712.375330443,11.9741912379,0.195100460803
714.095697512,12.075040617,0.179551489271
715.816064581,12.181172528,0.228803128561
717.53643165,12.2916671235,0.26968500571
719.256798719,12.4027069676,0.227221855239
720.977165788,12.484297093,0.198108821511
722.697532856,12.5131189668,0.294040699072
724.417899925,12.5420799614,0.318659159712
726.138266994,12.5711813977,0.290690623817
727.858634063,12.6004246028,0.187959995618
729.579001132,12.6434338903,0.243951755734
731.299368201,12.6922574058,0.309033174965
733.01973527,12.7412282116,0.315291528
734.740102339,12.7903485411,0.26689867942
736.460469408,12.8271340277,0.137753282808
738.180836476,12.6437952055,0.275185214751
739.901203545,12.4606014635,0.316709333288
741.621570614,12.2775444474,0.304489980944
743.341937683,12.0946158091,0.23011640067
745.062304752,12.038105832,0.203169621434
746.782671821,12.1702611554,0.295574259152
748.50303889,12.302539964,0.318193050819
750.223405959,12.4349482903,0.287973006148
751.943773028,12.5674921726,0.180015846852
753.664140096,12.6195453204,0.248172442128
755.384507165,12.6446710067,0.310175235901
757.104874234,12.6699418133,0.31417123306
758.825241303,12.6953588926,0.262820616185
760.545608372,12.7143504405,0.147271352983
762.265975441,12.6717034184,0.277978590901
763.98634251,12.6292027493,0.317385167426
765.706709579,12.586846495,0.303441713794
767.427076648,12.5446327239,0.226497473292
769.147443716,12.565887256,0.211423128859
770.867810785,12.6666958112,0.298563629482
772.588177854,12.7676504909,0.318591233219
774.308544923,12.8687558993,0.28597621095
776.028911992,12.970016647,0.173155138452
777.749279061,13.0353926814,0.253169493184
779.46964613,13.0914172146,0.312020612051
781.190013199,13.1476072413,0.314065579259
782.910380268,13.2039653242,0.260645358724
784.630747336,13.2524358614,0.16075523888
786.351114405,13.2510228234,0.282387101747
788.071481474,13.2497825577,0.318991825547
789.791848543,13.2487150076,0.303127351203
791.512215612,13.2478201246,0.223901526764
793.232582681,13.3117353419,0.220361021268
794.95294975,13.4441423523,0.30230355792
796.673316819,13.576730942,0.320140924101
798.393683888,13.7095071574,0.286128145238
800.114050956,13.8424770539,0.171816740021
801.834418025,13.8687214062,0.260826182303
803.554785094,13.8738335323,0.315210262879
805.275152163,13.8791468333,0.314733767567
806.995519232,13.8846615516,0.259094088097
808.715886301,13.8810229039,0.173928252909
810.43625337,13.8353050394,0.286853462862
812.156620439,13.7897865927,0.320341869652
813.876987508,13.744465488,0.302087337264
815.597354577,13.6993396585,0.219536726184
817.317721645,13.7288418094,0.22703868751
819.038088714,13.8248976481,0.304796796459
820.758455783,13.92115243,0.320385823459
822.478822852,14.0176105448,0.284229325888
824.199189921,14.1142763912,0.16527189961
825.91955699,14.0618943787,0.265545678693
827.639924059,13.9886286365,0.316654954646
829.360291128,13.9155693042,0.313784045134
831.080658197,13.8427130502,0.255116399599
832.801025265,13.7362550015,0.181855499535
834.521392334,13.512678651,0.289141760357
836.241759403,13.2892870053,0.31978464931
837.962126472,13.0660698769,0.298416855337
839.682493541,12.8430170861,0.209694398495
841.40286061,12.5363054819,0.228458679246
843.123227679,12.166812254,0.303449414887
844.843594748,11.797442354,0.315568838108
846.563961817,11.4281789372,0.273315146338
848.284328885,11.0590051638,0.132020609286
850.004695954,10.9810967526,0.259619658525
851.725063023,10.9290294667,0.311474108825
853.445430092,10.8770290611,0.30643645343
855.165797161,10.8250931643,0.240963353702
856.88616423,10.7709051366,0.173398895764
858.606531299,10.710397154,0.284854743962
860.326898368,10.649946081,0.315294372173
862.047265437,10.589549161,0.291333927682
863.767632505,10.5292036394,0.193737767569
865.487999574,10.6459259218,0.226312949698
867.208366643,10.8741312236,0.302101207717
868.928733712,11.1024009021,0.314071899206
870.649100781,11.3307453672,0.270826422676
872.36946785,11.5591750323,0.124007683767
874.089834919,11.4393479902,0.264729008126
875.810201988,11.3055491186,0.313173189916
877.530569057,11.171834298,0.305786581727
879.250936125,11.0381974304,0.237412244362
880.971303194,10.9427521717,0.183117056499
882.691670263,10.9327383251,0.288196405008
884.412037332,10.9227915278,0.316118699261
886.132404401,10.9129113262,0.290097443912
887.85277147,10.9030972698,0.18902585837
889.573138539,10.9587862112,0.232501580876
891.293505608,11.0488263799,0.301651282717
893.013872677,11.138938892,0.30707597588
894.734239745,11.2291278571,0.252911176654
896.454606814,11.1212097426,0.0967900779543
898.174973883,11.6751372366,0.178247568603
899.895340952,11.8059218098,0.216806071952
901.615708021,11.5874971263,0.264197153066
903.33607509,11.33910124,0.230074225663
905.056442159,11.168602389,0.177310131803
906.776809228,11.098943279,0.187529339917
908.497176297,11.1301207332,0.247238266732
910.217543365,11.2177564273,0.264634554397
911.937910434,11.3021469628,0.209917135381
913.658277503,11.3719115305,0.172774274864
915.378644572,11.4262201143,0.207439492919
917.099011641,11.4657111289,0.263638560921
918.81937871,11.5013166241,0.250124761418
920.539745779,11.4966411989,0.190381498461
922.260112848,11.4143962935,0.176999959016
923.980479917,11.2545781573,0.228802162775
925.700846985,11.0327660751,0.267999776444
927.421214054,10.8114648034,0.226970745218
929.141581123,10.6571766429,0.173543381318
930.861948192,10.5866306531,0.187463319483
932.582315261,10.5998236169,0.248551661466
934.30268233,10.656482189,0.262149700357
936.023049399,10.7041961052,0.204771531196
937.743416468,10.7181403942,0.169153028742
939.463783537,10.6968845653,0.207468463915
941.184150606,10.6423307618,0.263366316445
942.904517674,10.5799864634,0.245912914857
944.624884743,10.5472130947,0.185207446097
946.345251812,10.5671449246,0.174726202927
948.065618881,10.6397828622,0.229629759702
949.78598595,10.753096522,0.267472521313
951.506353019,10.8642532358,0.224772583928
953.226720088,10.9265689325,0.173698902566
954.947087157,10.9297444674,0.190683460013
956.667454226,10.8737964387,0.251443871276
958.387821294,10.7896886806,0.260941567175
960.108188363,10.7169349332,0.202241051356
961.828555432,10.6824368562,0.169350200376
963.548922501,10.687349232,0.210193997032
965.26928957,10.7289627943,0.26457419508
966.989656639,10.7784108609,0.243817054063
968.710023708,10.8272032257,0.184185267588
970.430390777,10.874864109,0.17716359622
972.150757846,10.9213956843,0.232908135701
973.871124914,10.9671082644,0.267428662227
975.591491983,11.0037194739,0.222049102652
977.311859052,10.964674388,0.172698293712
979.032226121,10.8366258222,0.192880292083
980.75259319,10.6197624237,0.253527365784
982.472960259,10.3641074924,0.258897885111
984.193327328,10.1683080514,0.198483541008
985.913694397,10.155681847,0.167992821946
987.634061466,10.3299621686,0.211867190289
989.354428534,10.6751740965,0.26524150931
991.074795603,11.0505384588,0.24166044114
992.795162672,11.3070852855,0.183428192507
994.515529741,11.376990404,0.179831573016
996.23589681,11.2602570022,0.236100722439
997.956263879,11.0109611894,0.266903209154
999.676630948,10.7705867809,0.218430364492
1001.39699802,10.6312193872,0.170282723787
1003.11736509,10.6075991795,0.193975337913
1004.83773215,10.6990429535,0.255359847825
1006.55809922,10.836508858,0.258004762972
1008.27846629,10.9642846922,0.198348628264
1009.99883336,11.0649961273,0.171648033332
1011.71920043,11.1383074564,0.216596595892
1013.4395675,11.1870795417,0.266932045523
1015.15993457,11.2313179106,0.239866758285
1016.88030164,11.2552330017,0.182881294314
1018.60066871,11.2488685929,0.182636350593
1020.32103577,11.212224394,0.239465539557
1022.04140284,11.1551019576,0.26696124009
1023.76176991,11.0951620654,0.216819800615
1025.48213698,11.0210264136,0.171441288683
1027.20250405,10.9309835372,0.197771601434
1028.92287112,10.825211742,0.257658125956
1030.64323819,10.7137449279,0.255656042336
1032.36360526,10.630377971,0.194392438142
1034.08397233,10.6181813246,0.170252300858
1035.80433939,10.6776268432,0.218085851167
1037.52470646,10.7998183031,0.266939352902
1039.24507353,10.9306184916,0.236767332331
1040.9654406,11.0497300075,0.180533711824
1042.68580767,11.1522525456,0.183619362741
1044.40617474,11.2381907813,0.241831227065
1046.12654181,11.3135125472,0.266659689402
1047.84690888,11.3841622964,0.215486875585
1049.56727595,11.4301938247,0.173095698779
1051.28764301,11.4492209146,0.201871140847
1053.00801008,11.4417522538,0.260506373389
1054.72837715,11.4255647212,0.255293166796
1056.44874422,11.4239961881,0.195463915036
1058.16911129,11.4561989191,0.175238672226
1059.88947836,11.5222628267,0.22345022241
1061.60984543,11.617246848,0.268886088841
1063.3302125,11.7143160715,0.236049281548
1065.05057957,11.7809313562,0.182233235249
1066.77094663,11.8062074329,0.188465695784
1068.4913137,11.7901454544,0.245923262007
1070.21168077,11.7491081261,0.26642578356
1071.93204784,11.7025252141,0.213225065604
1073.65241491,11.6302040549,0.173266903396
1075.37278198,11.530160418,0.204615494069
1077.09314905,11.4031653327,0.261443599266
1078.81351612,11.2681418356,0.250784859222
1080.53388319,11.1332006835,0.10901506869
1082.25425025,11.3138648405,0.266745724481
1083.97461732,11.4957891768,0.313770217061
1085.69498439,11.6778062397,0.305332868561
1087.41535146,11.85992433,0.235545246568
1089.13571853,12.0186940292,0.192486175254
1090.8560856,12.132805616,0.291925741805
1092.57645267,12.2470389798,0.317998196974
1094.29681974,12.3613993303,0.291136518086
1096.01718681,12.4758918827,0.190080274072
1097.73755387,12.3941020423,0.241967587533
1099.45792094,12.2247334809,0.307953314869
1101.17828801,12.0554908889,0.314417927643
1102.89865508,11.8863665481,0.265742760219
1104.61902215,11.7264659173,0.126337308474
1106.33938922,11.7924609729,0.271884402686
1108.05975629,11.8585622847,0.315520041516
1109.78012336,11.9247728669,0.304731186012
1111.50049043,11.9910957392,0.232044187839
1113.22085749,12.0078083935,0.201128582277
1114.94122456,11.9456398818,0.294557965244
1116.66159163,11.8835846118,0.317328834055
1118.3819587,11.8216397534,0.286801029242
1120.10232577,11.7598024818,0.177292850827
1121.82269284,11.8133457121,0.243392159552
1123.54305991,11.9088135512,0.308156720242
1125.26342698,12.0043929524,0.313581358801
1126.98379405,12.1000882747,0.263359965912
1128.70416111,12.1937244973,0.142163411254
1130.42452818,12.2628607296,0.276435210357
1132.14489525,12.33212467,0.316942629547
1133.86526232,12.4015194774,0.303847716515
1135.58562939,12.4710483162,0.228095058768
1137.30599646,12.5920774799,0.209078430193
1139.02636353,12.7816659739,0.298067835972
1140.7467306,12.9714058357,0.31942753853
1142.46709767,13.1613057181,0.288590971045
1144.18746473,13.3513742813,0.180536431895
1145.9078318,13.3662509892,0.254201383945
1147.62819887,13.3307747584,0.312816319071
1149.34856594,13.295474937,0.315089274442
1151.06893301,13.260349915,0.262488491406
1152.78930008,13.2154197518,0.158321551834
1154.50966715,13.1000490329,0.281517488748
1156.23003422,12.9848442012,0.318547822715
1157.95040129,12.869800003,0.302872289704
1159.67076835,12.7549111917,0.223667264176
1161.39113542,12.6915266583,0.215953886117
1163.11150249,12.6858931026,0.300010574323
1164.83186956,12.680406547,0.318229093409
1166.55223663,12.6750667413,0.283598958275
1168.2726037,12.669873442,0.165766047769
1169.99297077,12.7403023217,0.254893375693
1171.71333784,12.827580487,0.312255620126
1173.43370491,12.9150121139,0.313000398215
1175.15407197,13.0026011897,0.257619387601
1176.87443904,13.1142424153,0.165687134222
1178.59480611,13.3457942619,0.284165892672
1180.31517318,13.5775232027,0.319865665026
1182.03554025,13.8094398055,0.303558112033
1183.75590732,14.0415546466,0.224162555212
1185.47627439,14.0963391117,0.227757705138
1187.19664146,13.9833521406,0.305097001514
1188.91700853,13.8705713388,0.320488189483
1190.63737559,13.7579915631,0.284184493695
1192.35774266,13.6456076795,0.164998837864
1194.07810973,13.5713313245,0.262609172426
1195.7984768,13.5033465551,0.315203447719
1197.51884387,13.435546065,0.312986935655
1199.23921094,13.3679267621,0.254531233359
1200.95957801,13.28366665,0.175525036536
1202.67994508,13.1358637353,0.286879006418
1204.40031215,12.9882283412,0.319053281045
1206.12067921,12.8407537349,0.298829199095
1207.84104628,12.693433191,0.211681286537
1209.56141335,12.5147099965,0.22659855234
1211.28178042,12.3109663529,0.303110445833
1213.00214749,12.1073526112,0.316430814166
1214.72251456,11.9038594858,0.275873091605
1216.44288163,11.7004776968,0.140726926328
1218.1632487,11.6579486439,0.260156849846
1219.88361577,11.6326205674,0.312439487716
1221.60398283,11.6073914576,0.308372563726
1223.3243499,11.582260164,0.245166758917
1225.04471697,11.5456195131,0.174970915813
1226.76508404,11.4745042133,0.285809149292
1228.48545111,11.4034806695,0.316588848464
1230.20581818,11.3325456428,0.293671740491
1231.92618525,11.2616958982,0.199319078877
1233.64655232,11.2006298053,0.22687174821
1235.36691939,11.1461417455,0.302324789204
1237.08728645,11.0917304671,0.314131500429
1238.80765352,11.0373934888,0.27075280611
1240.52802059,10.9831283324,0.123616735567
1242.24838766,10.9646018218,0.261939184351
1243.96875473,10.9481657541,0.312084278714
1245.6891218,10.9317974393,0.305735802266
1247.40948887,10.9154961308,0.238421417066
1249.12985594,10.9089606325,0.179259735199
1250.85022301,10.9257990735,0.285167115086
1252.57059007,10.9427042473,0.311143413163
1254.29095714,10.959676925,0.28036886131
1256.01132421,10.9662050585,0.175571943327
1257.73169128,11.0443402144,0.165982831619
1259.45205835,11.1357615586,0.192842902758
1261.17242542,11.1731595395,0.253015360083
1262.89279249,11.1941114088,0.250408035057
1264.61315956,11.2161268865,0.192268228841
1266.33352663,11.2403456315,0.174624921719
1268.05389369,11.2667702252,0.224573757792
1269.77426076,11.2950491481,0.268234449648
1271.49462783,11.3243470714,0.232345267266
1273.2149949,11.3655234184,0.178436316262
1274.93536197,11.4222615413,0.187550929282
1276.65572904,11.4945640276,0.24687133572
1278.37609611,11.5758322382,0.265486863721
1280.09646318,11.6578533789,0.211693494896
1281.81683025,11.7426362585,0.174031388712
1283.53719731,11.8303503583,0.207499412247
1285.25756438,11.9208957011,0.264021068733
1286.97793145,12.0123033524,0.252533077023
1288.69829852,12.0805539204,0.194217467565
1290.41866559,12.1028570557,0.180148331222
1292.13903266,12.0792137753,0.230205765753
1293.85939973,12.0184403082,0.270116847183
1295.5797668,11.9578218751,0.231952920941
1297.30013387,11.9403588465,0.180822522763
1299.02050093,11.9774560799,0.192817166155
1300.740868,12.0691152669,0.251112574911
1302.46123507,12.18992525,0.265586031145
1304.18160214,12.2869189052,0.210970486212
1305.90196921,12.2906551265,0.176518021912
1307.62233628,12.1967408078,0.211753402422
1309.34270335,12.0099834588,0.26567934637
1311.06307042,11.8004145304,0.24943347711
1312.78343749,11.6380440726,0.190317144568
1314.50380455,11.5619274761,0.179147844134
1316.22417162,11.5720612697,0.231561208786
1317.94453869,11.6496116549,0.269211636658
1319.66490576,11.7242070209,0.227962567655
1321.38527283,11.7152244831,0.177620400835
1323.1056399,11.6039361788,0.192978211457
1324.82600697,11.390340931,0.252021256048
1326.54637404,11.1265190146,0.261904264741
1328.26674111,10.8890322013,0.203226515345
1329.98710817,10.7436607428,0.169298693031
1331.70747524,10.6935483352,0.20930935569
1333.42784231,10.7326522439,0.264262598682
1335.14820938,10.7915373377,0.244754880059
1336.86857645,10.8498838741,0.184944669729
1338.58894352,10.9072715115,0.176756904502
1340.30931059,10.963702867,0.232002749401
1342.02967766,11.0194336243,0.26750878665
1343.75004473,11.0656541321,0.222913645629
1345.47041179,11.0281473383,0.172882244863
1347.19077886,10.8911790557,0.191963981137
1348.91114593,10.6548736964,0.252517604993
1350.631513,10.373825596,0.258773896739
1352.35188007,10.1082864028,0.197753386762
1354.07224714,9.89178795877,0.165715640529
1355.79261421,9.72547717124,0.209342569869
1357.51298128,9.6053581962,0.263266507387
1359.23334835,9.49489537439,0.238938986636
1360.95371541,9.42561338649,0.176856934157
1362.67408248,9.42232858058,0.171739870386
1364.39444955,9.48504080686,0.231067900237
1366.11481662,9.59537631486,0.264867353372
1367.83518369,9.70172829863,0.216771861708
1369.55555076,9.76223162967,0.166639197457
1371.27591783,9.76972771682,0.189924261489
1372.9962849,9.72444988715,0.252631444586
1374.71665197,9.65741111625,0.256061109302
1376.43701903,9.59514539011,0.194060973987
1378.1573861,9.54658559369,0.164739383075
1379.87775317,9.51193578462,0.211213812703
1381.59812024,9.48984060407,0.263782917465
1383.31848731,9.47068025689,0.236390561315
1385.03885438,9.48429636315,0.175466876915
1386.75922145,9.54758122158,0.173941532063
1388.47958852,9.66053771822,0.2341690342
1390.19995559,9.80772098213,0.264760633491
1391.92032265,9.94636874409,0.214787376163
1393.64068972,10.0223977403,0.167253501595
1395.36105679,10.0277616026,0.193430754989
1397.08142386,9.96311682618,0.255065175637
1398.80179093,9.87212565541,0.254318310107
1400.522158,9.77604712033,0.191517226528
1402.24252507,9.66661266297,0.165342014035
1403.96289214,9.5437038258,0.213997584237
1405.68325921,9.40889274472,0.264222215627
1407.40362627,9.27414194359,0.233067366101
1409.12399334,9.19380857582,0.172524908148
1410.84436041,9.19187974927,0.17461289939
1412.56472748,9.26835537598,0.236264106812
1414.28509455,9.39614600499,0.263548145069
1416.00546162,9.52011111147,0.210919173187
1417.72582869,9.61608743653,0.164943809337
1419.44619576,9.6811583984,0.194650265679
1421.16656283,9.71582091219,0.256387495028
1422.88692989,9.74007100486,0.252261615514
1424.60729696,9.74413923799,0.189393276308
1426.32766403,9.69992836523,0.166569566293
1428.0480311,9.60725199149,0.217078267014
1429.76839817,9.47281894462,0.264821326183
1431.48876524,9.33641099649,0.230435853838
1433.20913231,9.27428208385,0.171166267633
1434.92949938,9.31440714037,0.1768617266
1436.64986645,9.45678799592,0.238939598101
1438.37023351,9.66239313592,0.262059362241
1440.09060058,9.86882202305,0.184385242918
1441.81096765,9.91053168432,0.227304150401
1443.53133472,9.857135963,0.301570400475
1445.25170179,9.80375823928,0.311758013515
1446.97206886,9.75039607894,0.265355185074
1448.69243593,9.69704704844,0.102960026773
1450.412803,9.78009946371,0.262267994733
1452.13317007,9.86574513937,0.311113863931
1453.85353713,9.95140920525,0.302939265698
1455.5739042,10.037095568,0.231785833269
1457.29427127,10.0774221908,0.182004446931
1459.01463834,10.0251895465,0.287189221818
1460.73500541,9.97298256372,0.314331887353
1462.45537248,9.92079886161,0.286547126761
1464.17573955,9.8686360604,0.179968788835
1465.89610662,9.93412699335,0.231774324986
1467.61647369,10.0559057453,0.303051649022
1469.33684075,10.1777115596,0.311417241496
1471.05720782,10.299549991,0.262947645743
1472.77757489,10.4198671485,0.109470820317
1474.49794196,10.4766776492,0.267027527855
1476.21830903,10.5335344011,0.312658258327
1477.9386761,10.5904399971,0.302230281949
1479.65904317,10.6473970322,0.228180633364
1481.37941024,10.5716233968,0.191402173571
1483.09977731,10.2712134777,0.290123764211
1484.82014437,9.97084043977,0.314093671802
1486.54051144,9.67049058484,0.282995657795
1488.26087851,9.37015021575,0.168711393702
1489.98124558,9.40225622062,0.234751531623
1491.70161265,9.56431312578,0.303534824291
1493.42197972,9.72637467466,0.309861105449
1495.14234679,9.88844825792,0.258361248666
1496.86271386,10.0393978262,0.120608586079
1498.58308093,10.033856839,0.269512082619
1500.30344799,10.0283419086,0.31257278115
1502.02381506,10.0228527834,0.299576277186
1503.74418213,10.0173892132,0.220834595131
1505.4645492,10.0056219828,0.19591888233
1507.18491627,9.98491977126,0.291598153183
1508.90528334,9.96424138473,0.314064708968
1510.62565041,9.94358588024,0.281439453669
1512.34601748,9.9229523158,0.163525266627
1514.06638455,9.84185013112,0.241390142348
1515.78675161,9.74181678283,0.305531461427
1517.50711868,9.64179617313,0.308729983789
1519.22748575,9.5417837407,0.25330563778
1520.94785282,9.441243711,0.129308481693
1522.66821989,9.33635915476,0.271426342859
1524.38858696,9.23146884664,0.312033731419
1526.10895403,9.12656800323,0.296316343227
1527.8293211,9.02165184064,0.212097837182
1529.54968817,8.95574713242,0.199178922904
1531.27005523,8.93629384766,0.292056391994
1532.9904223,8.91681656647,0.312380228976
1534.71078937,8.8973144006,0.276636762359
1536.43115644,8.87778646067,0.148770185411
1538.15152351,8.90952348718,0.243259567993
1539.87189058,8.95374062669,0.305440320912
1541.59225765,8.99793456541,0.306707960647
1543.31262472,9.04210731875,0.247998607716
1545.03299179,9.06163989882,0.138125688996
1546.75335885,8.94323850981,0.273600141717
1548.47372592,8.82481344107,0.311843608567
1550.19409299,8.70635929195,0.293685182052
1551.91446006,8.58787066047,0.204618380501
1553.63482713,8.43626687222,0.204249806409
1555.3551942,8.25140643633,0.293252868902
1557.07556127,8.06649077043,0.311019088192
1558.79592834,7.88151144164,0.271894880589
1560.51629541,7.69646001417,0.132570522743
1562.23666247,7.74054313405,0.245271916631
1563.95702954,7.82611559726,0.30519000952
1565.67739661,7.91161343553,0.304130729618
1567.39776368,7.99704054788,0.241292087955
1569.11813075,8.04519508734,0.143715050335
1570.83849782,7.93870182589,0.274741315374
1572.55886489,7.83213907387,0.310875358298
1574.27923196,7.7255019716,0.290068905353
1575.99959903,7.61878565599,0.194858804974
1577.71996609,7.5565034099,0.207540083355
1579.44033316,7.53182895521,0.293915249348
1581.16070023,7.50706645493,0.309802159096
1582.8810673,7.4822147798,0.268045234522
1584.60143437,7.45727279649,0.118297853415
1586.32180144,7.67645703454,0.248960273528
1588.04216851,7.92605338926,0.30627015012
1589.76253558,8.17557967659,0.303382706586
1591.48290265,8.42504727591,0.238117370391
1593.20326972,8.61803773293,0.156745282899
1594.92363678,8.62881654707,0.278807976686
1596.64400385,8.6395573426,0.312194695314
1598.36437092,8.65026060933,0.289426334098
1600.08473799,8.66092683538,0.191409546208
1601.80510506,8.70799102279,0.216578286756
1603.52547213,8.78097345881,0.297469015864
1605.2458392,8.85392481518,0.310961443985
1606.96620627,8.92684841877,0.26746077196
1608.68657334,8.99974759517,0.114008596699
1610.4069404,8.97757355041,0.255051279538
1612.12730747,8.94838873758,0.305793533315
1613.84767454,8.91918047989,0.296250989589
1615.56804161,8.89235153303,0.22029073285
1617.28840868,8.87133121975,0.137144438705
1619.00877575,8.80047729741,0.166394330505
1620.72914282,8.80479294517,0.219169040326
1622.44950989,8.85605718699,0.255832403763
1624.16987696,8.90181612424,0.205236473144
1625.89024402,8.91615325015,0.160927267549
1627.61061109,8.89634454742,0.193668474446
1629.33097816,8.84316936507,0.256005600133
1631.05134523,8.77942223115,0.248628258901
1632.7717123,8.74774944108,0.184054906542
1634.49207937,8.78741492364,0.16320180515
1636.21244644,8.89851759375,0.217057970137
1637.93281351,9.069801821,0.264250469144
1639.65318058,9.24317094845,0.227932979031
1641.37354764,9.33428271661,0.16993689248
1643.09391471,9.31598052277,0.17855259223
1644.81428178,9.18826353228,0.241068686047
1646.53464885,8.99631289344,0.261038774889
1648.25501592,8.82013179269,0.203342177097
1649.97538299,8.71752300648,0.160442144931
1651.69575006,8.69349507209,0.196712435574
1653.41611713,8.74546351062,0.257766513844
1655.1364842,8.81913596457,0.246275235859
1656.85685126,8.87766858364,0.181683018455
1658.57721833,8.90536490939,0.164342297471
1660.2975854,8.90222477872,0.21992830398
1662.01795247,8.87386578038,0.264189356092
1663.73831954,8.84418442819,0.224297438492
1665.45868661,8.82982099331,0.166953175855
1667.17905368,8.83508303092,0.179296028885
1668.89942075,8.859970781,0.24308738171
1670.61978782,8.89559070205,0.259792547533
1672.34015488,8.92374614184,0.200772519695
1674.06052195,8.92168009718,0.160756233762
1675.78088902,8.88782020466,0.199731655548
1677.50125609,8.82358385618,0.25915022043
1679.22162316,8.75150740737,0.243464354119
1680.94199023,8.6768784835,0.178809356647
1682.6623573,8.59747986758,0.164967492624
1684.38272437,8.51330793871,0.222378917576
1686.10309144,8.42534776772,0.263628088057
1687.8234585,8.3409964168,0.220013626137
1689.54382557,8.30073409094,0.163074029488
1691.26419264,8.31504483046,0.17934939176
1692.98455971,8.38392928799,0.244613516622
1694.70492678,8.48041079773,0.257837762894
1696.42529385,8.55519758164,0.19707868857
1698.14566092,8.55124069037,0.159543155716
1699.86602799,8.46551434412,0.20162903784
1701.58639506,8.30277707882,0.259708473208
1703.30676212,8.12246387264,0.23977019035
1705.02712919,7.98289160604,0.174477300091
1706.74749626,7.91451468222,0.164040086157
1708.46786333,7.91732998293,0.224008763558
1710.1882304,7.97442807236,0.262898633826
1711.90859747,8.03127758019,0.216497589953
1713.62896454,8.05423330847,0.161015993504
1715.34933161,8.03653777615,0.180992359296
1717.06969868,7.9782170568,0.246586543091
1718.79006574,7.90098541699,0.255498375444
1720.51043281,7.84617312343,0.192353005474
1722.23079988,7.86507663468,0.156906706433
1723.95116695,7.95969435645,0.202732284787
1725.67153402,8.12444608791,0.260381006408
1727.39190109,8.30339267189,0.237845141962
1729.11226816,8.471037202,0.174407913485
1730.83263523,8.62022409211,0.167820811248
1732.5530023,8.75096014572,0.228184295557
1734.27336936,8.86817611821,0.263795595852
1735.99373643,8.9800733495,0.215948901642
1737.7141035,9.05532736842,0.164025192861
1739.43447057,9.08783634388,0.186717321504
1741.15483764,9.07773475772,0.250686995983
1742.87520471,9.04949063306,0.25570215212
1744.59557178,9.0214002606,0.193321929668
1746.31593885,8.99380296245,0.162408530304
1748.03630592,8.96670662088,0.208798507923
1749.75667298,8.94006251446,0.262542845219
1751.47704005,8.91381039618,0.235762332646
1753.19740712,8.90413488447,0.173151703503
1754.91777419,8.92007135384,0.170310535145
1756.63814126,8.96162053103,0.231426213623
1758.35850833,9.02110668464,0.263391867436
1760.0788754,9.07282246334,0.21280060675
1761.79924247,9.06724647091,0.16270191054
1763.51960954,8.99648904414,0.188820135343
1765.2399766,8.86102722517,0.252398465485
1766.96034367,8.7003875442,0.25305987535
1768.68071074,8.55774237165,0.188812744524
1770.40107781,8.46381806001,0.160440803844
1772.12144488,8.41912532279,0.210119657778
1773.84181195,8.41824457999,0.262555927474
1775.56217902,8.42540548877,0.232460488908
1777.28254609,8.47029653114,0.170468149438
1779.00291316,8.5705069156,0.171297182236
1780.72328022,8.72604121213,0.233859087571
1782.44364729,8.91845515661,0.262840483636
1784.16401436,9.09982800561,0.210426427505
1785.88438143,9.21027640506,0.162887154313
1787.6047485,9.24183428893,0.192019933642
1789.32511557,9.19556287529,0.254673414318
1791.04548264,9.12171019887,0.251496409986
1792.76584971,9.01448820528,0.187247233816
1794.48621678,8.82494292051,0.162629639165
1796.20658384,8.55263479633,0.213540402669
1797.92695091,8.20837127272,0.261803427695
1799.64731798,7.85417622644,0.222085291557
1801.36768505,7.60751427268,0.159741265522
1803.08805212,7.64937094619,0.279283734429
1804.80841919,7.69114493448,0.311104873084
1806.52878626,7.73283814263,0.286148933574
1808.24915333,7.77445247201,0.182432441633
1809.9695204,7.8856888239,0.218979248715
1811.68988746,8.03973629457,0.297843277526
1813.41025453,8.19371888223,0.309727554885
1815.1306216,8.34764360911,0.263846260893
1816.85098867,8.50151749477,0.0987769750428
1818.57135574,8.68787235691,0.258458088229
1820.29172281,8.87531577272,0.309428671845
1822.01208988,9.06273241125,0.302331160673
1823.73245695,9.25013081944,0.231891945915
1825.45282402,9.37405467584,0.176918535252
1827.17319108,9.35938468396,0.28529540483
1828.89355815,9.34470999027,0.313509555348
1830.61392522,9.33002992553,0.286334716471
1832.33429229,9.31534382027,0.180245610678
1834.05465936,9.29406808013,0.22826822194
1835.77502643,9.26941762476,0.301368295008
1837.4953935,9.24475836473,0.310324798284
1839.21576057,9.22008917546,0.261807704488
1840.93612764,9.19444293038,0.0946121237432
1842.6564947,9.06367896374,0.263257873542
1844.37686177,8.93289680992,0.310401580054
1846.09722884,8.80209050476,0.300149439616
1847.81759591,8.67125408295,0.224778116709
1849.53796298,8.55792727324,0.181706102217
1851.25833005,8.47621471027,0.286318096944
1852.97869712,8.39445716945,0.312200333804
1854.69906419,8.3126509223,0.281944889626
1856.41943126,8.23079223813,0.167470566212
1858.13979832,8.31763325778,0.230435863252
1859.86016539,8.47533646241,0.30152920139
1861.58053246,8.63299464912,0.308706305356
1863.30089953,8.79061500775,0.257372603513
1865.0212666,8.93657321315,0.108344914973
1866.74163367,8.86878570485,0.266133527261
1868.46200074,8.80097112146,0.310694799788
1870.18236781,8.7331263704,0.298087105316
1871.90273488,8.66524835766,0.218631300219
1873.62310194,8.59221573091,0.188297300629
1875.34346901,8.51143778894,0.288338435438
1877.06383608,8.43061647542,0.311978155507
1878.78420315,8.34974810458,0.279342819242
1880.50457022,8.2688289885,0.158876230138
1882.22493729,8.28990721452,0.235514559392
1883.94530436,8.34556436298,0.302882249052
1885.66567143,8.40117057541,0.307438717401
1887.3860385,8.45672838767,0.252607085159
1889.10640556,8.49762014606,0.119386761548
1890.82677263,8.39776563481,0.268551909903
1892.5471397,8.29786256812,0.310564781672
1894.26750677,8.19790639,0.295378914332
1895.98787384,8.09789254206,0.210981297735
1897.70824091,8.05701697875,0.193222143684
1899.42860798,8.09092598561,0.289754508151
1901.14897505,8.12477244393,0.311478753891
1902.86934212,8.15855789723,0.276624649712
1904.58970918,8.19228388627,0.149868221891
1906.31007625,8.19316890624,0.240492029516
1908.03044332,8.18523594035,0.304247150797
1909.75081039,8.17724472682,0.306256595784
1911.47117746,8.16919490122,0.248026129927
1913.19154453,8.15750355614,0.130523568017
1914.9119116,8.12311557164,0.271363083543
1916.63227867,8.08866650657,0.310962417672
1918.35264574,8.05415478991,0.293631937284
1920.0730128,8.01957884778,0.205431935001
1921.79337987,7.98171844792,0.200621457538
1923.51374694,7.94036099314,0.292017004971
1925.23411401,7.89893412345,0.310976347433
1926.95448108,7.85743594962,0.273035029076
1928.67484815,7.81586457917,0.137096332797
1930.39521522,7.89907881371,0.243988022464
1932.11558229,8.00749788301,0.304972680923
1933.83594936,8.11585059911,0.304798014762
1935.55631642,8.22414190332,0.243332317537
1937.27668349,8.2889662016,0.14105747866
1938.99705056,8.15483244971,0.274087950288
1940.71741763,8.02063906366,0.311029111346
1942.4377847,7.88637992369,0.291111432385
1944.15815177,7.75204890707,0.197844106793
1945.87851884,7.72537991871,0.205961378041
1947.59888591,7.79546835401,0.293644926482
1949.31925298,7.86548076673,0.310515933223
1951.03962004,7.93542034971,0.270185777578
1952.75998711,8.00529029246,0.126347534677
1954.48035418,8.06612379421,0.248685546393
1956.20072125,8.12560226497,0.306322437898
1957.92108832,8.18501976856,0.303782657326
1959.64145539,8.24437901464,0.239156055995
1961.36182246,8.28658545016,0.152083896151
1963.08218953,8.26870161895,0.27733081324
1964.8025566,8.25076334645,0.311737976211
1966.52292366,8.23276981462,0.28972015164
1968.24329073,8.21472020288,0.192825220373
1969.9636578,8.26468157614,0.213679233719
1971.68402487,8.3661135236,0.296388182608
1973.40439194,8.46749547216,0.310770699003
1975.12475901,8.56883204523,0.268063100015
1976.84512608,8.67012786415,0.116959993171
1978.56549315,8.68340519024,0.284311033245
1980.28586022,8.68864864163,0.399995357263
1982.00622728,8.69385680299,0.48795266614
1983.72659435,8.69902991182,0.561383617881
1985.44696142,8.70416820405,0.625437149448
1987.16732849,8.709271914,0.682767790884
1988.88769556,8.71434127442,0.73495981719
1990.60806263,8.71937651649,0.783050033905
1992.3284297,8.72437786983,0.827761705552
1994.04879677,8.72934556254,0.869623670182
1995.76916384,8.73427982115,0.90903684037
1997.4895309,8.73918087069,0.946313995133
1999.20989797,8.74404893466,0.981704917409
2000.93026504,8.74888423508,1.01541298335
2002.65063211,8.75368699244,1.04760651166
2004.37099918,8.75845742577,1.07842676609
2006.09136625,8.76319575262,1.10799374516
2007.81173332,8.76790218908,1.13641046473
2009.53210039,8.77257694979,1.16376618753
2011.25246746,8.77722024792,1.19013890042
2012.97283452,8.78183229523,1.21559724326
2014.69320159,8.78641330205,1.24020203118
2016.41356866,8.79096347729,1.26400747063
2018.13393573,8.79548302846,1.28706214124
2019.8543028,8.79997216166,1.30940979671
2021.57466987,8.80443108162,1.33109002382
2023.29503694,8.80885999168,1.35213878933
2025.01540401,8.81325909383,1.3725888972
2026.73577108,8.81762858866,1.39247037361
2028.45613814,8.82196867546,1.41181079316
2030.17650521,8.82627955215,1.43063555711
2031.89687228,8.83056141531,1.44896813182
2033.61723935,8.83481446022,1.46683025429
2035.33760642,8.83903888084,1.48424211018
2037.05797349,8.84323486981,1.50122248868
2038.77834056,8.84740261849,1.51778891784
2040.49870763,8.85154231695,1.53395778329
2042.2190747,8.85565415396,1.5497444328
2043.93944176,8.85973831706,1.56516326871
2045.65980883,8.86379499248,1.58022782987
2047.3801759,8.86782436524,1.59495086457
2049.10054297,8.87182661908,1.60934439563
2050.82091004,8.87580193653,1.62341977864
2052.54127711,8.87975049887,1.63718775424
2054.26164418,8.88367248618,1.65065849517
2055.98201125,8.88756807732,1.66384164875
2057.70237832,8.89143744993,1.67674637519
2059.42274538,8.89528078048,1.68938138248
2061.14311245,8.89909824423,1.70175495791
2062.86347952,8.90289001529,1.7138749969
2064.58384659,8.90665626656,1.72574902919
2066.30421366,8.91039716981,1.73738424287
2068.02458073,8.91411289564,1.74878750634
2069.7449478,8.91780361349,1.75996538841
2071.46531487,8.92146949168,1.77092417682
2073.18568194,8.92511069739,1.7816698953
2074.906049,8.92872739666,1.79220831924
2076.62641607,8.93231975444,1.80254499019
2078.34678314,8.93588793456,1.81268522927
2080.06715021,8.93943209973,1.82263414955
2081.78751728,8.94295241158,1.83239666756
2083.50788435,8.94644903065,1.84197751401
2085.22825142,8.94992211641,1.85138124365
2086.94861849,8.95337182723,1.86061224455
2088.66898556,8.95679832044,1.8696747467
2090.38935262,8.96020175231,1.87857283003
2092.10971969,8.96358227803,1.88731043192
2093.83008676,8.96694005179,1.89589135423
2095.55045383,8.97027522669,1.90431926981
2097.2708209,8.97358795485,1.91259772874
2098.99118797,8.97687838733,1.92073016399
2100.71155504,8.98014667419,1.92871989692
2102.43192211,8.98339296448,1.93657014234
2104.15228918,8.98661740625,1.94428401329
2105.87265624,8.98982014653,1.95186452555
2107.59302331,8.99300133138,1.95931460188
2109.31339038,8.99616110589,1.96663707606
2111.03375745,8.99929961415,1.9738346966
2112.75412452,9.00241699929,1.98091013037
2114.47449159,9.00551340347,1.98786596595
2116.19485866,9.0085889679,1.99470471682
2117.91522573,9.01164383284,2.00142882438
2119.6355928,9.0146781376,2.00804066081
2121.35595986,9.01769202056,2.0145425318
2123.07632693,9.02068561917,2.02093667912
2124.796694,9.02365906994,2.02722528303
2126.51706107,9.02661250848,2.03341046465
2128.23742814,9.02954606947,2.03949428815
2129.95779521,9.03245988669,2.04547876282
2131.67816228,9.03535409304,2.05136584511
2133.39852935,9.03822882048,2.05715744051
2135.11889642,9.04108420013,2.06285540536
2136.83926348,9.0439203622,2.06846154861
2138.55963055,9.04673743604,2.07397763341
2140.27999762,9.0495355501,2.07940537873
2142.00036469,9.05231483199,2.08474646086
2143.72073176,9.05507540847,2.09000251482
2145.44109883,9.05781740542,2.09517513577
2147.1614659,9.0605409479,2.10026588028
2148.88183297,9.06324616009,2.1052762676
2150.60220004,9.06593316539,2.1102077809
2152.3225671,9.06860208631,2.11506186838
2154.04293417,9.07125304457,2.11983994436
2155.76330124,9.07388616108,2.12454339041
2157.48366831,9.0765015559,2.12917355627
2159.20403538,9.07909934832,2.1337317609
2160.92440245,9.08167965679,2.1382192934
2162.64476952,9.08424259901,2.14263741385
2164.36513659,9.08678829183,2.14698735427
2166.08550366,9.08931685136,2.15127031937
2167.80587072,9.09182839291,2.15548748736
2169.52623779,9.09432303102,2.15964001075
2171.24660486,9.09680087945,2.16372901708
2172.96697193,9.09926205119,2.16775560959
2174.687339,9.1017066585,2.17172086795
