-197.698849,4.03822130998,1.6134478265
-195.978481931,4.03251500022,1.61043602354
-194.258114862,4.02677002501,1.60737750794
-192.537747793,4.02098612237,1.60427145299
-190.817380724,4.01516302852,1.60111701376
-189.097013656,4.00930047791,1.59791332655
-187.376646587,4.00339820318,1.59465950836
-185.656279518,3.99745593517,1.59135465629
-183.935912449,3.99147340288,1.58799784694
-182.21554538,3.98545033349,1.5845881358
-180.495178311,3.97938645232,1.5811245566
-178.774811242,3.97328148284,1.57760612063
-177.054444173,3.96713514663,1.57403181601
-175.334077104,3.9609471634,1.57040060701
-173.613710036,3.95471725095,1.56671143323
-171.893342967,3.94844512517,1.56296320883
-170.172975898,3.94213050002,1.55915482171
-168.452608829,3.93577308755,1.55528513262
-166.73224176,3.92937259782,1.55135297425
-165.011874691,3.92292873894,1.54735715029
-163.291507622,3.91644121705,1.54329643447
-161.571140553,3.9099097363,1.53916956946
-159.850773484,3.90333399882,1.53497526584
-158.130406416,3.89671370473,1.53071220097
-156.410039347,3.89004855213,1.52637901774
-154.689672278,3.88333823704,1.52197432339
-152.969305209,3.87658245346,1.5174966882
-151.24893814,3.8697808933,1.51294464408
-149.528571071,3.86293324638,1.50831668316
-147.808204002,3.85603920042,1.50361125629
-146.087836933,3.84909844101,1.49882677144
-144.367469864,3.84211065165,1.49396159203
-142.647102796,3.83507551365,1.48901403518
-140.926735727,3.82799270619,1.48398236989
-139.206368658,3.82086190626,1.47886481503
-137.486001589,3.81368278866,1.47365953735
-135.76563452,3.80645502601,1.46836464931
-134.045267451,3.79917828869,1.46297820673
-132.324900382,3.79185224485,1.45749820646
-130.604533313,3.7844765604,1.45192258379
-128.884166244,3.77705089896,1.44624920973
-127.163799175,3.76957492191,1.44047588818
-125.443432107,3.76204828831,1.43460035288
-123.723065038,3.75447065492,1.4286202642
-122.002697969,3.74684167616,1.42253320574
-120.2823309,3.73916100413,1.41633668069
-118.561963831,3.73142828855,1.41002810795
-116.841596762,3.72364317678,1.40360481806
-115.121229693,3.7158053138,1.39706404883
-113.400862624,3.70791434215,1.39040294063
-111.680495555,3.699969902,1.38361853144
-109.960128487,3.69197163102,1.37670775152
-108.239761418,3.68391916448,1.36966741773
-106.519394349,3.67581213515,1.36249422741
-104.79902728,3.66765017332,1.35518475181
-103.078660211,3.65943290676,1.34773542916
-101.358293142,3.65115996074,1.34014255702
-99.6379260732,3.64283095798,1.33240228423
-97.9175590044,3.63444551865,1.32451060211
-96.1971919355,3.62600326033,1.31646333505
-94.4768248666,3.61750379803,1.3082561303
-92.7564577977,3.60894674413,1.29988444691
-91.0360907288,3.6003317084,1.2913435438
-89.3157236599,3.59165829796,1.28262846671
-87.595356591,3.58292611727,1.27373403418
-85.8749895221,3.57413476811,1.26465482208
-84.1546224532,3.56528384955,1.25538514691
-82.4342553843,3.55637295797,1.24591904742
-80.7138883154,3.54740168698,1.23625026461
-78.9935212466,3.53836962746,1.22637221968
-77.2731541777,3.52927636752,1.21627798986
-75.5527871088,3.52012149246,1.20596028175
-73.8324200399,3.51090458479,1.19541140193
-72.112052971,3.50162522418,1.18462322439
-70.3916859021,3.49228298746,1.17358715442
-68.6713188332,3.48287744857,1.16229408851
-66.9509517643,3.4734081786,1.15073436951
-65.2305846954,3.46387474571,1.13889773664
-63.5102176265,3.45427671513,1.12677326931
-61.7898505577,3.44461364915,1.11434932398
-60.0694834888,3.43488510711,1.10161346289
-58.3491164199,3.42509064533,1.08855237335
-56.628749351,3.41522981717,1.07515177593
-54.9083822821,3.40530217291,1.06139631984
-53.1880152132,3.39530725983,1.04726946285
-51.4676481443,3.38524462211,1.03275333329
-49.7472810754,3.37511380086,1.01782857038
-48.0269140065,3.36491433408,1.00247413872
-46.3065469376,3.35464575662,0.986667111577
-44.5861798687,3.3443076002,0.970382416279
-42.8658127999,3.33389939337,0.953592533222
-41.145445731,3.32342066145,0.936267137705
-39.4250786621,3.31287092659,0.918372670641
-37.7047115932,3.30224970767,0.899871820025
-35.9843445243,3.29155652032,0.880722889256
-34.2639774554,3.2807908769,0.860879020494
-32.5436103865,3.26995228644,0.840287229994
-30.8232433176,3.25904025466,0.81888719641
-29.1028762487,3.24805428394,0.796609719741
-27.3825091798,3.23699387326,0.773374734033
-25.6621421109,3.22585851823,0.749088704406
-23.9417750421,3.21464771104,0.723641157095
-22.2214079732,3.20336094041,0.696899959979
-20.5010409043,3.19199769165,0.668704753606
-18.7806738354,3.18055744653,0.638857558729
-17.0603067665,3.16903968333,0.607108914059
-15.3399396976,3.15744387681,0.573136625084
-13.6195726287,3.14576949813,0.536511638856
-11.8992055598,3.13401601492,0.496639972977
-10.1788384909,3.12218289116,0.452656214999
-8.45847142204,3.11026958721,0.403207490851
-6.73810435315,3.09827555978,0.345947160252
-5.01773728426,3.08608155587,0.276322781945
-3.29737021537,3.07040876539,0.192035332213
-1.57700314648,3.044559995,0.0981766000508
0.143363922408,3.00166837038,0.0308518121955
1.8637309913,2.93777120878,0.0905155861048
3.58409806019,2.8583424399,0.123161141055
5.30446512908,2.77322615529,0.108592341463
7.02483219797,2.69299206425,0.053926707082
8.74519926686,2.62406250985,0.0448517172315
10.4655663358,2.56689491627,0.1016905537
12.1859334046,2.51919383446,0.120014236773
13.9063004735,2.48222882096,0.0915377654765
15.6266675424,2.45862494002,0.0305478460826
17.3470346113,2.45279724539,0.0659605778076
19.0674016802,2.46257765222,0.112891164114
20.7877687491,2.48725841068,0.115278148172
22.508135818,2.53099992525,0.0723943312889
24.2285028869,2.60058859338,0.0276808911878
25.9488699558,2.70119658447,0.0869283374285
27.6692370247,2.82393123628,0.119579075327
29.3896040935,2.95190586869,0.105976022178
31.1099711624,3.06676343646,0.0527920856438
32.8303382313,3.15667817737,0.0495584777231
34.5507053002,3.22125606164,0.104177561348
36.2710723691,3.26583705792,0.120701135262
37.991439438,3.28956469886,0.0914588837663
39.7118065069,3.28882465993,0.0358894412537
41.4321735758,3.25613429807,0.0717106042474
43.1525406447,3.19672088939,0.115295023657
44.8729077136,3.12844020608,0.115379795173
46.5932747825,3.07504430382,0.0716635191921
48.3136418513,3.05585335955,0.033828928213
50.0340089202,3.07759736351,0.0904773302631
51.7543759891,3.12919149178,0.120616303036
53.474743058,3.19624986579,0.104988081236
55.1951101269,3.26523166646,0.0515036255443
56.9154771958,3.33110587191,0.053413902559
58.6358442647,3.39386834096,0.106341949268
60.3562113336,3.45343385688,0.120890206333
62.0765784025,3.50760305011,0.0902528524313
63.7969454714,3.55367330593,0.0373232243219
65.5173125402,3.58899985671,0.0754847470878
67.2376796091,3.6156791331,0.117073618981
68.958046678,3.64188884769,0.115546439548
70.6784137469,3.67913409249,0.0718794837385
72.3987808158,3.73734845245,0.0411179472727
74.1191478847,3.82001627597,0.0945665774916
75.8395149536,3.91812460643,0.122260399003
77.5598820225,4.01088089616,0.105307594557
79.2802490914,4.07517207585,0.0541011388381
81.0006161603,4.09399206134,0.0603914623497
82.7209832292,4.06871651387,0.109611105574
84.441350298,4.01514237685,0.121560022881
86.1617173669,3.95037422662,0.0894660180612
87.8820844358,3.8874340929,0.0399275310531
89.6024515047,3.82891182099,0.0793955341043
91.3228185736,3.77404791029,0.118473738816
93.0431856425,3.72234663404,0.11453048436
94.7635527114,3.67397115835,0.0690899870435
96.4839197803,3.62980862103,0.0421030535222
98.2042868492,3.59040928735,0.0961823504827
99.9246539181,3.55259749449,0.121764683009
101.645020987,3.50554871709,0.102031708509
103.365388056,3.43668478575,0.0473891294354
105.085755125,3.33527873373,0.0591164587085
106.806122194,3.20314127555,0.10928085157
108.526489263,3.05948647233,0.119284717681
110.246856331,2.93636804556,0.0838257364032
111.9672234,2.86366825423,0.0291696719023
113.687590469,2.85804120546,0.077924267345
115.407957538,2.90506270199,0.117424396629
117.128324607,2.97146410647,0.111800378823
118.848691676,3.01824669785,0.0636060111021
120.569058745,3.01784688695,0.0390797591853
122.289425814,2.96462809424,0.0963855615945
124.009792883,2.87633461336,0.120675073899
125.730159951,2.78037790768,0.0985552217092
127.45052702,2.70368507559,0.0402874952174
129.170894089,2.66048887243,0.0584340498805
130.891261158,2.64841502525,0.109439032391
132.611628227,2.65895160898,0.118090797191
134.331995296,2.68714170598,0.0809306107979
136.052362365,2.73195008508,0.0273927399158
137.772729434,2.79712699015,0.0799400088928
139.493096503,2.87815156836,0.118015170462
141.213463571,2.96710490132,0.110584662451
142.93383064,3.05570700093,0.06123578571
144.654197709,3.13932255628,0.0418052905357
146.374564778,3.21744576262,0.0985947275725
148.094931847,3.28807995478,0.121245817365
149.815298916,3.3376242459,0.0979878277296
151.535665985,3.3498446031,0.0422531091763
153.256033054,3.30920232782,0.0638166516182
154.976400123,3.22070163051,0.111748667475
156.696767191,3.10613760979,0.117915551976
158.41713426,2.992413421,0.0790235159411
160.137501329,2.90054861781,0.0290279164059
161.857868398,2.83755928629,0.0827232697027
163.578235467,2.79684207613,0.118611684998
165.298602536,2.76920928283,0.108727990902
167.018969605,2.74603528165,0.0569682870461
168.739336674,2.72404009178,0.041871618667
170.459703743,2.70323261609,0.0995548538551
172.180070811,2.68469715916,0.120308197682
173.90043788,2.67371588984,0.0944066787597
175.620804949,2.67639084425,0.0350073327993
177.341172018,2.69828381863,0.063485524922
179.061539087,2.73723065957,0.110984168984
180.781906156,2.78278599627,0.110269150092
182.502273225,2.80326286384,0.0995114880448
184.222640294,2.79026298052,0.120232480062
185.943007363,2.74365389684,0.159977423311
187.663374431,2.68336564858,0.161583650198
189.3837415,2.61896922568,0.122139395271
191.104108569,2.54315634662,0.104437025869
192.824475638,2.4557694838,0.133326781374
194.544842707,2.35796348763,0.166615232939
196.265209776,2.25902417117,0.148227782989
197.985576845,2.18840912454,0.109993401304
199.705943914,2.16033298157,0.109460152683
201.426310983,2.17479446187,0.147325380151
203.146678051,2.21824228442,0.16656168126
204.86704512,2.25916436997,0.133568172382
206.587412189,2.27924803308,0.10368772906
208.307779258,2.27593491832,0.120597642614
210.028146327,2.24946813587,0.160345996608
211.748513396,2.21436436382,0.159566513753
213.468880465,2.18364357983,0.119431322182
215.189247534,2.16438503366,0.103485824988
216.909614603,2.15667387501,0.13425520433
218.629981672,2.1590967343,0.166604688793
220.35034874,2.16343355176,0.146212154595
222.070715809,2.18224318573,0.108668858516
223.791082878,2.22176643236,0.110425818001
225.511449947,2.28200509408,0.149078285487
227.231817016,2.35561812039,0.166306480966
228.952184085,2.42443628667,0.132324207584
230.672551154,2.46579950927,0.104196531608
232.392918223,2.47697530763,0.122874616027
234.113285292,2.45849054605,0.161930798336
235.83365236,2.4299573073,0.158612964128
237.554019429,2.39029790799,0.118538978336
239.274386498,2.32464123855,0.104718010612
240.994753567,2.23290348218,0.136429167912
242.715120636,2.11879057452,0.166913241134
244.435487705,2.00293232943,0.144097209615
246.155854774,1.91116270062,0.106907949239
247.876221843,1.8523211815,0.110831372013
249.596588912,1.82640508869,0.150204317748
251.31695598,1.82055026925,0.165018639977
253.037323049,1.81653052154,0.129180792396
254.757690118,1.82088676188,0.101891219907
256.478057187,1.83429662418,0.122929180278
258.198424256,1.85651842559,0.162096328517
259.918791325,1.88133052549,0.156341914478
261.639158394,1.89215131085,0.115896696485
263.359525463,1.87301383555,0.103998557253
265.079892532,1.82389746287,0.137381927536
266.8002596,1.74976918219,0.166566283163
268.520626669,1.675892332,0.141678702412
270.240993738,1.65013963595,0.105064909021
271.961360807,1.68752704416,0.111362915172
273.681727876,1.78805626165,0.15165882066
275.402094945,1.92468013199,0.16448683553
277.122462014,2.05500792062,0.128046283814
278.842829083,2.15767313552,0.102774948807
280.563196152,2.23097673491,0.125424007954
282.28356322,2.27600444376,0.163603863621
284.003930289,2.31316789462,0.155411076288
285.724297358,2.34901929595,0.11562125959
287.444664427,2.38239408642,0.106072833699
289.165031496,2.41329378804,0.140220047386
290.885398565,2.44217304588,0.167663297406
292.605765634,2.46872534438,0.141646700938
294.326132703,2.46929311268,0.107166564375
296.046499772,2.43704367475,0.115305919009
297.76686684,2.37197555989,0.154625815936
299.487233909,2.28938131196,0.164218147948
301.207600978,2.22515830963,0.12643683314
302.927968047,2.23274889472,0.102662054061
304.648335116,2.31551650622,0.127135448687
306.368702185,2.46973840312,0.164684980843
308.089069254,2.64151795011,0.154402907311
309.809436323,2.80478486047,0.115602683216
311.529803392,2.95259384322,0.108443742144
313.25017046,3.08495163902,0.143175259028
314.970537529,3.20523189948,0.168759778948
316.690904598,3.31960161803,0.141752826383
318.411271667,3.3822386154,0.109433020224
320.131638736,3.38162599857,0.119336809902
321.852005805,3.31776666415,0.157868297665
323.572372874,3.22285041043,0.164718552357
325.292739943,3.14017864635,0.126849021167
327.013107012,3.10052173424,0.105463856292
328.73347408,3.1053421819,0.130796278876
330.453841149,3.1517988331,0.166567945788
332.174208218,3.20763161004,0.153889707838
333.894575287,3.29831350767,0.116036743035
335.614942356,3.4484232424,0.111128025409
337.335309425,3.65796765982,0.146247389308
339.055676494,3.91218558339,0.169875881633
340.776043563,4.16511744048,0.142042256977
342.496410632,4.38441185178,0.111948554892
344.216777701,4.56379363442,0.123642595616
345.937144769,4.70332516885,0.161695979669
347.657511838,4.82492887516,0.166775710322
349.377878907,4.94347823593,0.130794071265
351.098245976,5.05238020717,0.112611799481
352.818613045,5.15141391554,0.136397942844
354.538980114,5.24136155927,0.167048427089
356.259347183,5.31888631461,0.14959960755
357.979714252,5.42899084946,0.0993234978644
359.700081321,5.57352126187,0.0531606383742
361.420448389,5.70615968426,0.0791124129121
363.140815458,5.80356490305,0.113775801157
364.861182527,5.82445969624,0.120179973518
366.581549596,5.8308173653,0.0894250585471
368.301916665,5.8700176293,0.0587225095919
370.022283734,5.95322436425,0.0969875571478
371.742650803,6.06922743852,0.126931927104
373.463017872,6.1979555219,0.117694310526
375.183384941,6.31788485973,0.0769699729796
376.903752009,6.41605727439,0.0703582778972
378.624119078,6.49141142181,0.112753542693
380.344486147,6.55200394418,0.129460088604
382.064853216,6.60819591399,0.106993609677
383.785220285,6.66919742136,0.0672238796134
385.505587354,6.73856167245,0.0868031181632
387.225954423,6.81466304529,0.123931153995
388.946321492,6.880874471,0.126921222858
390.666688561,6.90718220158,0.0941100200914
392.387055629,6.8640959519,0.0679172726972
394.107422698,6.7363329493,0.103345499005
395.827789767,6.54855455549,0.129229440423
397.548156836,6.3532434645,0.116798315506
399.268523905,6.20951873067,0.0745190086887
400.988890974,6.15870355366,0.0710894302889
402.709258043,6.20292157221,0.113794241708
404.429625112,6.30466836264,0.128918591413
406.149992181,6.41060090844,0.1047327875
407.870359249,6.47219909805,0.0652493140761
409.590726318,6.46668964251,0.087818974268
411.311093387,6.40424267011,0.123864782051
413.031460456,6.31469493409,0.124251362974
414.751827525,6.23419833306,0.088107605663
416.472194594,6.18960543843,0.0619609660698
418.192561663,6.18872650946,0.101828973819
419.912928732,6.21817711933,0.128121231911
421.633295801,6.25102458695,0.114882772126
423.353662869,6.2577067208,0.0725551324824
425.074029938,6.21824882709,0.0725985645441
426.794397007,6.13268902401,0.114725558533
428.514764076,6.02308999625,0.127441761017
430.235131145,5.92522955657,0.10014711974
431.955498214,5.87272908736,0.0585283000956
433.675865283,5.88428156189,0.0860673798296
435.396232352,5.94895723954,0.123132425917
437.116599421,6.03735102824,0.122747203906
438.836966489,6.11407102546,0.0859223846224
440.557333558,6.15319154481,0.0626615033737
442.277700627,6.14769182832,0.103480184875
443.998067696,6.11079260957,0.128130862583
445.718434765,6.0631093141,0.112908617063
447.438801834,6.02543602295,0.06958718088
449.159168903,6.0087915076,0.0731761189952
450.879535972,6.01267317064,0.115614710732
452.599903041,6.02596501335,0.127067804025
454.320270109,6.03010761814,0.0987202101798
456.040637178,6.00765076946,0.0589968044932
457.761004247,5.94867760541,0.0885870510307
459.481371316,5.85974229706,0.12359372262
461.201738385,5.75263380805,0.12028028994
462.922105454,5.63873794249,0.0801362308179
464.642472523,5.52364415527,0.0578929697225
466.362839592,5.4074474336,0.102303490588
468.083206661,5.29290280087,0.126035638409
469.80357373,5.19341300546,0.108015913939
471.523940798,5.1252177878,0.0605897072252
473.244307867,5.10324739382,0.0686293699747
474.964674936,5.12544062473,0.113853814171
476.685042005,5.17529096234,0.124403197278
478.405409074,5.23439106764,0.0936528468712
480.125776143,5.2886856198,0.0524521478259
481.846143212,5.33487553765,0.0872756495324
483.566510281,5.37401773199,0.122730183245
485.28687735,5.40206744446,0.118161793651
487.007244418,5.41093085832,0.0765839776395
488.727611487,5.39117362289,0.0572037187747
490.447978556,5.33937976143,0.103195331477
492.168345625,5.26398750035,0.125679073017
493.888712694,5.17101896347,0.106007031568
495.609079763,5.06431731939,0.058214100125
497.329446832,4.94113537911,0.0701992327126
499.049813901,4.80271381892,0.114462088073
500.77018097,4.66298916927,0.122400162872
502.490548038,4.54780939067,0.0881206621628
504.210915107,4.4821946664,0.0442904456144
505.931282176,4.48115064907,0.0855850606638
507.651649245,4.53102381017,0.121416107915
509.372016314,4.60992753434,0.115128165176
511.092383383,4.69631786027,0.0708899854409
512.812750452,4.77993173764,0.0538803913388
514.533117521,4.86023790242,0.103056457515
516.25348459,4.93887277553,0.125094187439
517.973851658,5.01971541009,0.104439432248
519.694218727,5.10693930632,0.0573974715284
521.414585796,5.20365550092,0.0731411228502
523.134952865,5.30888608372,0.116557611348
524.855319934,5.41287150775,0.123636836391
526.575687003,5.497590193,0.090327830474
528.296054072,5.54556383294,0.0536762064707
530.016421141,5.54664181021,0.0922153253289
531.73678821,5.51368623359,0.124596916259
533.457155278,5.48454740739,0.116659513163
535.177522347,5.50672897103,0.074079352386
536.897889416,5.6187332327,0.0624320691201
538.618256485,5.82724284078,0.107916866882
540.338623554,6.10100271317,0.123762395693
542.058990623,6.31584727387,0.11404992546
543.779357692,6.38695274113,0.121766064425
545.499724761,6.30850233938,0.154793053354
547.22009183,6.12142788658,0.173880981951
548.940458898,5.9342077413,0.144715678204
550.660825967,5.78439721728,0.116401376802
552.381193036,5.67799500279,0.128645401789
554.101560105,5.6148312995,0.164927575493
555.821927174,5.56976717275,0.167292184912
557.542294243,5.53065547654,0.131063343265
559.262661312,5.50885160619,0.114746931775
560.983028381,5.50463513783,0.140311620491
562.70339545,5.51634672593,0.171874661008
564.423762518,5.53093280207,0.155870523011
566.144129587,5.5473943449,0.121591567367
567.864496656,5.56670648965,0.120533369583
569.584863725,5.58887011702,0.154188672152
571.305230794,5.6130234461,0.172737088236
573.025597863,5.62887646327,0.14305757108
574.745964932,5.58909629026,0.116424401053
576.466332001,5.48630404267,0.130303131596
578.18669907,5.32102551148,0.16596040952
579.907066139,5.131892908,0.165286366973
581.627433207,4.96451721518,0.12764626166
583.347800276,4.85489939821,0.112454804124
585.068167345,4.80357563643,0.139979100854
586.788534414,4.80390527472,0.170819543694
588.508901483,4.81233301238,0.152287344354
590.229268552,4.82495432441,0.117539573607
591.949635621,4.84366467373,0.118402905338
593.67000269,4.86846491361,0.153748451856
595.390369759,4.89728447404,0.170633315792
597.110736827,4.93542438857,0.138928660512
598.831103896,5.02691645622,0.112712922607
600.551470965,5.17751863045,0.129355688553
602.271838034,5.3863610889,0.166630076068
603.992205103,5.61547506316,0.165396120813
605.712572172,5.81331341737,0.129932992132
607.432939241,5.93528499634,0.117676648105
609.15330631,5.98106028676,0.145050554166
610.873673379,5.96093921129,0.173391998003
612.594040447,5.93306854082,0.153267895741
614.314407516,5.9275244823,0.120432316993
616.034774585,5.95290389976,0.123213458841
617.755141654,6.00920795061,0.158062397675
619.475508723,6.08482824606,0.172823422133
621.195875792,6.16062441981,0.141705906027
622.916242861,6.23570932169,0.118532381256
624.63660993,6.31001990548,0.135592992183
626.356976999,6.38357883953,0.170372497158
628.077344067,6.45694853919,0.166189794851
629.797711136,6.51795360799,0.131220091773
631.518078205,6.55143741398,0.120904372401
633.238445274,6.55736521097,0.148610491587
634.958812343,6.54010490298,0.175063412262
636.679179412,6.51794464681,0.15360194081
638.399546481,6.45594572568,0.12245534046
640.11991355,6.34096916224,0.126738502118
641.840280619,6.1730097131,0.160602481669
643.560647687,5.97401308277,0.171867149313
645.281014756,5.7894717643,0.138247874781
647.001381825,5.6710561525,0.115295447252
648.721748894,5.62323809797,0.134420751998
650.442115963,5.64368054398,0.169424345325
652.162483032,5.68362110389,0.162601675698
653.882850101,5.70433012222,0.126516584084
655.60321717,5.68586000453,0.117494537199
657.323584239,5.62820841362,0.147341309087
659.043951307,5.53854442001,0.172935742009
660.764318376,5.44846081303,0.148902128973
662.484685445,5.39399245187,0.11716886898
664.205052514,5.38509370091,0.123791177652
665.925419583,5.42176415432,0.159969404737
667.645786652,5.48335469611,0.170202569672
669.366153721,5.55447103347,0.136268526181
671.08652079,5.66375820781,0.115138135765
672.806887859,5.81319524544,0.136193020278
674.527254927,6.00098661547,0.171051626972
676.247621996,6.19863009657,0.162976826248
677.967989065,6.36508767447,0.128941585675
679.688356134,6.47301332129,0.122349091879
681.408723203,6.52241195885,0.152031151306
683.129090272,6.52556133711,0.175479562961
684.849457341,6.52349917754,0.15095086434
686.56982441,6.50325477286,0.121906828437
688.290191479,6.46050545583,0.129805306602
690.010558547,6.39524927691,0.164322127601
691.730925616,6.31865498236,0.171362400034
693.451292685,6.25015857803,0.137018311482
695.171659754,6.21085956856,0.117729517035
696.892026823,6.20186861512,0.139376550094
698.612393892,6.22141352673,0.172249256113
700.332760961,6.2474617146,0.16099911583
702.05312803,6.25379382192,0.126369024041
703.773495099,6.22569413184,0.121219139615
705.493862168,6.16316136292,0.152175221259
707.214229236,6.07439883123,0.174001351327
708.934596305,5.98321861098,0.147088947706
710.654963374,5.88454429687,0.117757963305
712.375330443,5.7768696842,0.126910654018
714.095697512,5.66019615048,0.160885094614
715.816064581,5.54668107456,0.162543673327
717.53643165,5.41573720364,0.118698926039
719.256798719,5.15303055103,0.0629410015637
720.977165788,4.85448914683,0.0569627310925
722.697532856,4.56648566901,0.0990417757283
724.417899925,4.43231064984,0.117965103374
726.138266994,4.40869668722,0.0984271564413
727.858634063,4.4072159486,0.0500985103491
729.579001132,4.40991572659,0.0707204720121
731.299368201,4.41635226112,0.115057366748
733.01973527,4.42464269202,0.120430167358
734.740102339,4.43235303614,0.0836041515057
736.460469408,4.43752845448,0.0437624584895
738.180836476,4.43944766541,0.0891454471099
739.901203545,4.43830607986,0.122012849367
741.621570614,4.43024694932,0.111831024826
743.341937683,4.40934174869,0.0643901146368
745.062304752,4.36919050565,0.05417192933
746.782671821,4.30878046012,0.104671498305
748.50303889,4.23944980143,0.123305140142
750.223405959,4.18613237215,0.0979304661511
751.943773028,4.17472703175,0.0465166886925
753.664140096,4.22368414423,0.0719021270187
755.384507165,4.32558949979,0.116112929519
757.104874234,4.4577208076,0.12028454079
758.825241303,4.5947234983,0.0830823201196
760.545608372,4.7189731252,0.0479091671766
762.265975441,4.82652222352,0.092925297965
763.98634251,4.92117407679,0.123831562105
765.706709579,5.00582822166,0.112586342501
767.427076648,5.08212980063,0.067096287234
769.147443716,5.14856260574,0.0618571021087
770.867810785,5.20485671511,0.108974759432
772.588177854,5.25479862815,0.125527717787
774.308544923,5.30348299528,0.100127608136
776.028911992,5.35547280677,0.0550071971397
777.749279061,5.41271032374,0.0801983269565
779.46964613,5.47391449249,0.120042320502
781.190013199,5.52543862727,0.121791752702
782.910380268,5.54300647414,0.0846570785909
784.630747336,5.50267540238,0.0551749967486
786.351114405,5.39265357397,0.097727305731
788.071481474,5.23566880661,0.12530284208
789.791848543,5.08670989538,0.111340072729
791.512215612,5.00911032109,0.0644707710313
793.232582681,5.05053316056,0.0631793308913
794.95294975,5.21185467922,0.110564182691
796.673316819,5.44366465433,0.126088165096
798.393683888,5.6751540063,0.100393279181
800.114050956,5.84232365179,0.058888515079
801.834418025,5.91482539758,0.0853377697777
803.554785094,5.90806053108,0.122566929411
805.275152163,5.86253062725,0.122373305444
806.995519232,5.82564804788,0.0850071530564
808.715886301,5.83107910121,0.0598257693034
810.43625337,5.88738509897,0.101765810222
812.156620439,5.97953853804,0.127819031764
813.876987508,6.08277757877,0.113886272072
815.597354577,6.17160448693,0.0716124683511
817.317721645,6.23159303228,0.0739670705111
819.038088714,6.26315724506,0.115927966708
820.758455783,6.2762110231,0.127964632657
822.478822852,6.28133660682,0.100677193794
824.199189921,6.28666456072,0.0617407164803
825.91955699,6.29366834235,0.0895605064433
827.639924059,6.30194840129,0.124628314753
829.360291128,6.30913934895,0.12258817291
831.080658197,6.31159958308,0.0849340576377
832.801025265,6.30591864655,0.0635885033774
834.521392334,6.29082202721,0.104851788081
836.241759403,6.2691893392,0.128598890551
837.962126472,6.24538638194,0.112627773458
839.682493541,6.22375279565,0.0699971273401
841.40286061,6.20651018948,0.0757520967018
843.123227679,6.19354301011,0.117233630078
844.843594748,6.18657954538,0.127570620427
846.563961817,6.19256450306,0.098817417084
848.284328885,6.2193511921,0.0612069346265
850.004695954,6.27343453635,0.091559579963
851.725063023,6.34927812771,0.125622554335
853.445430092,6.43315548402,0.122256858524
855.165797161,6.5085968708,0.0844806485478
856.88616423,6.56358747345,0.0667615650874
858.606531299,6.59530361522,0.107675764214
860.326898368,6.6091224407,0.129628226266
862.047265437,6.60581833609,0.112428817523
863.767632505,6.58387151989,0.071082759521
865.487999574,6.53730945665,0.0798143889922
867.208366643,6.4676152071,0.119432223098
868.928733712,6.38587000567,0.127454793914
870.649100781,6.30740178782,0.0969751261672
872.36946785,6.24533768446,0.0607811006909
874.089834919,6.205418877,0.0933830874639
875.810201988,6.18349253935,0.126076707917
877.530569057,6.17671191509,0.120683387027
879.250936125,6.18485528724,0.081352333649
880.971303194,6.21146054343,0.0663018697173
882.691670263,6.25836073596,0.10853211905
884.412037332,6.31947755913,0.129285294175
886.132404401,6.38793648376,0.110529369159
887.85277147,6.45774440843,0.0690698511238
889.573138539,6.52742060879,0.0812185465255
891.293505608,6.59699506525,0.120784004183
893.013872677,6.66701580316,0.128001162727
894.734239745,6.73865172219,0.0978193304208
896.454606814,6.81309214518,0.0657951706577
898.174973883,6.89110054935,0.0981460314377
899.895340952,6.97191644284,0.127140024282
901.615708021,7.04909138471,0.119852466104
903.33607509,7.10914522431,0.117929726159
905.056442159,7.15110278951,0.143782609383
906.776809228,7.17625182385,0.175145626673
908.497176297,7.19800248318,0.162560179512
910.217543365,7.22243597316,0.129746681901
911.937910434,7.2512347599,0.126382003062
913.658277503,7.28440015675,0.156812086256
915.378644572,7.32081489691,0.176859166503
917.099011641,7.35209253291,0.150374690889
918.81937871,7.33962550551,0.124133843597
920.539745779,7.27589111768,0.134821652497
922.260112848,7.16102102526,0.168695189428
923.980479917,7.024149174,0.171445922111
925.700846985,6.90997075926,0.137029897028
927.421214054,6.86408053637,0.121231438342
929.141581123,6.88777908184,0.144693130129
930.861948192,6.97494145957,0.175236103041
932.582315261,7.07361257596,0.160787121341
934.30268233,7.1571195793,0.128533964688
936.023049399,7.21695621929,0.126952365519
937.743416468,7.25312522471,0.158162119112
939.463783537,7.27262816287,0.176394022334
941.184150606,7.28970025775,0.14846227008
942.904517674,7.29366842978,0.123180252015
944.624884743,7.28265715824,0.135689400476
946.345251812,7.25676551486,0.169924550486
948.065618881,7.22507143402,0.170898269313
949.78598595,7.2048370011,0.136853955764
951.506353019,7.21585694434,0.123005743824
953.226720088,7.25849146983,0.147307366953
954.947087157,7.32937430141,0.176316156898
956.667454226,7.4047282152,0.159871295394
958.387821294,7.47338780539,0.128385388527
960.108188363,7.53210907778,0.128585434915
961.828555432,7.5808947103,0.160339705622
963.548922501,7.62304509201,0.176819359398
965.26928957,7.66324139773,0.148285986314
966.989656639,7.69207089346,0.124752243203
968.710023708,7.70820060331,0.138642153141
970.430390777,7.7117901466,0.172236172155
972.150757846,7.71095492415,0.171118281623
973.871124914,7.72190866955,0.137688502965
975.591491983,7.76216677745,0.125869007269
977.311859052,7.8319041361,0.150836220486
979.032226121,7.92738329094,0.17838886645
980.75259319,8.02579044655,0.160901148499
982.472960259,8.10422952596,0.131412298617
984.193327328,8.15450428906,0.133277875634
985.913694397,8.17661702858,0.164291672116
987.634061466,8.18085401585,0.178140292229
989.354428534,8.18297337391,0.148896987767
991.074795603,8.17482026948,0.127030220567
992.795162672,8.15541950119,0.141928443895
994.515529741,8.12499792077,0.174376632923
996.23589681,8.09107610074,0.170760836144
997.956263879,8.07085401685,0.137454832711
999.676630948,8.08178801665,0.12729269392
1001.39699802,8.12394645792,0.153089963419
1003.11736509,8.19267486778,0.179225879802
1004.83773215,8.26324839004,0.160218019226
1006.55809922,8.30608140954,0.131793820268
1008.27846629,8.31146743115,0.135232616312
1009.99883336,8.2794067005,0.166315470357
1011.71920043,8.22495515456,0.177875997532
1013.4395675,8.16385155229,0.147553852829
1015.15993457,8.07183770241,0.126802583331
1016.88030164,7.94661281112,0.142953396282
1018.60066871,7.78915123142,0.174606185645
1020.32103577,7.62224995931,0.168032127962
1022.04140284,7.44003342156,0.133593024171
1023.76176991,7.22555279891,0.124353256922
1025.48213698,6.97878930916,0.151385303923
1027.20250405,6.70536751654,0.175544121951
1028.92287112,6.43297620706,0.151867864393
1030.64323819,6.2146316492,0.120314767475
1032.36360526,6.06631349008,0.125867829092
1034.08397233,5.9880149658,0.160854535969
1035.80433939,5.94899118983,0.171375220623
1037.52470646,5.90972057019,0.137812737489
1039.24507353,5.86868141633,0.116231594896
1040.9654406,5.82576827004,0.136149253161
1042.68580767,5.7810570707,0.170323826866
1044.40617474,5.73590771806,0.161772489432
1046.12654181,5.72382703789,0.125800142156
1047.84690888,5.77545604541,0.118074192276
1049.56727595,5.89079709513,0.148905960722
1051.28764301,6.05712253361,0.174142733038
1053.00801008,6.22243213332,0.150507575625
1054.72837715,6.32386064617,0.121126976907
1056.44874422,6.34535706702,0.128612225675
1058.16911129,6.28692237618,0.16336893149
1059.88947836,6.18696323859,0.171385269853
1061.60984543,6.09399427945,0.137284615696
1063.3302125,6.02722285097,0.117438608142
1065.05057957,5.98776113387,0.138622495635
1066.77094663,5.97414617443,0.171804002206
1068.4913137,5.96678754597,0.161206274837
1070.21168077,5.97179544149,0.12612829243
1071.93204784,5.998865073,0.11975500027
1073.65241491,6.04799767499,0.149264207663
1075.37278198,6.11330842923,0.169201368769
1077.09314905,6.16051419116,0.138845779188
1078.81351612,6.27697494228,0.0871401048964
1080.53388319,6.41125584798,0.0585438046696
1082.25425025,6.50067325965,0.0961681222001
1083.97461732,6.48315230931,0.122802842104
1085.69498439,6.35213831937,0.117152320108
1087.41535146,6.21968948663,0.0783974091656
1089.13571853,6.14680223793,0.0662442186974
1090.8560856,6.1395532238,0.10917032595
1092.57645267,6.1770800595,0.128720116198
1094.29681974,6.23416013183,0.108431137046
1096.01718681,6.28837517727,0.0664942801756
1097.73755387,6.3324728193,0.0815193323594
1099.45792094,6.36720345317,0.120777125457
1101.17828801,6.38835247995,0.12619917667
1102.89865508,6.38273499412,0.0936633545648
1104.61902215,6.33541743645,0.0613016248914
1106.33938922,6.23585136833,0.0969792546931
1108.05975629,6.09752148344,0.126625739378
1109.78012336,5.95045553032,0.117102701676
1111.50049043,5.82943360733,0.0743453597328
1113.22085749,5.7592018431,0.0645414061291
1114.94122456,5.74300735817,0.10920202072
1116.66159163,5.76198263521,0.127332346715
1118.3819587,5.79075598221,0.104601605468
1120.10232577,5.80615004932,0.0607668608403
1121.82269284,5.7983272296,0.080154147476
1123.54305991,5.77014860012,0.120029518416
1125.26342698,5.73487765979,0.123829815977
1126.98379405,5.71157214479,0.0888200201269
1128.70416111,5.7166253585,0.0566415265335
1130.42452818,5.75712918711,0.0964824088585
1132.14489525,5.82328592266,0.126267815323
1133.86526232,5.89398678502,0.116010510052
1135.58562939,5.94520626793,0.0736467485184
1137.30599646,5.96007902383,0.0676860462016
1139.02636353,5.93716452943,0.111375088961
1140.7467306,5.89097677791,0.127443534616
1142.46709767,5.84242017596,0.102943884481
1144.18746473,5.81078271736,0.0596673614212
1145.9078318,5.80530854121,0.0822628537036
1147.62819887,5.82251322489,0.121190921544
1149.34856594,5.85360911882,0.12343688259
1151.06893301,5.88973799938,0.087659968377
1152.78930008,5.92558056397,0.058706635688
1154.50966715,5.9606701631,0.0991063602276
1156.23003422,5.99314425546,0.126965344339
1157.95040129,6.00846076305,0.114766780078
1159.67076835,5.98721423499,0.0717540959111
1161.39113542,5.91051445592,0.0693081395245
1163.11150249,5.7775727508,0.112684216844
1164.83186956,5.61893671884,0.126792282163
1166.55223663,5.49205869604,0.100124316282
1168.2726037,5.45366713516,0.056397449411
1169.99297077,5.53997350492,0.0829577020296
1171.71333784,5.73098483681,0.121712516991
1173.43370491,5.96330142544,0.122819450923
1175.15407197,6.15563615313,0.0866164745062
1176.87443904,6.24412897296,0.0610982654995
1178.59480611,6.20791752729,0.101641580173
1180.31517318,6.08336328972,0.127315583006
1182.03554025,5.93156843942,0.112741749979
1183.75590732,5.81601928362,0.068172863895
1185.47627439,5.77335316768,0.0693724001248
1187.19664146,5.80309638553,0.113634640076
1188.91700853,5.87877290148,0.127005593474
1190.63737559,5.96922280438,0.100142682095
1192.35774266,6.04891945162,0.0599063220654
1194.07810973,6.11026510155,0.0876457530939
1195.7984768,6.1561230036,0.123849998879
1197.51884387,6.1887259628,0.122812356097
1199.23921094,6.2074037721,0.0858214759524
1200.95957801,6.20862242992,0.0636266021803
1202.67994508,6.18971168932,0.104300966984
1204.40031215,6.15577354355,0.128221932482
1206.12067921,6.11067544492,0.112244234678
1207.84104628,6.05696916913,0.0684793827116
1209.56141335,5.99313329997,0.0731457988944
1211.28178042,5.91953332156,0.115623576478
1213.00214749,5.84505529499,0.126414443792
1214.72251456,5.78808114464,0.0970489426844
1216.44288163,5.7670052562,0.0565302164371
1218.1632487,5.79407597604,0.0880535838883
1219.88361577,5.86025669154,0.123880991433
1221.60398283,5.94753675238,0.121332891783
1223.3243499,6.03683371605,0.0831206534916
1225.04471697,6.11679759054,0.0636412576285
1226.76508404,6.18580183196,0.105685291799
1228.48545111,6.24605931908,0.128628606365
1230.20581818,6.29631108813,0.111752538195
1231.92618525,6.33386003649,0.0692907753575
1233.64655232,6.35404741352,0.0772357929658
1235.36691939,6.35780441122,0.118236345654
1237.08728645,6.35378754288,0.12752329296
1238.80765352,6.35505320613,0.0980873688349
1240.52802059,6.37328898044,0.0619196386564
1242.24838766,6.41433117368,0.0933954652309
1243.96875473,6.47315246559,0.126478148717
1245.6891218,6.5365077022,0.122134876651
1247.40948887,6.58806480753,0.084326070595
1249.12985594,6.61536197529,0.068902863957
1250.85022301,6.61551911565,0.109290536679
1252.57059007,6.59549946256,0.129615875423
1254.29095714,6.55924963974,0.110721908335
1256.01132421,6.50863623724,0.06845004581
1257.73169128,6.44004119245,0.0794456034907
1259.45205835,6.35475323897,0.118852984024
1261.17242542,6.26445062813,0.120949956502
1262.89279249,6.22700673299,0.111451764603
1264.61315956,6.25910892318,0.127752032549
1266.33352663,6.36117425149,0.164331778945
1268.05389369,6.49721929443,0.171231441105
1269.77426076,6.62911300324,0.13764858044
1271.49462783,6.74649936774,0.119802878037
1273.2149949,6.84890941452,0.141867547843
1274.93536197,6.93733750708,0.174117845414
1276.65572904,7.02250685144,0.162613611849
1278.37609611,7.07065234815,0.12972735182
1280.09646318,7.05617923798,0.125726993433
1281.81683025,6.97908686089,0.155739365027
1283.53719731,6.85518099916,0.175964394119
1285.25756438,6.73384007095,0.148930418585
1286.97793145,6.65642211745,0.121277716914
1288.69829852,6.63093730776,0.131844238158
1290.41866559,6.65729868997,0.166964526117
1292.13903266,6.70677021217,0.17128930982
1293.85939973,6.74742392798,0.13745952209
1295.5797668,6.76036627714,0.121263328102
1297.30013387,6.74498046869,0.144012185971
1299.02050093,6.70359641776,0.174363591484
1300.740868,6.65760158905,0.159596095406
1302.46123507,6.6335122232,0.12574495243
1304.18160214,6.64417905881,0.123401934441
1305.90196921,6.68960258234,0.155636765585
1307.62233628,6.75996619359,0.175440760041
1309.34270335,6.83077699169,0.148204835775
1311.06307042,6.89654004241,0.122554428737
1312.78343749,6.95647843842,0.134679394516
1314.50380455,7.01062451835,0.169197160792
1316.22417162,7.06247172589,0.171061000881
1317.94453869,7.12361476392,0.137104892998
1319.66490576,7.21093587809,0.122763202331
1321.38527283,7.32480311134,0.146907635451
1323.1056399,7.46257379358,0.176759978898
1324.82600697,7.60367529416,0.161811334488
1326.54637404,7.71173760114,0.131175032422
1328.26674111,7.77006455208,0.130805236775
1329.98710817,7.77865880692,0.161334582272
1331.70747524,7.75328015725,0.177739797127
1333.42784231,7.72449559231,0.149366395824
1335.14820938,7.68002428833,0.125328037386
1336.86857645,7.61789149897,0.138416819938
1338.58894352,7.53827512094,0.171692351742
1340.30931059,7.45224041372,0.170818391845
1342.02967766,7.37556287067,0.136614146923
1343.75004473,7.32286692608,0.123759363858
1345.47041179,7.29433341647,0.148549544832
1347.19077886,7.28707313136,0.17645552982
1348.91114593,7.28356056145,0.158392789747
1350.631513,7.2943790572,0.126890034407
1352.35188007,7.32565420054,0.128209135043
1354.07224714,7.37738741776,0.160715004019
1355.79261421,7.44244454502,0.176147238636
1357.51298128,7.51306588991,0.146870838982
1359.23334835,7.61260293546,0.124095340685
1360.95371541,7.74397003917,0.139316439832
1362.67408248,7.90663028781,0.173323024764
1364.39444955,8.07995678524,0.171658250163
1366.11481662,8.22121737865,0.139553131083
1367.83518369,8.28661057608,0.129266873794
1369.55555076,8.27588957232,0.15385414369
1371.27591783,8.19986954777,0.179376624383
1372.9962849,8.11601364488,0.160005867588
1374.71665197,8.03940885921,0.1304405642
1376.43701903,7.97266517328,0.133200269696
1378.1573861,7.91577954331,0.164581206718
1379.87775317,7.86498640962,0.176934633305
1381.59812024,7.81104747768,0.146371739776
1383.31848731,7.74078879034,0.124701316197
1385.03885438,7.65288330027,0.140848431136
1386.75922145,7.54778730915,0.173489699173
1388.47958852,7.43750954644,0.168120802939
1390.19995559,7.32156113171,0.133814482282
1391.92032265,7.19321535955,0.124143812037
1393.64068972,7.05245713836,0.151039344185
1395.36105679,6.9013499267,0.176048616575
1397.08142386,6.75107997502,0.153656958284
1398.80179093,6.63078341496,0.122645104905
1400.522158,6.54982497834,0.127516142699
1402.24252507,6.50820097312,0.161742955358
1403.96289214,6.48920223404,0.172987938993
1405.68325921,6.46819749256,0.140509025629
1407.40362627,6.4376735215,0.119109083674
1409.12399334,6.39702789612,0.137877505212
1410.84436041,6.34663048979,0.171486079467
1412.56472748,6.29358470265,0.163790989433
1414.28509455,6.24240596532,0.128402739791
1416.00546162,6.19486536481,0.120110787144
1417.72582869,6.15096073309,0.149533524399
1419.44619576,6.11000811494,0.174244570927
1421.16656283,6.06988729762,0.150170052355
1422.88692989,6.03639159234,0.119532956092
1424.60729696,6.011268426,0.126479991278
1426.32766403,5.99451665286,0.161854013295
1428.0480311,5.98226102634,0.171052372133
1429.76839817,5.97184118331,0.13718436537
1431.48876524,5.96842725186,0.11642884717
1433.20913231,5.97234892005,0.136137766292
1434.92949938,5.98325038896,0.16749704212
1436.64986645,5.99379788884,0.154291071767
1438.37023351,6.01497202567,0.105484867309
1440.09060058,6.05374740365,0.0576040555865
1441.81096765,6.09890467045,0.07727687168
1443.53133472,6.14367277615,0.113561429201
1445.25170179,6.16964501321,0.122368943087
1446.97206886,6.18705830491,0.094310161535
1448.69243593,6.20477069448,0.0599916535028
1450.412803,6.22397530742,0.0938315160575
1452.13317007,6.2445777042,0.126054330988
1453.85353713,6.26835835686,0.119932865835
1455.5739042,6.2982685784,0.0801529638309
1457.29427127,6.33748385594,0.0665839218668
1459.01463834,6.38686585674,0.109143829245
1460.73500541,6.44346984902,0.129219617941
1462.45537248,6.50442101158,0.109731190896
1464.17573955,6.56740685425,0.0683813798553
1465.89610662,6.63231686572,0.0820589887695
1467.61647369,6.69887380989,0.121309771926
1469.33684075,6.76205981131,0.127762851825
1471.05720782,6.81143482545,0.0970260522854
1472.77757489,6.83642407842,0.0659647764036
1474.49794196,6.83046166484,0.0991797158293
1476.21830903,6.80143643672,0.128726648289
1477.9386761,6.76778146445,0.120914383521
1479.65904317,6.75121499811,0.0819600164342
1481.37941024,6.76759438688,0.0723156649995
1483.09977731,6.81929727567,0.112899987639
1484.82014437,6.890455253,0.130602606706
1486.54051144,6.95004439288,0.109788317298
1488.26087851,6.96637934536,0.0701789195428
1489.98124558,6.91845614524,0.0861089560663
1491.70161265,6.81350505053,0.123101821169
1493.42197972,6.68178377875,0.126813722671
1495.14234679,6.56323634717,0.093629240258
1496.86271386,6.49034313849,0.0633305643361
1498.58308093,6.47550497434,0.0993962353667
1500.30344799,6.5029285884,0.128185510931
1502.02381506,6.53740526906,0.118548185086
1503.74418213,6.53834011906,0.0780502430515
1505.4645492,6.47668343318,0.0712523280648
1507.18491627,6.34943211618,0.112688430339
1508.90528334,6.18293368899,0.128269118024
1510.62565041,6.0186337911,0.103813797908
1512.34601748,5.89605830894,0.0600991901096
1514.06638455,5.83658884511,0.0815772628874
1515.78675161,5.83222668903,0.120881018176
1517.50711868,5.86194038182,0.123751485498
1519.22748575,5.90468083494,0.0884395509932
1520.94785282,5.94776028115,0.0586295904741
1522.66821989,5.99020209712,0.0985026226355
1524.38858696,6.0299870784,0.126829551018
1526.10895403,6.05100117375,0.115178709835
1527.8293211,6.03150039902,0.0722637399351
1529.54968817,5.9502858829,0.0685335420473
1531.27005523,5.80593435524,0.111930688614
1532.9904223,5.6223096944,0.126308696205
1534.71078937,5.43146770443,0.0994530264624
1536.43115644,5.26196254522,0.0537383466572
1538.15152351,5.12588778116,0.0801599952782
1539.87189058,5.01877324171,0.119608615084
1541.59225765,4.93726691129,0.120074386112
1543.31262472,4.88475434616,0.0805901856436
1545.03299179,4.86956432231,0.0492764851351
1546.75335885,4.8985362124,0.0957270210539
1548.47372592,4.95871533273,0.124400184469
1550.19409299,5.0265239357,0.110699322778
1551.91446006,5.07678291385,0.0642745014472
1553.63482713,5.09379620461,0.0641893976202
1555.3551942,5.07752171132,0.110696586446
1557.07556127,5.04011131332,0.124625388307
1558.79592834,4.99610294858,0.096356185498
1560.51629541,4.95759059769,0.0506600067414
1562.23666247,4.92838515989,0.0811533358141
1563.95702954,4.90733249837,0.120091515854
1565.67739661,4.89750754673,0.119150190983
1567.39776368,4.90671865715,0.0788106089632
1569.11813075,4.94427620126,0.0511742646561
1570.83849782,5.01492424082,0.0981033159972
1572.55886489,5.10753760811,0.125089622677
1574.27923196,5.19875384759,0.109893815199
1575.99959903,5.2629726163,0.0639220051544
1577.71996609,5.28235901409,0.0677139082024
1579.44033316,5.257861086,0.112728022196
1581.16070023,5.20358212941,0.124484644759
1582.8810673,5.13232630959,0.0944238948607
1584.60143437,5.05274011165,0.0498579567299
1586.32180144,4.96410978273,0.0832941297817
1588.04216851,4.86874878929,0.120767890549
1589.76253558,4.77986870763,0.117690610902
1591.48290265,4.71753379412,0.0754474626651
1593.20326972,4.7004569692,0.050522423099
1594.92363678,4.73532895138,0.0991755278089
1596.64400385,4.80637021657,0.124689159869
1598.36437092,4.89069178943,0.107413048801
1600.08473799,4.96593622552,0.0599533755509
1601.80510506,5.02137804258,0.067918195825
1603.52547213,5.05780979827,0.113375601731
1605.2458392,5.07798162416,0.123864934799
1606.96620627,5.07857434265,0.0926202348647
1608.68657334,5.0537843571,0.0500280643056
1610.4069404,4.99638079088,0.0858187724221
1612.12730747,4.91382292989,0.121707906964
1613.84767454,4.83086110292,0.116762685506
1615.56804161,4.78033566202,0.0735163809778
1617.28840868,4.78964339317,0.0524734266439
1619.00877575,4.86627278355,0.101051338136
1620.72914282,4.99043019084,0.121214132746
1622.44950989,5.10870819027,0.109981157099
1624.16987696,5.1747362342,0.114783189635
1625.89024402,5.18342084915,0.148284055079
1627.61061109,5.14697502548,0.172390418922
1629.33097816,5.10937467226,0.146422325242
1631.05134523,5.0966908984,0.11557086532
1632.7717123,5.11469256742,0.124424519627
1634.49207937,5.16338049982,0.161220903219
1636.21244644,5.22741384301,0.168827386221
1637.93281351,5.28325474339,0.133773192879
1639.65318058,5.30973416618,0.114072065379
1641.37354764,5.30577736403,0.136742293166
1643.09391471,5.27322488657,0.17028374922
1644.81428178,5.23433854211,0.158233709652
1646.53464885,5.21766912895,0.122168901081
1648.25501592,5.23940160099,0.117054785153
1649.97538299,5.29953694931,0.149760800741
1651.69575006,5.38880243083,0.172555300396
1653.41611713,5.47855080211,0.145680550571
1655.1364842,5.55629576488,0.116556354578
1656.85685126,5.61969948166,0.127148492984
1658.57721833,5.66877793384,0.163620176077
1660.2975854,5.71130661802,0.168753288094
1662.01795247,5.73007270742,0.133493936537
1663.73831954,5.6719376858,0.115638141876
1665.45868661,5.53493152896,0.139146535368
1667.17905368,5.32505454629,0.17091322085
1668.89942075,5.10131329178,0.155842930608
1670.61978782,4.94050665663,0.119272576982
1672.34015488,4.88177245467,0.115927607272
1674.06052195,4.92510800739,0.150193401722
1675.78088902,5.0427429306,0.171602010108
1677.50125609,5.1597795283,0.14319321483
1679.22162316,5.24498467575,0.114937092743
1680.94199023,5.29319774817,0.127479627019
1682.6623573,5.30455524751,0.164237200094
1684.38272437,5.30044635176,0.166861050875
1686.10309144,5.2952242195,0.130510397653
1687.8234585,5.28670137634,0.113994799518
1689.54382557,5.27482227616,0.139632481483
1691.26419264,5.25990229462,0.171292823515
1692.98455971,5.24421290053,0.155050729647
1694.70492678,5.21709311567,0.120129110797
1696.42529385,5.1724537763,0.118854112651
1698.14566092,5.11029284668,0.152831283649
1699.86602799,5.03594429694,0.171356161529
1701.58639506,4.96103699915,0.140691515108
1703.30676212,4.88518430829,0.11287378711
1705.02712919,4.80825579759,0.127348918477
1706.74749626,4.7302567326,0.164377439959
1708.46786333,4.65184144049,0.164404759364
1710.1882304,4.58042333098,0.126784957558
1711.90859747,4.5276854509,0.111476291729
1713.62896454,4.49380585894,0.139200870554
1715.34933161,4.47665190462,0.170240264084
1717.06969868,4.4623868273,0.151548845918
1718.79006574,4.45778194923,0.116263524361
1720.51043281,4.4672401307,0.117023548554
1722.23079988,4.49076180302,0.152792458391
1723.95116695,4.52358221424,0.169917227966
1725.67153402,4.55104778478,0.137903748261
1727.39190109,4.5461455032,0.111122540246
1729.11226816,4.50535018964,0.127678885706
1730.83263523,4.42917969238,0.164835991495
1732.5530023,4.34063675702,0.162479727637
1734.27336936,4.24608767809,0.1243266489
1735.99373643,4.13694519315,0.110653923316
1737.7141035,4.01313721555,0.139893121966
1739.43447057,3.87661892771,0.16961284827
1741.15483764,3.74024697704,0.148292300231
1742.87520471,3.64686132109,0.112673829499
1744.59557178,3.61319111248,0.115505656932
1746.31593885,3.63923481574,0.152783654545
1748.03630592,3.70262101553,0.168039491683
1749.75667298,3.75889565427,0.134186660571
1751.47704005,3.77618409341,0.108028519937
1753.19740712,3.75108732636,0.126934238099
1754.91777419,3.68456205167,0.164461922638
1756.63814126,3.60486257644,0.159620550257
1758.35850833,3.53323779356,0.12059064899
1760.0788754,3.47967326794,0.108509747923
1761.79924247,3.44419229885,0.139918534893
1763.51960954,3.42394544783,0.168940099925
1765.2399766,3.40801190287,0.145842523153
1766.96034367,3.43754780878,0.110925709657
1768.68071074,3.52765668785,0.116045708441
1770.40107781,3.67834264941,0.154311728236
1772.12144488,3.86463042451,0.167809559856
1773.84181195,4.04028483134,0.133627526813
1775.56217902,4.16661246474,0.109598923263
1777.28254609,4.24023908814,0.129957131641
1779.00291316,4.26288353382,0.166504212092
1780.72328022,4.27089273226,0.1595287927
1782.44364729,4.2856123965,0.121669723277
1784.16401436,4.31407530668,0.112013357382
1785.88438143,4.35628355738,0.143698872334
1787.6047485,4.40973761932,0.170719996685
1789.32511557,4.46297978469,0.146578886438
1791.04548264,4.49863300792,0.113819002797
1792.76584971,4.51174472664,0.119924701664
1794.48621678,4.50231553879,0.155477463145
1796.20658384,4.48130265728,0.162995136458
1797.92695091,4.46231878632,0.121631403754
1799.64731798,4.43447503237,0.0649134855362
1801.36768505,4.41235085919,0.0493552617704
1803.08805212,4.40319700085,0.0928650854603
1804.80841919,4.41841400458,0.115624886598
1806.52878626,4.44454292348,0.100942829147
1808.24915333,4.45937203324,0.0532674384311
1809.9695204,4.45214443797,0.0656912471622
1811.68988746,4.42430837601,0.11232435342
1813.41025453,4.38942206458,0.121565150069
1815.1306216,4.37006371639,0.0878130882653
1816.85098867,4.38723649019,0.0428796985221
1818.57135574,4.45253508723,0.084450238304
1820.29172281,4.55460533738,0.121017671097
1822.01208988,4.66203271383,0.115369998282
1823.73245695,4.73551737237,0.0716159922258
1825.45282402,4.7442188282,0.0538495019643
1827.17319108,4.68131215602,0.102487560552
1828.89355815,4.57167626581,0.124156753261
1830.61392522,4.45431522333,0.102392926455
1832.33429229,4.36751478253,0.0514815384173
1834.05465936,4.33190873368,0.0679338329574
1835.77502643,4.34326913588,0.113776440716
1837.4953935,4.38159677679,0.121079227744
1839.21576057,4.4230495476,0.085672837946
1840.93612764,4.44929028799,0.0428682840652
1842.6564947,4.45474687913,0.0866436062312
1844.37686177,4.44431176539,0.121451058318
1846.09722884,4.42772510954,0.113520675751
1847.81759591,4.41583990206,0.0677032057702
1849.53796298,4.41570783795,0.0533137708191
1851.25833005,4.42831356753,0.103401712074
1852.97869712,4.44819079574,0.123872475482
1854.69906419,4.46486830618,0.100698731641
1856.41943126,4.46765593717,0.0503313887666
1858.13979832,4.4495673658,0.0706696756602
1859.86016539,4.41269443177,0.115059550823
1861.58053246,4.36351347005,0.120242216442
1863.30089953,4.30798337403,0.0829431617881
1865.0212666,4.24950814263,0.0419316168751
1866.74163367,4.18781649728,0.088258910551
1868.46200074,4.12462793162,0.121425241475
1870.18236781,4.06950290921,0.111052270841
1871.90273488,4.03547079197,0.062481497107
1873.62310194,4.03472710568,0.0515753355879
1875.34346901,4.06908763457,0.103685961202
1877.06383608,4.12301467562,0.122960185945
1878.78420315,4.1683709841,0.0979517545703
1880.50457022,4.17714693857,0.0467823798914
1882.22493729,4.13187081387,0.0717549129968
1883.94530436,4.03932501356,0.115439204476
1885.66567143,3.92508461855,0.11852377909
1887.3860385,3.82240739842,0.078634223835
1889.10640556,3.75791102218,0.0379047232726
1890.82677263,3.74125590795,0.0887253607561
1892.5471397,3.75976067916,0.121106566756
1894.26750677,3.79111696494,0.109019971591
1895.98787384,3.81157333272,0.0589956578217
1897.70824091,3.80696624813,0.0525164724716
1899.42860798,3.77646189777,0.10471995483
1901.14897505,3.73298320386,0.12196718494
1902.86934212,3.70065402548,0.0942942845616
1904.58970918,3.70340771585,0.0404241703151
1906.31007625,3.75649270955,0.0716101371492
1908.03044332,3.85282868085,0.115791601547
1909.75081039,3.97364063376,0.118072203052
1911.47117746,4.09839621398,0.0781488406505
1913.19154453,4.21345915043,0.0431418208088
1914.9119116,4.3161550736,0.0925843735406
1916.63227867,4.40864369964,0.122817869108
1918.35264574,4.48781618899,0.109555430232
1920.0730128,4.54802663427,0.0615337022979
1921.79337987,4.58149413411,0.0599666197782
1923.51374694,4.58800664757,0.108620227674
1925.23411401,4.57659835075,0.123647768385
1926.95448108,4.5568046775,0.0955458252143
1928.67484815,4.5360970245,0.0476756706615
1930.39521522,4.5157226105,0.0784641223151
1932.11558229,4.49579666412,0.118616674396
1933.83594936,4.47931087174,0.11806817214
1935.55631642,4.47173272119,0.0766820536493
1937.27668349,4.47864776019,0.0456202261703
1938.99705056,4.50265200757,0.0951499067853
1940.71741763,4.53730533036,0.123286809077
1942.4377847,4.56563921238,0.107883201431
1944.15815177,4.56808313617,0.0588037039674
1945.87851884,4.52931883972,0.0614996954145
1947.59888591,4.44994303969,0.109682815669
1949.31925298,4.34736339389,0.122577951384
1951.03962004,4.24609720751,0.0918840179153
1952.75998711,4.16786784265,0.0424694678884
1954.48035418,4.12265116975,0.0786200453219
1956.20072125,4.10517845964,0.118568434683
1957.92108832,4.11167564679,0.116456376169
1959.64145539,4.14357444276,0.0734721555464
1961.36182246,4.20751350821,0.0454612795459
1963.08218953,4.30817867646,0.096641230699
1964.8025566,4.43274154953,0.123480131999
1966.52292366,4.55487973801,0.106635700784
1968.24329073,4.64615300668,0.0577857152082
1969.9636578,4.68703214787,0.0646698495561
1971.68402487,4.67922756884,0.111569570549
1973.40439194,4.63320451703,0.122603623985
1975.12475901,4.54912217626,0.0907062429656
1976.84512608,4.42137870881,0.0442410351669
1978.56549315,4.23797933354,0.0817228210375
1980.28586022,4.00944897558,0.117719117211
1982.00622728,3.7740681635,0.109285581731
1983.72659435,3.61249396539,0.102179569526
1985.44696142,3.53800435187,0.128841131795
1987.16732849,3.54722591739,0.165864834953
1988.88769556,3.57841800107,0.156874294931
1990.60806263,3.6225735697,0.118575179583
1992.3284297,3.69152280886,0.110398633685
1994.04879677,3.78526886291,0.143754185571
1995.76916384,3.898761082,0.169958710196
1997.4895309,4.01435187768,0.144388956811
1999.20989797,4.13586526304,0.112332176162
2000.93026504,4.26477217361,0.1210099937
2002.65063211,4.40107848805,0.158976477654
2004.37099918,4.54118485908,0.167937055187
2006.09136625,4.66973732536,0.132886200744
2007.81173332,4.75543589272,0.112362005456
2009.53210039,4.79652781861,0.134930611199
2011.25246746,4.79548527585,0.169193878496
2012.97283452,4.78450759269,0.157790245915
2014.69320159,4.77228547753,0.12100974844
2016.41356866,4.75786210881,0.115050836701
2018.13393573,4.74123682878,0.147879554371
2019.8543028,4.72291716359,0.171336131091
2021.57466987,4.70246824264,0.144164497172
2023.29503694,4.66261277099,0.113551640921
2025.01540401,4.59933357477,0.123747404728
2026.73577108,4.51263683916,0.160983329671
2028.45613814,4.41485911372,0.166666986171
2030.17650521,4.32021196093,0.129903102341
2031.89687228,4.23609181079,0.110312149222
2033.61723935,4.16280280633,0.134820684989
2035.33760642,4.09957658955,0.168553502987
2037.05797349,4.03874996857,0.154447450398
2038.77834056,4.00980599179,0.117002370248
2040.49870763,4.03372640088,0.112913731155
2042.2190747,4.1105122867,0.147809426476
2043.93944176,4.22634585262,0.170248686138
2045.65980883,4.33899040123,0.141712515581
2047.3801759,4.40920402977,0.112138334722
2049.10054297,4.42965256191,0.124400306415
2050.82091004,4.40046000146,0.161979756615
2052.54127711,4.34974984186,0.165289623985
2054.26164418,4.2980997641,0.127809658138
2055.98201125,4.24364659917,0.109839042539
2057.70237832,4.18633368995,0.136038980577
2059.42274538,4.12640553872,0.168947426934
2061.14311245,4.06631124525,0.152805258147
2062.86347952,4.02549941721,0.116042651049
2064.58384659,4.01481983995,0.114023168824
2066.30421366,4.03427202643,0.14951244904
2068.02458073,4.07502025193,0.169730315553
2069.7449478,4.11228755116,0.139309670667
2071.46531487,4.11953102928,0.110474563136
2073.18568194,4.09245449956,0.124743580165
2074.906049,4.03127506857,0.162548946889
2076.62641607,3.95656527758,0.16333078279
2078.34678314,3.892424051,0.124866007085
2080.06715021,3.85748049056,0.108384716296
2081.78751728,3.85207991707,0.136617652631
2083.50788435,3.87308658305,0.168982571199
2085.22825142,3.8981824694,0.151106278385
2086.94861849,3.91703934218,0.115260428677
2088.66898556,3.926682185,0.115352144333
2090.38935262,3.92711143762,0.151327106048
2092.10971969,3.92131949621,0.16927461836
2093.83008676,3.91446484678,0.137238393228
2095.55045383,3.9023858609,0.109453744236
2097.2708209,3.88447463739,0.125730145529
2098.99118797,3.86080021107,0.163600389394
2100.71155504,3.83501481678,0.162196295789
2102.43192211,3.808601358,0.123771865862
2104.15228918,3.78068050054,0.109299130423
2105.87265624,3.75124199221,0.138577568637
2107.59302331,3.72047003919,0.169246345675
2109.31339038,3.69039367364,0.148890455628
2111.03375745,3.68375406029,0.113212950139
2112.75412452,3.71020057263,0.115364357234
2114.47449159,3.76973441673,0.152393633361
2116.19485866,3.85037570174,0.168449119278
2117.91522573,3.92220771974,0.135180367027
2119.6355928,3.94512777685,0.108701815486
2121.35595986,3.91451736668,0.126863220358
2123.07632693,3.83142227315,0.164392346265
2124.796694,3.73107237329,0.160411854765
2126.51706107,3.65027780085,0.121538628927
2128.23742814,3.61448005442,0.108860895356
2129.95779521,3.62378225403,0.139764379266
2131.67816228,3.67146907135,0.169367020184
2133.39852935,3.72367897297,0.147343446326
2135.11889642,3.77415916702,0.112740456609
2136.83926348,3.82232386199,0.116989276345
2138.55963055,3.86817525436,0.154355822803
2140.27999762,3.91261832718,0.168105355168
2142.00036469,3.95365862909,0.133808100734
2143.72073176,3.97881546425,0.108909168337
2145.44109883,3.98690489597,0.128800011953
2147.1614659,3.97841922895,0.1657791313
2148.88183297,3.96498024445,0.159611830881
2150.60220004,3.96403168151,0.121410856387
2152.3225671,3.98943131674,0.110966417836
2154.04293417,4.04118895859,0.142543248629
2155.76330124,4.1147450858,0.170292491415
2157.48366831,4.18941028839,0.146728651701
2159.20403538,4.24772844409,0.11767250731
2160.92440245,4.28483132375,0.145997000436
2162.64476952,4.3007206194,0.226497963065
2164.36513659,4.30466573877,0.308321691243
2166.08550366,4.30854039069,0.371872767788
2167.80587072,4.312388965,0.42536636032
2169.52623779,4.31621163724,0.472241040263
2171.24660486,4.32000858171,0.514317226541
2172.96697193,4.32377997159,0.552698779619
2174.687339,4.32752597886,0.58811586038
