-197.698849,6.670353202043268,1.2235876880206789
-195.97848193110949,6.6448576633278265,1.1962574758087179
-194.258114862219,6.619162511968682,1.1678430677022302
-192.5377477933285,6.593266185134326,1.1382560934725896
-190.81738072443798,6.567167107758912,1.10739507817074
-189.0970136555475,6.540863692446688,1.0751424763275013
-187.376646586657,6.514354339366494,1.0413607752132723
-185.6562795177665,6.487637436168109,1.0058872815928226
-183.935912448876,6.460711357882014,0.9685270017779767
-182.21554537998549,6.433574466801564,0.9290426833722121
-180.495178311095,6.406225112410679,0.8871404950092519
-178.7748112422045,6.378661631268532,0.8424487457699669
-177.05444417331398,6.350882346905575,0.794484987628845
-175.3340771044235,6.3228855697273225,0.742602636109115
-173.613710035533,6.294669596922791,0.6858989182504441
-171.89334296664248,6.266232712336286,0.6230430493252976
-170.172975897752,6.237573186376753,0.5519190195806385
-168.4526088288615,6.2086892759146455,0.4687567420650933
-166.73224175997098,6.179579224173189,0.36539954497070126
-165.0118746910805,6.150241260622834,0.21434892400533934
-163.29150762218998,6.069991286179902,0.18967482900341112
-161.57114055329947,5.931113560602207,0.29727731183914
-159.850773484409,5.791992811036674,0.3196792226590135
-158.13040641551848,5.652620575876752,0.2782856789177569
-156.41003934662797,5.512988378224864,0.11879444128062089
-154.6896722777375,5.424703967235519,0.241129222457987
-152.96930520884698,5.348083826652287,0.31185591229229237
-151.2489381399565,5.2711852010387705,0.3125498185722252
-149.52857107106598,5.1940034132678665,0.24380985318288517
-147.8082040021755,5.137301496300329,0.1062239400520678
-146.087836933285,5.1896137263427145,0.2753965771635296
-144.36746986439448,5.241637832890336,0.3188967123426688
-142.647102795504,5.293376980160117,0.2980693380186215
-140.9267357266135,5.344834315019129,0.1931082593754612
-139.20636865772298,5.475829429882692,0.19574404758423775
-137.4860015888325,5.6841161408645355,0.2990461172163145
-135.76563451994198,5.892144804977972,0.31929885945093384
-134.04526745105147,6.099928074941476,0.2754783534587728
-132.324900382161,6.307471244206517,0.10602324773482984
-130.60453331327048,6.393868781910217,0.24722309393973926
-128.88416624437997,6.45947864876153,0.31396193538694134
-127.16379917548947,6.5248776278430896,0.3123563040337831
-125.44343210659898,6.590069696855741,0.24104378213749597
-123.72306503770848,6.623322576971724,0.12772768456114433
-122.00269796881798,6.531132453175353,0.2805195561232461
-120.28233089992747,6.438735799743773,0.3203203872158736
-118.56196383103698,6.346126996925799,0.2967523660577141
-116.84159676214648,6.253300412061671,0.18723816922406403
-115.12122969325597,6.264367215254294,0.20505095998925643
-113.40086262436547,6.360509558821068,0.3020498025829478
-111.68049555547498,6.456434995121439,0.3193243574363118
-109.96012848658448,6.552149358542718,0.2724892543052029
-108.23976141769397,6.647685791158795,0.0935086815158434
-106.51939434880347,6.7493613459540445,0.2526325985482586
-104.79902727991298,6.851603645866783,0.31557719190263606
-103.07866021102248,6.953658907840633,0.31145413556599894
-101.35829314213197,7.055533339075997,0.2367841726275256
-99.63792607324147,7.147647750574882,0.14272434968288564
-97.91755900435098,7.2100029065124165,0.2845421536078244
-96.19719193546047,7.272192823072558,0.3213982101794523
-94.47682486656997,7.334221282771633,0.2955899022352026
-92.75645779767947,7.396092058298403,0.18218151808934865
-91.03609072878898,7.507762160879409,0.21465452746355937
-89.31572365989847,7.653686252750458,0.3054966308936302
-87.59535659100797,7.799472090943044,0.32005275279986845
-85.87498952211747,7.945128542458332,0.2709160400037392
-84.15462245322696,8.087558361068018,0.09261495855761086
-82.43425538433647,8.021501054738149,0.25949325294019143
-80.71388831544597,7.938448853647659,0.31788054868303894
-78.99352124655547,7.855275718723881,0.31090923356213745
-77.27315417766496,7.771976591200117,0.23277716104153132
-75.55278710877447,7.685686376527839,0.15665707870937406
-73.83242003988397,7.592161256392442,0.28838081463094195
-72.11205297099346,7.498494140521375,0.32185888539161217
-70.39168590210296,7.404679331885081,0.29297671280871607
-68.67131883321247,7.3107111244814185,0.1728751293656392
-66.95095176432196,7.218412930721978,0.2206653511235864
-65.23058469543147,7.1270027722966525,0.3069482635857263
-63.510217626540964,7.035422326259426,0.31848335169578024
-61.78985055765045,6.943666022499144,0.26521345885958175
-60.06948348875997,6.84816322861698,0.07820673117123102
-58.34911641986946,6.640320911362258,0.2616323959033694
-56.62874935097895,6.426551367461306,0.3173051013019181
-54.90838228208847,6.212568933093103,0.3073301373501471
-53.18801521319796,5.99836059341102,0.2230646828590784
-51.467648144307475,5.8773608991941,0.16046299294452646
-49.747281075416964,5.946100409494013,0.28893367144381626
-48.026914006526454,6.014597807335823,0.3204281251007789
-46.30654693763597,6.082857258870959,0.288665189838179
-44.58617986874546,6.1508829157695,0.1594935266270473
-42.86581279985495,6.080990598243366,0.22440519891225258
-41.14544573096447,5.945234169898975,0.3074876909800212
-39.42507866207396,5.809235576402949,0.3164922834976013
-37.70471159318345,5.67298654605903,0.25925878289144255
-35.984344524292965,5.544477301773222,0.06939931836905454
-34.263977455402454,5.560104486853647,0.26405403405533284
-32.54361038651194,5.579596906961058,0.3173257251150713
-30.82324331762146,5.598824923134289,0.30503436381900806
-29.10287624873095,5.617789704847952,0.2162723137065102
-27.38250917984047,5.685190882890497,0.16956984965254737
-25.662142110949958,5.834470693920815,0.29147292638084904
-23.941775042059447,5.983501602952144,0.320316429705763
-22.221407973168965,6.132292674331715,0.28582629698933354
-20.501040904278454,6.280852957847724,0.14910919255723
-18.780673835387944,6.389074000888298,0.230520261136509
-17.06030676649746,6.481456400006288,0.3094982415407347
-15.339939697606951,6.5736292480913345,0.31621735565582537
-13.61957262871644,6.6655981512778215,0.2564242132834449
-11.899205559825958,6.736266992640062,0.08431794556381436
-10.178838490935448,6.563245069421807,0.2693948633392523
-8.458471422044965,6.386910986472949,0.31873240147976883
-6.738104353154455,6.21036160205134,0.3035259411586047
-5.017737284263944,6.033586178061032,0.2102004992702278
-3.297370215373462,6.0697154530805,0.17115628183587983
-1.5770031464829515,6.406408593291374,0.22550846349554776
0.14336392240755913,6.675440349638866,0.10634022276262693
1.8637309912980413,6.202348135196869,0.22847676411038295
3.584098060188552,5.729029393796471,0.131775815496328
5.3044651290790625,5.855026189748183,0.2123882297239154
7.024832197969545,6.167809034137813,0.20091037080506438
8.745199266860055,6.193957304376134,0.18360800236425434
10.465566335750566,5.8415189154792815,0.22031502340666648
12.185933404641048,5.539009432251932,0.08821762715923659
13.906300473531559,5.630660164590789,0.22777406863768782
15.626667542422041,5.723303263092635,0.14354994396392476
17.34703461131255,5.791943641765877,0.24520759763109448
19.067401680203062,5.85356984462133,0.315522942207273
20.787768749093544,5.914948307123616,0.3183898123090266
22.508135817984055,5.976082762427016,0.2560844482787628
24.228502886874566,6.023472127773902,0.1191096962674116
25.948869955765048,5.976811878442105,0.2794984215964462
27.66923702465556,5.9299113845900635,0.3231416955662335
29.38960409354607,5.882767793624234,0.30511814403842913
31.10997116243655,5.835378238188852,0.2101099521482277
32.83033823132706,5.812988675894115,0.20119196520287796
34.550705300217544,5.818441314290574,0.3023582287896669
36.271072369108055,5.823644075743335,0.32360530695887807
37.991439437998565,5.828597276705504,0.2835156629572285
39.71180650688905,5.833301218431076,0.13563475338617254
41.43217357577956,5.9157544141873295,0.25004839365882064
43.15254064467007,6.014986587443834,0.31691992025159565
44.87290771356055,6.113980838038872,0.31745333569597134
46.59327478245106,6.212743187000195,0.2520702976833271
48.31364185134157,6.288361550086791,0.13457130901819342
50.034008920232054,6.250546136211723,0.2833664129160303
51.754375989122565,6.212507126876357,0.32393489177371865
53.474743058013075,6.174242208473051,0.3033600199070694
55.19511012690356,6.135749053656465,0.20389665674084642
56.91547719579407,6.036445065030546,0.20913068850202188
58.63584426468458,5.880049093781697,0.3047854451860199
60.35621133357506,5.7234069926977025,0.3231219003866685
62.07657840246554,5.566509234498616,0.2797842575491205
63.79694547135608,5.409346276343133,0.12042514492606574
65.51731254024656,5.3818311100127705,0.2540837679173473
67.23767960913705,5.374601963793303,0.3175986890494722
68.95804667802759,5.367095945430737,0.31537352998613416
70.67841374691807,5.359312598400428,0.24562741467798488
72.39878081580855,5.360132242540569,0.1431447270598647
74.11914788469909,5.393910059044551,0.28537481320760905
75.83951495358957,5.427412177761632,0.32352777416375694
77.55988202248005,5.460640636363627,0.30031712376632375
79.28024909137059,5.493597455864434,0.19492491811608015
81.00061616026107,5.450816834213358,0.21453657543798893
82.72098322915156,5.348073776803123,0.30622159912639463
84.4413502980421,5.245052233754466,0.3221202706067533
86.16171736693258,5.141745939091815,0.27567694051038655
87.88208443582306,5.038148609518418,0.10234174844744051
89.60245150471354,5.19485049675927,0.25800306817156643
91.32281857360408,5.378342767834547,0.3185830157591561
93.04318564249456,5.561558394293817,0.31418329694661706
94.76355271138505,5.744508519674903,0.24127354665080816
96.48391978027558,5.89364940620509,0.1560466441890029
98.20428684916607,5.943668266285296,0.28904816456485183
99.92465391805655,5.99344486597856,0.32426623015937717
101.64502098694709,6.042982232793622,0.29858842903294963
103.36538805583757,6.09228337969808,0.18858508990594347
105.08575512472805,6.135283102665383,0.22229835848041563
106.80612219361859,6.174021482818953,0.3090146640976897
108.52648926250907,6.212531613128431,0.32253385107250376
110.24685633139956,6.250815835858357,0.2739209827558733
111.9672234002901,6.288876479533335,0.09217845415578717
113.68759046918058,6.186014124365334,0.26435690801516515
115.40795753807106,6.075265857136204,0.32047482328475896
117.1283246069616,5.964283333549012,0.3129788267456702
118.84869167585208,5.853059803423723,0.23587776595571963
120.56905874474256,5.842858834128724,0.16602563350881483
122.2894258136331,6.073404001150416,0.2919934785340582
124.00979288252358,6.3037147985730915,0.32470047735779667
125.73015995141407,6.533805234352453,0.29678282244167997
127.4505270203046,6.763689303065373,0.1822221210740602
129.1708940891951,6.948787890908971,0.22985565894346685
130.89126115808557,7.108988751150544,0.31179002630906544
132.6116282269761,7.269018228122388,0.3229437662325356
134.3319952958666,7.4288860551513896,0.27216596645764446
136.05236236475707,7.588601955715887,0.0809356539275263
137.77272943364756,7.463877212367437,0.2705345562998447
139.4930965025381,7.336389752803491,0.3226721142396036
141.21346357142858,7.208744740966663,0.3126774946838905
142.93383064031906,7.080934413226743,0.23267395288882667
144.6541977092096,7.0215302817858,0.17905429359083855
146.37456477810008,7.0960331153699725,0.2961886834598753
148.09493184699056,7.170363777702809,0.3257250960941812
149.8152989158811,7.244526789725498,0.29524941177110847
151.53566598477158,7.318526662187125,0.17592402559801334
153.25603305366207,7.577992435461911,0.23723196747732275
154.9764001225526,7.922321190380087,0.3145586107404542
156.6967671914431,8.266528030547432,0.32337357301419645
158.41713426033357,8.610633891311524,0.27046334115030496
160.1375013292241,8.948569613702462,0.1020268684100428
161.8578683981146,9.110199683915907,0.27675258877896625
163.57823546700507,9.271780088533836,0.32561477512967935
165.2986025358956,9.433320655189188,0.3141903910686591
167.0189696047861,9.594831209107449,0.23379922424097244
168.73933667367658,9.724013216226801,0.19690337009691902
170.45970374256711,9.800671167017507,0.3029263754035559
172.1800708114576,9.877321448068336,0.3289395379574607
173.90043788034808,9.953968721394759,0.29679189384109916
175.62080494923862,10.030617648844077,0.17723464888160737
177.3411720181291,10.106017107685844,0.2632371761983056
179.06153908701958,10.180959246602773,0.37155224190009783
180.78190615591006,10.255916845656783,0.4378640699523611
182.5022732248006,10.330894463920187,0.47992551007901596
184.2226402936911,10.405896661682855,0.5038562441740506
185.94300736258157,10.480928000731039,0.5122094592889737
187.6633744314721,10.555993044613423,0.5057596329467622
189.3837415003626,10.631096358937567,0.4839135726618835
191.10410856925307,10.706242511648352,0.4444005947014595
192.8244756381436,10.781436073272157,0.3817623744696195
194.5448427070341,10.85668161723931,0.2809121243018366
196.26520977592457,10.932292461419882,0.12398611637563496
197.9855768448151,11.010550932709098,0.28070068302243467
199.7059439137056,11.088886705374154,0.32531129859519603
201.42631098259608,11.167293160145743,0.3095402225189677
203.14667805148662,11.245775065850069,0.22080208928144582
204.8670451203771,11.380388413254083,0.2049690886884582
206.58741218926758,11.583649990880744,0.30498030149525457
208.30777925815812,11.78701234310842,0.3273781130011228
210.0281463270486,11.990487838842945,0.29069934104481165
211.74851339593909,12.194088853864193,0.15810282361111197
213.46888046482962,12.32744294700601,0.25477407468052593
215.1892475337201,12.44305058564553,0.3206517528308889
216.9096146026106,12.558811269356108,0.3226590364246428
218.62998167150113,12.674732038918728,0.26226716316097176
220.3503487403916,12.78534082800955,0.14648318961008028
222.0707158092821,12.863785074434496,0.28800432819678184
223.79108287817257,12.9424056104998,0.3286858756320531
225.5114499470631,13.021209563404192,0.3109934800524869
227.2318170159536,13.10020172615614,0.2213399173269233
228.95218408484408,13.00147778518022,0.2189742393892241
230.67255115373462,12.719479200231907,0.30997933654956705
232.3929182226251,12.437650473288622,0.3281534217838405
234.11328529151558,12.155974462970274,0.2876542655845926
235.83365236040612,11.874434037163141,0.14581511001512867
237.5540194292966,11.936619120083511,0.2587643550029561
239.27438649818708,12.064461672825644,0.321523410150509
240.99475356707762,12.192434244089373,0.3210902560293581
242.7151206359681,12.320544617438184,0.25714562299621735
244.4354877048586,12.402872516163262,0.15603952321936024
246.15585477374913,12.286101240374629,0.29029289431347743
247.8762218426396,12.169473463672261,0.32784626037300485
249.5965889115301,12.052982092531568,0.30658375404130106
251.31695598042063,11.936620041704915,0.20927963587754353
253.0373230493111,11.895919776790857,0.2201496230135381
254.7576901182016,11.921039708739258,0.30983209009833435
256.47805718709213,11.946280935999432,0.3266870252646884
258.1984242559826,11.971644993796788,0.28399635900844394
259.9187913248731,11.996809217226861,0.13447672304858074
261.63915839376364,11.866642860782433,0.2628885177827306
263.3595254626541,11.71545180200209,0.3219609599008359
265.0798925315446,11.564369534272704,0.31825097708601924
266.8002596004351,11.413386868466102,0.24896640148877852
268.5206266693256,11.323229339254292,0.1593124893402512
270.2409937382161,11.436677557794896,0.2909123168787399
271.9613608071066,11.550217611781845,0.3270251177602967
273.6817278759971,11.663856406941202,0.3038622270489747
275.4020949448876,11.777600855011265,0.20195766138171878
277.1224620137781,11.793151554531091,0.22625211778273657
278.84282908266863,11.736847276408545,0.3116147161013392
280.5631961515591,11.680653090654358,0.32581609665429534
282.2835632204496,11.62456557942367,0.27990965653084676
284.00393028934013,11.569094266647234,0.12361704873032872
285.7242973582306,11.562576563477528,0.2663494285087251
287.4446644271211,11.560724683047944,0.3227506297599712
289.16503149601164,11.558972182845391,0.3169445493029919
290.8853985649021,11.557318956299671,0.24453782819413708
292.6057656337926,11.508007650057351,0.17040458218035412
294.32613270268314,11.331195292863528,0.29389955258214107
296.0464997715736,11.15446835547034,0.32651204708750714
297.7668668404641,10.97781608898869,0.29956994817161303
299.48723390935464,10.801227749076219,0.18912681997408273
301.2076009782451,10.626593570677375,0.22809207767970088
302.9279680471356,10.453167826947979,0.3111107061853215
304.64833511602615,10.279774099620328,0.3227761096808461
306.36870218491663,10.10640184255094,0.27241775155938885
308.0890692538071,9.938746135680319,0.10421129690999184
309.8094363226976,9.997850623222606,0.2663012245184303
311.52980339158813,10.070703457777237,0.3212739225553933
313.2501704604786,10.14356504648978,0.3131699093101614
314.97053752936915,10.216439820948745,0.23556414760177094
316.69090459825964,10.279732540538154,0.17385264132906522
318.4112716671501,10.322157194195613,0.29450249758552
320.1316387360406,10.364605895933842,0.32535506178775836
321.8520058049311,10.407081227563527,0.2959763150916727
323.5723728738217,10.449585772523394,0.17878889408088508
325.29273994271216,10.366193860748778,0.23261642632133553
327.01310701160264,10.218636618995566,0.312264200183182
328.7334740804931,10.071097128987978,0.32163133451919546
330.4538411493836,9.923566417085151,0.2681887400559645
332.1742082182741,9.773233905314855,0.10181359990473311
333.89457528716457,9.562431772020588,0.26977224135647515
335.61494235605517,9.34945119698979,0.3212294904282669
337.33530942494565,9.136435508107885,0.30967961947441525
339.05567649383613,8.923371749345685,0.22564248924255748
340.7760435627266,8.825351775756108,0.17652780233822454
342.4964106316171,8.934255197144653,0.29466984335335744
344.2167777005076,9.043098251628582,0.32359099548181236
345.9371447693982,9.151887559269458,0.2912196122818704
347.65751183828866,9.260629736841986,0.16467745804301592
349.37787890717914,9.401170253753559,0.23532210918990118
351.0982459760696,9.555009852328041,0.31274544909699564
352.8186130449601,9.70882683954572,0.32037759349295586
354.5389801138506,9.862630570857931,0.2643367740683298
356.2593471827412,10.05524734864092,0.10590293130115688
357.97971425163166,10.766918877761187,0.23508144084537277
359.70008132052214,11.487764214648344,0.17779326050397448
361.4204483894126,11.400961647868058,0.22530370593881902
363.1408154583031,11.001660186552433,0.20820867704681262
364.8611825271936,10.724864074577482,0.18260774654100392
366.5815495960842,10.63187102361722,0.2329164391521815
368.30191666497467,10.549730732779079,0.12336067360381994
370.02228373386515,10.614652881608436,0.2355221277671023
371.74265080275563,10.67961686869799,0.1567532599874375
373.4630178716461,10.564011377514513,0.22095925823091525
375.1833849405366,10.387396126282193,0.21166350834828587
376.9037520094271,10.291257265035963,0.2044937901286526
378.6241190783177,10.308080794143825,0.3055488822705957
380.34448614720816,10.324927515175055,0.329338606605011
382.06485321609864,10.341798452786342,0.29518262120464567
383.7852202849891,10.358694633096126,0.17135202347771253
385.5055873538796,10.38792088548062,0.25374063027847144
387.2259544227701,10.420986521031738,0.3210605457106166
388.9463214916607,10.454082215663767,0.324703222194213
390.66668856055117,10.487209982314177,0.2672859989322306
392.38705562944165,10.48846278356287,0.14089739185231062
394.10742269833213,10.234180144260355,0.28633927861133496
395.8277897672226,9.979916202094694,0.3280251117126629
397.5481568361131,9.725655492226354,0.3109488384248577
399.2685239050037,9.471382550016829,0.22193162564015895
400.9888909738942,9.339008050253007,0.20891265621254088
402.70925804278465,9.35059485123604,0.30642747338519777
404.42962511167514,9.362146607925249,0.327755200482689
406.1499921805656,9.37366402293423,0.29021511608639716
407.8703592494561,9.385147796762755,0.15587231597955872
409.5907263183467,9.418213430744592,0.25562843662097795
411.3110933872372,9.456450468965457,0.3206761943981676
413.03146045612766,9.494658901244126,0.3219050981267391
414.75182752501814,9.532841051496945,0.2602212546439434
416.4721945939086,9.612417251191985,0.1459715901076559
418.1925616627991,9.920363445423742,0.2878207731736078
419.9129287316896,10.22830924983134,0.3285168721181561
421.6332958005802,10.536273394299888,0.3107433360190373
423.35366286947067,10.844274609824593,0.22079920754498125
425.07402993836115,10.977925597479885,0.2211814629270927
426.79439700725163,10.937937198448271,0.31123524260025254
428.5147640761421,10.898010300461403,0.3294722362629583
430.2351311450326,10.858142475092901,0.28978926308376624
431.9554982139232,10.818331297509701,0.1521150391776187
433.6758652828137,10.898664911729721,0.26347163695616527
435.39623235170416,11.000497393377248,0.32420811005055816
437.11659942059464,11.102395181122056,0.32347372434365557
438.8369664894851,11.204364472580245,0.2607493871779505
440.5573335583756,11.305678852642334,0.16744493028312998
442.2777006272662,11.404072207214,0.29467882431015546
443.9980676961567,11.502555414106853,0.33113266231218136
445.71843476504716,11.601134463261946,0.31061720268986215
447.43880183393765,11.699815350459465,0.21756614175726596
449.1591689028281,11.730500756211702,0.23032371784016858
450.8795359717186,11.704099420995233,0.31479358614052216
452.5999030406092,11.677806186355456,0.3304312025735823
454.3202701094997,11.65161945307781,0.28865343066739385
456.04063717839017,11.625537628443558,0.1466178010664522
457.76100424728065,11.383791846560277,0.269802049544695
459.48137131617113,11.115746574807863,0.32580642946519
461.2017383850616,10.847773618824352,0.32144830129218355
462.9221054539522,10.57985667996546,0.2536335987698191
464.6424725228427,10.388885889254205,0.17180116329722384
466.3628395917332,10.44346154751734,0.29543145579253177
468.08320666062366,10.498068631837498,0.3296648556088286
469.80357372951414,10.552710463520528,0.30613454853567645
471.5239407984046,10.607390365994458,0.20589910063731448
473.2443078672951,10.556784745741862,0.23195218890796326
474.9646749361857,10.431815129924592,0.3143231221667921
476.6850420050762,10.306876231803832,0.3276840055278103
478.40540907396667,10.181960452345086,0.2820234952849728
480.12577614285715,10.057060193921247,0.12358634729433443
481.84614321174763,10.125756252996517,0.2703424195073622
483.5665102806381,10.208247184953223,0.32517692596699393
485.2868773495287,10.29075523675355,0.3193127567084066
487.0072444184192,10.373285426704136,0.24848725225926502
488.7276114873097,10.507283019018967,0.18078565270035876
490.44797855620016,10.772911751791108,0.2985426480960793
492.16834562509064,11.038591948440711,0.3308079514929795
493.8887126939811,11.304339768165157,0.30595253989113075
495.6090797628717,11.570171374283904,0.20406623888445238
497.3294468317622,11.668102297733032,0.24192022434030575
499.0498139006527,11.666854730746063,0.3186037015820124
500.77018096954316,11.665712999033293,0.32954127242132386
502.49054803843364,11.66467703316572,0.28247922821640253
504.2109151073241,11.663746770114482,0.1228515509881738
505.9312821762147,11.56286166020477,0.2782875761800515
507.6516492451052,11.459620093303034,0.3283091589990504
509.3720163139957,11.356471757249478,0.3195738423433854
511.09238338288617,11.253410378361826,0.2458947104718545
512.8127504517767,11.19528522793059,0.19275630278061837
514.5331175206671,11.231018674240685,0.30237863459432024
516.2534845895576,11.266831447405599,0.3310704458643659
517.9738516584482,11.302725725632614,0.3027933593018995
519.6942187273387,11.338703692084277,0.19405414934850204
521.4145857962292,11.27064132817807,0.24531323585911416
523.1349528651197,11.15161847834079,0.31898644161813156
524.8553199340101,11.032670126080006,0.3273357532252164
526.5756870029006,10.913789036714645,0.2763492948855625
528.2960540717912,10.79579414641381,0.1119689999068996
530.0164211406817,10.721547950053434,0.2793772150156049
531.7367882095722,10.647350093507878,0.32744482702935007
533.4571552784627,10.573196063931807,0.3163062010558372
535.1775223473531,10.499081351127863,0.23777800146453043
536.8978894162436,10.423371560098985,0.2025999041063288
538.6182564851342,10.344869352046365,0.3393667306232684
540.3386235540247,10.266392573471688,0.41734036431742166
542.0589906229152,10.18793645126304,0.46698038678066645
543.7793576918057,10.109496213559673,0.4968637274434522
545.4997247606962,10.031067089468392,0.5104788274002942
547.2200918295866,9.9526443087723,0.5091357649250866
548.9404588984772,9.874223101643876,0.49271189572585966
550.6608259673677,9.795798698346852,0.4595889307208479
552.3811930362582,9.717366328949138,0.4056876534028404
554.1015601051487,9.638921223049286,0.32067916338446356
555.8219271740392,9.56045860943986,0.1611363513941562
557.5422942429296,9.401417331794894,0.2406013855348942
559.2626613118201,9.214034250628343,0.31394589390650085
560.9830283807107,9.026607819279134,0.3185905180984422
562.7033954496012,8.839126638102675,0.2582700587581251
564.4237625184917,8.670284414014386,0.10357810384099538
566.1441295873822,8.680043819215424,0.27463191684313726
567.8644966562726,8.69105332249655,0.32152961056984664
569.5848637251631,8.701987666854475,0.30571035662470203
571.3052307940537,8.71284751733742,0.21366532408761538
573.0255978629442,8.711090167740958,0.1914348364368073
574.7459649318347,8.692964616444147,0.29892368568889066
576.4663320007252,8.674764022477994,0.3227255493088544
578.1866990696157,8.656487278842421,0.2846754773053844
579.9070661385061,8.63813327389911,0.14147363216678796
581.6274332073967,8.568463737600318,0.24317080336131547
583.3478002762872,8.484467044036355,0.31411152805391596
585.0681673451777,8.400382626557487,0.31660022112414193
586.7885344140682,8.316205370978667,0.2526684890697236
588.5089014829587,8.27019655956772,0.11218136557126292
590.2292685518491,8.478397160291026,0.27754644217525964
591.9496356207397,8.686722782389749,0.3221098853363466
593.6700026896302,8.894972982179151,0.30435880394269876
595.3903697585207,9.10316042583633,0.2089684951315588
597.1107368274112,9.28826461831027,0.2015022712932077
598.8311038963017,9.448123451327683,0.30253485653599715
600.5514709651922,9.60795317193693,0.32381280047581495
602.2718380340826,9.767763501309583,0.28388127584763057
603.9922051029732,9.92756415942233,0.13683195073306745
605.7125721718637,10.033624448403481,0.2515317171310446
607.4329392407542,10.128290083110583,0.3176527510475
609.1533063096447,10.22296797451407,0.317955891660006
610.8736733785352,10.317663881111802,0.25267823012709534
612.5940404474256,10.40653384360524,0.1383821026246769
614.3144075163162,10.467367647634182,0.28463246936507436
616.0347745852067,10.528234331738812,0.324888892853109
617.7551416540972,10.58913759795107,0.3045767986219682
619.4755087229877,10.650081150516817,0.2065314325329915
621.1958757918782,10.57379423342499,0.21297702625320325
622.9162428607686,10.370822252140949,0.30640478083351974
624.6366099296592,10.167877278847614,0.3240288394750762
626.3569769985497,9.964946970014296,0.2805250686815247
628.0773440674402,9.762323884782138,0.12276724449173064
629.7977111363307,10.029854694709654,0.2559272568643558
631.5180782052212,10.369610032462578,0.3191779722739566
633.2384452741117,10.709392304478623,0.31772899668841326
634.9588123430023,11.049222176989229,0.25045947444330535
636.6791794118927,11.311428709190288,0.15575756467126833
638.3995464807832,11.290036605880456,0.2897705550057432
640.1199135496737,11.26872741902019,0.3265709667392714
641.8402806185642,11.247499852528534,0.30382692854569043
643.5606476874547,11.226352615317507,0.2023613225364647
645.2810147563451,11.30209149004756,0.22230871666271118
647.0013818252357,11.45320992413955,0.3103285659953715
648.7217488941262,11.604421199198875,0.326030413863984
650.4421159630167,11.755734512205182,0.2817794033497385
652.1624830319072,11.906412404650762,0.12899493031726392
653.8828501007977,11.948211380552316,0.2658827175587551
655.6032171696882,11.978458783330321,0.3230952607943422
657.3235842385787,12.008830973763622,0.3182850995669999
659.0439513074692,12.039329799159757,0.24786577029168141
660.7643183763597,12.064292627513652,0.16986025902062174
662.4846854452502,12.073051688110034,0.2942123978351417
664.2050525141407,12.081941289698353,0.32784181719900873
665.9254195830312,12.090961972960594,0.3026806291885478
667.6457866519218,12.10011428655153,0.19739046034749094
669.3661537208122,12.08182095527731,0.23037518141740476
671.0865207897027,12.045653562185523,0.3130503267109997
672.8068878585932,12.009615043670863,0.3257964287077679
674.5272549274837,11.973703207806155,0.27839382716821026
676.2476219963742,11.938572774394352,0.12273776811741058
677.9679890652648,11.937556858767937,0.26994282082261184
679.6883561341552,11.939080525177259,0.32403995858917534
681.4087232030457,11.940726584179195,0.3167813304807466
683.1290902719362,11.942495135897456,0.2427211251268595
684.8494573408267,11.98246673115537,0.17901012624300938
686.5698244097172,12.111413206043805,0.29710290613705137
688.2901914786077,12.240492555143918,0.32831239874406226
690.0105585474982,12.369712629324809,0.30100840035573506
691.7309256163887,12.49908128801016,0.19161689410677787
693.4512926852792,12.548947476554837,0.2376254161626721
695.1716597541697,12.555609891303185,0.31570354473706513
696.8920268230602,12.562432197190892,0.32601064904290566
698.6123938919507,12.569414809177486,0.27624281525494365
700.3327609608413,12.571789201017335,0.1252722428231942
702.0531280297317,12.449366437970298,0.2752692216473846
703.7734950986222,12.321654306622516,0.32552677611531877
705.4938621675127,12.194087836772326,0.3154138379347738
707.2142292364032,12.066659269576338,0.2373313906732945
708.9345963052937,11.9781626051874,0.18741884809549939
710.6549633741843,11.964272596476343,0.2995598670148346
712.3753304430747,11.950506512593645,0.32795687967521925
714.0956975119652,11.93686351626488,0.29763898095415636
715.8160645808557,11.92334277768437,0.18119393931549896
717.5364316497462,12.07560192910665,0.22059744968989917
719.2567987186367,12.302409461449056,0.22243236394815794
720.9771657875273,12.44455377476656,0.19299901497622224
722.6975328564178,12.43518564359414,0.23614363538735067
724.4178999253082,12.431355542387651,0.12297659974196373
726.1382669941987,12.511885972879835,0.2386358487320115
727.8586340630892,12.594523641682223,0.18370996945806772
729.5790011319797,12.73083593394639,0.2272194208421531
731.2993682008702,12.889587770101276,0.21610945087813552
733.0197352697608,12.966089905664298,0.18964106946578818
734.7401023386512,12.911121132078717,0.23898271999728157
736.4604694075417,12.849121510719325,0.137911599374395
738.1808364764322,12.660065188661289,0.2865974309268265
739.9012035453227,12.47117511093087,0.3309819148319051
741.6215706142132,12.28243978885461,0.31821234999993714
743.3419376831038,12.093847743174686,0.2393037521290874
745.0623047519942,12.034443608258345,0.21057488611208047
746.7826718208847,12.167832171843784,0.30887704861160714
748.5030388897752,12.301357041153818,0.3328270591363686
750.2234059586657,12.435026337444114,0.30075236020806173
751.9437730275562,12.568848190747886,0.1855652975336879
753.6641400964468,12.62110329208506,0.25843197667110474
755.3845071653373,12.64608319431584,0.32429201265183816
757.1048742342277,12.671228490462601,0.3285282807584526
758.8252413031182,12.696540709910856,0.2740151907461401
760.5456083720087,12.715379718908915,0.15017132893017146
762.2659754408992,12.671955454075942,0.290123176042881
763.9863425097898,12.62869815675882,0.3319329011058358
765.7067095786803,12.58560519596353,0.31714623794065266
767.4270766475707,12.542673950695082,0.23532101147777634
769.1474437164612,12.563810345141004,0.21921769756831747
770.8678107853517,12.665247954348043,0.31196212781245936
772.5881778542422,12.766852123108794,0.33319028017578706
774.3085449231327,12.868629031191903,0.29857312629561866
776.0289119920233,12.970584868867359,0.17806036971410266
777.7492790609138,13.036110243688677,0.26367840305218804
779.4696461298042,13.092159606722694,0.3261875013432786
781.1900131986947,13.148401494944778,0.3283337804785737
782.9103802675852,13.204839329079078,0.27155293797182467
784.6307473364757,13.253293193177624,0.16446054741456195
786.3511144053663,13.251115294931047,0.2946667599883161
788.0714814742568,13.249139589861379,0.33352344970142644
789.7918485431472,13.247365957808091,0.3166723644950204
791.5122156120377,13.245794290890917,0.23228499438731304
793.2325826809282,13.309848752878857,0.22848762386957694
794.9529497498187,13.443256801558453,0.3157584008747355
796.6733168187093,13.576878729847813,0.3346553186520991
798.3936838875998,13.710722664899134,0.2984661258039055
800.1140509564902,13.844796747368521,0.1759583224418416
801.8344180253807,13.870894717713805,0.27149358062211987
803.5547850942712,13.875642246628683,0.32937265600018173
805.2751521631617,13.880629953707897,0.32887575613752257
806.9955192320523,13.885858142308782,0.26968024418844366
808.7158863009428,13.881860112193205,0.17831899048520858
810.4362533698333,13.835315731624274,0.29925625486016943
812.1566204387237,13.789009076474137,0.3348590050604278
813.8769875076142,13.742937330279075,0.31548676132744424
815.5973545765047,13.697097690866158,0.22749784797363368
817.3177216453952,13.726933891901414,0.2355199707795088
819.0380887142858,13.824262331798813,0.3183419723391701
820.7584557831763,13.921827824827172,0.3348546701013545
822.4788228520667,14.019636305107067,0.2963619358107479
824.1991899209572,14.117693721563278,0.16865331529179775
825.9195569898477,14.065350939723032,0.2764376359790179
827.6399240587383,13.991969278208632,0.3308655845821163
829.3602911276288,13.918834870096426,0.3278488363927712
831.0806581965193,13.845943267209087,0.26543503256357365
832.8010252654097,13.739431028066456,0.1869031926347017
834.5213923343002,13.515637899904547,0.30172717675013727
836.2417594031907,13.292063053715976,0.33434912306615155
837.9621264720812,13.068692891233125,0.31174988764711037
839.6824935409717,12.845513826624568,0.21732856660444735
841.4028606098622,12.537944348001698,0.2374086988606436
843.1232276787526,12.167045128807096,0.3172172105388832
844.8435947476434,11.796282167470483,0.3301678789633641
846.5639618165338,11.425632913445945,0.2855120645098217
848.2843288854243,11.055074823108997,0.1346811112213372
850.0046959543148,10.97784625739736,0.27104337667994083
851.7250630232053,10.926636493707392,0.3259650138547439
853.4454300920958,10.875487543743237,0.3206495843318065
855.1657971609862,10.824396296517502,0.25130175658879517
856.8861642298767,10.770643915209394,0.17935191518025256
858.6065312987672,10.709456548724829,0.2978305027143506
860.3268983676577,10.648316786636325,0.3300462165225043
862.0472654365482,10.587220910308552,0.3047203976473127
863.7676325054387,10.52616520376711,0.2011744126321779
865.4879995743291,10.643716022027437,0.23581387837003223
867.2083666432198,10.873715690451059,0.31607363933815025
868.9287337121103,11.10377295385064,0.328674105807832
870.6491007810008,11.333901804760798,0.28281182577095115
872.3694678498913,11.56411624009521,0.1255520030897629
874.0898349187818,11.442948634746251,0.2763274063408355
875.8102019876723,11.30768497623979,0.32768187457935405
877.5305690565627,11.172505307595326,0.31988989664744416
879.2509361254532,11.037401406900978,0.2474227415290416
880.9713031943437,10.94032704954237,0.18958114401924006
882.6916702632342,10.928325051232514,0.301291004233113
884.4120373321247,10.916383969341318,0.3308502818702649
886.1324044010152,10.904503077595555,0.3033190985982316
887.8527714699059,10.892681653374893,0.195943158029997
889.5731385387963,10.900178352438378,0.2429427103366028
891.2935056076868,10.917824348788452,0.31830509130223295
893.0138726765773,10.935530622890058,0.32780295681416866
894.7342397454678,10.953298251665945,0.2782671298279678
896.4546068143583,10.971531342571646,0.10899436780007583
898.1749738832488,11.097986262908103,0.3021675411753303
899.8953409521392,11.224512418799783,0.3946024472008426
901.6157080210297,11.351117505823602,0.4528940790259738
903.3360750899202,11.477809224357134,0.48941098114586296
905.0564421588107,11.604595280042421,0.5088709541403516
906.7768092277012,11.731483384260967,0.513222555659409
908.4971762965916,11.85848125460232,0.502859246285094
910.2175433654824,11.98559661532868,0.47681985688987866
911.9379104343728,12.112837197857159,0.432273580335853
913.6582775032633,12.2402107412046,0.36244639058958433
915.3786445721538,12.367724992494322,0.2467072927744253
917.0990116410443,12.39614146745947,0.19717981495043113
918.8193787099348,12.261125172029846,0.30277262640572566
920.5397457788252,12.126250856597736,0.3282777758368557
922.2601128477157,11.991510317832505,0.2952437969481722
923.9804799166062,11.856895360553795,0.17284113141178403
925.7008469854967,11.862686447079358,0.24531710412097124
927.4212140543872,11.921777961015202,0.3175303825481385
929.1415811232777,11.980990815173106,0.32354333761453896
930.8619481921684,12.040328610992823,0.26785380681164694
932.5823152610589,12.096088883335975,0.1270128118264793
934.3026823299493,12.111369282609298,0.2807881158554251
936.0230493988398,12.126327715906509,0.32635152696795067
937.7434164677303,12.141419930538188,0.31212641109500583
939.4637835366208,12.156646844456246,0.2271397991865133
941.1841506055113,12.072354821308235,0.20209263805866215
942.9045176744017,11.850640217305223,0.30390352728258346
944.6248847432922,11.629042626777823,0.32701756835976614
946.3452518121827,11.40754857172174,0.29085114866277845
948.0656188810732,11.186144580428167,0.1591025432229593
949.7859859499637,11.145895119088717,0.24815427350256133
951.5063530188542,11.160536782501932,0.31760448470113195
953.2267200877449,11.175253485928211,0.3210465258983442
954.9470871566353,11.190046124463104,0.261105089080986
956.6674542255258,11.19856996838085,0.1280712324990199
958.3878212944163,11.159510148646898,0.2819472106604332
960.1081883633068,11.120410369185262,0.3253297735683614
961.8285554321973,11.08138318914934,0.30836177418393457
963.5489225010878,11.042426234840734,0.21733425922517627
965.2692895699782,11.066949985551869,0.2053647454048327
966.9896566388687,11.165200836605385,0.3047223115671928
968.7100237077592,11.263527011341026,0.32632640256803924
970.4303907766497,11.36193449015833,0.28823201946562355
972.1507578455402,11.460429258392768,0.15038723186622352
973.8711249144309,11.428789893424884,0.25394684744087254
975.5914919833214,11.366721461070373,0.3193607501211321
977.3118590522118,11.30474060928699,0.3201009465211004
979.0322261211023,11.242843568278676,0.2567276732640009
980.7525931899928,11.197851024334105,0.13969794335405733
982.4729602588833,11.242844064259877,0.2853423989808323
984.1933273277738,11.287917150283874,0.3260015977184963
985.9136943966643,11.333073023846989,0.3067439225109812
987.6340614655547,11.378314431409208,0.21180580007041638
989.3544285344452,11.408977259318357,0.2134574434230064
991.0747956033357,11.425361687155513,0.3073543719974749
992.7951626722262,11.441837262171951,0.3261495387081148
994.5155297411167,11.458404986460991,0.2851094733991096
996.2358968100074,11.47506125690668,0.13858500364832055
997.9562638788979,11.305931594364809,0.2584276727007208
999.6766309477883,11.104754972675066,0.3203211740676703
1001.3969980166788,10.903649998234284,0.318300223532255
1003.1173650855693,10.702604439425881,0.2508240045401292
1004.8377321544598,10.604682998009226,0.1485897967213907
1006.5580992233503,10.918736773984781,0.2877148072444486
1008.2784662922408,11.232850883207039,0.3262128216340266
1009.9988333611312,11.54704443072346,0.3049420632835734
1011.7192004300217,11.861336526413545,0.2061579854531543
1013.4395674989122,11.901617605539954,0.22118035698677446
1015.1599345678027,11.715593763756097,0.3097319632793837
1016.8803016366934,11.529678721649558,0.32547613142832144
1018.6006687055839,11.343861171506818,0.28093709721397586
1020.3210357744744,11.159173859925053,0.12447550913729027
1022.0414028433648,11.238188138252116,0.26182975798431374
1023.7617699122553,11.34944968838085,0.32138226991874114
1025.4821369811457,11.46079776857924,0.317775467489415
1027.2025040500362,11.57223915125447,0.24827064720277145
1028.9228711189267,11.670650462016852,0.16418986567781538
1030.6432381878171,11.72818715460138,0.29244808030596603
1032.3636052567076,11.785833412820326,0.3274811095796476
1034.083972325598,11.843592742845377,0.303508794222705
1035.8043393944886,11.901468657702994,0.2003580112970019
1037.524706463379,11.884140732667195,0.22855085598789412
1039.24507353227,11.814622463292864,0.3123269884118219
1040.9654406011605,11.74521901672407,0.3255766318702076
1042.685807670051,11.675926171707154,0.2785561642858351
1044.4061747389414,11.606279854866509,0.12050755384082058
1046.126541807832,11.50448883110309,0.26715249777041167
1047.8469088767224,11.400128968365218,0.32262476388833145
1049.567275945613,11.295858718110932,0.3158413798213172
1051.2876430145034,11.19167173840621,0.2416123344912947
1053.0080100833939,11.154459040567668,0.1709388032847516
1054.7283771522843,11.285014094112645,0.2942371477832793
1056.4487442211748,11.415651758623886,0.3270229147221476
1058.1691112900653,11.546379979743584,0.30055031659765047
1059.8894783589558,11.677206708623487,0.19165326861402804
1061.6098454278463,11.785552139512872,0.23368040337010687
1063.3302124967367,11.880895925038025,0.3140410037977574
1065.0505795656272,11.976358564264105,0.3253323833334829
1066.7709466345177,12.07194586340753,0.2761639188563193
1068.4913137034082,12.164926977639098,0.12128502007846306
1070.2116807722987,12.16929710305067,0.27269100608588587
1071.9320478411892,12.169160857441835,0.324752128643069
1073.6524149100796,12.1691609983738,0.3159391167332336
1075.3727819789701,12.169297525865218,0.2396241898174266
1077.0931490478606,12.03636546030442,0.17742156631862072
1078.813516116751,11.63025045294249,0.23714606190578563
1080.5338831856416,11.224239054524126,0.1072815466826042
1082.2542502545325,11.803603280843102,0.23705270593557035
1083.974617323423,12.38675313955284,0.17897440734760595
1085.6949843923135,12.424247059071295,0.22045843723202987
1087.415351461204,12.19931381702095,0.22201689767352945
1089.1357185300944,12.106968423914273,0.1879827946519197
1090.856085598985,12.267567683273827,0.23561489809934866
1092.5764526678754,12.422485321015435,0.12014265601072603
1094.2968197367659,12.46990645914662,0.23804409237365376
1096.0171868056564,12.51430438696708,0.18655553974257408
1097.7375538745468,12.407933865910215,0.2511459279133688
1099.4579209434373,12.23431751089253,0.32166621675848556
1101.1782880123278,12.060841505379425,0.32873652165939415
1102.8986550812183,11.887495298201657,0.27725625854526303
1104.6190221501088,11.723584067051963,0.12787289554296793
1106.3393892189993,11.79059356993529,0.28382766212478633
1108.0597562878897,11.857716434141402,0.33006400923439677
1109.7801233567802,11.924956742214778,0.31860745164992266
1111.5004904256707,11.99231858384432,0.24137462153170805
1113.2208574945612,12.009330829881948,0.2083745588332557
1114.9412245634517,11.946281439818053,0.3078288193068473
1116.6615916323422,11.883354880324934,0.33200088601859284
1118.3819587012326,11.82054732408216,0.29970275021086534
1120.1023257701231,11.7578549510122,0.1831531289715496
1121.8226928390136,11.81154699336491,0.2536488597991759
1123.5430599079045,11.907532805654936,0.3223026586705069
1125.263426976795,12.003639091737904,0.3279927836411128
1126.9837940456855,12.099871697005325,0.2746623951768807
1128.704161114576,12.193971894066225,0.14474892593633226
1130.4245281834665,12.262622773029243,0.28852934218114956
1132.144895252357,12.33141572308893,0.33148946623156095
1133.8652623212474,12.400354928354892,0.31759563389221435
1135.585629390138,12.46944458184826,0.23704883159714243
1137.3059964590284,12.590778449487892,0.21672625370582985
1139.0263635279189,12.781658613903856,0.3114128196037702
1140.7467305968094,12.97271241819491,0.3340048959622729
1142.4670976656998,13.163951482640792,0.3011939499737478
1144.1874647345903,13.355387438793908,0.18560293256708904
1145.9078318034808,13.370066289120896,0.26454908833262814
1147.6281988723713,13.333963675141206,0.3269171270638393
1149.3485659412618,13.298068293346839,0.32935289914410293
1151.0689330101523,13.262377960505798,0.27346330954294357
1152.7893000790427,13.216877572242382,0.16174375721439574
1154.5096671479332,13.100720644843236,0.29373232232033764
1156.2300342168237,12.984756763317728,0.33308243245385744
1157.9504012857142,12.868978874512706,0.31648496448460306
1159.6707683546047,12.753379936578828,0.2322337874033963
1161.3911354234951,12.689629789832104,0.22400198110157168
1163.1115024923856,12.684013432131938,0.3134835651617421
1164.831869561276,12.67856477533812,0.33282344461407015
1166.552236630167,12.673283488057972,0.2961054331431125
1168.2726036990575,12.668169249062526,0.17025649486289976
1169.992970767948,12.738459587426208,0.26560027385075946
1171.7133378368385,12.825568040267486,0.32648520748376525
1173.433704905729,12.912852803647938,0.32724167627677175
1175.1540719746195,13.000319186408618,0.2683788325172539
1176.87443904351,13.112204112165143,0.16988716237598084
1178.5948061124004,13.345735706046524,0.29655801948486726
1180.315173181291,13.579475248107507,0.3343892829549675
1182.0355402501814,13.813436954854433,0.3169795831010727
1183.7559073190719,14.047635056309662,0.23221432040883505
1185.4762743879623,14.102559149688494,0.2360568899503625
1187.1966414568528,13.987875899973826,0.31857809258995834
1188.9170085257433,13.873439654690905,0.3349662553562669
1190.6373755946338,13.759243453601204,0.2964061984673789
1192.3577426635243,13.645280351068147,0.16866773474680224
1194.0781097324148,13.571105094402949,0.2734605883476052
1195.7984768013052,13.503520502382846,0.3294315003085795
1197.5188438701957,13.436153455330027,0.32711860386355557
1199.2392109390862,13.368999855846187,0.2649994843906459
1200.9595780079767,13.285092967964305,0.18039639200926466
1202.6799450768672,13.137128639284496,0.2994475506179952
1204.4003121457577,12.989359570881046,0.3336356323983743
1206.1206792146481,12.841776775154885,0.31221758908746033
1207.8410462835386,12.694371275816895,0.21946920815318002
1209.5614133524296,12.515188760103248,0.23542300142057554
1211.28178042132,12.310688766341046,0.31683013183190145
1213.0021474902105,12.106333767135716,0.33101412279880105
1214.722514559101,11.90211133320332,0.28808553656248387
1216.4428816279915,11.698009043325557,0.1436789723922887
1218.163248696882,11.656008973950172,0.27143693245331096
1219.8836157657724,11.63134721819087,0.3268615409358818
1221.603982834663,11.60678913807231,0.32255630584151634
1223.3243499035534,11.582333239917908,0.25551837226831337
1225.044716972444,11.546156560127626,0.1806183226739428
1226.7650840413344,11.474866948046879,0.2986638499789205
1228.4854511102249,11.403671494158214,0.3312847581197953
1230.2058181791153,11.3325658682244,0.30704472808099403
1231.9261852480058,11.261545745445977,0.20682590031341022
1233.6465523168963,11.200373851948614,0.23618442558534156
1235.3669193857868,11.145822024443858,0.31623529637783265
1237.0872864546773,11.091344341957274,0.3287504854997723
1238.8076535235678,11.036937491066924,0.28284519421798815
1240.5280205924582,10.98259816261576,0.12558462752957153
1242.2483876613487,10.963836172511769,0.2735127936340008
1243.9687547302392,10.94715034154314,0.3266095681232047
1245.6891217991297,10.930526571991523,0.31989660848313534
1247.4094888680202,10.913963852762873,0.24857249001232165
1249.1298559369106,10.90438837148221,0.1858242176488414
1250.8502230058011,10.911518391043685,0.30002817953380023
1252.570590074692,10.91870830481805,0.3306159847676673
1254.2909571435825,10.925958550099056,0.3039825580121072
1256.011324212473,10.933269567876824,0.19826294430971006
1257.7316912813635,10.977272430637264,0.2532840559386139
1259.452058350254,11.04182214448696,0.3660286240185639
1261.1724254191445,11.106439677879772,0.43446451852684553
1262.892792488035,11.171128960982374,0.47803089218779427
1264.6131595569254,11.235893928332413,0.5032384857390935
1266.333526625816,11.300738519057955,0.5128077170983886
1268.0538936947064,11.365666677140151,0.5076260857347785
1269.7742607635969,11.430682351639026,0.48722187115159965
1271.4946278324874,11.495789496940628,0.449521459494611
1273.2149949013778,11.560992072987307,0.38952384185819566
1274.9353619702683,11.626294045530846,0.2938549756912788
1276.6557290391588,11.690899497662903,0.11755741255150742
1278.3760961080493,11.739460517049721,0.27470249968221166
1280.0964631769398,11.787598701932886,0.3247540404221804
1281.8168302458303,11.835850065990739,0.3139824917476383
1283.5371973147207,11.884217543963844,0.2341350988222114
1285.2575643836112,11.931696153275164,0.19068599471308717
1286.9779314525017,11.977526166919176,0.3005334837218138
1288.6982985213922,12.023480911494715,0.3278159824228588
1290.4186655902827,12.069563182067471,0.2963007758980828
1292.1390326591732,12.11577578145044,0.17694090507670637
1293.8593997280636,12.201971844268044,0.24410245955421084
1295.5797667969546,12.304561903904219,0.3173939521141325
1297.300133865845,12.407296585451258,0.32433582173485015
1299.0205009347355,12.510182137425913,0.27009536805129253
1300.740868003626,12.612828242388156,0.12751463050925096
1302.4612350725165,12.710616276950159,0.2804975127134168
1304.181602141407,12.80849460132631,0.32710279463751196
1305.9019692102975,12.906548197800154,0.31433501732452246
1307.622336279188,13.00478303019549,0.23261052580278763
1309.3427033480784,13.049167909797184,0.2038093956561969
1311.063070416969,13.014444043439967,0.30538657357356996
1312.7834374858594,12.979907975439378,0.32950950037927945
1314.5038045547499,12.945557605245359,0.2957848043241271
1316.2241716236404,12.911390843604737,0.17318270035933142
1317.9445386925308,12.966049389862647,0.2522240492901408
1319.6649057614213,13.050004689183513,0.3205124350967093
1321.3852728303118,13.134149949732873,0.32473219533242254
1323.1056398992023,13.218490289395623,0.267929032342408
1324.8260069680928,13.274528939878882,0.13927093230903867
1326.5463740369833,13.087763144522702,0.2852671746608585
1328.2667411058737,12.900030915970973,0.3279674975070129
1329.9871081747642,12.71247952693691,0.3118580875342809
1331.7074752436547,12.525097570178126,0.22461793182516737
1333.4278423125452,12.427668248661012,0.2084275288247291
1335.1482093814357,12.441127070349,0.3064677066280248
1336.8685764503261,12.45473882011359,0.32829902678843015
1338.588943519217,12.468504325838767,0.29157982373746877
1340.3093105881076,12.482424424782382,0.16010167205319628
1342.029677656998,12.283972391612076,0.25503259508954584
1343.7500447258885,12.030956788717575,0.32012247726971266
1345.470411794779,11.77806916652652,0.32104042264023425
1347.1907788636695,11.525294143896392,0.2584713239340786
1348.91114593256,11.312787804145557,0.13544927188138628
1350.6315130014505,11.341284401731032,0.2842219081964933
1352.351880070341,11.369897910348095,0.32587336606917217
1354.0722471392314,11.398599192729833,0.3075197229241172
1355.792614208122,11.427389994547323,0.2142523106939483
1357.5129812770124,11.453170563272852,0.21118558032203702
1359.2333483459029,11.475819656634322,0.30663913696345324
1360.9537154147934,11.498562966138113,0.32627929391058164
1362.6740824836838,11.521401875082475,0.286171671474097
1364.3944495525743,11.544337772566566,0.14258235468888797
1366.1148166214648,11.296388370003381,0.256679301283686
1367.8351836903553,10.996058605123299,0.3195834813387564
1369.5555507592458,10.695793876352733,0.318062753024148
1371.2759178281362,10.395575920995581,0.2509481375500433
1372.9962848970267,10.124758613795594,0.14085991770446574
1374.7166519659172,9.983091547301548,0.284980313830572
1376.4370190348077,9.841427906241092,0.3240780646110986
1378.1573861036982,9.699759074338594,0.3021353139737003
1379.8777531725887,9.558076435021036,0.19996975821492996
1381.5981202414796,9.53939048782665,0.2109468986157758
1383.31848731037,9.62855320212807,0.30544037745771957
1385.0388543792606,9.717697778129128,0.3232591631681834
1386.759221448151,9.806829637780796,0.27948042278878865
1388.4795885170415,9.895720640824214,0.12000297772774962
1390.199955585932,9.857861154656568,0.25735830553647865
1391.9203226548225,9.802466580745735,0.31887113317073407
1393.640689723713,9.747064446297232,0.3155554324149809
1395.3610567926034,9.691651381636849,0.24478986849598394
1397.081423861494,9.647003959683472,0.1501548211483019
1398.8017909303844,9.638879707145797,0.2874185501398838
1400.522157999275,9.630737944387715,0.32415004022565114
1402.2425250681654,9.622578176198253,0.2999056725344403
1403.9628921370559,9.614399906296283,0.19291509407186014
1405.6832592059463,9.68962432498189,0.21813324428693556
1407.4036262748368,9.826414467339736,0.3078198015733189
1409.1239933437273,9.963198505705181,0.3231474506872831
1410.8443604126178,10.099984759568986,0.2767637966430921
1412.5647274815083,10.234714323383034,0.11316595980598569
1414.2850945503988,10.161849797885042,0.2626180746018584
1416.0054616192892,10.06922273085056,0.3203170599795999
1417.7258286881797,9.976604327919473,0.31425095620848703
1419.4461957570702,9.883988955850912,0.239623142210473
1421.1665628259607,9.779628752152332,0.16079956083073682
1422.8869298948512,9.643563034094417,0.290301313759045
1424.607296963742,9.50748009066072,0.3240899912684877
1426.3276640326326,9.371371645013935,0.2968837455660979
1428.048031101523,9.23522941876464,0.1832693382259866
1429.7683981704135,9.255639343588829,0.2232418383748026
1431.488765239304,9.37287566140882,0.30907523342282345
1433.2091323081945,9.490078290105956,0.3218279767558831
1434.929499377085,9.6072543581718,0.2719855069423007
1436.6498664459755,9.724011989545264,0.10272793728871688
1438.370233514866,9.824350623652887,0.23084493937105913
1440.0906005837564,9.92366605909501,0.18506611505705112
1441.810967652647,9.927281743866175,0.21516860175524158
1443.5313347215374,9.875636948329731,0.21401418507341033
1445.251701790428,9.817506315043557,0.16470009891622123
1446.9720688593184,9.745128940860065,0.23372860145444424
1448.6924359282089,9.672740518740815,0.10163208090817791
1450.4128029970993,9.527098775098304,0.23221796631995367
1452.1331700659898,9.380047998082132,0.1678100625943452
1453.8535371348803,9.539737775730828,0.21079913396356986
1455.5739042037708,9.857202208553158,0.218250034277684
1457.2942712726613,10.05461819812732,0.18833666264478768
1459.0146383415517,10.007151600942187,0.30024174871939
1460.7350054104422,9.9596898925681,0.32904452277820473
1462.4553724793327,9.912230186293252,0.29975102851121604
1464.1757395482232,9.864769595508507,0.1867666182780862
1465.8961066171137,9.93226224711252,0.2418114947204518
1467.6164736860046,10.054740479729098,0.31721204334439335
1469.336840754895,10.177226495602019,0.32602206028650427
1471.0572078237856,10.299727744581794,0.27472693304767576
1472.777574892676,10.42069520250748,0.1105725173978135
1474.4979419615665,10.478263363809049,0.27903266985085606
1476.218309030457,10.535865067883037,0.3272926792223135
1477.9386760993475,10.593503818177865,0.31625496314318524
1479.659043168238,10.651183120399416,0.23779742259230457
1481.3794102371285,10.575206724488554,0.19867683805029787
1483.099777306019,10.273034384724177,0.30348447850572063
1484.8201443749094,9.9708831052922,0.3288988135095923
1486.5405114438,9.66873450875166,0.2961269973631904
1488.2608785126904,9.366570217811649,0.17506613724973027
1489.9812455815809,9.399098785441453,0.24514950891627751
1491.7016126504714,9.562438575551868,0.3178165649902115
1493.4219797193618,9.725756206129907,0.3244481305861351
1495.1423467882523,9.889061610488001,0.2699573657652389
1496.8627138571428,10.041122874411656,0.122976376421337
1498.5830809260333,10.03529170110777,0.281745316719051
1500.3034479949238,10.029467128156062,0.3272719162622677
1502.0238150638143,10.023648801278123,0.3135432758391831
1503.7441821327047,10.017836366608007,0.23018627039652406
1505.4645492015952,10.005929572717486,0.20371727925752356
1507.1849162704857,9.985392124709383,0.30511441257600297
1508.9052833393762,9.964858242058426,0.32885594037052174
1510.6256504082671,9.94432667584737,0.2943784401431674
1512.3460174771576,9.923796177308695,0.1691948182656155
1514.066384546048,9.842619618564305,0.25199796194773405
1515.7867516149386,9.742440553921927,0.31986493385249365
1517.507118683829,9.642250277826973,0.32327050555028475
1519.2274857527195,9.542042696511668,0.2647153891348547
1520.94785282161,9.441294653422496,0.13275186376920414
1522.6682198905005,9.336289231143935,0.28389528596340596
1524.388586959391,9.231247894481747,0.3268073298786168
1526.1089540282815,9.126164254614036,0.31024010954139936
1527.829321097172,9.021031920136684,0.22120499493343765
1529.5496881660624,8.955052386749513,0.20751130810644644
1531.270055234953,8.935698251286844,0.3057617038395549
1532.9904223038434,8.916283836696174,0.3272173056998792
1534.7107893727339,8.896807962148895,0.28949453184374596
1536.4311564416244,8.877269443088958,0.153923084787636
1538.1515235105148,8.909396146515885,0.2542253801450271
1539.8718905794053,8.954072929616494,0.3198982812570599
1541.5922576482958,8.99869055116953,0.32123082489044374
1543.3126247171863,9.043251724909458,0.25921757133272083
1545.0329917860768,9.063069973053024,0.14248929460204893
1546.7533588549672,8.944537810003972,0.28628114540826016
1548.4737259238577,8.825945905468963,0.3266682812069629
1550.1940929927482,8.707287046447544,0.3075305464827285
1551.9144600616387,8.588554015863934,0.21340701622286629
1553.6348271305296,8.436610173921334,0.2130240441658562
1555.35519419942,8.251311481468646,0.30710821141304223
1557.0755612683106,8.065910884110313,0.32588030738088947
1558.795928337201,7.8803971054158275,0.2846571586588484
1560.5162954060916,7.694758862055902,0.13712950082090375
1562.236662474982,7.739399929289955,0.2565771138902977
1563.9570295438725,7.825693368487129,0.3197715050686643
1565.677396612763,7.911859015831032,0.3186495690768681
1567.3977636816535,7.9979021120930405,0.25235458856001375
1569.118130750544,8.046462555420923,0.14896527135276907
1570.8384978194345,7.939662149098126,0.28766322751741186
1572.558864888325,7.832740882734756,0.32577524794815044
1574.2792319572154,7.725692253165327,0.30386589016925547
1575.999599026106,7.618509749478031,0.2033757049073494
1577.7199660949964,7.555922181281659,0.21678799885870137
1579.4403331638869,7.531069008385775,0.3079308883712029
1581.1607002327773,7.506070123998874,0.3246724673902524
1582.8810673016678,7.480924007631869,0.280663411050559
1584.6014343705583,7.455629129852848,0.12204166633655229
1586.3218014394488,7.675545431820897,0.2605202665386815
1588.0421685083393,7.925961134844146,0.32090894153436383
1589.7625355772298,8.17625514450903,0.31781136464268034
1591.4829026461202,8.426442684195115,0.24886717772001368
1593.2032697150107,8.619855097116137,0.16256089276693672
1594.9236367839012,8.63019451420652,0.2918380966931181
1596.6440038527921,8.640455070820968,0.3270627519311022
1598.3643709216826,8.650637391018744,0.3030396918108208
1600.084737990573,8.660742094115534,0.1993861211661231
1601.8051050594636,8.707898540269811,0.22605321727282768
1603.525472128354,8.781428004043203,0.3115137504113344
1605.2458391972445,8.854887805661534,0.32573199213022574
1606.966206266135,8.92828241309816,0.27979242911976054
1608.6865733350255,9.001616290359712,0.11653955126191025
1610.406940403916,8.989627617552568,0.26762547476652665
1612.1273074728065,8.971312803588711,0.3233532034605115
1613.847674541697,8.952939876642388,0.31726198478105583
1615.5680416105874,8.934507719241925,0.24477758023550175
1617.288408679478,8.915200134679052,0.17761954115800355
1619.0087757483684,8.89372483232856,0.3276604795349631
1620.729142817259,8.872186697942855,0.40987113850230256
1622.4495098861494,8.85058442152405,0.46201984143781905
1624.1698769550399,8.828916689183737,0.49373718003395645
1625.8902440239303,8.807182183047708,0.5088653383124546
1627.6106110928208,8.785379581170263,0.5088895880056977
1629.3309781617113,8.763507557483546,0.49381216032656455
1631.0513452306018,8.741564781682438,0.4621533999969722
1632.7717122994923,8.719549919164859,0.4100819381073224
1634.4920793683827,8.697461630942703,0.3279995308297706
1636.2124464372732,8.675298573563943,0.17838305539248603
1637.9328135061637,8.681258309110513,0.22678776088756103
1639.6531805750546,8.702132866964215,0.309624546240201
1641.3735476439451,8.722932939777838,0.32002293189377884
1643.0939147128356,8.74365979264359,0.266601262764807
1644.814281781726,8.762363972241392,0.09209201879987038
1646.5346488506166,8.733462372205176,0.26665250515706357
1648.255015919507,8.702558829200559,0.31995072410885006
1649.9753829883975,8.671580827065677,0.3093864217357677
1651.695750057288,8.640526481643489,0.22617784433939508
1653.4161171261785,8.671027928016759,0.1734575569710136
1655.136484195069,8.816969425440451,0.29372538210172006
1656.8568512639595,8.962843422408268,0.32349290183505597
1658.57721833285,9.10865879127064,0.29190951752565125
1660.2975854017404,9.25442440080662,0.16721362984932023
1662.017952470631,9.186682078819787,0.23418092777826252
1663.7383195395214,9.025400175224197,0.31196529804730144
1665.4586866084119,8.864063448345954,0.3193772022746093
1667.1790536773024,8.702662085371971,0.2624503683518544
1668.8994207461928,8.553882631122278,0.0942660780528103
1670.6197878150833,8.592353869355792,0.2704420198746263
1672.3401548839738,8.634685282833004,0.320666298687965
1674.0605219528643,8.67693810897064,0.30756058705573164
1675.7808890217548,8.71911491766264,0.2200836245463402
1677.5012560906453,8.73887143634891,0.18236730994654907
1679.2216231595357,8.723665629350176,0.2962406449542201
1680.9419902284262,8.708386646981689,0.32306262384480466
1682.6623572973172,8.693033559926903,0.28826150393187017
1684.3827243662076,8.677605434394074,0.15469017719073963
1686.1030914350981,8.689278410060165,0.23836492172624896
1687.8234585039886,8.710527692501328,0.3130270440611728
1689.543825572879,8.731703000491368,0.31826744741160096
1691.2641926417696,8.752805621945283,0.2583473516043474
1692.98455971066,8.764216832278667,0.10300238800561236
1694.7049267795505,8.68196210368269,0.2743802030560157
1696.425293848441,8.598893054997205,0.3213231249882689
1698.1456609173315,8.515743242011181,0.30541951098601205
1699.866027986222,8.43250760738892,0.2130250030903307
1701.5863950551125,8.347176503449223,0.189888934302539
1703.306762124003,8.259123688409737,0.2982336352994664
1705.0271291928934,8.170969443629229,0.32215432763310026
1706.747496261784,8.082708407377806,0.28386924210294223
1708.4678633306744,7.994335211442409,0.13904194996463243
1710.1882303995649,8.020970963372406,0.24160289769005602
1711.9085974684554,8.07987900296173,0.31349501807644675
1713.6289645373458,8.138674710779997,0.3164532756283487
1715.3493316062363,8.197361662902782,0.25290919605616063
1717.0696986751268,8.227353492079923,0.11180290696826985
1718.7900657440173,8.064086976827543,0.2771323511513223
1720.5104328129078,7.900512916797703,0.3211600858252363
1722.2307998817982,7.736815615588187,0.3022916382605937
1723.9511669506887,7.572985116802116,0.20373703537054397
1725.6715340195797,7.498105953524498,0.19510929147512082
1727.3919010884701,7.521374892562529,0.2995313222076156
1729.1122681573606,7.544497530493318,0.3211984091442906
1730.832635226251,7.567475273674321,0.2800341459706721
1732.5530022951416,7.590309519666428,0.12435878056447121
1734.273369364032,7.558926679848662,0.24594910662129604
1735.9937364329226,7.515766447226806,0.3142347361662338
1737.714103501813,7.4724595723829825,0.3142902712837346
1739.4344705707035,7.429003421291425,0.2461619125074999
1741.154837639594,7.425730617320362,0.12054582528273496
1742.8752047084845,7.618608632832743,0.2792273657059483
1744.595571777375,7.811346261179386,0.3213597501225025
1746.3159388462655,8.003955225065457,0.3007489883718231
1748.036305915156,8.196447239337552,0.19874203697908102
1749.7566729840464,8.36415910568433,0.20499016115017035
1751.477040052937,8.508811906817806,0.30305092552774515
1753.1974071218274,8.653378464732624,0.32211643463233564
1754.9177741907179,8.797867572274225,0.278892932836162
1756.6381412596083,8.942217019354247,0.1182217250433797
1758.3585083284988,8.948601302988651,0.2536983135312089
1760.0788753973893,8.933395347755287,0.3173134657639966
1761.7992424662798,8.91812897332538,0.31499597245953354
1763.5196095351703,8.90280125116617,0.2448802954633233
1765.2399766040608,8.88588219289633,0.1426579710781544
1766.9603436729512,8.863249026369683,0.28506192198711877
1768.6807107418422,8.840551174209587,0.3229753814583081
1770.4010778107327,8.817787255881791,0.29919107314844173
1772.1214448796231,8.79495588683992,0.19199818451045783
1773.8418119485136,8.803798384566438,0.21269342850567058
1775.562179017404,8.837465688475675,0.3054160743976365
1777.2825460862946,8.87106673854741,0.3216142393369303
1779.002913155185,8.904603578476829,0.2751566588538263
1780.7232802240756,8.93698539801979,0.10530615680679681
1782.443647292966,8.798815388917236,0.25779399127688885
1784.1640143618565,8.641981623110144,0.3179346076864336
1785.884381430747,8.485069713734854,0.3126889926570292
1787.6047484996375,8.328070117105025,0.23776650567058383
1789.325115568528,8.213709874653423,0.1501532149661564
1791.0454826374184,8.223793319145997,0.28684533739500373
1792.765849706309,8.233773185024837,0.32248546414020296
1794.4862167751994,8.243650079286745,0.2961438036334417
1796.20658384409,8.253424602659429,0.1827268905142175
1797.9269509129804,8.094196791341247,0.2021055309919615
1799.6473179818709,7.8236476722544275,0.21731790484781482
1801.3676850507613,7.801607952752773,0.1598628205378958
1803.0880521196518,8.44629139629872,0.2303245226777779
1804.8084191885423,9.070560561116396,0.09820403159365969
1806.5287862574328,8.601448515326286,0.22798662199336484
1808.2491533263233,8.052855080220052,0.1801983956938367
1809.9695203952137,8.06514806376973,0.20890996931993497
1811.6898874641047,8.422488858894626,0.21224504664787158
1813.4102545329952,8.654279410219937,0.15719017729927315
1815.1306216018857,8.590429330030233,0.2319283604638711
1816.8509886707761,8.526497970759925,0.09904942065443878
1818.5713557396666,8.70246358191152,0.2701829454838803
1820.291722808557,8.886647177820905,0.32403214146504644
1822.0120898774476,9.070767511215069,0.31652791167544037
1823.732456946338,9.254835780663601,0.2420267031766649
1825.4528240152285,9.376327165938886,0.1836447907988821
1827.173191084119,9.361223484939236,0.2985296538178713
1828.8935581530095,9.346085406107083,0.32834302312384894
1830.6139252219,9.330912008707967,0.2996623366195055
1832.3342922907905,9.315702369875215,0.18729841855186405
1834.054659359681,9.294402376430552,0.23826218539654714
1835.7750264285714,9.269967838477072,0.31554573888217824
1837.495393497462,9.245493352332117,0.32500003441252
1839.2157605663524,9.220977429425295,0.2737481862345886
1840.9361276352429,9.195449575949526,0.09517208864862785
1842.6564947041334,9.06444494524632,0.27528969598004355
1844.3768617730238,8.933387866054192,0.32510487328330073
1846.0972288419143,8.802270367201588,0.31431081554878537
1847.8175959108048,8.671084473869847,0.2346850399052887
1849.5379629796953,8.557445702645875,0.18902841759835096
1851.2583300485862,8.475519532683712,0.29974750364769187
1852.9786971174767,8.393505094596453,0.3270867296510186
1854.6990641863672,8.311397400104605,0.29520738524257306
1856.4194312552577,8.229191455254375,0.17415152656811828
1858.1397983241482,8.316540750100193,0.2408323925810712
1859.8601653930386,8.475085724636424,0.3158456475184602
1861.5805324619291,8.633542404666066,0.32337073638848823
1863.3008995308196,8.791920427842811,0.2691317370297635
1865.02126659971,8.938545615699901,0.11038125531395168
1866.7416336686006,8.870427535277301,0.2783850970501611
1868.462000737491,8.802245205829841,0.32545121901177076
1870.1823678063815,8.733994480375964,0.31217244757003015
1871.902734875272,8.665671207759882,0.22824466158024354
1873.6231019441625,8.592292197814473,0.19610964924529023
1875.343469013053,8.511335992330464,0.3019103873706336
1877.0638360819435,8.43029369715012,0.3268624799988026
1878.784203150834,8.34916038311985,0.2924558224163046
1880.5045702197244,8.267931115558707,0.16498084580189276
1882.224937288615,8.289346114243585,0.2461833914216882
1883.9453043575054,8.34552918150688,0.31727903068955016
1885.6656714263959,8.401616074373157,0.3220667648608435
1887.3860384952868,8.457610204162744,0.2641780840077438
1889.1064055641773,8.498826280141362,0.12259757016640536
1890.8267726330678,8.398593626713984,0.28102665534061816
1892.5471397019583,8.298268026380304,0.3253829409367684
1894.2675067708487,8.197843377130498,0.3094041693515734
1895.9878738397392,8.097313570942775,0.22032738947704575
1897.7082409086297,8.056289633746623,0.20153754522481968
1899.4286079775202,8.09052736653612,0.30348193685295666
1901.1489750464107,8.124653415206271,0.3263637013239114
1902.8693421153012,8.158669855377342,0.2895804328470047
1904.5897091841916,8.192578755997197,0.15532694071016134
1906.3100762530821,8.193551296122553,0.25141422842946326
1908.0304433219726,8.1856455474609,0.31871345079487406
1909.750810390863,8.177633899962688,0.3208350844374477
1911.4711774597536,8.169515866337399,0.2593840924990169
1913.191544528644,8.157737176477614,0.1346881538384808
1914.9119115975345,8.123395473663418,0.2840300067826051
1916.632278666425,8.088944085837074,0.3258101934281772
1918.3526457353155,8.054380917585048,0.3075464352550062
1920.073012804206,8.019703866733252,0.21440105776751145
1921.7933798730965,7.98171389858739,0.20931140686161764
1923.513746941987,7.940199255284245,0.30585463006661956
1925.2341140108774,7.898563784617085,0.32585223460420537
1926.954481079768,7.856804954219021,0.2858534775811279
1928.6748481486584,7.81492022423913,0.14191087888878218
1930.3952152175493,7.898651077162908,0.2551991584110849
1932.1155822864398,8.007713482258861,0.3195248520417953
1933.8359493553303,8.116659166335827,0.3193291949977421
1935.5563164242208,8.225494755685107,0.25446333952041883
1937.2766834931112,8.290631511303353,0.14602767172687495
1938.9970505620017,8.15591703322715,0.2869373567389161
1940.7174176308922,8.021094848165433,0.32591155427835533
1942.4377846997827,7.886156755958394,0.30493569086550926
1944.1581517686732,7.751094549407556,0.2064754958179019
1945.8785188375637,7.724277155053731,0.21506213948534186
1947.5988859064541,7.794735064116193,0.30760663379491565
1949.3192529753446,7.865063298385058,0.3253718532878173
1951.039620044235,7.935266135360555,0.28282408830874634
1952.7599871131256,8.005347844920824,0.13032041839334602
1954.480354182016,8.066380498425476,0.2601188505432701
1956.2007212509066,8.126014091469532,0.3209242048277703
1957.921088319797,8.185538158775769,0.3182374284801122
1959.6414553886875,8.244956320711303,0.25001909033271397
1961.361822457578,8.2871294326228,0.15771719758022817
1963.0821895264685,8.26900632515563,0.2903267151082741
1964.802556595359,8.250782389023568,0.3266178851551022
1966.5229236642494,8.232456515802541,0.3033959225494614
1968.24329073314,8.214027590882084,0.20098649422023326
1969.9636578020304,8.264111244436679,0.2230675932251954
1971.684024870921,8.366034423815,0.3104138948553732
1973.4043919398118,8.467862675968638,0.3255603554894172
1975.1247590087023,8.569602194291928,0.2804634941646429
1976.8451260775928,8.671259166790428,0.11983662415902793
1978.5654931464833,8.688610292925572,0.2969972181466335
1980.2858602153738,8.698228950456565,0.4184789622488447
1982.0062272842642,8.707772885498827,0.5105847123284639
1983.7265943531547,8.717242678533127,0.5873197480309598
1985.4469614220452,8.726638905533846,0.6541317547039759
1987.1673284909357,8.735962137994644,0.7138266780343429
1988.8876955598262,8.745212942975812,0.7680786906007517
1990.6080626287167,8.754391883128848,0.8179834706897474
1992.3284296976071,8.763499516732145,0.8643055208775667
1994.0487967664976,8.772536397734756,0.9076040211787666
1995.769163835388,8.78150307577848,0.948303064126982
1997.4895309042786,8.790400096230012,0.9867336705752068
1999.209897973169,8.7992280002265,1.023160328199771
2000.9302650420595,8.807987324702719,1.057798504153391
2002.65063211095,8.816678602413026,1.0908266259244344
2004.3709991798405,8.825302361975519,1.1223945294416504
2006.091366248731,8.833859127913826,1.1526295714909445
2007.8117333176215,8.842349420659431,1.1816411514584206
2009.532100386512,8.850773756611902,1.209524121662535
2011.2524674554024,8.859132648156239,1.2363614035561272
2012.972834524293,8.86742660369798,1.262226025191547
2014.6932015931834,8.875656127693055,1.2871827294590403
2016.4135686620743,8.88382172067398,1.3112892589508756
2018.1339357309648,8.891923879288939,1.3345973937352953
2019.8543027998553,8.899963096330929,1.3571537979016728
2021.5746698687458,8.907939860757667,1.3790007163800166
2023.2950369376363,8.91585465773474,1.400176553280304
2025.0154040065268,8.923707968654096,1.420716355560052
2026.7357710754172,8.93150027116942,1.4406522203640622
2028.4561381443077,8.939232039225084,1.4600136403149608
2030.1765052131982,8.946903743082842,1.4788277979743272
2031.8968722820887,8.95451584935231,1.4971198183680872
2033.6172393509792,8.962068821015265,1.5149129866837407
2035.3376064198696,8.969563117457863,1.5322289368627604
2037.0579734887601,8.976999194498365,1.549087815729742
2038.7783405576506,8.984377504417976,1.5655084264476846
2040.498707626541,8.991698495974767,1.581508354412316
2042.2190746954316,8.998962614448766,1.5971040781578782
2043.939441764322,9.006170301656125,1.6123110674117491
2045.6598088332125,9.013321995988026,1.6271438700832135
2047.380175902103,9.020418132420454,1.6416161896849788
2049.1005429709935,9.027459142555966,1.655740954451188
2050.820910039884,9.034445454639364,1.6695303792224727
2052.5412771087745,9.041377493599631,1.682996021008648
2054.261644177665,9.048255681052154,1.6961488290067706
2055.9820112465554,9.055080435340127,1.708999189741281
2057.702378315446,9.061852171565263,1.7215569678999576
2059.422745384337,9.06857130159018,1.73383154336092
2061.1431124532273,9.075238234093177,1.745831844839831
2062.863479522118,9.081853374568807,1.757566380530161
2064.5838465910083,9.088417125354942,1.7690432660615028
2066.304213659899,9.09492988568417,1.7802702500601006
2068.0245807287893,9.10139205167154,1.7912547375606505
2069.7449477976797,9.107804016350586,1.8020038114883008
2071.46531486657,9.114166169722441,1.8125242524037828
2073.1856819354607,9.120478898741567,1.8228225566820948
2074.906049004351,9.126742587355864,1.8329049532756638
2076.6264160732417,9.132957616541887,1.8427774191959214
2078.346783142132,9.139124364306888,1.852445693832441
2080.0671502110226,9.145243205723013,1.8619152922158282
2081.787517279913,9.151314512955118,1.8711915173192346
2083.5078843488036,9.157338655271442,1.8802794714833762
2085.228251417694,9.163315999065631,1.8891840670411935
2086.9486184865846,9.169246907902796,1.8979100362105303
2088.668985555475,9.17513174250578,1.9064619403163865
2090.3893526243655,9.18097086079988,1.9148441783982175
2092.109719693256,9.186764617939344,1.9230609952523905
2093.8300867621465,9.192513366302986,1.9311164889551078
2095.550453831037,9.19821745555187,1.9390146179068561
2097.2708208999275,9.203877232612967,1.9467592074356257
2098.991187968818,9.209493041724262,1.9543539559927474
2100.7115550377084,9.215065224456096,1.9618024409721353
2102.4319221065994,9.220594119713594,1.9691081241810064
2104.15228917549,9.2260800637811,1.9762743569876677
2105.8726562443803,9.231523390321858,1.9833043851697931
2107.593023313271,9.236924430408337,1.9902013534845517
2109.3133903821613,9.242283512541887,1.9969683099802167
2111.0337574510518,9.247600962682569,2.003608210067229
2112.7541245199423,9.252877104233132,2.0101239203652077
2114.4744915888327,9.25811225811036,2.016518222341091
2116.194858657723,9.26330674272336,2.0227938157523666
2117.9152257266137,9.268460874010236,2.0289533219082423
2119.635592795504,9.273574965455525,2.034999286760639
2121.3559598643947,9.278649328111518,2.0409341838359296
2123.076326933285,9.283684270605995,2.0467604170175693
2124.7966940021756,9.28868009917811,2.0524803231889543
2126.517061071066,9.293637117685046,2.0580961747451867
2128.2374281399566,9.298555627617922,2.06361018198178
2129.957795208847,9.303435928133133,2.0690244953677466
2131.6781622777376,9.308278316062491,2.0743412077099914
2133.398529346628,9.313083085926111,2.079562356215433
2135.1188964155185,9.317850529961321,2.084689924456844
2136.839263484409,9.32258093813303,2.089725844247955
2138.5596305532995,9.327274598155338,2.094671997433033
2140.27999762219,9.331931795507085,2.0995302175957358
2142.0003646910804,9.336552813442324,2.1043022916917886
2143.720731759971,9.341137933028408,2.108989961609662
2145.441098828862,9.34568743313651,2.1135949256632096
2147.1614658977524,9.35020159047707,2.11811884001993
2148.881832966643,9.354680679613752,2.1225633200683185
2150.6022000355333,9.359124972967075,2.1269299417275063
2152.322567104424,9.363534740854032,2.131220242702235
2154.0429341733143,9.367910251484078,2.135435723685989
2155.7633012422048,9.372251770980567,2.1395778495149496
2157.4836683110952,9.376559563407985,2.1436480502752713
2159.2040353799857,9.380833890773053,2.147647722366021
2160.924402448876,9.385075013051054,2.1515782295199952
2162.6447695177667,9.389283188191772,2.1554409037844913
2164.365136586657,9.393458672148038,2.159237046463977
2166.0855036555477,9.3976017188777,2.162967929026517
2167.805870724438,9.401712580372845,2.166634793975673
2169.5262377933286,9.40579150666396,2.170238855689528
2171.246604862219,9.409838745835799,2.173781301228374
2172.9669719311096,9.413854544054367,2.1772632911125203
2174.687339,9.417839145566106,2.1806859600715938
