197.91150929469467
204.7031649533534
258.2129331783533
245.36510905165386
202.30411143403205
203.38171068075238
203.6167231831601
186.4504279499232
194.6243616360673
236.05542321984007
204.66898679968872
195.66768514313432
189.81131951169843
181.34206648941372
195.95592724582644
243.5730840778266
206.03580697932819
197.0673538291591
203.65145647606496
205.2945011211992
187.95797111537337
195.57709056687435
205.06348147499352
196.39933465342594
210.08586767131112
203.3132291708436
202.88438459316976
197.94244890391667
203.75753020994313
204.41942553418974
187.88181776982705
210.38241543462175
190.27744755616132
236.71028485569755
189.25757673337316
203.6766647740562
194.8935376470875
203.6798173555959
195.28196661689853
243.97016575403302
186.7220873426009
203.077319088712
203.34310710717813
188.78175129011584
244.07404597642275
187.3953577371811
196.93404031836542
204.7031649533534
258.2129331783533
245.36510905165386
202.30411143403205
203.41962297526322
203.6167231831601
204.89412650557418
194.6243616360673
236.05542321984007
204.66898679968872
195.66768514313432
189.81131951169843
181.34206648941372
195.95592724582644
243.5730840778266
205.90194363739582
197.0673538291591
203.65145647606496
205.2945011211992
187.95797111537337
195.57709056687435
205.06348147499352
196.39933465342594
210.08586767131112
203.3132291708436
202.88438459316976
197.94244890391667
203.75753020994313
204.41942553418974
187.61021925520728
210.38241543462175
190.27744755616132
236.71028485569755
189.25757673337316
203.6766647740562
194.94455337231443
203.6798173555959
195.28196661689853
243.97016575403302
186.7220873426009
203.077319088712
203.34310710717813
188.78175129011584
244.07404597642275
187.3953577371811
196.93404031836542
204.7031649533534
258.2129331783533
245.36510905165386
202.30411143403205
203.41962297526322
203.8079365806302
204.89412650557418
194.6243616360673
236.05542321984007
204.66898679968872
195.66768514313432
196.12036522762367
181.34206648941372
195.95592724582644
243.5730840778266
205.90194363739582
197.0673538291591
203.65145647606496
205.2945011211992
187.95797111537337
195.4660176573686
205.06348147499352
196.39933465342594
185.7052503657966
203.3132291708436
202.88438459316976
197.94244890391667
203.664363869861
204.41942553418974
187.61021925520728
210.38241543462175
188.20906272983973
236.71028485569755
189.25757673337316
203.63438633457895
194.94455337231443
203.6798173555959
195.28196661689853
243.97016575403302
186.7220873426009
203.077319088712
203.34310710717813
188.78175129011584
244.25828148712242
190.0750150446616
196.93404031836542
204.7031649533534
258.2129331783533
245.36510905165386
202.30411143403205
203.41962297526322
203.26597186702213
204.89412650557418
194.6243616360673
236.05542321984007
204.66898679968872
195.66768514313432
196.12036522762367
181.34206648941372
195.95592724582644
243.5730840778266
205.90194363739582
197.0673538291591
203.65145647606496
205.2945011211992
187.95797111537337
195.4660176573686
205.06348147499352
196.39933465342594
186.25177242800797
203.3132291708436
204.23369167235555
197.94244890391667
203.664363869861
204.41942553418974
187.61021925520728
210.38241543462175
188.20906272983973
236.71028485569755
189.25757673337316
203.63438633457895
195.01774997440987
203.6798173555959
195.27114149126285
243.97016575403302
186.7220873426009
204.24197903455817
203.34310710717813
188.78175129011584
244.25828148712242
190.0750150446616
196.93404031836542
204.7031649533534
258.2129331783533
245.36510905165386
202.30411143403205
203.41962297526322
203.26597186702213
204.89412650557418
194.6243616360673
236.05542321984007
204.66898679968872
195.66768514313432
196.4599908246563
181.34206648941372
195.95592724582644
243.5730840778266
205.90194363739582
197.0673538291591
203.65145647606496
205.2945011211992
187.95797111537337
195.4660176573686
205.06348147499352
196.39933465342594
186.25177242800797
203.3132291708436
204.23369167235555
197.94244890391667
203.664363869861
204.41942553418974
189.5443616368698
210.38241543462175
188.20906272983973
236.71028485569755
189.25757673337316
203.63438633457895
195.01774997440987
203.6798173555959
195.27114149126285
243.97016575403302
186.7220873426009
204.24197903455817
203.34310710717813
188.78175129011584
244.25828148712242
190.0750150446616
196.93404031836542
204.7031649533534
174.65427967385472
245.36510905165386
202.30411143403205
203.41962297526322
203.26597186702213
204.89412650557418
194.6243616360673
236.05542321984007
204.66898679968872
195.66768514313432
196.4599908246563
181.34206648941372
195.95592724582644
243.5730840778266
205.90194363739582
196.92396896580465
203.65145647606496
205.2945011211992
188.72215186836152
195.4660176573686
205.06348147499352
196.39933465342594
186.63334530085297
203.3132291708436
204.23369167235555
197.94244890391667
203.664363869861
204.41942553418974
189.5443616368698
212.16338143244744
188.20906272983973
236.71028485569755
189.25757673337316
203.63438633457895
195.01774997440987
203.6798173555959
195.27114149126285
243.97016575403302
184.79220534183855
186.7220873426009
204.24197903455817
203.34310710717813
188.78175129011584
244.25828148712242
190.0750150446616
196.93404031836542
204.7031649533534
174.65427967385472
245.36510905165386
202.30411143403205
203.41962297526322
203.26597186702213
204.89412650557418
194.6243616360673
236.05542321984007
204.66898679968872
195.66768514313432
196.4599908246563
181.34206648941372
195.95592724582644
243.5730840778266
205.90194363739582
196.92396896580465
203.65145647606496
205.2945011211992
188.72215186836152
195.4660176573686
205.06348147499352
196.39933465342594
186.63334530085297
203.3132291708436
204.23369167235555
197.94244890391667
203.664363869861
204.41942553418974
189.5443616368698
212.16338143244744
188.20906272983973
236.71028485569755
189.25757673337316
203.74957033730806
195.01774997440987
203.6798173555959
195.43961744329147
243.97016575403302
189.15756538673566
186.7220873426009
204.24197903455817
203.30537716261557
188.78175129011584
244.25828148712242
190.0750150446616
196.93404031836542
204.7031649533534
174.65427967385472
245.36510905165386
204.47009555495242
203.41962297526322
203.26597186702213
204.89412650557418
194.6243616360673
236.05542321984007
204.66898679968872
195.66768514313432
196.4599908246563
181.34206648941372
195.95592724582644
243.5730840778266
205.90194363739582
196.92396896580465
203.65145647606496
205.03941124786942
188.72215186836152
196.16029460744682
205.01408687093453
196.39933465342594
186.63334530085297
203.3132291708436
204.23369167235555
197.94244890391667
203.58924898457056
204.41942553418974
189.5443616368698
212.16338143244744
188.20906272983973
236.71028485569755
189.25757673337316
203.74957033730806
195.01774997440987
203.67820249140337
195.43961744329147
243.97016575403302
189.15756538673566
186.7220873426009
204.24197903455817
203.30537716261557
188.78175129011584
244.25828148712242
190.0750150446616
196.93404031836542
202.79880917476933
180.88913693875816
245.36510905165386
204.47009555495242
203.41962297526322
203.26597186702213
204.89412650557418
194.6243616360673
236.05542321984007
204.66898679968872
195.66768514313432
196.4599908246563
181.34206648941372
195.95592724582644
243.5730840778266
204.11461088291733
196.92396896580465
203.65145647606496
205.03941124786942
188.72215186836152
196.16029460744682
205.01408687093453
196.39933465342594
186.63334530085297
203.3132291708436
204.23369167235555
197.94244890391667
203.58924898457056
204.41942553418974
189.5443616368698
194.56718624455556
188.20906272983973
236.71028485569755
189.25757673337316
203.74957033730806
195.01774997440987
203.67820249140337
195.43961744329147
243.97016575403302
189.1349960771727
187.3492560541569
204.24197903455817
203.30537716261557
188.78175129011584
244.25828148712242
190.0750150446616
197.37289667310128
202.79880917476933
180.88913693875816
245.36510905165386
204.47009555495242
203.41962297526322
203.26597186702213
203.95677219997265
194.6243616360673
236.05542321984007
204.66898679968872
195.66768514313432
196.4599908246563
181.34206648941372
195.95592724582644
243.5730840778266
204.11461088291733
196.92396896580465
203.65145647606496
205.03941124786942
188.72215186836152
196.16029460744682
205.01408687093453
196.39933465342594
186.63334530085297
204.04142288477695
204.23369167235555
197.94244890391667
203.58924898457056
204.41942553418974
189.5443616368698
194.56718624455556
188.20906272983973
236.71028485569755
189.25757673337316
203.74957033730806
195.01774997440987
203.67820249140337
196.19206463056528
243.97016575403302
189.1349960771727
187.3492560541569
204.24197903455817
203.30537716261557
188.78175129011584
244.25828148712242
190.0750150446616
197.37289667310128
202.79880917476933
180.88913693875816
245.36510905165386
204.47009555495242
203.41962297526322
203.26597186702213
203.95677219997265
194.6243616360673
236.05542321984007
204.66898679968872
195.66768514313432
196.4599908246563
181.34206648941372
195.95592724582644
243.5730840778266
204.11461088291733
196.92396896580465
203.65145647606496
205.03941124786942
188.72215186836152
196.538440608011
205.0089034083182
196.39933465342594
186.63334530085297
204.04142288477695
204.23369167235555
197.94244890391667
203.6960133445737
204.41942553418974
189.5443616368698
194.56718624455556
188.20906272983973
236.71028485569755
189.25757673337316
203.74957033730806
195.01774997440987
203.67820249140337
196.19206463056528
243.97016575403302
189.1349960771727
187.3492560541569
204.24197903455817
203.30537716261557
188.78175129011584
244.25828148712242
190.0750150446616
197.37289667310128
202.79880917476933
180.88913693875816
245.36510905165386
204.47009555495242
203.41962297526322
203.26597186702213
203.92923797934648
194.6243616360673
236.05542321984007
204.33595880395117
195.66768514313432
196.4599908246563
181.34206648941372
195.95592724582644
243.5730840778266
204.11461088291733
196.92396896580465
203.65145647606496
205.03941124786942
188.72215186836152
196.538440608011
205.0089034083182
196.39933465342594
186.63334530085297
204.30620517743176
204.23369167235555
197.94244890391667
203.6960133445737
204.41942553418974
189.5443616368698
194.56718624455556
188.20906272983973
236.71028485569755
189.25757673337316
203.74957033730806
195.01774997440987
203.67820249140337
196.19206463056528
243.97016575403302
189.04955221039884
187.3492560541569
204.24197903455817
203.30537716261557
188.78175129011584
244.25828148712242
190.0750150446616
197.37289667310128
196.45041505075886
181.85746342980656
245.36510905165386
204.47009555495242
203.41962297526322
203.26597186702213
203.92923797934648
194.6243616360673
236.05542321984007
204.33595880395117
195.66768514313432
196.4599908246563
181.34206648941372
195.95592724582644
243.5730840778266
204.11461088291733
196.92396896580465
203.65145647606496
205.03941124786942
188.72215186836152
196.538440608011
205.0089034083182
196.39933465342594
186.63334530085297
204.30620517743176
204.23369167235555
197.94244890391667
203.6960133445737
204.41942553418974
187.9675494065093
194.56718624455556
188.20906272983973
236.71028485569755
189.25757673337316
203.74957033730806
197.46889464609728
203.67820249140337
196.19206463056528
243.97016575403302
187.40393527603777
187.3492560541569
204.24197903455817
203.30537716261557
188.87173771944353
244.25828148712242
190.0750150446616
197.37289667310128
196.45041505075886
181.85746342980656
245.36510905165386
204.47009555495242
204.6510855580851
203.26597186702213
204.5611860538982
194.6243616360673
236.05542321984007
204.33595880395117
195.66768514313432
196.3261850826833
181.34206648941372
195.95592724582644
243.5730840778266
204.11461088291733
196.92396896580465
203.65145647606496
205.03941124786942
188.72215186836152
196.538440608011
205.0089034083182
196.39933465342594
186.63334530085297
204.30620517743176
204.2588362681273
197.94244890391667
203.6960133445737
204.41942553418974
187.9675494065093
194.59340644746828
188.20906272983973
236.71028485569755
189.25757673337316
203.74999956216138
197.46889464609728
203.67820249140337
196.19206463056528
243.97016575403302
187.40393527603777
187.3492560541569
204.24197903455817
203.30537716261557
188.87173771944353
244.25828148712242
190.0750150446616
197.37289667310128
196.45041505075886
186.6739948003535
245.36510905165386
204.47009555495242
204.6510855580851
204.7136809728667
204.54926425785803
194.6243616360673
236.05542321984007
204.33595880395117
195.66768514313432
196.3261850826833
189.05165246488957
196.94501019094494
243.5730840778266
204.11461088291733
196.92396896580465
203.65145647606496
205.03124736266545
188.72215186836152
196.538440608011
205.0089034083182
196.39933465342594
186.63334530085297
204.30620517743176
204.2588362681273
197.94244890391667
203.6960133445737
204.41942553418974
187.9675494065093
194.59340644746828
204.6841855352088
236.71028485569755
189.25757673337316
203.74999956216138
197.46889464609728
203.67820249140337
196.19206463056528
243.97016575403302
187.40393527603777
187.3492560541569
204.24197903455817
203.30537716261557
188.87173771944353
244.25828148712242
190.0750150446616
197.37289667310128
196.45041505075886
186.6739948003535
245.36510905165386
204.47009555495242
204.6510855580851
204.7136809728667
204.54926425785803
194.6243616360673
236.05542321984007
204.33595880395117
195.66768514313432
196.3261850826833
189.05165246488957
196.94501019094494
242.95252054851767
204.11461088291733
196.92396896580465
203.65145647606496
205.03124736266545
188.72215186836152
196.538440608011
205.0089034083182
196.39933465342594
186.63334530085297
204.30620517743176
204.2588362681273
197.94244890391667
204.008507902939
204.41942553418974
188.8306550126696
194.59340644746828
204.6841855352088
236.71028485569755
189.2345760676418
203.74999956216138
197.46889464609728
203.4480594259577
185.6394805147679
196.19206463056528
243.97016575403302
187.40393527603777
187.3492560541569
204.24197903455817
203.30537716261557
188.87173771944353
244.25828148712242
190.0750150446616
197.37289667310128
196.45041505075886
186.6739948003535
244.85765115750633
204.47009555495242
204.66129639767732
204.7136809728667
204.54926425785803
195.45095573541758
236.05542321984007
204.33595880395117
195.66768514313432
204.5055748704298
189.05165246488957
196.94501019094494
242.95252054851767
204.11461088291733
196.92396896580465
203.65145647606496
205.03124736266545
188.72215186836152
196.538440608011
205.0089034083182
196.39933465342594
186.63334530085297
204.30620517743176
204.2588362681273
197.94244890391667
204.008507902939
204.41942553418974
188.8306550126696
194.59340644746828
204.5030647335414
236.71028485569755
189.2345760676418
203.74999956216138
194.65322749908248
203.4480594259577
196.79107177772718
196.19206463056528
243.97016575403302
187.40393527603777
187.3492560541569
204.24197903455817
203.30537716261557
188.87173771944353
244.25828148712242
189.75362419421316
197.37289667310128
196.45041505075886
186.6739948003535
244.85765115750633
204.47009555495242
204.66129639767732
204.7136809728667
204.54926425785803
195.45095573541758
236.05542321984007
204.33595880395117
195.95769109605837
204.5055748704298
189.05165246488957
196.94501019094494
242.95252054851767
204.11461088291733
197.24249810693573
203.59865868904282
205.03124736266545
188.72215186836152
196.538440608011
204.88487515367524
196.39933465342594
186.81489801554673
204.32275144478152
204.2588362681273
197.94244890391667
204.008507902939
204.41942553418974
188.8306550126696
194.59340644746828
204.5030647335414
236.71028485569755
195.57116289582578
203.74999956216138
194.65322749908248
203.4480594259577
196.79107177772718
196.19206463056528
243.97016575403302
187.40393527603777
187.3492560541569
204.24197903455817
203.30537716261557
188.87173771944353
244.25828148712242
189.75362419421316
197.37289667310128
196.5677465838221
186.6739948003535
244.85765115750633
204.47009555495242
204.66129639767732
204.7136809728667
204.54926425785803
195.45095573541758
236.05542321984007
204.33595880395117
195.95769109605837
204.5055748704298
189.05165246488957
196.94501019094494
242.95252054851767
204.11461088291733
197.24249810693573
203.59865868904282
205.03124736266545
188.72215186836152
196.538440608011
204.88487515367524
196.39933465342594
186.81489801554673
204.32275144478152
204.2588362681273
197.94244890391667
204.008507902939
204.41942553418974
188.8306550126696
194.59340644746828
204.5030647335414
236.71028485569755
195.57116289582578
203.74999956216138
194.65322749908248
203.4480594259577
196.79107177772718
196.19206463056528
243.97016575403302
187.40393527603777
187.3492560541569
204.24197903455817
203.30537716261557
188.87173771944353
244.25828148712242
189.75362419421316
197.36856811607768
196.5677465838221
186.6739948003535
244.85765115750633
204.47009555495242
204.66129639767732
204.7136809728667
204.54926425785803
196.07945373780905
236.05542321984007
204.33595880395117
195.95769109605837
204.5055748704298
189.05165246488957
196.94501019094494
242.95252054851767
204.11461088291733
197.24249810693573
203.59865868904282
205.03124736266545
188.72215186836152
196.538440608011
204.88487515367524
196.39933465342594
186.81489801554673
204.32275144478152
204.2588362681273
197.94244890391667
204.008507902939
204.41942553418974
188.8306550126696
194.59340644746828
204.5030647335414
236.71028485569755
195.57116289582578
203.74999956216138
197.49759112282592
203.4480594259577
196.79107177772718
196.19206463056528
243.97016575403302
187.40393527603777
187.50576432027552
204.24197903455817
203.30537716261557
188.87173771944353
244.25828148712242
189.75362419421316
197.36856811607768
196.5677465838221
186.6739948003535
244.85765115750633
204.58849431072605
204.66129639767732
204.7136809728667
204.54926425785803
196.07945373780905
243.65475411100422
204.33595880395117
195.95769109605837
204.5055748704298
189.05165246488957
196.94501019094494
242.95252054851767
204.11461088291733
197.24249810693573
203.59865868904282
204.9302387400428
186.98641978700223
196.538440608011
204.88487515367524
196.39933465342594
186.81489801554673
204.32275144478152
204.2588362681273
197.94244890391667
204.008507902939
204.41942553418974
188.8306550126696
194.59340644746828
204.50459495794743
236.71028485569755
195.57116289582578
203.74999956216138
197.49759112282592
203.4480594259577
196.79107177772718
196.19206463056528
243.97016575403302
187.40393527603777
187.50576432027552
204.24197903455817
203.30537716261557
188.87173771944353
244.25828148712242
189.75362419421316
197.36856811607768
196.5677465838221
186.6739948003535
244.85765115750633
203.648014506941
204.66129639767732
204.7136809728667
204.54926425785803
196.07945373780905
243.65475411100422
204.33595880395117
195.95769109605837
204.5055748704298
189.05165246488957
196.94501019094494
242.95252054851767
204.11461088291733
197.24249810693573
203.59865868904282
202.64464301435004
186.98641978700223
196.538440608011
204.72292199923046
196.39933465342594
186.81489801554673
204.32275144478152
204.2588362681273
197.94244890391667
204.008507902939
204.41942553418974
188.8306550126696
197.72770241042952
204.50459495794743
236.71028485569755
196.77753426510336
203.74999956216138
197.41170784160244
203.58166898613393
196.79107177772718
196.19206463056528
243.97016575403302
187.06087914129137
187.50576432027552
204.24197903455817
203.30537716261557
188.87173771944353
244.25828148712242
189.75362419421316
197.36856811607768
196.5677465838221
186.6739948003535
244.85765115750633
203.648014506941
204.66129639767732
204.7136809728667
204.54926425785803
196.07945373780905
243.65475411100422
204.33595880395117
195.95769109605837
204.5055748704298
189.05165246488957
196.94501019094494
242.95252054851767
204.11461088291733
197.13280463555685
203.59865868904282
202.64464301435004
186.98641978700223
196.538440608011
204.72292199923046
196.39933465342594
186.81489801554673
204.32275144478152
204.1866218547404
197.94244890391667
204.008507902939
204.41942553418974
188.8306550126696
197.72770241042952
204.50459495794743
236.71028485569755
196.77753426510336
203.74999956216138
197.43878173168565
203.58166898613393
196.79107177772718
196.19206463056528
243.97016575403302
187.06087914129137
187.50576432027552
204.24197903455817
203.30537716261557
196.92659611506565
244.25828148712242
189.75362419421316
197.36856811607768
196.5677465838221
186.6739948003535
244.85765115750633
203.648014506941
204.66129639767732
204.7136809728667
204.4796670471591
196.07945373780905
243.65475411100422
204.33595880395117
195.95769109605837
204.51718544231855
189.05165246488957
208.54449217477543
196.94501019094494
242.95252054851767
204.11461088291733
197.13280463555685
203.59865868904282
202.64464301435004
186.98641978700223
196.538440608011
204.72292199923046
196.39933465342594
197.21895655297806
204.32275144478152
204.1866218547404
197.94244890391667
204.008507902939
204.41942553418974
188.8306550126696
197.72770241042952
204.50459495794743
236.71028485569755
196.77753426510336
203.74999956216138
197.43878173168565
203.80115635626788
196.79107177772718
196.19206463056528
243.97016575403302
187.06087914129137
187.50576432027552
204.24197903455817
203.30537716261557
196.92659611506565
244.25828148712242
189.75362419421316
197.1439629292548
196.5677465838221
186.6739948003535
244.85765115750633
203.648014506941
204.66129639767732
204.7136809728667
204.4796670471591
196.07945373780905
243.65475411100422
204.33595880395117
195.9074630851845
204.51718544231855
189.05165246488957
206.82907658861726
196.94501019094494
242.95252054851767
204.11461088291733
197.13280463555685
203.59865868904282
202.64464301435004
186.98641978700223
196.538440608011
204.71552406122723
196.39933465342594
197.21895655297806
204.32275144478152
204.1866218547404
197.94244890391667
204.008507902939
204.41942553418974
188.8306550126696
197.72770241042952
204.50459495794743
236.71028485569755
196.77753426510336
203.74999956216138
196.87760910305553
203.80115635626788
196.79107177772718
196.19206463056528
243.97016575403302
187.06087914129137
187.50576432027552
204.24197903455817
203.30537716261557
196.92659611506565
244.25828148712242
188.25518938844993
197.1439629292548
196.5677465838221
186.6739948003535
244.85765115750633
203.648014506941
178.84728021283297
204.66129639767732
204.7136809728667
204.4796670471591
196.07945373780905
243.65475411100422
204.33595880395117
195.9074630851845
204.51718544231855
189.05165246488957
206.82907658861726
196.94501019094494
242.95252054851767
204.11461088291733
197.0411262914307
203.59865868904282
202.64464301435004
186.98641978700223
196.70434806670784
204.71552406122723
196.39933465342594
197.21895655297806
203.22695822556145
204.1866218547404
197.94244890391667
204.008507902939
204.41942553418974
188.8306550126696
197.72770241042952
204.50459495794743
236.71028485569755
196.77753426510336
203.74999956216138
196.87760910305553
203.80115635626788
196.79107177772718
196.19206463056528
243.97016575403302
187.06087914129137
187.50576432027552
204.24197903455817
203.30537716261557
196.92659611506565
244.25828148712242
188.25518938844993
197.1439629292548
196.5677465838221
186.6739948003535
244.85765115750633
203.4368190835939
185.38008960455088
204.66129639767732
204.7136809728667
204.4796670471591
196.07945373780905
243.65475411100422
204.33595880395117
195.9074630851845
204.51718544231855
189.05165246488957
206.82907658861726
196.94501019094494
242.95252054851767
204.47619927186463
197.0411262914307
203.59865868904282
202.64464301435004
186.98641978700223
196.787629590284
204.71552406122723
196.39933465342594
197.0321278785688
203.22695822556145
204.1866218547404
195.78574824122452
203.5490079525232
204.41942553418974
202.59346022874996
197.72770241042952
204.50459495794743
236.71028485569755
196.77753426510336
203.74999956216138
196.87760910305553
203.80115635626788
196.79107177772718
196.19206463056528
243.97016575403302
187.06087914129137
187.50576432027552
204.24197903455817
203.30537716261557
196.92659611506565
244.25828148712242
188.25518938844993
197.1439629292548
196.5677465838221
186.6739948003535
244.85765115750633
203.4368190835939
185.38008960455088
204.66129639767732
205.05397293591346
204.4796670471591
186.88019983156732
196.07945373780905
243.65475411100422
204.33595880395117
195.9074630851845
204.51718544231855
189.05165246488957
206.31132972397612
196.94501019094494
242.95252054851767
204.47619927186463
197.05306761768085
203.59865868904282
202.64464301435004
186.98641978700223
196.77371980754342
204.73291142998218
196.39933465342594
196.88549912960465
203.22695822556145
203.4515514861584
195.79661977709165
203.5490079525232
204.41942553418974
202.59346022874996
197.72770241042952
204.50459495794743
236.71028485569755
196.77753426510336
203.74999956216138
196.87760910305553
203.80115635626788
196.79107177772718
195.7088704796085
243.97016575403302
188.25971592410755
187.50576432027552
204.24197903455817
203.3826601074012
196.92659611506565
244.25828148712242
188.25518938844993
197.1439629292548
196.5677465838221
186.6739948003535
244.85765115750633
203.4368190835939
185.38008960455088
204.66129639767732
205.05397293591346
204.4796670471591
186.88019983156732
196.07945373780905
243.65475411100422
204.8051739340961
195.9074630851845
204.51718544231855
189.05165246488957
206.31132972397612
196.94501019094494
242.95252054851767
204.47619927186463
197.05306761768085
203.59865868904282
202.64464301435004
186.98641978700223
196.77371980754342
204.73291142998218
196.39933465342594
196.88549912960465
203.22695822556145
203.4515514861584
195.79661977709165
203.5490079525232
204.41942553418974
202.59346022874996
197.72770241042952
204.50459495794743
236.71028485569755
196.78097638797595
203.74999956216138
196.87760910305553
203.80115635626788
196.79107177772718
195.7088704796085
243.97016575403302
188.25971592410755
187.50576432027552
204.24197903455817
203.3826601074012
196.92659611506565
244.25828148712242
188.25518938844993
197.1439629292548
196.5677465838221
186.6739948003535
244.85765115750633
203.4368190835939
185.38008960455088
204.66129639767732
205.05397293591346
204.4356162968954
186.88019983156732
196.0411300301107
243.65475411100422
204.8051739340961
195.9074630851845
204.51718544231855
189.05165246488957
206.31132972397612
196.94501019094494
242.95252054851767
204.47619927186463
197.05306761768085
203.59865868904282
202.64464301435004
186.98641978700223
196.77371980754342
204.73291142998218
196.39933465342594
196.88549912960465
203.22695822556145
203.4515514861584
195.79661977709165
203.5490079525232
204.41942553418974
202.59346022874996
197.72770241042952
204.50459495794743
236.71028485569755
196.69009562520318
203.74999956216138
196.8491857167025
203.86901703979535
196.79107177772718
195.7088704796085
243.97016575403302
188.25971592410755
187.50576432027552
204.24197903455817
203.3826601074012
196.90702175976585
244.25828148712242
188.25518938844993
197.1439629292548
197.08297978964396
186.6739948003535
244.85765115750633
203.4368190835939
185.38008960455088
204.66129639767732
205.22673045716724
204.4356162968954
186.88019983156732
196.0411300301107
243.65475411100422
204.8051739340961
195.9074630851845
204.51718544231855
189.05165246488957
206.31132972397612
197.0317429412044
242.95252054851767
204.47619927186463
197.05306761768085
203.59361696017558
202.64464301435004
186.98641978700223
196.77371980754342
204.73291142998218
196.39933465342594
196.88549912960465
203.22695822556145
203.4515514861584
195.79661977709165
203.5490079525232
204.41942553418974
202.59346022874996
197.47083021967575
204.3351553521022
236.71028485569755
196.95461299302337
203.74999956216138
196.8491857167025
203.86901703979535
196.79107177772718
195.7088704796085
243.97016575403302
188.25971592410755
187.50576432027552
204.21966804872886
203.3826601074012
196.90702175976585
244.25828148712242
188.25518938844993
197.1439629292548
197.08297978964396
186.6739948003535
244.85765115750633
203.4368190835939
185.38008960455088
204.66129639767732
205.22673045716724
204.4356162968954
193.19589215740302
196.0411300301107
243.65475411100422
204.8051739340961
195.9074630851845
204.51718544231855
189.05165246488957
206.31132972397612
197.0317429412044
242.95252054851767
204.47619927186463
197.05306761768085
203.59361696017558
202.64464301435004
186.98641978700223
196.75997213335575
204.73291142998218
196.39933465342594
196.88549912960465
203.22695822556145
203.4515514861584
195.79661977709165
203.5490079525232
204.41942553418974
202.59346022874996
197.47083021967575
204.3351553521022
236.71028485569755
196.95461299302337
203.74999956216138
196.8491857167025
203.86901703979535
196.79107177772718
195.7088704796085
243.97016575403302
188.25971592410755
187.50576432027552
204.21966804872886
203.3826601074012
196.90702175976585
244.25828148712242
188.25518938844993
197.1439629292548
197.08297978964396
186.6739948003535
244.85765115750633
203.4368190835939
185.38008960455088
204.66129639767732
205.22673045716724
204.4356162968954
193.73044072692787
196.0411300301107
243.65475411100422
204.8051739340961
195.9074630851845
204.35220601040635
187.40303163274157
205.848686221347
197.0317429412044
242.95252054851767
204.47619927186463
197.05306761768085
203.59361696017558
202.64464301435004
186.98641978700223
196.75997213335575
204.73291142998218
196.39933465342594
196.88549912960465
203.22695822556145
203.4515514861584
195.79661977709165
203.5490079525232
204.41942553418974
202.59346022874996
197.47083021967575
204.3351553521022
236.71028485569755
196.95461299302337
203.74999956216138
196.8491857167025
203.86901703979535
196.79107177772718
195.7088704796085
243.97016575403302
188.25971592410755
187.50576432027552
204.21966804872886
203.3826601074012
196.90702175976585
244.25828148712242
188.25518938844993
197.1439629292548
197.08297978964396
186.6739948003535
244.85765115750633
203.4368190835939
185.38008960455088
204.66129639767732
205.22673045716724
204.4356162968954
194.66899403872222
196.0411300301107
243.65475411100422
204.8051739340961
195.9074630851845
204.35220601040635
187.40303163274157
205.848686221347
197.0317429412044
243.91004777010204
204.47721913732673
197.05306761768085
203.59361696017558
203.5114417576502
186.98641978700223
196.75997213335575
204.73291142998218
196.39933465342594
196.88549912960465
203.22695822556145
203.4515514861584
195.79661977709165
203.5490079525232
204.41942553418974
202.59346022874996
197.47083021967575
204.3351553521022
236.71028485569755
204.1478992514494
203.74999956216138
196.8491857167025
203.86901703979535
196.79107177772718
195.7088704796085
243.97016575403302
188.25971592410755
187.50576432027552
204.21966804872886
203.3826601074012
196.90702175976585
244.25828148712242
188.25518938844993
197.1439629292548
197.08297978964396
186.6739948003535
244.85765115750633
203.4368190835939
185.38008960455088
204.66129639767732
205.22673045716724
204.4356162968954
194.66899403872222
196.0411300301107
243.65475411100422
204.8051739340961
195.9074630851845
204.35220601040635
187.40303163274157
205.848686221347
197.0317429412044
243.91004777010204
204.47721913732673
197.05306761768085
203.59361696017558
203.5114417576502
186.98641978700223
197.17813944364804
204.73291142998218
196.39933465342594
196.88549912960465
203.22695822556145
203.4515514861584
195.79661977709165
203.5490079525232
204.41942553418974
205.11171215839465
197.47083021967575
204.3351553521022
236.71028485569755
204.1478992514494
203.74999956216138
196.8491857167025
203.86901703979535
196.79107177772718
195.7088704796085
243.97016575403302
188.25971592410755
187.50576432027552
204.21966804872886
203.3826601074012
196.5938364929434
244.25828148712242
188.25518938844993
195.2727236368749
197.05463464854247
186.6739948003535
244.85765115750633
203.4368190835939
185.38008960455088
204.82881427924372
205.22673045716724
204.6839217404861
194.66899403872222
195.5757222903409
243.65475411100422
204.8051739340961
195.9074630851845
204.35220601040635
187.80866287660112
205.848686221347
197.0317429412044
243.91004777010204
204.47721913732673
195.7855501318582
203.711943831619
203.5114417576502
186.98641978700223
197.17813944364804
204.73291142998218
196.39933465342594
196.88549912960465
203.22695822556145
203.4515514861584
195.79661977709165
203.5490079525232
204.41942553418974
205.11171215839465
197.47083021967575
204.3351553521022
236.71028485569755
204.1478992514494
203.74999956216138
196.8491857167025
203.86901703979535
196.79107177772718
204.14741286298707
243.97016575403302
188.25971592410755
187.50576432027552
204.21966804872886
203.3826601074012
196.5938364929434
244.25828148712242
188.25518938844993
195.2727236368749
197.05463464854247
186.6739948003535
244.85765115750633
203.4368190835939
185.38008960455088
204.82881427924372
205.22673045716724
204.6839217404861
194.66899403872222
195.5757222903409
243.65475411100422
204.8051739340961
195.9074630851845
204.10777011461394
187.80866287660112
205.848686221347
197.0317429412044
243.91004777010204
204.47721913732673
196.50674412864694
203.65452848773123
203.5114417576502
186.98641978700223
197.17813944364804
204.73291142998218
196.39933465342594
196.88549912960465
203.22695822556145
203.4515514861584
195.79661977709165
203.5490079525232
204.41942553418974
205.04474886931322
197.47083021967575
204.3351553521022
236.71028485569755
204.1478992514494
203.74999956216138
196.8491857167025
203.86901703979535
196.79107177772718
204.14741286298707
243.97016575403302
188.25971592410755
187.50576432027552
204.21966804872886
203.3826601074012
196.5938364929434
244.25828148712242
188.25518938844993
195.2727236368749
197.05463464854247
186.6739948003535
244.85765115750633
203.4368190835939
188.63452052825943
204.82881427924372
205.22673045716724
204.6839217404861
194.66899403872222
195.5757222903409
243.65475411100422
204.77848805709263
195.9074630851845
204.10777011461394
187.85327758952772
205.848686221347
196.93901057460926
243.91004777010204
204.47721913732673
196.50674412864694
203.6960417264062
203.5114417576502
186.98641978700223
197.17813944364804
204.73291142998218
196.82339872291683
196.88549912960465
203.22695822556145
203.4515514861584
195.79661977709165
203.5490079525232
204.41942553418974
204.95753063771951
197.47083021967575
204.36588731280017
236.71028485569755
204.1478992514494
203.74999956216138
196.8491857167025
203.86901703979535
196.14958976662217
204.14741286298707
243.97016575403302
188.25971592410755
187.50576432027552
204.21966804872886
204.71053528846687
205.57614238958652
244.25828148712242
188.25518938844993
195.2727236368749
197.08192394828788
186.6739948003535
244.85765115750633
203.4368190835939
188.63452052825943
204.82881427924372
205.22673045716724
204.6839217404861
194.66899403872222
195.5757222903409
243.65475411100422
204.77848805709263
195.9074630851845
204.10777011461394
187.85327758952772
205.848686221347
196.9514737712882
243.91004777010204
204.47721913732673
196.50674412864694
203.7429379460333
203.5114417576502
186.98641978700223
197.17813944364804
204.73291142998218
196.82339872291683
195.2527933839882
203.22695822556145
203.4515514861584
195.79661977709165
203.5490079525232
204.41942553418974
204.95753063771951
197.47083021967575
204.36588731280017
236.71028485569755
204.1478992514494
203.74999956216138
196.8491857167025
203.86901703979535
196.14958976662217
204.14765891808796
243.97016575403302
187.99602079566154
187.50576432027552
204.21966804872886
204.71053528846687
205.57614238958652
244.25828148712242
188.25518938844993
195.2727236368749
196.590122625398
186.6739948003535
244.85765115750633
203.94956386888134
188.63452052825943
204.82881427924372
205.22673045716724
204.6839217404861
194.66899403872222
195.46721521947833
243.65475411100422
204.77848805709263
195.9074630851845
204.10777011461394
187.85327758952772
205.848686221347
196.9514737712882
243.91004777010204
204.47721913732673
203.3001675374446
203.7429379460333
203.5114417576502
186.98641978700223
197.17813944364804
204.73291142998218
196.82339872291683
195.2527933839882
203.22695822556145
203.4515514861584
195.79661977709165
203.5490079525232
204.41942553418974
204.95753063771951
197.47083021967575
204.36588731280017
236.71028485569755
204.1478992514494
203.74999956216138
196.8491857167025
203.86901703979535
196.14958976662217
204.20037733906082
243.97016575403302
187.99602079566154
187.50576432027552
204.21966804872886
204.71053528846687
205.57614238958652
244.25828148712242
188.25518938844993
195.2727236368749
197.07891907800422
194.89564811255198
244.85765115750633
203.94956386888134
188.63452052825943
204.82881427924372
205.22673045716724
204.6839217404861
194.66899403872222
195.46721521947833
243.77796234222936
204.29366226270557
196.03980615156868
204.10777011461394
187.85327758952772
205.848686221347
196.16891424836194
243.91004777010204
204.50390292543764
203.3001675374446
203.7429379460333
203.5114417576502
186.98641978700223
196.9157767514845
204.73291142998218
196.82339872291683
205.3035170888552
204.02327796160867
203.4515514861584
195.79661977709165
203.5490079525232
204.41942553418974
204.95753063771951
197.47596377716349
204.36588731280017
236.71028485569755
204.1478992514494
203.74999956216138
196.8491857167025
203.86901703979535
196.14958976662217
204.20037733906082
243.97016575403302
187.99602079566154
188.3300393647394
204.21966804872886
204.71053528846687
205.57614238958652
244.25828148712242
188.25518938844993
195.2727236368749
197.07891907800422
194.89564811255198
244.85765115750633
203.74229763824786
188.63452052825943
204.82881427924372
205.22673045716724
204.6839217404861
194.66899403872222
195.46721521947833
243.77796234222936
204.29366226270557
196.03980615156868
204.10777011461394
187.85327758952772
205.848686221347
196.16891424836194
243.91004777010204
204.50390292543764
203.3001675374446
203.7429379460333
203.430784424264
186.98641978700223
196.9157767514845
204.73291142998218
196.82339872291683
205.3035170888552
203.92937528268027
178.82812838203608
203.4515514861584
195.8415084984527
203.5490079525232
204.41942553418974
204.95753063771951
197.47596377716349
204.36588731280017
236.71028485569755
204.1478992514494
203.74999956216138
196.8491857167025
203.86901703979535
196.14958976662217
204.20037733906082
243.97016575403302
187.99602079566154
188.3300393647394
204.21966804872886
204.71053528846687
205.57614238958652
244.25828148712242
188.25518938844993
195.2727236368749
197.07891907800422
196.04827499570848
244.85765115750633
203.6628684016395
188.63452052825943
204.85258804299096
205.22673045716724
204.6839217404861
194.66899403872222
196.1790688153461
243.77796234222936
204.29366226270557
196.03980615156868
204.10777011461394
187.85327758952772
205.848686221347
195.86973541474572
243.91004777010204
204.50390292543764
203.16609464903766
203.7429379460333
203.430784424264
186.98641978700223
196.9157767514845
204.73291142998218
196.82339872291683
205.3035170888552
203.92937528268027
178.82812838203608
203.4515514861584
195.8415084984527
203.65123204341455
204.41942553418974
204.95753063771951
197.47596377716349
204.36588731280017
236.71028485569755
204.1478992514494
203.8007990881065
195.96910707085567
203.86901703979535
196.63834925178173
204.20037733906082
243.97016575403302
187.99602079566154
188.3300393647394
204.21966804872886
204.71053528846687
205.57614238958652
244.25828148712242
188.25518938844993
195.2727236368749
197.07891907800422
196.04827499570848
244.85765115750633
203.6628684016395
188.63452052825943
204.85258804299096
205.22673045716724
204.6839217404861
194.83474136018344
196.1790688153461
243.77796234222936
204.29366226270557
196.03980615156868
204.10777011461394
187.85327758952772
205.848686221347
196.1299657286225
243.91004777010204
204.50390292543764
203.16609464903766
203.7429379460333
203.430784424264
186.98641978700223
196.9157767514845
204.73291142998218
196.82339872291683
205.3035170888552
203.62952948200314
178.82812838203608
203.4515514861584
195.8415084984527
203.65123204341455
204.41942553418974
203.82127487421593
197.47596377716349
204.51919696421461
236.71028485569755
204.1478992514494
203.8007990881065
195.96910707085567
203.86901703979535
196.63834925178173
204.20037733906082
243.97016575403302
187.99602079566154
188.60199376096148
204.21966804872886
204.59657089080585
205.57614238958652
244.25828148712242
188.25518938844993
195.2727236368749
197.07891907800422
196.04827499570848
244.85765115750633
203.6628684016395
188.63452052825943
204.85258804299096
205.22673045716724
204.6839217404861
194.83474136018344
196.1790688153461
243.77796234222936
204.29366226270557
196.03980615156868
204.10777011461394
187.90864974960442
205.848686221347
196.1299657286225
243.91004777010204
204.50390292543764
203.16609464903766
203.7429379460333
203.430784424264
187.04742086027161
196.9157767514845
204.73291142998218
196.82339872291683
205.3035170888552
203.62952948200314
178.82812838203608
203.4515514861584
195.8415084984527
203.65123204341455
204.41942553418974
203.82127487421593
197.47596377716349
204.51919696421461
236.71028485569755
204.1478992514494
203.8007990881065
195.96910707085567
203.86901703979535
196.63834925178173
204.20037733906082
243.97016575403302
187.99602079566154
188.60199376096148
204.21966804872886
204.59657089080585
205.57614238958652
244.25828148712242
203.14956068953313
195.2727236368749
197.07891907800422
196.04827499570848
244.85765115750633
203.6421599905216
188.63452052825943
204.85258804299096
205.22673045716724
204.6839217404861
194.83474136018344
196.1790688153461
243.77796234222936
204.29366226270557
196.03980615156868
204.10777011461394
187.90864974960442
205.848686221347
196.1299657286225
243.91004777010204
204.50390292543764
203.16609464903766
203.7429379460333
203.430784424264
187.04742086027161
196.9157767514845
204.73291142998218
196.82339872291683
205.3035170888552
203.6726244216665
178.82812838203608
203.4515514861584
195.8415084984527
203.65123204341455
204.41942553418974
203.82127487421593
197.47596377716349
204.51919696421461
236.71028485569755
204.1478992514494
203.8007990881065
195.96910707085567
203.86901703979535
196.63834925178173
204.20037733906082
243.97016575403302
187.99602079566154
188.60199376096148
204.21966804872886
204.59657089080585
205.57614238958652
244.25828148712242
203.14956068953313
195.2727236368749
197.07891907800422
196.04827499570848
244.85765115750633
203.6421599905216
188.5146185158518
204.85258804299096
205.22673045716724
204.6839217404861
194.83474136018344
196.1790688153461
243.77796234222936
204.29366226270557
196.03980615156868
203.99866253560901
187.90864974960442
205.848686221347
196.1299657286225
243.91004777010204
204.50390292543764
203.16609464903766
203.7429379460333
203.430784424264
187.04742086027161
196.9157767514845
204.73291142998218
196.82339872291683
205.3035170888552
203.6726244216665
178.82812838203608
203.4515514861584
195.8415084984527
203.65123204341455
204.41942553418974
203.82127487421593
197.47596377716349
204.51919696421461
236.71028485569755
204.1478992514494
203.78444113907227
195.96910707085567
203.86901703979535
204.4687540113232
204.20037733906082
243.97016575403302
194.70634441449732
188.60199376096148
204.21966804872886
204.59657089080585
205.57614238958652
244.25828148712242
203.680631005844
196.46152033889874
197.07891907800422
196.04827499570848
244.85765115750633
203.6421599905216
188.5146185158518
205.1538722939957
205.22673045716724
204.6839217404861
194.83474136018344
196.1790688153461
243.81483347020952
204.29366226270557
196.65179375059844
203.6840843732711
187.90864974960442
205.848686221347
196.1299657286225
243.91004777010204
204.50390292543764
203.16609464903766
203.7429379460333
203.430784424264
187.04742086027161
196.9157767514845
204.73291142998218
196.82339872291683
204.93655864351294
203.6726244216665
178.82812838203608
203.454171650821
195.8415084984527
204.08666135535424
204.41942553418974
203.82127487421593
197.47596377716349
204.51919696421461
236.71028485569755
204.1478992514494
203.78444113907227
195.92704454724554
203.86901703979535
204.4687540113232
204.20037733906082
243.97016575403302
196.06765005741366
188.60199376096148
204.21966804872886
204.66530327979993
203.25280217677334
244.25828148712242
203.680631005844
196.46152033889874
197.07891907800422
196.04827499570848
244.85765115750633
203.6421599905216
188.5146185158518
205.1538722939957
205.22673045716724
204.67321734699922
194.83474136018344
196.1790688153461
243.81483347020952
204.29366226270557
196.65179375059844
203.6840843732711
187.90864974960442
205.848686221347
196.1299657286225
243.91004777010204
204.50390292543764
203.16609464903766
203.74578257733407
203.430784424264
187.04742086027161
196.9157767514845
204.73291142998218
196.82339872291683
204.93655864351294
203.6726244216665
178.82812838203608
203.454171650821
195.8415084984527
204.08666135535424
204.41942553418974
203.82127487421593
197.47596377716349
204.54297344698847
244.69263143400272
204.1478992514494
203.78444113907227
195.92704454724554
203.86901703979535
204.73251937448373
203.68544476373935
243.97016575403302
196.06765005741366
187.47697837181462
204.21966804872886
204.66530327979993
203.25280217677334
244.25828148712242
203.680631005844
196.46152033889874
197.07891907800422
196.04827499570848
244.85765115750633
203.64333385694323
187.9542298345274
205.1538722939957
204.60272704125467
204.67321734699922
194.83474136018344
196.1790688153461
243.81483347020952
204.29366226270557
196.65179375059844
203.6840843732711
187.90864974960442
205.848686221347
196.1299657286225
243.91004777010204
204.50390292543764
203.05469437590972
203.74578257733407
203.430784424264
187.04742086027161
196.9157767514845
204.73291142998218
196.82339872291683
204.93655864351294
203.6726244216665
178.82812838203608
203.454171650821
195.8415084984527
204.08666135535424
204.41942553418974
203.82127487421593
197.47596377716349
204.54297344698847
244.69263143400272
204.1478992514494
203.78444113907227
195.92704454724554
203.9822263298535
204.73251937448373
203.68544476373935
243.97016575403302
195.8269345423937
187.47697837181462
204.21966804872886
204.66530327979993
203.25280217677334
244.25828148712242
203.680631005844
