#Lag,CCF
-1976.98849,0.0
-1974.9884899999,0.0
-1972.9884899997999,0.0
-1970.9884899996998,0.0
-1968.9884899995998,0.0
-1966.9884899994997,-0.9999999999997475
-1964.9884899993997,-0.9999999999999392
-1962.9884899992996,-0.9999999999998219
-1960.9884899991996,-7.462919171530302e-13
-1958.9884899990996,-0.6896807804137219
-1956.9884899989995,-0.8264678768507434
-1954.9884899988995,-0.9117115037535681
-1952.9884899987994,-0.845200691831209
-1950.9884899986994,-0.9531898485677333
-1948.9884899985993,-0.9511529325460328
-1946.9884899984993,-0.9170885193621364
-1944.9884899983992,-0.8591111807223968
-1942.9884899982992,-0.9411027043091162
-1940.9884899981992,-0.8931897828219413
-1938.988489998099,-0.7323276003105047
-1936.988489997999,-0.5379804411617288
-1934.988489997899,-0.6182446652341425
-1932.988489997799,-0.6007019701266326
-1930.988489997699,-0.4574496244381321
-1928.988489997599,-0.2534298269485944
-1926.9884899974988,-0.24070023267371465
-1924.9884899973988,-0.23376041702116096
-1922.9884899972988,-0.18377903065228307
-1920.9884899971987,-0.10191823203590154
-1918.9884899970987,0.006440802830881876
-1916.9884899969986,0.09125732509325898
-1914.9884899968986,0.1764672173717203
-1912.9884899967985,0.21232686087290623
-1910.9884899966985,0.1840284097718186
-1908.9884899965984,0.30400366461003914
-1906.9884899964984,0.3912300284366993
-1904.9884899963984,0.40098415944547816
-1902.9884899962983,0.33816518487527514
-1900.9884899961983,0.24644601503718985
-1898.9884899960982,0.09296691923388803
-1896.9884899959982,-0.038131758008918146
-1894.9884899958981,0.26962028228046486
-1892.988489995798,0.47774455687604744
-1890.988489995698,0.6045777281121236
-1888.988489995598,0.6329730264255335
-1886.988489995498,0.7728472194321632
-1884.988489995398,0.7654214191021422
-1882.9884899952979,0.6430749400444555
-1880.9884899951978,0.4763359270637848
-1878.9884899950978,0.5600472370952265
-1876.9884899949977,0.49765954328607
-1874.9884899948977,0.3713820180753029
-1872.9884899947976,0.24600188192420358
-1870.9884899946976,0.3365828871266287
-1868.9884899945976,0.29314455537629636
-1866.9884899944975,0.23219735204807684
-1864.9884899943975,0.17427283145767172
-1862.9884899942974,0.18293238195823586
-1860.9884899941974,0.09005544772671067
-1858.9884899940973,-0.012660769972219127
-1856.9884899939973,-0.0984283882237019
-1854.9884899938972,-0.11464426815894144
-1852.9884899937972,-0.1789081361206918
-1850.9884899936972,-0.22406207385572047
-1848.988489993597,-0.2433396482954348
-1846.988489993497,-0.23738895400097293
-1844.988489993397,-0.3097750847300308
-1842.988489993297,-0.3540164107107827
-1840.988489993197,-0.37486206404852507
-1838.988489993097,-0.36729739600737105
-1836.9884899929968,-0.4270844128362805
-1834.9884899928968,-0.4631066434633042
-1832.9884899927968,-0.4782190472659565
-1830.9884899926967,-0.47232039252579483
-1828.9884899925967,-0.49982506032425145
-1826.9884899924966,-0.5066853446729357
-1824.9884899923966,-0.4969554821002853
-1822.9884899922965,-0.510876892788866
-1820.9884899921965,-0.5447216452063263
-1818.9884899920964,-0.5533152938904107
-1816.9884899919964,-0.5390280897362876
-1814.9884899918964,-0.6009077456142209
-1812.9884899917963,-0.639972945273759
-1810.9884899916963,-0.6468632994476595
-1808.9884899915962,-0.6271531874910397
-1806.9884899914962,-0.6598974945618957
-1804.9884899913961,-0.6732157363009248
-1802.988489991296,-0.6554564342850185
-1800.988489991196,-0.6145351560387797
-1798.988489991096,-0.6010799646716972
-1796.988489990996,-0.575917915622413
-1794.988489990896,-0.5264882893373172
-1792.9884899907959,-0.4620291061460737
-1790.9884899906958,-0.4254322631957409
-1788.9884899905958,-0.37236864722826557
-1786.9884899904957,-0.30525816490459556
-1784.9884899903957,-0.2329735165613354
-1782.9884899902956,-0.16608491550246
-1780.9884899901956,-0.0891250732568611
-1778.9884899900956,-0.009128038362832522
-1776.9884899899955,0.06546139862391265
-1774.9884899898955,0.0860766010216506
-1772.9884899897954,0.10244362554488795
-1770.9884899896954,0.11500172323044251
-1768.9884899895953,0.12282694884013799
-1766.9884899894953,0.1654593669007346
-1764.9884899893952,0.20841208381028653
-1762.9884899892952,0.24444442609939038
-1760.9884899891952,0.2702735029859999
-1758.9884899890951,0.3146683855283423
-1756.988489988995,0.3544218288987945
-1754.988489988895,0.38261074781832694
-1752.988489988795,0.39679488500368354
-1750.988489988695,0.45410190869900763
-1748.988489988595,0.5050875398689567
-1746.9884899884948,0.5406903169381889
-1744.9884899883948,0.5588960526643914
-1742.9884899882948,0.6356240172401347
-1740.9884899881947,0.7030790575621
-1738.9884899880947,0.7490319853185338
-1736.9884899879946,0.7711224842687682
-1734.9884899878946,0.7942482100873399
-1732.9884899877945,0.7977119830163859
-1730.9884899876945,0.7768522178289368
-1728.9884899875944,0.7344850388773119
-1726.9884899874944,0.7126939402328514
-1724.9884899873944,0.6711778194436837
-1722.9884899872943,0.6085428104005773
-1720.9884899871943,0.5315137268186887
-1718.9884899870942,0.5215955288353777
-1716.9884899869942,0.5015313736164926
-1714.9884899868941,0.4661443898298269
-1712.988489986794,0.41952459789418106
-1710.988489986694,0.39148197373046245
-1708.988489986594,0.35379409858822886
-1706.988489986494,0.3062389490071161
-1704.988489986394,0.25289510260902703
-1702.9884899862939,0.22168579614886724
-1700.9884899861938,0.1848871249812914
-1698.9884899860938,0.14269031547644168
-1696.9884899859937,0.09856822464793713
-1694.9884899858937,0.06780115926301353
-1692.9884899857936,0.03429202471750218
-1690.9884899856936,-0.0008566566246139013
-1688.9884899855936,-0.03489640978922351
-1686.9884899854935,-0.10147120992288378
-1684.9884899853935,-0.17559404196368184
-1682.9884899852934,-0.24916914097787357
-1680.9884899851934,-0.3155344996610871
-1678.9884899850933,-0.39580425278037246
-1676.9884899849933,-0.47352942024530953
-1674.9884899848932,-0.5398611014941533
-1672.9884899847932,-0.5897411056619155
-1670.9884899846932,-0.6281949205548659
-1668.9884899845931,-0.6586655391609426
-1666.988489984493,-0.6754917264214917
-1664.988489984393,-0.6738551214352935
-1662.988489984293,-0.695320562188856
-1660.988489984193,-0.7058213732766079
-1658.988489984093,-0.690679858899117
-1656.9884899839928,-0.6436186315427099
-1654.9884899838928,-0.6113565753417974
-1652.9884899837928,-0.5558029065392721
-1650.9884899836927,-0.4757319871095881
-1648.9884899835927,-0.3837984873487039
-1646.9884899834926,-0.3528776393969243
-1644.9884899833926,-0.3157995111723887
-1642.9884899832925,-0.26866674050848854
-1640.9884899831925,-0.21586451366256126
-1638.9884899830924,-0.20192242583653816
-1636.9884899829924,-0.18885019585025994
-1634.9884899828924,-0.17364743293505275
-1632.9884899827923,-0.15730796197054842
-1630.9884899826923,-0.17755279879304348
-1628.9884899825922,-0.20791426819860903
-1626.9884899824922,-0.2462605077139382
-1624.9884899823921,-0.29168169627857227
-1622.988489982292,-0.29588769169264917
-1620.988489982192,-0.29588769169256934
-1618.988489982092,-0.29588769169259543
-1616.988489981992,-0.2958876916925899
-1614.988489981892,-0.2826022479712764
-1612.9884899817919,-0.312303002371251
-1610.9884899816918,-0.3373987812157373
-1608.9884899815918,-0.3558450953590405
-1606.9884899814917,-0.3329390709668526
-1604.9884899813917,-0.3370300938757784
-1602.9884899812917,-0.3294657045938765
-1600.9884899811916,-0.31581688526270113
-1598.9884899810916,-0.29403875424873044
-1596.9884899809915,-0.29383655295877986
-1594.9884899808915,-0.29131058990350456
-1592.9884899807914,-0.2878362410628166
-1590.9884899806914,-0.2819479892352107
-1588.9884899805913,-0.3073740550869215
-1586.9884899804913,-0.3199710750026798
-1584.9884899803913,-0.3224663323415501
-1582.9884899802912,-0.3011187659926999
-1580.9884899801912,-0.2873842629693885
-1578.9884899800911,-0.26678914417902583
-1576.988489979991,-0.24235409449172035
-1574.988489979891,-0.2195235164852123
-1572.988489979791,-0.21959143007219323
-1570.988489979691,-0.21230290587694567
-1568.988489979591,-0.1993798912778553
-1566.9884899794909,-0.13733675709267035
-1564.9884899793908,-0.11342343693866357
-1562.9884899792908,-0.0882768896117496
-1560.9884899791907,-0.06392318035395299
-1558.9884899790907,0.0009093117517186416
-1556.9884899789906,0.0154203861446889
-1554.9884899788906,0.027672546257960274
-1552.9884899787905,0.037036573351002244
-1550.9884899786905,0.06848282264198749
-1548.9884899785905,0.05959083726484515
-1546.9884899784904,0.04729766856586234
-1544.9884899783904,0.03396658700989606
-1542.9884899782903,0.038644568906133006
-1540.9884899781903,0.0174362246837534
-1538.9884899780902,-0.005397863654273038
-1536.9884899779902,-0.026951814775251416
-1534.9884899778901,-0.029669003366487763
-1532.98848997779,-0.05618380354254104
-1530.98848997769,-0.08157767041806974
-1528.98848997759,-0.10295648267077301
-1526.98848997749,-0.09947281270315285
-1524.98848997739,-0.11269473692271761
-1522.9884899772899,-0.12237087431088904
-1520.9884899771898,-0.12780897616058773
-1518.9884899770898,-0.14303328863424652
-1516.9884899769897,-0.17730140952063383
-1514.9884899768897,-0.20507116283014631
-1512.9884899767897,-0.2254682506032307
-1510.9884899766896,-0.2375557865403929
-1508.9884899765896,-0.26904284873336026
-1506.9884899764895,-0.29345200087141643
-1504.9884899763895,-0.31061673806686185
-1502.9884899762894,-0.32397022352889926
-1500.9884899761894,-0.35108193914741664
-1498.9884899760893,-0.37045118519158976
-1496.9884899759893,-0.38233597474939185
-1494.9884899758893,-0.3988046239319346
-1492.9884899757892,-0.43201200874658585
-1490.9884899756892,-0.4563770853598186
-1488.9884899755891,-0.4711857824321373
-1486.988489975489,-0.48984724762979037
-1484.988489975389,-0.5169217198324331
-1482.988489975289,-0.5315509841323913
-1480.988489975189,-0.5359700972990504
-1478.988489975089,-0.5468773089273076
-1476.9884899749889,-0.5758628794270615
-1474.9884899748888,-0.5936599525219826
-1472.9884899747888,-0.6012181410654196
-1470.9884899746887,-0.6055899109689169
-1468.9884899745887,-0.6194405124231408
-1466.9884899744886,-0.6226257683287779
-1464.9884899743886,-0.6160628927885257
-1462.9884899742885,-0.6228276344532959
-1460.9884899741885,-0.6320080331849027
-1458.9884899740885,-0.630262806030802
-1456.9884899739884,-0.6188652837112638
-1454.9884899738884,-0.6217959406746534
-1452.9884899737883,-0.628089502586791
-1450.9884899736883,-0.6237376130715315
-1448.9884899735882,-0.6101232755756498
-1446.9884899734882,-0.6081707435859216
-1444.9884899733881,-0.6098624804630577
-1442.988489973288,-0.6021848353517043
-1440.988489973188,-0.5866725238248616
-1438.988489973088,-0.5767207604049505
-1436.988489972988,-0.5734478012488906
-1434.988489972888,-0.5624444908947008
-1432.9884899727879,-0.5450409365068605
-1430.9884899726878,-0.5384183852202203
-1428.9884899725878,-0.5278148343094445
-1426.9884899724877,-0.5109516100382168
-1424.9884899723877,-0.48912553562596683
-1422.9884899722877,-0.48403854099607546
-1420.9884899721876,-0.47706334720407395
-1418.9884899720876,-0.4649497516012495
-1416.9884899719875,-0.44857263715561957
-1414.9884899718875,-0.44359935461166816
-1412.9884899717874,-0.43666193740206566
-1410.9884899716874,-0.42537267262152356
-1408.9884899715873,-0.4104154118682228
-1406.9884899714873,-0.4151354823626943
-1404.9884899713873,-0.42044324204127864
-1402.9884899712872,-0.4222043617058799
-1400.9884899711872,-0.4204229956660968
-1398.9884899710871,-0.42975985458932975
-1396.988489970987,-0.43830838379612436
-1394.988489970887,-0.4431827405180626
-1392.988489970787,-0.4442988442799644
-1390.988489970687,-0.4501138760017141
-1388.988489970587,-0.45400927677553143
-1386.9884899704869,-0.45433982483593405
-1384.9884899703868,-0.4512130633251555
-1382.9884899702868,-0.4587892774081141
-1380.9884899701867,-0.465649313766307
-1378.9884899700867,-0.4689682801732482
-1376.9884899699866,-0.4686633131734255
-1374.9884899698866,-0.46950516771134726
-1372.9884899697865,-0.4679004289067996
-1370.9884899696865,-0.46294378585839946
-1368.9884899695865,-0.4548292006024819
-1366.9884899694864,-0.46080221099749424
-1364.9884899693864,-0.4668086360350634
-1362.9884899692863,-0.4696176359389756
-1360.9884899691863,-0.4693138229611965
-1358.9884899690862,-0.4762359803028991
-1356.9884899689862,-0.48202776698907923
-1354.9884899688861,-0.48465903298557367
-1352.988489968786,-0.4841984536115802
-1350.988489968686,-0.49336272598798137
-1348.988489968586,-0.5019105446985492
-1346.988489968486,-0.5073419879840518
-1344.988489968386,-0.5097058157457272
-1342.9884899682859,-0.5184070839707156
-1340.9884899681858,-0.5260103894661771
-1338.9884899680858,-0.5306341306820274
-1336.9884899679857,-0.5323276923296676
-1334.9884899678857,-0.540039566585606
-1332.9884899677857,-0.5467225682145154
-1330.9884899676856,-0.5505699794178152
-1328.9884899675856,-0.5516230073526824
-1326.9884899674855,-0.5613358628453415
-1324.9884899673855,-0.5705504331597341
-1322.9884899672854,-0.5769140578533676
-1320.9884899671854,-0.5804348569558442
-1318.9884899670853,-0.5867313562319876
-1316.9884899669853,-0.5916244821532788
-1314.9884899668853,-0.59395213736647
-1312.9884899667852,-0.5937463725588347
-1310.9884899666852,-0.5977268318299361
-1308.9884899665851,-0.600860669137919
-1306.988489966485,-0.6018153687843706
-1304.988489966385,-0.6006479648843412
-1302.988489966285,-0.6036558257022769
-1300.988489966185,-0.6067957030675566
-1298.988489966085,-0.6088661431091172
-1296.9884899659849,-0.6098550997740667
-1294.9884899658848,-0.6150857286865
-1292.9884899657848,-0.6203765919925488
-1290.9884899656847,-0.6246102632305589
-1288.9884899655847,-0.6277734595691769
-1286.9884899654846,-0.6348908873405545
-1284.9884899653846,-0.6421200741320444
-1282.9884899652845,-0.648408274402194
-1280.9884899651845,-0.6537472410131884
-1278.9884899650845,-0.6585638051020059
-1276.9884899649844,-0.6629355098620111
-1274.9884899648844,-0.6668065180553138
-1272.9884899647843,-0.67017439904738
-1270.9884899646843,-0.6717180500534052
-1268.9884899645842,-0.672828154808095
-1266.9884899644842,-0.6738188322494265
-1264.9884899643841,-0.6746878173012245
-1262.988489964284,-0.6748297500812095
-1260.988489964184,-0.6748286577603793
-1258.988489964084,-0.6748261846493551
-1256.988489963984,-0.67482229070072
-1254.988489963884,-0.6821011427873813
-1252.9884899637839,-0.6832573056299281
-1250.9884899636838,-0.6842724824502925
-1248.9884899635838,-0.6851456846973495
-1246.9884899634837,-0.6915757090847653
-1244.9884899633837,-0.6917671472127953
-1242.9884899632837,-0.6917160285019401
-1240.9884899631836,-0.6914225119025575
-1238.9884899630836,-0.6971261079128417
-1236.9884899629835,-0.6977016993661826
-1234.9884899628835,-0.6979310570643004
-1232.9884899627834,-0.6978175063075435
-1230.9884899626834,-0.699038233295401
-1228.9884899625833,-0.6959649475927213
-1226.9884899624833,-0.6920963407837568
-1224.9884899623833,-0.6875226569290668
-1222.9884899622832,-0.6875167888468083
-1220.9884899621832,-0.6865642887506519
-1218.9884899620831,-0.6846263951920908
-1216.988489961983,-0.6817780225774963
-1214.988489961883,-0.6832938921056781
-1212.988489961783,-0.6841823618780375
-1210.988489961683,-0.6837306472563177
-1208.988489961583,-0.6820514049350415
-1206.9884899614829,-0.6789962564186756
-1204.9884899613828,-0.6803911483455198
-1202.9884899612828,-0.6805296908878857
-1200.9884899611827,-0.6795256345121607
-1198.9884899610827,-0.6754613207456597
-1196.9884899609826,-0.678916922992594
-1194.9884899608826,-0.6809133443290915
-1192.9884899607825,-0.6815406450365527
-1190.9884899606825,-0.680698083455407
-1188.9884899605825,-0.6866147864562652
-1186.9884899604824,-0.6910745996317025
-1184.9884899603824,-0.6941429748395369
-1182.9884899602823,-0.6946731859433015
-1180.9884899601823,-0.7038750450566377
-1178.9884899600822,-0.7112904577849812
-1176.9884899599822,-0.71692369614689
-1174.9884899598821,-0.7260890784910772
-1172.988489959782,-0.7351582894406092
-1170.988489959682,-0.7423001150655646
-1168.988489959582,-0.7474850375004403
-1166.988489959482,-0.7583331226628016
-1164.988489959382,-0.767664231334038
-1162.9884899592819,-0.7748186448255017
-1160.9884899591818,-0.7797737875758874
-1158.9884899590818,-0.7880629681870919
-1156.9884899589817,-0.7949281300523272
-1154.9884899588817,-0.7994627763768214
-1152.9884899587817,-0.8016929340740189
-1150.9884899586816,-0.8067874679378566
-1148.9884899585816,-0.8127664046242797
-1146.9884899584815,-0.8164461036092521
-1144.9884899583815,-0.8178512955657726
-1142.9884899582814,-0.8218514288605032
-1140.9884899581814,-0.8261474058200575
-1138.9884899580813,-0.8278593177862166
-1136.9884899579813,-0.8270194240621027
-1134.9884899578813,-0.8328628848131766
-1132.9884899577812,-0.8364396406926473
-1130.9884899576812,-0.8372966483068156
-1128.9884899575811,-0.8354517451484869
-1126.988489957481,-0.8435157083217387
-1124.988489957381,-0.8494142772532427
-1122.988489957281,-0.8522226108429838
-1120.988489957181,-0.8519280295163907
-1118.988489957081,-0.8585659104106256
-1116.9884899569809,-0.8624526771828329
-1114.9884899568808,-0.8630903041139584
-1112.9884899567808,-0.8604980418911845
-1110.9884899566807,-0.863563914748229
-1108.9884899565807,-0.8639958385815132
-1106.9884899564806,-0.8610959333816586
-1104.9884899563806,-0.8549188540441998
-1102.9884899562805,-0.8533854805155143
-1100.9884899561805,-0.8493705578758866
-1098.9884899560805,-0.8419161151839561
-1096.9884899559804,-0.8311824562711518
-1094.9884899558804,-0.8295178852239419
-1092.9884899557803,-0.8272864508049022
-1090.9884899556803,-0.8216478175360137
-1088.9884899555802,-0.8127630484522719
-1086.9884899554802,-0.8114683377828454
-1084.9884899553801,-0.8095545996852799
-1082.98848995528,-0.804226635109527
-1080.98848995518,-0.7956342846546836
-1078.98848995508,-0.7933335778069835
-1076.98848995498,-0.7922143182312834
-1074.98848995488,-0.7878517928273452
-1072.9884899547799,-0.7803712486547898
-1070.9884899546798,-0.7814885862936157
-1068.9884899545798,-0.7829233430464804
-1066.9884899544797,-0.7812472548703211
-1064.9884899543797,-0.7765280349795876
-1062.9884899542797,-0.7773812990326763
-1060.9884899541796,-0.7777722538187182
-1058.9884899540796,-0.7751502314547537
-1056.9884899539795,-0.7695845405017319
-1054.9884899538795,-0.771493811226031
-1052.9884899537794,-0.773645880155371
-1050.9884899536794,-0.7728924396972725
-1048.9884899535793,-0.7692599203750805
-1046.9884899534793,-0.7718974115899395
-1044.9884899533793,-0.7746659603639345
-1042.9884899532792,-0.7747381302480502
-1040.9884899531792,-0.7720769185701584
-1038.9884899530791,-0.7755576277915448
-1036.988489952979,-0.7791458304811993
-1034.988489952879,-0.7800402717380344
-1032.988489952779,-0.7782046998081404
-1030.988489952679,-0.779175693189212
-1028.988489952579,-0.7794330314087015
-1026.9884899524789,-0.7772368132782632
-1024.9884899523788,-0.7725754321677811
-1022.9884899522788,-0.7692898962836634
-1020.9884899521787,-0.7648675803765943
-1018.9884899520787,-0.7580712814671814
-1016.9884899519786,-0.7489001204510717
-1014.9884899518786,-0.7463271578412292
-1012.9884899517785,-0.7443910947461032
-1010.9884899516785,-0.7402093888119075
-1008.9884899515785,-0.7337570112143412
-1006.9884899514784,-0.734288335349745
-1004.9884899513784,-0.7357250269240079
-1002.9884899512783,-0.7350163759916786
-1000.9884899511783,-0.7320760441659692
-998.9884899510782,-0.7347940745033444
-996.9884899509782,-0.7380459849723786
-994.9884899508781,-0.7392072702874595
-992.9884899507781,-0.7382244665491158
-990.9884899506781,-0.7402602421842261
-988.988489950578,-0.7419568744163546
-986.988489950478,-0.7415795265509579
-984.9884899503779,-0.7391163608568287
-982.9884899502779,-0.7406592121139345
-980.9884899501778,-0.7422895936306095
-978.9884899500778,-0.7419478695606601
-976.9884899499777,-0.7396049437257093
-974.9884899498777,-0.7408769584519233
-972.9884899497777,-0.7422158863381272
-970.9884899496776,-0.7416853789008597
-968.9884899495776,-0.739233633350304
-966.9884899494775,-0.7404761437102034
-964.9884899493775,-0.7417863634664132
-962.9884899492774,-0.7411751892165934
-960.9884899491774,-0.7385781491791354
-958.9884899490773,-0.7406198345770334
-956.9884899489773,-0.7432285387087669
-954.9884899488773,-0.7441007706555587
-952.9884899487772,-0.7431880917894531
-950.9884899486772,-0.7427984719987288
-948.9884899485771,-0.7415817663524539
-946.9884899484771,-0.7387362494811626
-944.988489948377,-0.7342722027905156
-942.988489948277,-0.7339587700902084
-940.988489948177,-0.7345109847455249
-938.9884899480769,-0.7339887881269485
-936.9884899479769,-0.7323954915488262
-934.9884899478768,-0.7324774468235877
-932.9884899477768,-0.7325315542961051
-930.9884899476767,-0.731595592712412
-928.9884899475767,-0.7296721534825692
-926.9884899474766,-0.727079001984233
-924.9884899473766,-0.7236958168737055
-922.9884899472765,-0.7194389025006509
-920.9884899471765,-0.714335196494167
-918.9884899470765,-0.7119548044066624
-916.9884899469764,-0.7102654123884686
-914.9884899468764,-0.7080238549392848
-912.9884899467763,-0.7052251843308028
-910.9884899466763,-0.7038611587824904
-908.9884899465762,-0.7028588492258245
-906.9884899464762,-0.7015202962815021
-904.9884899463761,-0.6998405844479544
-902.9884899462761,-0.7000942749788239
-900.9884899461761,-0.7010683956864809
-898.988489946076,-0.7019630575100542
-896.988489945976,-0.7027771025166526
-894.9884899458759,-0.7071481653395506
-892.9884899457759,-0.7088548261975339
-890.9884899456758,-0.7103679351529275
-888.9884899455758,-0.7116847120149645
-886.9884899454757,-0.7162044019491829
-884.9884899453757,-0.7175026990071479
-882.9884899452757,-0.7184325702561695
-880.9884899451756,-0.7189868824952041
-878.9884899450756,-0.7224776094919492
-876.9884899449755,-0.7238295228781044
-874.9884899448755,-0.724621525537773
-872.9884899447754,-0.7248506193279449
-870.9884899446754,-0.7284925327524987
-868.9884899445753,-0.7287564449228318
-866.9884899444753,-0.7278912596869593
-864.9884899443753,-0.7259396841832866
-862.9884899442752,-0.7241046822640816
-860.9884899441752,-0.7224949455325413
-858.9884899440751,-0.719665335693716
-856.9884899439751,-0.7156634502097488
-854.988489943875,-0.7177404221105814
-852.988489943775,-0.7189886417899802
-850.988489943675,-0.7186917199363747
-848.9884899435749,-0.7169005574466836
-846.9884899434749,-0.719812930801581
-844.9884899433748,-0.7218088007263654
-842.9884899432748,-0.7218316565895215
-840.9884899431747,-0.7200216696884588
-838.9884899430747,-0.7245861607460741
-836.9884899429746,-0.7260711836512896
-834.9884899428746,-0.725541186272302
-832.9884899427745,-0.7231479332001023
-830.9884899426745,-0.7262120325230936
-828.9884899425745,-0.7268596259831908
-826.9884899424744,-0.7256528971708947
-824.9884899423744,-0.7227250050430215
-822.9884899422743,-0.7268946731375074
-820.9884899421743,-0.7297090650512232
-818.9884899420742,-0.7304913354709124
-816.9884899419742,-0.729305235653787
-814.9884899418741,-0.7341338906577293
-812.9884899417741,-0.7363964717299748
-810.9884899416741,-0.7366255117081713
-808.988489941574,-0.7348674048896893
-806.988489941474,-0.7393530743409213
-804.9884899413739,-0.7410664450496329
-802.9884899412739,-0.7407039179397803
-800.9884899411738,-0.7383086994443113
-798.9884899410738,-0.7413551270946122
-796.9884899409737,-0.741139582291934
-794.9884899408737,-0.7387661028792785
-792.9884899407737,-0.7342814350741924
-790.9884899406736,-0.7349696793601332
-788.9884899405736,-0.7326380045795602
-786.9884899404735,-0.7282151230472229
-784.9884899403735,-0.7217552758707623
-782.9884899402734,-0.7236441299422575
-780.9884899401734,-0.7234822216551611
-778.9884899400734,-0.7210863693249472
-776.9884899399733,-0.71649028015208
-774.9884899398733,-0.7189280602669699
-772.9884899397732,-0.7178254913598244
-770.9884899396732,-0.7144177467065371
-768.9884899395731,-0.7087309264948046
-766.9884899394731,-0.7097073501053612
-764.988489939373,-0.7074350469986003
-762.988489939273,-0.7027112159112499
-760.988489939173,-0.6955711942384804
-758.9884899390729,-0.6965435326210945
-756.9884899389729,-0.6941819443828363
-754.9884899388728,-0.689306560180978
-752.9884899387728,-0.6819652272497002
-750.9884899386727,-0.6815320061748198
-748.9884899385727,-0.6764878585990481
-746.9884899384726,-0.6689060943850484
-744.9884899383726,-0.6588612635608613
-742.9884899382726,-0.656835404731112
-740.9884899381725,-0.6521433026412484
-738.9884899380725,-0.6448611382627114
-736.9884899379724,-0.6350886300814592
-734.9884899378724,-0.6337780901706147
-732.9884899377723,-0.6272839451571582
-730.9884899376723,-0.6182603101668793
-728.9884899375722,-0.6068446481289461
-726.9884899374722,-0.6046007633386444
-724.9884899373722,-0.5974378397860809
-722.9884899372721,-0.5877971076293538
-720.9884899371721,-0.575817053205496
-718.988489937072,-0.5731003201325765
-716.988489936972,-0.5657604090414209
-714.9884899368719,-0.5561040826539267
-712.9884899367719,-0.5442610490391728
-710.9884899366718,-0.5371316442139212
-708.9884899365718,-0.5309982734704418
-706.9884899364718,-0.5227545929961874
-704.9884899363717,-0.5125056252384386
-702.9884899362717,-0.5065744038207874
-700.9884899361716,-0.5016416835562435
-698.9884899360716,-0.4948371942980166
-696.9884899359715,-0.48624792120083027
-694.9884899358715,-0.48098911250804155
-692.9884899357714,-0.4763640540431105
-690.9884899356714,-0.47002072233236014
-688.9884899355714,-0.46203081507720023
-686.9884899354713,-0.45962103730568116
-684.9884899353713,-0.4591184372873245
-682.9884899352712,-0.45710392601732686
-680.9884899351712,-0.45357322220402874
-678.9884899350711,-0.45304217277221925
-676.9884899349711,-0.45321538098631653
-674.988489934871,-0.4519019294452166
-672.988489934771,-0.4490924136712844
-670.988489934671,-0.4498904968884334
-668.9884899345709,-0.4518236042403166
-666.9884899344709,-0.4524092701317129
-664.9884899343708,-0.4516242762435796
-662.9884899342708,-0.4535372025539124
-660.9884899341707,-0.45628846711842286
-658.9884899340707,-0.4578769041367035
-656.9884899339706,-0.45825886401988725
-654.9884899338706,-0.45973989502176205
-652.9884899337706,-0.46128340892744957
-650.9884899336705,-0.46171749820987473
-648.9884899335705,-0.4610007974116305
-646.9884899334704,-0.4636430653117838
-644.9884899333704,-0.46751526913758784
-642.9884899332703,-0.47031660127446184
-640.9884899331703,-0.47197601137231204
-638.9884899330702,-0.4745780169289733
-636.9884899329702,-0.47716180111048045
-634.9884899328702,-0.4786250350142982
-632.9884899327701,-0.47892641948969517
-630.9884899326701,-0.4798821686315239
-628.98848993257,-0.4806544123527834
-626.98848993247,-0.48028714087810065
-624.9884899323699,-0.47875620722163
-622.9884899322699,-0.47965241087996946
-620.9884899321698,-0.481293469639086
-618.9884899320698,-0.4818091740728737
-616.9884899319698,-0.4811661836336147
-614.9884899318697,-0.4836380447202835
-612.9884899317697,-0.48728979633462927
-610.9884899316696,-0.48988844027943673
-608.9884899315696,-0.4913934175999401
-606.9884899314695,-0.4957947493826049
-604.9884899313695,-0.5012519021549052
-602.9884899312694,-0.5056266976246232
-600.9884899311694,-0.5088591747115345
-598.9884899310694,-0.5127670778508162
-596.9884899309693,-0.5166283764211959
-594.9884899308693,-0.5194543660816213
-592.9884899307692,-0.521206655234175
-590.9884899306692,-0.525281671521814
-588.9884899305691,-0.5301995640942014
-586.9884899304691,-0.5341354258403128
-584.988489930369,-0.5370561019739426
-582.988489930269,-0.5398495026119899
-580.988489930169,-0.5423376610285203
-578.9884899300689,-0.5440768626030268
-576.9884899299689,-0.5450611460598591
-574.9884899298688,-0.5476725598716343
-572.9884899297688,-0.5508935629408402
-570.9884899296687,-0.5534382614042885
-568.9884899295687,-0.5552920524375198
-566.9884899294686,-0.5575868144024474
-564.9884899293686,-0.5598908010369092
-562.9884899292686,-0.5615951144688316
-560.9884899291685,-0.5626958577152561
-558.9884899290685,-0.5656038393121405
-556.9884899289684,-0.5694980851622411
-554.9884899288684,-0.573101465338407
-552.9884899287683,-0.5763994283487753
-550.9884899286683,-0.5796758263818609
-548.9884899285682,-0.5829174302984725
-546.9884899284682,-0.585978898076286
-544.9884899283682,-0.5888512799759513
-542.9884899282681,-0.5907950034946483
-540.9884899281681,-0.592221509803813
-538.988489928068,-0.5935564831097806
-536.988489927968,-0.5947973154241402
-534.9884899278679,-0.5967570932047002
-532.9884899277679,-0.5983739264446299
-530.9884899276678,-0.5998180903514011
-528.9884899275678,-0.6010852317306512
-526.9884899274678,-0.6043607767272549
-524.9884899273677,-0.6064724894533018
-522.9884899272677,-0.6082679696044537
-520.9884899271676,-0.609738246468722
-518.9884899270676,-0.6141730542037609
-516.9884899269675,-0.6162034284990103
-514.9884899268675,-0.6177692510476933
-512.9884899267674,-0.6188616237930993
-510.98848992666746,-0.6209345188420303
-508.98848992656747,-0.6220726674826342
-506.9884899264675,-0.6222843995599464
-504.9884899263675,-0.621587955526508
-502.9884899262675,-0.6219700105546002
-500.9884899261675,-0.6213382918695043
-498.98848992606753,-0.6197113116559283
-496.98848992596754,-0.6171104260730811
-494.98848992586755,-0.6162839390052428
-492.98848992576757,-0.6134761980822196
-490.9884899256676,-0.6092681072264039
-488.9884899255676,-0.6037206050778552
-486.9884899254676,-0.597264306176858
-484.9884899253676,-0.595113294801521
-482.98848992526763,-0.5912997894361756
-480.98848992516764,-0.5859556936582857
-478.98848992506765,-0.5779956460214708
-476.98848992496767,-0.5742229803334957
-474.9884899248677,-0.5688032399628447
-472.9884899247677,-0.5618926811306537
-470.9884899246677,-0.5552902230306769
-468.9884899245677,-0.5509454963255301
-466.98848992446773,-0.5451594612123599
-464.98848992436774,-0.5380798728240418
-462.98848992426775,-0.5317327802356925
-460.98848992416777,-0.5290762575196035
-458.9884899240678,-0.5247940982581193
-456.9884899239678,-0.5189839055039236
-454.9884899238678,-0.5175317388710823
-452.9884899237678,-0.5157913066433357
-450.9884899236678,-0.5124776905248309
-448.98848992356784,-0.5076601800522326
-446.98848992346785,-0.5087057795979388
-444.98848992336787,-0.5083827597673904
-442.9884899232679,-0.506494728932535
-440.9884899231679,-0.5030878339622756
-438.9884899230679,-0.5022608143022309
-436.9884899229679,-0.4995512856789788
-434.9884899228679,-0.49524960478447
-432.98848992276794,-0.4894159827623725
-430.98848992266795,-0.48473325242880294
-428.98848992256796,-0.4801938576984274
-426.988489922468,-0.4741467751237034
-424.988489922368,-0.4666624802162638
-422.988489922268,-0.46293661673024167
-420.988489922168,-0.459443611190947
-418.988489922068,-0.4543294259509171
-416.98848992196804,-0.44766201007896955
-414.98848992186805,-0.43838687740047766
-412.98848992176806,-0.4340633730932256
-410.9884899216681,-0.42815035139424096
-408.9884899215681,-0.420713906143066
-406.9884899214681,-0.4091358164487471
-404.9884899213681,-0.40241043987002034
-402.9884899212681,-0.394096546799264
-400.98848992116814,-0.3842952069164727
-398.98848992106815,-0.3734722287504081
-396.98848992096816,-0.36900118415587524
-394.9884899208682,-0.36299085206145876
-392.9884899207682,-0.35551389335240247
-390.9884899206682,-0.35168566335688034
-388.9884899205682,-0.34844946994375225
-386.9884899204682,-0.3437266281519953
-384.98848992036824,-0.33757034838413524
-382.98848992026825,-0.3330073463981478
-380.98848992016826,-0.32840747900237865
-378.9884899200683,-0.32233131157203815
-376.9884899199683,-0.3148658063465887
-374.9884899198683,-0.3111218628452147
-372.9884899197683,-0.3089779682404559
-370.9884899196683,-0.30541985620997913
-368.98848991956834,-0.30050075311749846
-366.98848991946835,-0.3007912637092886
-364.98848991936836,-0.30116005692312786
-362.9884899192684,-0.3000549353812531
-360.9884899191684,-0.29749275719157553
-358.9884899190684,-0.3046875810910399
-356.9884899189684,-0.3055376038888949
-354.9884899188684,-0.30490126158142317
-352.98848991876844,-0.3027855620023133
-350.98848991866845,-0.3011125543863332
-348.98848991856846,-0.29929682151621356
-346.9884899184685,-0.2960465331578832
-344.9884899183685,-0.29140501042781475
-342.9884899182685,-0.2894022660555017
-340.9884899181685,-0.2888270129403465
-338.9884899180685,-0.28693682536031073
-336.98848991796854,-0.28376214845363107
-334.98848991786855,-0.28437297917921955
-332.98848991776856,-0.28726523371687074
-330.9884899176686,-0.28890294851759285
-328.9884899175686,-0.2892674948556234
-326.9884899174686,-0.2897190126988922
-324.9884899173686,-0.2899397395638156
-322.9884899172686,-0.28898135417046406
-320.98848991716864,-0.28684967348246504
-318.98848991706865,-0.28607401598992843
-316.98848991696866,-0.2859389801466447
-314.9884899168687,-0.28465910156945906
-312.9884899167687,-0.2822446175740011
-310.9884899166687,-0.2818416632125602
-308.9884899165687,-0.28265039018901017
-306.9884899164687,-0.2824501333582117
-304.98848991636874,-0.28123925416034923
-302.98848991626875,-0.28150856344765807
-300.98848991616876,-0.2826801037173283
-298.9884899160688,-0.2829660358521137
-296.9884899159688,-0.2823377993112185
-294.9884899158688,-0.28352752805437664
-292.9884899157688,-0.28589100896417236
-290.9884899156688,-0.28741554766997857
-288.98848991556883,-0.2880529462750776
-286.98848991546885,-0.28884719853732677
-284.98848991536886,-0.28959880849266195
-282.9884899152689,-0.2894916512063884
-280.9884899151689,-0.2884747917443705
-278.9884899150689,-0.286403655570201
-276.9884899149689,-0.28337942463948085
-274.9884899148689,-0.2794957379656947
-272.98848991476893,-0.27475759021390345
-270.98848991466895,-0.27141233181183216
-268.98848991456896,-0.2689264108415526
-266.98848991446897,-0.265636561896386
-264.988489914369,-0.26154027192327955
-262.988489914269,-0.25836280652308635
-260.988489914169,-0.2557070653394906
-258.988489914069,-0.2522784930900367
-256.98848991396903,-0.248072173696797
-254.98848991386905,-0.24519587317731895
-252.98848991376906,-0.24318647746422506
-250.98848991366907,-0.24045626228237366
-248.98848991356908,-0.23700191295926143
-246.9884899134691,-0.2357906028834696
-244.9884899133691,-0.23615353853912827
-242.98848991326912,-0.23581061331144354
-240.98848991316913,-0.2347325122253709
-238.98848991306915,-0.2342515697483186
-236.98848991296916,-0.23420631172280781
-234.98848991286917,-0.2335755527323384
-232.98848991276918,-0.23233130663184914
-230.9884899126692,-0.2317780840691891
-228.9884899125692,-0.231679749778998
-226.98848991246922,-0.23100625723475116
-224.98848991236923,-0.22973662277091128
-222.98848991226924,-0.23012039714341714
-220.98848991216926,-0.23179393562810213
-218.98848991206927,-0.23300272420826265
-216.98848991196928,-0.23371687413652864
-214.9884899118693,-0.23356560051381237
-212.9884899117693,-0.2327074948976826
-210.98848991166932,-0.23143142708580794
-208.98848991156933,-0.2297289977752776
-206.98848991146934,-0.22800376767055802
-204.98848991136936,-0.22620671770157605
-202.98848991126937,-0.22402329207982133
-200.98848991116938,-0.2214552455337753
-198.9884899110694,-0.22001974338570077
-196.9884899109694,-0.21954266527884903
-194.98848991086942,-0.21884236382782
-192.98848991076943,-0.2179074932996387
-190.98848991066944,-0.21579624327745656
-188.98848991056946,-0.21272004965393648
-186.98848991046947,-0.20943639907756048
-184.98848991036948,-0.205942171244482
-182.9884899102695,-0.2014088007691385
-180.9884899101695,-0.1961002175957423
-178.98848991006952,-0.19072003954719988
-176.98848990996953,-0.1852686460632707
-174.98848990986954,-0.17228205713040945
-172.98848990976956,-0.16615848750163725
-170.98848990966957,-0.1599391045887223
-168.98848990956958,-0.1536273145703727
-166.9884899094696,-0.1373809101228667
-164.9884899093696,-0.1310718839440193
-162.98848990926962,-0.12462602308514038
-160.98848990916963,-0.11805400949048933
-158.98848990906964,-0.09719826658443667
-156.98848990896965,-0.08648606217920951
-154.98848990886967,-0.07561227811778917
-152.98848990876968,-0.06463350163129834
-150.9884899086697,-0.03602630983257107
-148.9884899085697,-0.025853993367920373
-146.98848990846972,-0.015630181433134417
-144.98848990836973,-0.005427559176746588
-142.98848990826974,0.020375954019693
-140.98848990816975,0.02926541792551641
-138.98848990806977,0.03816850694749581
-136.98848990796978,0.047022687626127366
-134.9884899078698,0.06944206416945717
-132.9884899077698,0.08280484036335181
-130.98848990766982,0.0959691905162046
-128.98848990756983,0.10880843047303299
-126.98848990746983,0.133851113480446
-124.98848990736983,0.149153193075671
-122.98848990726982,0.16378133958653235
-120.98848990716982,0.17760919497118346
-118.98848990706982,0.20278000444256536
-116.98848990696982,0.2151902649141379
-114.98848990686982,0.22676486870922166
-112.98848990676981,0.23741693770461914
-110.98848990666981,0.2563582458732913
-108.98848990656981,0.26668061582748726
-106.98848990646981,0.2760277959611946
-104.98848990636981,0.28435559730480475
-102.9884899062698,0.3021373807592169
-100.9884899061698,0.3105286586302075
-98.9884899060698,0.3178978035983622
-96.9884899059698,0.3242129627751862
-94.9884899058698,0.3405135108401004
-92.9884899057698,0.3493791660535599
-90.9884899056698,0.357113983697541
-88.98848990556979,0.36369043818784114
-86.98848990546979,0.3796530838640111
-84.98848990536979,0.38801027741297867
-82.98848990526979,0.39514145562551817
-80.98848990516979,0.4010135229196332
-78.98848990506978,0.4162761809343897
-76.98848990496978,0.4249404436985561
-74.98848990486978,0.43224728485042996
-72.98848990476978,0.4381539785916234
-70.98848990466978,0.4514597704770331
-68.98848990456978,0.45834094643091816
-66.98848990446977,0.46381989883509056
-64.98848990436977,0.4678694594584407
-62.98848990426977,0.47926030295611444
-60.98848990416977,0.48492192485738034
-58.988489904069766,0.48896218108102874
-56.988489903969764,0.4913509981317723
-54.98848990386976,0.4993869603297546
-52.98848990376976,0.5041588999154861
-50.98848990366976,0.5072049227486255
-48.98848990356976,0.5084929081363809
-46.988489903469755,0.5173149922960971
-44.988489903369754,0.5228871194002627
-42.98848990326975,0.5265873062417491
-40.98848990316975,0.5283774872315575
-38.98848990306975,0.5369079916364836
-36.98848990296975,0.5411747440067352
-34.988489902869745,0.5434248485445143
-32.98848990276974,0.5436413171444727
-30.98848990266974,0.5506521261179556
-28.98848990256974,0.5540435893765894
-26.988489902469738,0.5553659611171027
-24.988489902369736,0.5546065758609314
-22.988489902269734,0.561302605863767
-20.988489902169732,0.5654986161684743
-18.98848990206973,0.5675141864525663
-16.98848990196973,0.5673446440572099
-14.988489901869729,0.5738091281962968
-12.988489901769729,0.5770228266612738
-10.988489901669729,0.5779960604143328
-8.988489901569729,0.5767397130397066
-6.988489901469729,0.5816913907874077
-4.988489901369729,0.5843814894954595
-2.9884899012697286,0.5847018635318024
-0.9884899011697286,0.5826704806401959
1.0115100989302714,0.5832819965626317
3.0115100990302714,0.5864182804348852
5.0115100991302715,0.5872124890344366
7.0115100992302715,0.5856683851096621
9.011510099330271,0.584439658542399
11.011510099430271,0.5900347490680649
13.011510099530271,0.5933575092163041
15.011510099630271,0.5943813021305411
17.011510099730273,0.5938098703885779
19.011510099830275,0.5985494092932885
21.011510099930277,0.6011145676723989
23.01151010003028,0.6014973201127491
25.01151010013028,0.5985225964927942
27.011510100230282,0.5992373757789022
29.011510100330284,0.5979352318924573
31.011510100430286,0.5946347115007582
33.01151010053029,0.5895130082669205
35.01151010063029,0.5899925956759356
37.01151010073029,0.5886050743458175
39.01151010083029,0.585350501678409
41.011510100930295,0.5795224959276184
43.0115101010303,0.5800041234646716
45.0115101011303,0.578688500932526
47.0115101012303,0.5755763965265148
49.0115101013303,0.5696986262311976
51.011510101430304,0.5700459573142165
53.011510101530305,0.5688114171570845
55.01151010163031,0.5660052205310664
57.01151010173031,0.5602628769635132
59.01151010183031,0.5616126303819622
61.01151010193031,0.5615765301540259
63.011510102030314,0.5601373540262597
65.01151010213032,0.5550778815468147
67.01151010223032,0.5581120160769002
69.01151010233032,0.5598562822613422
71.01151010243032,0.5602763285921291
73.01151010253032,0.5568089605355593
75.01151010263033,0.5615001538705597
77.01151010273033,0.5649499606164563
79.01151010283033,0.5671035915817295
81.01151010293033,0.5637767805077274
83.01151010303033,0.5666786726725548
85.01151010313033,0.5683565470367561
87.01151010323034,0.5687779296287372
89.01151010333034,0.5658666478216148
91.01151010343034,0.5697012432212311
93.01151010353034,0.5723531346406392
95.01151010363034,0.5737779736818975
97.01151010373034,0.5713420478697786
99.01151010383035,0.5754223371182384
101.01151010393035,0.578345275851227
103.01151010403035,0.5800624673172468
105.01151010413035,0.5772557014401344
107.01151010423035,0.5800319136481729
109.01151010433036,0.5816600248990778
111.01151010443036,0.5821011146869292
113.01151010453036,0.5790826594336602
115.01151010463036,0.5817005381739707
117.01151010473036,0.5831141623571192
119.01151010483036,0.5832800054909424
121.01151010493037,0.5785786576633214
123.01151010503037,0.5833449380256746
125.01151010513037,0.5871305881170239
127.01151010523037,0.5898928286384151
129.01151010533036,0.589150900546987
131.01151010543035,0.5958593399402263
133.01151010553033,0.601646313506135
135.01151010563032,0.6064616495328441
137.0115101057303,0.6047218650993087
139.0115101058303,0.6090275942088936
141.01151010593028,0.6125054575170912
143.01151010603027,0.6151233681404817
145.01151010613026,0.6090442787928254
147.01151010623025,0.6120788940322722
149.01151010633023,0.6143891501320351
151.01151010643022,0.6159510396834273
153.0115101065302,0.6068319893310472
155.0115101066302,0.6098171730511734
157.01151010673019,0.6121130558821212
159.01151010683017,0.6137021851640795
161.01151010693016,0.6024131080841744
163.01151010703015,0.6061668498095131
165.01151010713014,0.6094579516367086
167.01151010723012,0.6122583981330172
169.0115101073301,0.5985487265820915
171.0115101074301,0.6045863367110825
173.01151010753009,0.6102947077956948
175.01151010763007,0.6156474565287349
177.01151010773006,0.6031635977881138
179.01151010783005,0.6083958634926194
181.01151010793004,0.6135725718464166
183.01151010803002,0.618691017154971
185.01151010813,0.6240110439725006
187.01151010823,0.6295272943436413
189.01151010833,0.634907439821446
191.01151010842997,0.6401451660273969
193.01151010852996,0.6465097137787403
195.01151010862995,0.6540912263222167
197.01151010872994,0.6613055791088108
199.01151010882992,0.6681292570410391
201.0115101089299,0.6775154858779447
203.0115101090299,0.689691776836391
205.0115101091299,0.7009233135446319
207.01151010922987,0.7111555225122697
209.01151010932986,0.7211969727097343
211.01151010942985,0.7308992478488721
213.01151010952984,0.7390968153941324
215.01151010962982,0.7457843555061788
217.0115101097298,0.7536961919677678
219.0115101098298,0.7633449277304728
221.0115101099298,0.771360915440737
223.01151011002977,0.7777162780074706
225.01151011012976,0.7865762988633381
227.01151011022975,0.7985017128875844
229.01151011032974,0.8081888782193207
231.01151011042973,0.81561055604714
233.0115101105297,0.8263141423358448
235.0115101106297,0.8409604678071154
237.0115101107297,0.8525197016114501
239.01151011082968,0.8611074871740864
241.01151011092966,0.8705303461996272
243.01151011102965,0.8813630562965888
245.01151011112964,0.8889793156598542
247.01151011122963,0.8935060272336344
249.0115101113296,0.8960906505679807
251.0115101114296,0.8968667939892832
253.0115101115296,0.8946966973803696
255.01151011162958,0.8897965132358457
257.0115101117296,0.8852495019047852
259.0115101118296,0.8813800724732612
261.01151011192957,0.8745182586606355
263.01151011202955,0.8648741274081442
265.01151011212954,0.8574649841487259
267.01151011222953,0.8533523979544666
269.0115101123295,0.8464503343075884
271.0115101124295,0.8369538331244647
273.0115101125295,0.8297410033890152
275.0115101126295,0.8258177956032746
277.01151011272947,0.8191218062930921
279.01151011282946,0.8097938097914458
281.01151011292944,0.8029433675905977
283.01151011302943,0.7997774940252043
285.0115101131294,0.7938343298480435
287.0115101132294,0.7852212401290936
289.0115101133294,0.7791480079015864
291.0115101134294,0.7770629516922443
293.01151011352937,0.7723278704261712
295.01151011362936,0.765019432905131
297.01151011372934,0.7586204062100006
299.01151011382933,0.7539006392232683
301.0115101139293,0.7463124153573868
303.0115101140293,0.7359315712879777
305.0115101141293,0.7279520430832683
307.0115101142293,0.7238535948739264
309.01151011432927,0.7168266527227816
311.01151011442926,0.7069290345220297
313.01151011452924,0.6986422124274952
315.01151011462923,0.6933035257875682
317.0115101147292,0.685018564388003
319.0115101148292,0.6738627923537971
321.0115101149292,0.6645975266348783
323.0115101150292,0.6586535521801424
325.01151011512917,0.6497190133002652
327.01151011522916,0.6378794068396626
329.01151011532914,0.6271673675796474
331.01151011542913,0.6188531280555126
333.0115101155291,0.6076221352688456
335.0115101156291,0.5935769400877102
337.0115101157291,0.5824779019000788
339.0115101158291,0.5762507377475077
341.01151011592907,0.567164811614535
343.01151011602906,0.5553051101659112
345.01151011612905,0.5454650902573257
347.01151011622903,0.5392960879315987
349.011510116329,0.5303335909400103
351.011510116429,0.5186633939477077
353.011510116529,0.5079659758798405
355.011510116629,0.4993901330537465
357.01151011672897,0.48796937625231923
359.01151011682896,0.4738548337422125
361.01151011692895,0.4540452325970603
363.01151011702893,0.44729941899453923
365.0115101171289,0.4379178728851007
367.0115101172289,0.4259997536630512
369.0115101173289,0.40541825672638665
371.0115101174289,0.397301872127292
373.01151011752887,0.3868156866918028
375.01151011762886,0.3740823631814292
377.01151011772885,0.3536449627948828
379.01151011782883,0.34939783125619717
381.0115101179288,0.3432331571607613
383.0115101180288,0.3352414515097647
385.0115101181288,0.3184418620359929
387.0115101182288,0.31457229708781576
389.0115101183288,0.3090895790106831
391.01151011842876,0.3020685187199882
393.01151011852875,0.2817870795331849
395.01151011862873,0.2778370335202913
397.0115101187287,0.2724892125160923
399.0115101188287,0.26580029180553866
401.0115101189287,0.24552477150611296
403.0115101190287,0.24099816585997558
405.0115101191287,0.23528451162250505
407.01151011922866,0.22846550420846135
409.01151011932865,0.20987038000635064
411.01151011942864,0.20423425096051
413.0115101195286,0.19768645946642321
415.0115101196286,0.1903142027974975
417.0115101197286,0.17520378206212156
419.0115101198286,0.1716011037491822
421.0115101199286,0.16731574576654815
423.01151012002856,0.16238655351858522
425.01151012012855,0.1518211507790314
427.01151012022854,0.1471780846484247
429.0115101203285,0.14196751616311723
431.0115101204285,0.13623684692455018
433.0115101205285,0.12354982026295472
435.0115101206285,0.11810287661141552
437.0115101207285,0.11216079669710895
439.01151012082846,0.10576969608015904
441.01151012092845,0.09168798851532123
443.01151012102844,0.08732705864279498
445.0115101211284,0.0826186534983106
447.0115101212284,0.07760541987785227
449.0115101213284,0.0634435448123164
451.0115101214284,0.060212766526958866
453.0115101215284,0.056754500457580875
455.01151012162836,0.053104173515360356
457.01151012172835,0.04810761375887058
459.01151012182834,0.04916647655454155
461.0115101219283,0.05009979982874759
463.0115101220283,0.05089000375693961
465.0115101221283,0.056557181134536186
467.0115101222283,0.05779691589968992
469.0115101223283,0.05885830132702147
471.01151012242826,0.05971587660894058
473.01151012252825,0.06532456229214649
475.01151012262824,0.0662765574432487
477.0115101227282,0.06698473973092152
479.0115101228282,0.0674213360261033
481.0115101229282,0.07709259856023715
483.0115101230282,0.0755286066615429
485.0115101231282,0.07365047643522832
487.01151012322816,0.07146493370684995
489.01151012332815,0.07601140679341956
491.01151012342814,0.07298467491835031
493.0115101235281,0.06963204661047259
495.0115101236281,0.06597712348306202
497.0115101237281,0.07745367885390746
499.0115101238281,0.07508520412888232
501.0115101239281,0.07242058103736075
503.01151012402806,0.06946908969291199
505.01151012412805,0.0830652973629024
507.01151012422804,0.0810512396631972
509.011510124328,0.0787458010891234
511.011510124428,0.07615180029432704
513.0115101245281,0.08895915271401351
515.0115101246281,0.08669928293992543
517.0115101247281,0.08410672084738967
519.0115101248282,0.08118776642812549
521.0115101249282,0.10340719979425841
523.0115101250283,0.09946829463254957
525.0115101251283,0.09502056182292742
527.0115101252284,0.09004230408825982
529.0115101253284,0.13010136363297534
531.0115101254285,0.12425645117502811
533.0115101255285,0.11768313965290261
535.0115101256285,0.1103878777496805
537.0115101257286,0.2081853651556656
539.0115101258286,0.20809162560846656
541.0115101259287,0.20780922956280684
543.0115101260287,0.20732391528840854
545.0115101261288,0.20748375262860602
547.0115101262288,0.20885634380734686
549.0115101263289,0.20993998415873286
551.0115101264289,0.2107146928504351
553.011510126529,0.21231688929994633
555.011510126629,0.21530539340565757
557.011510126729,0.21755710471706713
559.0115101268291,0.2190679996948897
561.0115101269291,0.21875125898200926
563.0115101270292,0.2152268082538325
565.0115101271292,0.21049531593926754
567.0115101272293,0.2049825259593952
569.0115101273293,0.19833911929855222
571.0115101274293,0.18962986562172138
573.0115101275294,0.18019951600680098
575.0115101276294,0.17047328841054316
577.0115101277295,0.16218157629438104
579.0115101278295,0.15572323395907883
581.0115101279296,0.14844024079285864
583.0115101280296,0.14059141397807864
585.0115101281297,0.12981051938759575
587.0115101282297,0.11402688200722684
589.0115101283297,0.09822498125021911
591.0115101284298,0.08283074842258928
593.0115101285298,0.07000863352976555
595.0115101286299,0.060915526405617454
597.0115101287299,0.052192602959025745
599.01151012883,0.043992403483599556
601.01151012893,0.03885144910086139
603.0115101290301,0.03829697726514464
605.0115101291301,0.03763724078287732
607.0115101292301,0.0368807729981773
609.0115101293302,0.0351047173419445
611.0115101294302,0.03160216469733856
613.0115101295303,0.028136352877171464
615.0115101296303,0.024740865211229222
617.0115101297304,0.022098470413297065
619.0115101298304,0.020659259390748762
621.0115101299305,0.019161614584862277
623.0115101300305,0.017616334786076958
625.0115101301305,0.015624790725171341
627.0115101302306,0.01282070823149704
629.0115101303306,0.009980320192386457
631.0115101304307,0.007131935975156014
633.0115101305307,0.004024765362162492
635.0115101306308,0.00039661269770499726
637.0115101307308,-0.003209492859137497
639.0115101308309,-0.006750571819900537
641.0115101309309,-0.011063832638799688
643.011510131031,-0.016944117183574373
645.011510131131,-0.022690801117906646
647.011510131231,-0.028236966462466498
649.0115101313311,-0.03365898513742728
651.0115101314311,-0.0391437351602999
653.0115101315312,-0.044431973557449746
655.0115101316312,-0.04946589258551764
657.0115101317313,-0.05557137859384705
659.0115101318313,-0.06406686609753529
661.0115101319313,-0.07224727129964176
663.0115101320314,-0.08000555715331453
665.0115101321314,-0.08793217354554604
667.0115101322315,-0.0967478765898111
669.0115101323315,-0.1050916594457785
671.0115101324316,-0.11284996722086062
673.0115101325316,-0.11912184868584383
675.0115101326317,-0.12320665056920416
677.0115101327317,-0.12671096956022115
679.0115101328317,-0.1295904027133632
681.0115101329318,-0.13138776216895676
683.0115101330318,-0.13168463324672167
685.0115101331319,-0.13134301896464548
687.0115101332319,-0.13036761155847887
689.011510133332,-0.12864256504398552
691.011510133432,-0.1259955469156646
693.011510133532,-0.12271875728354743
695.0115101336321,-0.11886159182071021
697.0115101337321,-0.11530834146573223
699.0115101338322,-0.11284458713292086
701.0115101339322,-0.10981527490406387
703.0115101340323,-0.10626253148072676
705.0115101341323,-0.10291101740034694
707.0115101342324,-0.100401993437154
709.0115101343324,-0.09736977308541414
711.0115101344325,-0.09385270421841815
713.0115101345325,-0.08945052804727804
715.0115101346325,-0.08361162693316536
717.0115101347326,-0.07728086368106252
719.0115101348326,-0.07054378708314807
721.0115101349327,-0.06618746899095784
723.0115101350327,-0.06285953944423882
725.0115101351328,-0.059152700413360904
727.0115101352328,-0.05509757617928733
729.0115101353329,-0.05497169016868965
731.0115101354329,-0.053396376311958746
733.011510135533,-0.05148513513371557
735.011510135633,-0.04924782209066605
737.011510135733,-0.04646682324842416
739.0115101358331,-0.04245712364127137
741.0115101359331,-0.038165570585393514
743.0115101360332,-0.03366815319133033
745.0115101361332,-0.024365978095961124
747.0115101362333,-0.01784283991988775
749.0115101363333,-0.011146712019241327
751.0115101364333,-0.00440194340800145
753.0115101365334,0.009584337562099133
755.0115101366334,0.01887006264278067
757.0115101367335,0.02813290595539168
759.0115101368335,0.037210613527545705
761.0115101369336,0.054420643028300714
763.0115101370336,0.06511853485149972
765.0115101371337,0.07552363597863122
767.0115101372337,0.08547272319226616
769.0115101373337,0.1041864705340208
771.0115101374338,0.11787536514048023
773.0115101375338,0.13104740458051878
775.0115101376339,0.14352519890774612
777.0115101377339,0.1631858739221478
779.011510137834,0.17056164789372993
781.011510137934,0.17721903585628568
783.011510138034,0.1830582116468803
785.0115101381341,0.1979900941229526
787.0115101382341,0.20487390373690967
789.0115101383342,0.21090732071944737
791.0115101384342,0.21601603880579595
793.0115101385343,0.22997382288900353
795.0115101386343,0.2343814546316767
797.0115101387344,0.23789071143005083
799.0115101388344,0.24044239245954002
801.0115101389345,0.24882179927226297
803.0115101390345,0.2531266026265995
805.0115101391345,0.256446005143858
807.0115101392346,0.2587217378366624
809.0115101393346,0.26807140412348396
811.0115101394347,0.26881865163038665
813.0115101395347,0.26847045709465855
815.0115101396348,0.2670076673974323
817.0115101397348,0.2827304633123612
819.0115101398349,0.28590304686840645
821.0115101399349,0.2880312238330142
823.0115101400349,0.28906191758889466
825.011510140135,0.3139853927053443
827.011510140235,0.31701108580721443
829.0115101403351,0.3189231823010124
831.0115101404351,0.31968740832208337
833.0115101405352,0.3460361502536068
835.0115101406352,0.34793174403159705
837.0115101407353,0.348554945944752
839.0115101408353,0.3478821718794697
841.0115101409353,0.36778303601622453
843.0115101410354,0.367686715537282
845.0115101411354,0.3665652891314029
847.0115101412355,0.36444708934740294
849.0115101413355,0.380704462510374
851.0115101414356,0.3818188731789013
853.0115101415356,0.38206014109154607
855.0115101416357,0.381415443175113
857.0115101417357,0.3955727846974356
859.0115101418357,0.3952940731904627
861.0115101419358,0.3941192755375985
863.0115101420358,0.3920312128067367
865.0115101421359,0.398741881639055
867.0115101422359,0.3935785732032068
869.011510142336,0.38762020202963143
871.011510142436,0.3808677324912887
873.011510142536,0.38159871352927704
875.0115101426361,0.3782254573907617
877.0115101427361,0.37404252770226365
879.0115101428362,0.3690276460215821
881.0115101429362,0.3675538571914171
883.0115101430363,0.36238136759705264
885.0115101431363,0.35669708187069205
887.0115101432364,0.35046642197835287
889.0115101433364,0.3431232685338229
891.0115101434365,0.33376116842920067
893.0115101435365,0.32355747305279825
895.0115101436365,0.3124870048238474
897.0115101437366,0.2936487237132015
899.0115101438366,0.2729434296901816
901.0115101439367,0.2520810081419683
903.0115101440367,0.23110502471723723
905.0115101441368,0.2104020080143688
907.0115101442368,0.19039953518281194
909.0115101443369,0.17020232328039983
911.0115101444369,0.14989896227690513
913.0115101445369,0.12943601865286702
915.011510144637,0.10843228257266188
917.011510144737,0.08730507227204272
919.0115101448371,0.06626582006183954
921.0115101449371,0.0414675950875806
923.0115101450372,0.00744266162486666
925.0115101451372,-0.02430457575344612
927.0115101452373,-0.053587418267920996
929.0115101453373,-0.07830260865164562
931.0115101454373,-0.09589816560367034
933.0115101455374,-0.11236682229160849
935.0115101456374,-0.12764572783657885
937.0115101457375,-0.14038742571075707
939.0115101458375,-0.14866154341949556
941.0115101459376,-0.1562301490539108
943.0115101460376,-0.1630841758705085
945.0115101461377,-0.17248584099131783
947.0115101462377,-0.1897269285959556
949.0115101463377,-0.20566487189132754
951.0115101464378,-0.22013573599943959
953.0115101465378,-0.23577727178341068
955.0115101466379,-0.2568676257284048
957.0115101467379,-0.27559378570969983
959.011510146838,-0.29190090379480427
961.011510146938,-0.3069189996860036
963.011510147038,-0.3226556734199134
965.0115101471381,-0.33617000042169304
967.0115101472381,-0.3474430583769141
969.0115101473382,-0.35805080142198603
971.0115101474382,-0.3706562537256894
973.0115101475383,-0.38102190344010867
975.0115101476383,-0.38918267678990004
977.0115101477384,-0.3965533005629097
979.0115101478384,-0.4054955692328691
981.0115101479385,-0.4122911791408995
983.0115101480385,-0.41699760715163964
985.0115101481385,-0.4221695617902
987.0115101482386,-0.43219401421108566
989.0115101483386,-0.4400346282103552
991.0115101484387,-0.44573625350740737
993.0115101485387,-0.45153345532347633
995.0115101486388,-0.461367698804073
997.0115101487388,-0.4690077092946098
999.0115101488389,-0.47446785074940057
1001.0115101489389,-0.47848386622584116
1003.0115101490389,-0.4823042347518802
1005.011510149139,-0.4840038795569509
1007.011510149239,-0.48363087638964175
1009.0115101493391,-0.4836948574555183
1011.0115101494391,-0.48883351308880607
1013.0115101495392,-0.49192037315014936
1015.0115101496392,-0.4929703712982291
1017.0115101497393,-0.49408418243138763
1019.0115101498393,-0.49909218397706384
1021.0115101499393,-0.5017871438411148
1023.0115101500394,-0.5021431818009521
1025.0115101501394,-0.5018910215531576
1027.0115101502395,-0.5043138242053011
1029.0115101503395,-0.504281092530967
1031.0115101504396,-0.5018046301625649
1033.0115101505396,-0.4994753126759193
1035.0115101506397,-0.5023490053996044
1037.0115101507397,-0.5027950101446748
1039.0115101508397,-0.5008180670144025
1041.0115101509398,-0.49895096508083425
1043.0115101510398,-0.5021701078650063
1045.0115101511399,-0.5028685266839359
1047.01151015124,-0.5010375745112707
1049.01151015134,-0.49904158891956896
1051.01151015144,-0.5016697864651459
1053.01151015154,-0.5017930368324001
1055.01151015164,-0.4993959924886495
1057.0115101517401,-0.4967866473626978
1059.0115101518402,-0.4987036903852269
1061.0115101519402,-0.49808888995206213
1063.0115101520403,-0.49492446049937566
1065.0115101521403,-0.49192053140409786
1067.0115101522404,-0.4947864716789985
1069.0115101523404,-0.4951035042378535
1071.0115101524405,-0.4928244334451586
1073.0115101525405,-0.489602757038043
1075.0115101526405,-0.48885502090342603
1077.0115101527406,-0.48534920822588545
1079.0115101528406,-0.47907321700973116
1081.0115101529407,-0.4637188146526451
1083.0115101530407,-0.46408763663193386
1085.0115101531408,-0.46175632042413434
1087.0115101532408,-0.45665255956520173
1089.0115101533409,-0.44416227848729395
1091.011510153441,-0.4483934175001919
1093.011510153541,-0.45004889725723407
1095.011510153641,-0.4490331099640211
1097.011510153741,-0.44551082539924997
1099.011510153841,-0.45116036009417604
1101.0115101539411,-0.4544620315791965
1103.0115101540412,-0.4553555659322771
1105.0115101541412,-0.45491096051898045
1107.0115101542413,-0.45944428999955345
1109.0115101543413,-0.4618217924021133
1111.0115101544413,-0.4619626155618636
1113.0115101545414,-0.4652162723176736
1115.0115101546414,-0.47217024186461376
1117.0115101547415,-0.47699548532131897
1119.0115101548415,-0.4795832651593556
1121.0115101549416,-0.48032460906185803
1123.0115101550416,-0.48992847338569023
1125.0115101551417,-0.4973842476129553
1127.0115101552417,-0.5025857082496655
1129.0115101553417,-0.5090568799804689
1131.0115101554418,-0.5159625235977545
1133.0115101555418,-0.520792443287716
1135.0115101556419,-0.5234728011501826
1137.011510155742,-0.5235590026939115
1139.011510155842,-0.5273893591484407
1141.011510155942,-0.5292477707997167
1143.011510156042,-0.529057597488273
1145.011510156142,-0.5224613671180642
1147.0115101562421,-0.5263162310252745
1149.0115101563422,-0.5282895104287866
1151.0115101564422,-0.5283437020201218
1153.0115101565423,-0.5206531237418748
1155.0115101566423,-0.5241075392683459
1157.0115101567424,-0.5258367198866398
1159.0115101568424,-0.5257651525624334
1161.0115101569424,-0.5197474504352906
1163.0115101570425,-0.5227273444024394
1165.0115101571425,-0.523994040153478
1167.0115101572426,-0.5234830517357294
1169.0115101573426,-0.5127408565391068
1171.0115101574427,-0.5178383994881506
1173.0115101575427,-0.5212887663899657
1175.0115101576428,-0.5230068499190398
1177.0115101577428,-0.514245626489785
1179.0115101578428,-0.5194707801705397
1181.011510157943,-0.5230577340917246
1183.011510158043,-0.5248797626317072
1185.011510158143,-0.5231375658289759
1187.011510158243,-0.5310476836808985
1189.011510158343,-0.537270703624949
1191.0115101584431,-0.5416664263302076
1193.0115101585432,-0.5431935292331904
1195.0115101586432,-0.5530195347268065
1197.0115101587432,-0.5609520901967437
1199.0115101588433,-0.5668158024767851
1201.0115101589433,-0.5639939924759468
1203.0115101590434,-0.5709342543436696
1205.0115101591434,-0.5761156863039474
1207.0115101592435,-0.5794988044706187
1209.0115101593435,-0.5752288807101495
1211.0115101594436,-0.5785094271932374
1213.0115101595436,-0.5803783464467762
1215.0115101596436,-0.5807944745960393
1217.0115101597437,-0.5729160554611965
1219.0115101598437,-0.5737119718058685
1221.0115101599438,-0.5729420029284943
1223.0115101600438,-0.5705724233891578
1225.0115101601439,-0.5490329451119975
1227.011510160244,-0.5517881017853463
1229.011510160344,-0.5533335343894927
1231.011510160444,-0.5536460950911348
1233.011510160544,-0.5342199136269936
1235.011510160644,-0.5346087241286199
1237.0115101607441,-0.5337079868114128
1239.0115101608442,-0.531515353857218
1241.0115101609442,-0.5096795996274468
1243.0115101610443,-0.5093842518983114
1245.0115101611443,-0.5078465457794299
1247.0115101612444,-0.5050385107695741
1249.0115101613444,-0.4710431668737805
1251.0115101614444,-0.46665482156744714
1253.0115101615445,-0.46092170721045056
1255.0115101616445,-0.4538806140090002
1257.0115101617446,-0.41852131973801543
1259.0115101618446,-0.4241647167657186
1261.0115101619447,-0.42949797705428505
1263.0115101620447,-0.4345349391650813
1265.0115101621448,-0.440285662113165
1267.0115101622448,-0.44986513457612276
1269.0115101623448,-0.45891684459545284
1271.011510162445,-0.46745369680487764
1273.011510162545,-0.47739906056247616
1275.011510162645,-0.49464718283295045
1277.011510162745,-0.5105722417691267
1279.011510162845,-0.5251571696284993
1281.0115101629451,-0.5399996206247873
1283.0115101630452,-0.5592282195238609
1285.0115101631452,-0.5753319369929646
1287.0115101632452,-0.5887494796825774
1289.0115101633453,-0.6011859040900194
1291.0115101634453,-0.6168333132764473
1293.0115101635454,-0.6299145785782962
1295.0115101636454,-0.6407353879533204
1297.0115101637455,-0.6506239470846397
1299.0115101638455,-0.6629594109260597
1301.0115101639456,-0.6729083056294679
1303.0115101640456,-0.6805750775078783
1305.0115101641456,-0.6869726375572864
1307.0115101642457,-0.6947697435842943
1309.0115101643457,-0.6999085714827653
1311.0115101644458,-0.7026128577671835
1313.0115101645458,-0.7040084876631709
1315.0115101646459,-0.7070292012075112
1317.011510164746,-0.7077593541439187
1319.011510164846,-0.7064902668663615
1321.011510164946,-0.7051263619817518
1323.011510165046,-0.7091721756196239
1325.011510165146,-0.7107048671423699
1327.0115101652461,-0.7098598382908962
1329.0115101653462,-0.7079214887477039
1331.0115101654462,-0.7088363699221087
1333.0115101655463,-0.7073184505248937
1335.0115101656463,-0.7035118449803814
1337.0115101657464,-0.6992570407399161
1339.0115101658464,-0.7005825686172339
1341.0115101659464,-0.6993662183722723
1343.0115101660465,-0.6957525649189713
1345.0115101661465,-0.6925091475664296
1347.0115101662466,-0.6994050478527272
1349.0115101663466,-0.7036977743044799
1351.0115101664467,-0.705480010925734
1353.0115101665467,-0.7060950549391996
1355.0115101666468,-0.7101730736445696
1357.0115101667468,-0.7116928480593561
1359.0115101668468,-0.7107243954814703
1361.011510166947,-0.7090191588832263
1363.011510167047,-0.7130314997587971
1365.011510167147,-0.7145231966028937
1367.011510167247,-0.7135280710139953
1369.011510167347,-0.7122209680210274
1371.011510167447,-0.719117166754691
1373.0115101675472,-0.7235308129089325
1375.0115101676472,-0.7254507718223612
1377.0115101677472,-0.7255839609240079
1379.0115101678473,-0.7263940624599894
1381.0115101679473,-0.7242492150765611
1383.0115101680474,-0.7191430637634944
1385.0115101681474,-0.7126304408697215
1387.0115101682475,-0.7107943170749402
1389.0115101683475,-0.7057595881457683
1391.0115101684476,-0.6975593257114826
1393.0115101685476,-0.6887077139739092
1395.0115101686476,-0.6894764569237966
1397.0115101687477,-0.6871205824794487
1399.0115101688477,-0.6816410139133333
1401.0115101689478,-0.6754435977254288
1403.0115101690478,-0.6786004567156492
1405.0115101691479,-0.6785271374198585
1407.011510169248,-0.6751864447289249
1409.011510169348,-0.6709197365475094
1411.011510169448,-0.6759326464660145
1413.011510169548,-0.6777292584483662
1415.011510169648,-0.6762335725500703
1417.0115101697481,-0.6740108206430516
1419.0115101698482,-0.682688886503303
1421.0115101699482,-0.6881239946594675
1423.0115101700483,-0.6901806132070051
1425.0115101701483,-0.6912420689851273
1427.0115101702484,-0.7025698543786993
1429.0115101703484,-0.7105055764605623
1431.0115101704484,-0.7148572244618321
1433.0115101705485,-0.7172365956753343
1435.0115101706485,-0.7253437309817679
1437.0115101707486,-0.729348943937455
1439.0115101708486,-0.7291615486364399
1441.0115101709487,-0.7282095030001765
1443.0115101710487,-0.7379382486034516
1445.0115101711488,-0.7435149676326382
1447.0115101712488,-0.7447913246304507
1449.0115101713488,-0.7445505558923748
1451.011510171449,-0.7539996226063705
1453.011510171549,-0.7593318274965191
1455.011510171649,-0.7604034264717083
1457.011510171749,-0.7594890090051312
1459.011510171849,-0.7705667096437632
1461.011510171949,-0.7776061062282454
1463.0115101720492,-0.7804537531747379
1465.0115101721492,-0.7792139694713482
1467.0115101722492,-0.7861117036965917
1469.0115101723493,-0.7893245205388628
1471.0115101724493,-0.7887233740496528
1473.0115101725494,-0.7855743573392131
1475.0115101726494,-0.7916985900493102
1477.0115101727495,-0.7941914264458374
1479.0115101728495,-0.7929236214791622
1481.0115101729496,-0.7889075721754946
1483.0115101730496,-0.8003865979061571
1485.0115101731496,-0.8082626369107415
1487.0115101732497,-0.8123768881906722
1489.0115101733497,-0.8128772203644834
1491.0115101734498,-0.8243192798055284
1493.0115101735498,-0.8323254751002521
1495.0115101736499,-0.8367652960732717
1497.01151017375,-0.8368105304068628
1499.01151017385,-0.846708127514737
1501.01151017395,-0.8532790736388741
1503.01151017405,-0.856355909198099
1505.01151017415,-0.8555659036322123
1507.0115101742501,-0.8670249839143804
1509.0115101743502,-0.8751855032982684
1511.0115101744502,-0.8799144157876576
1513.0115101745503,-0.8802896408654249
1515.0115101746503,-0.8875208205707352
1517.0115101747504,-0.8916614045270203
1519.0115101748504,-0.8925770801872775
1521.0115101749504,-0.8923785297776003
1523.0115101750505,-0.8984136472387234
1525.0115101751505,-0.9013874108208075
1527.0115101752506,-0.9011518788112339
1529.0115101753506,-0.8995182507604477
1531.0115101754507,-0.9079884097877196
1533.0115101755507,-0.9134293565470504
1535.0115101756508,-0.9156396281613095
1537.0115101757508,-0.9148794948359031
1539.0115101758508,-0.9216465363383193
1541.011510175951,-0.9253314378447749
1543.011510176051,-0.9256978600111512
1545.011510176151,-0.9214938989850654
1547.011510176251,-0.9254540600830166
1549.011510176351,-0.926027204002681
1551.011510176451,-0.9230560923212914
1553.0115101765512,-0.9159500126131123
1555.0115101766512,-0.9181473979277346
1557.0115101767512,-0.9166287871491603
1559.0115101768513,-0.9112436110484916
1561.0115101769513,-0.8996025117235362
1563.0115101770514,-0.907940920754044
1565.0115101771514,-0.9135455641963888
1567.0115101772515,-0.916367614890583
1569.0115101773515,-0.9125113663200187
1571.0115101774516,-0.9165462848704939
1573.0115101775516,-0.9185198015281779
1575.0115101776516,-0.9183600238632601
1577.0115101777517,-0.9107774997395974
1579.0115101778517,-0.9104062757588351
1581.0115101779518,-0.9078652757047447
1583.0115101780518,-0.9030862525349701
1585.0115101781519,-0.8877243058842218
1587.011510178252,-0.8868319264853128
1589.011510178352,-0.8839749394887089
1591.011510178452,-0.8791134313801956
1593.011510178552,-0.8582076853371813
1595.011510178652,-0.8564208785500439
1597.0115101787521,-0.852477465044967
1599.0115101788522,-0.8463274529103036
1601.0115101789522,-0.8137542114238054
1603.0115101790523,-0.8064918466758227
1605.0115101791523,-0.7968569031555195
1607.0115101792524,-0.7847638105727447
1609.0115101793524,-0.7100714301830501
1611.0115101794524,-0.6941706430318095
1613.0115101795525,-0.6753103248857071
1615.0115101796525,-0.6535355460565943
1617.0115101797526,-0.07177412334645983
1619.0115101798526,-0.07177412334645311
1621.0115101799527,-0.07177412334641486
1623.0115101800527,-0.07177412334642852
1625.0115101801528,-0.07231852053521587
1627.0115101802528,-0.07777897905415454
1629.0115101803528,-0.08321743771745765
1631.011510180453,-0.08862391779405221
1633.011510180553,-0.09425436174901752
1635.011510180653,-0.10239193220841972
1637.011510180753,-0.11055745317755789
1639.011510180853,-0.11862473391226727
1641.011510180953,-0.12741592677465507
1643.0115101810532,-0.14409675945502995
1645.0115101811532,-0.15929567108842527
1647.0115101812532,-0.1729321804293195
1649.0115101813533,-0.1831489682391464
1651.0115101814533,-0.17486062898642163
1653.0115101815534,-0.16791531936285614
1655.0115101816534,-0.16202175772556185
1657.0115101817535,-0.1551962806005006
1659.0115101818535,-0.13201002525208536
1661.0115101819536,-0.10986815739383088
1663.0115101820536,-0.08885825823209006
1665.0115101821536,-0.06841541894358022
1667.0115101822537,-0.043275372450969574
1669.0115101823537,-0.018990467520118348
1671.0115101824538,0.0045100406385198966
1673.0115101825538,0.026556893362797207
1675.0115101826539,0.03981812122375661
1677.011510182754,0.05253311672984773
1679.011510182854,0.0649492322961854
1681.011510182954,0.07753770349669753
1683.011510183054,0.09306550482237977
1685.011510183154,0.10888889246015279
1687.0115101832541,0.12505110206659284
1689.0115101833542,0.1399507747208419
1691.0115101834542,0.1375737604587049
1693.0115101835543,0.13530185711908024
1695.0115101836543,0.13336690349365338
1697.0115101837544,0.13292690864720436
1699.0115101838544,0.1443190487341364
1701.0115101839544,0.15625235597312537
1703.0115101840545,0.16868174430263277
1705.0115101841545,0.18034167322003275
1707.0115101842546,0.1796019399288612
1709.0115101843546,0.1793764360129477
1711.0115101844547,0.17977838118088016
1713.0115101845547,0.18052063470780977
1715.0115101846548,0.17834751158268042
1717.0115101847548,0.17613134252712648
1719.0115101848548,0.1741082371149365
1721.011510184955,0.1734791345454934
1723.011510185055,0.18671314905176162
1725.011510185155,0.20098048954168657
1727.011510185255,0.21590330214359982
1729.011510185355,0.23062846548168792
1731.011510185455,0.24330481772687373
1733.0115101855552,0.2563567537406915
1735.0115101856552,0.26914393150773125
1737.0115101857552,0.2825661346760386
1739.0115101858553,0.3191400565887307
1741.0115101859553,0.3557634458967055
1743.0115101860554,0.388431002135748
1745.0115101861554,0.41363269162595045
1747.0115101862555,0.42921017551402385
1749.0115101863555,0.43772798251233336
1751.0115101864556,0.43579765975892715
1753.0115101865556,0.42487774253998767
1755.0115101866556,0.41951476476535055
1757.0115101867557,0.4036457772019537
1759.0115101868557,0.3753626950735854
1761.0115101869558,0.3408229271233517
1763.0115101870558,0.33431948427542946
1765.0115101871559,0.31805684934777834
1767.011510187256,0.29040521288359217
1769.011510187356,0.25814174350001606
1771.011510187456,0.2571910545040598
1773.011510187556,0.24800918148225293
1775.011510187656,0.2291253728632659
1777.0115101877561,0.20798507783050987
1779.0115101878562,0.2355247159177759
1781.0115101879562,0.25858323339419387
1783.0115101880563,0.27046211027203454
1785.0115101881563,0.27248013215055233
1787.0115101882564,0.2806102605741577
1789.0115101883564,0.277932497102188
1791.0115101884564,0.261357044177394
1793.0115101885565,0.23928060128502399
1795.0115101886565,0.2520031863566281
1797.0115101887566,0.2548652334042565
1799.0115101888566,0.2425697541632036
1801.0115101889567,0.14632203362180304
1803.0115101890567,0.20196946807959074
1805.0115101891568,0.2570199659174851
1807.0115101892568,0.29719003830613855
1809.0115101893568,0.25680194600115824
1811.0115101894569,0.26766209149243997
1813.011510189557,0.2676334965580135
1815.011510189657,0.2502863640021867
1817.011510189757,0.14000443302930018
1819.011510189857,0.1017260479441418
1821.011510189957,0.05191225710324855
1823.0115101900572,-0.005538817896372547
1825.0115101901572,-0.07737352549741001
1827.0115101902572,-0.13337578525943256
1829.0115101903573,-0.1866691225246417
1831.0115101904573,-0.22118064164727075
1833.0115101905574,-0.24989958315139818
1835.0115101906574,-0.2093231256107035
1837.0115101907575,-0.12487144624247459
1839.0115101908575,-0.006101340913902815
1841.0115101909576,-0.014444175332845866
1843.0115101910576,-0.06551321125236484
1845.0115101911576,-0.10831997068456556
1847.0115101912577,-0.11912326722332567
1849.0115101913577,-0.255639744610378
1851.0115101914578,-0.2978307487631234
1853.0115101915578,-0.29359363817773
1855.0115101916579,-0.22057935170583187
1857.011510191758,-0.10480223875740888
1859.011510191858,0.04941411660872912
1861.011510191958,0.24454518914811124
1863.011510192058,0.37658143523169985
1865.011510192158,0.3303103897037442
1867.0115101922581,0.33144714162140504
1869.0115101923582,0.2819680420239976
1871.0115101924582,0.17426672282392824
1873.0115101925583,0.1435432311727381
1875.0115101926583,0.11026428186262702
1877.0115101927584,0.0622452493090054
1879.0115101928584,0.014015051547419909
1881.0115101929584,0.011907698004495131
1883.0115101930585,-0.10646186218363049
1885.0115101931585,-0.2318520794805335
1887.0115101932586,-0.30302097364043074
1889.0115101933586,-0.26400022661737077
1891.0115101934587,-0.31595895012140024
1893.0115101935587,-0.3486101870753184
1895.0115101936588,-0.3265653627168703
1897.0115101937588,-0.0736559652786606
1899.0115101938588,-0.20933237281364747
1901.0115101939589,-0.3460393654144399
1903.011510194059,-0.4080068355558552
1905.011510194159,-0.34579765939129403
1907.011510194259,-0.3066770103874244
1909.011510194359,-0.2114596755374208
1911.011510194459,-0.08425054657769175
1913.0115101945592,0.24540852900899918
1915.0115101946592,0.47029104723658877
1917.0115101947592,0.6830247032217582
1919.0115101948593,0.7127283879471716
1921.0115101949593,0.39491663390439313
1923.0115101950594,0.4092712081307465
1925.0115101951594,0.39472855896601333
1927.0115101952595,0.22890289657233104
1929.0115101953595,-0.14470529290862402
1931.0115101954596,-0.20245250044680765
1933.0115101955596,-0.17418863750726857
1935.0115101956596,-0.1857759800243582
1937.0115101957597,0.2238241913751786
1939.0115101958597,-0.06719028063610069
1941.0115101959598,-0.23295698366329645
1943.0115101960598,-0.2948720045155872
1945.0115101961599,-0.01351186636774071
1947.01151019626,-0.2540469532572486
1949.01151019636,-0.3520578587363034
1951.01151019646,-0.3539155494474945
1953.01151019656,-0.24971705170363187
1955.01151019666,-0.6863378650923293
1957.0115101967601,-0.8069785110509331
1959.0115101968602,-0.8757824735226893
1961.0115101969602,1.317046471882577e-11
1963.0115101970603,-0.9999999999994788
1965.0115101971603,-0.9999999999995974
1967.0115101972603,-1.0000000000000444
1969.0115101973604,0.0
1971.0115101974604,0.0
1973.0115101975605,0.0
1975.0115101976605,0.0
