-197.698849,2.2760645113870757,0.2560211278340926
-195.97848193110949,2.215400872453725,0.2424212551875684
-194.258114862219,2.164224121015258,0.22662807783625294
-192.5377477933285,2.128981584780549,0.21878145739585267
-190.81738072443798,2.1222313520019798,0.22852508812517425
-189.0970136555475,2.139050180677768,0.2327383190783743
-187.376646586657,2.153830345668955,0.22791279017712873
-185.6562795177665,2.162766776953654,0.2221344824032224
-183.935912448876,2.1476049772021826,0.21668265084579283
-182.21554537998549,2.0983439040394076,0.22554106547959227
-180.495178311095,2.030527041317373,0.22616906295955502
-178.7748112422045,1.966732000622784,0.22474523782849165
-177.05444417331398,1.911632483474551,0.21831897237258688
-175.3340771044235,1.890925686080327,0.21690883075952058
-173.613710035533,1.906753290235053,0.2248183915576042
-171.89334296664248,1.9159158991781036,0.2242451777581879
-170.172975897752,1.9006405349040918,0.2234649666470759
-168.4526088288615,1.8467759072581877,0.21520020220769281
-166.73224175997098,1.7305273259973335,0.21938616002988554
-165.0118746910805,1.5704823781287836,0.22420032787095684
-163.29150762218998,1.4458241624664847,0.22387374977587335
-161.57114055329947,1.3666204234493255,0.22089645903954078
-159.850773484409,1.3746450741545555,0.2141040143463817
-158.13040641551848,1.4896861594203328,0.2221841284829148
-156.41003934662797,1.6770858454086053,0.22382619319848857
-154.6896722777375,1.8937371252622812,0.22439777448850126
-152.96930520884698,2.1231043490222588,0.21830599151973437
-151.2489381399565,2.285344646848529,0.21685259234504872
-149.52857107106598,2.36963847598527,0.22421478109370394
-147.8082040021755,2.372333960532708,0.22403860656222732
-146.087836933285,2.292128644064344,0.2238058286509507
-144.36746986439448,2.160704432973885,0.2157192878687818
-142.647102795504,2.023901859879773,0.22024488964484001
-140.9267357266135,1.8922669873533353,0.22435031285530943
-139.20636865772298,1.802316229742135,0.22412204941316677
-137.4860015888325,1.7574718878504045,0.2209373373767929
-135.76563451994198,1.7612903736515628,0.21476600185115244
-134.04526745105147,1.8152313623226108,0.22288766083329717
-132.324900382161,1.8983884770692887,0.22404376640304227
-130.60453331327048,1.9886521068136718,0.22450366396341082
-128.88416624437997,2.077122077095221,0.21797409602777393
-127.16379917548947,2.126791264407533,0.21721945951088226
-125.44343210659898,2.1362810841299913,0.22434836924627874
-123.72306503770848,2.1404017141792364,0.22436867801587956
-122.00269796881798,2.149863564359486,0.22417062647965588
-120.28233089992747,2.183857257439244,0.21610901510085193
-118.56196383103698,2.266160769882265,0.2209812106199809
-116.84159676214648,2.38662501821793,0.22473338793586475
-115.12122969325597,2.5136242738966956,0.22518860549814956
-113.40086262436547,2.642869380703957,0.22241630351708816
-111.68049555547498,2.7403099785111045,0.2170434736619539
-109.96012848658448,2.793872286865475,0.22457908687876363
-108.23976141769397,2.8050279059874303,0.22503155793277646
-106.51939434880347,2.7750905941720383,0.22560731955304117
-104.79902727991298,2.7130737932326925,0.21931197862290427
-103.07866021102248,2.651193330079401,0.21934901568155957
-101.35829314213197,2.595414400242298,0.2255567947636361
-99.63792607324147,2.5780041549927626,0.2252751645077553
-97.91755900435098,2.6075181232421887,0.2250365959204232
-96.19719193546047,2.682604288228408,0.21752839969290425
-94.47682486656997,2.8018423098762377,0.2228102240805187
-92.75645779767947,2.9396446910127865,0.2255634177053903
-91.03609072878898,3.027524023277028,0.22576392057353725
-89.31572365989847,3.059287153736096,0.22266229261915538
-87.59535659100797,3.0031924004384085,0.21815302584215926
-85.87498952211747,2.8498041452236524,0.22554175233440774
-84.15462245322696,2.6666916482039187,0.225332779965651
-82.43425538433647,2.5053942044757322,0.2254501523571693
-80.71388831544597,2.3886469435297704,0.21865509404270275
-78.99352124655547,2.3865821089430197,0.21951785390187253
-77.27315417766496,2.495978874605947,0.225520165406901
-75.55278710877447,2.647450928215866,0.22536192999140098
-73.83242003988397,2.8251679630461446,0.22497933502313436
-72.11205297099346,2.9660155735589457,0.21771243913179228
-70.39168590210296,3.0137499725931662,0.22347555931997934
-68.67131883321247,2.979589553133042,0.22556548340370527
-66.95095176432196,2.8895073020257995,0.22550564081029068
-65.23058469543147,2.751175656439591,0.2216652016098781
-63.510217626540964,2.6331866591729085,0.217734650732013
-61.78985055765045,2.553507893465496,0.22530933169458228
-60.06948348875997,2.49868118528049,0.22502869968223804
-58.34911641986946,2.4598975681230444,0.22503643648131286
-56.62874935097895,2.427120087120268,0.2177964482513189
-54.90838228208847,2.3735933697147695,0.21942292455593912
-53.18801521319796,2.3009969665648375,0.22523454221768674
-51.467648144307475,2.231424631178874,0.2250026631453544
-49.747281075416964,2.1692196170699463,0.22373726363180355
-48.026914006526454,2.127072251093491,0.21585716669389085
-46.30654693763597,2.11462576327091,0.22222088796645012
-44.58617986874546,2.120641191670912,0.2253826636856001
-42.86581279985495,2.1225940415958515,0.2265600198523066
-41.14544573096447,2.1172557790085484,0.2219112354623911
-39.42507866207396,2.082672701803067,0.2166336701160355
-37.70471159318345,2.0142153037488875,0.22464701059642336
-35.984344524292965,1.9300362340773036,0.22883322696624203
-34.263977455402454,1.8403713340961003,0.23213527503955037
-32.54361038651194,1.7553285961554757,0.22278025602828802
-30.82324331762146,1.698246003039313,0.21880305173263961
-29.10287624873095,1.675747973236204,0.23009997244459746
-27.38250917984047,1.7215440276764538,0.24518427925893585
-25.662142110949958,1.8409923548398472,0.2527752456306687
-23.941775042059447,2.0168137838756977,0.23431582771664447
-22.221407973168965,2.237749661296953,0.22259466884237683
-20.501040904278454,2.5038181006889744,0.25477940814383954
-18.780673835387944,2.815040915849239,0.3297340740583957
-17.06030676649746,3.1666476195017563,0.4187674353444937
-15.339939697606951,3.5250202329600078,0.48113136041692073
-13.61957262871644,3.8836818476009882,0.5207196943407422
-11.899205559825958,4.2426618685433475,0.5425532362841555
-10.178838490935448,4.601989727007497,0.5487622816045873
-8.458471422044965,4.96169488272922,0.5398882336161577
-6.738104353154455,5.321806826384859,0.5151491388180508
-5.017737284263944,5.68235508199493,0.47204816840580655
-3.297370215373462,6.043369209355674,0.4047441970355673
-1.5770031464829515,6.404878806453916,0.2971943095299272
0.14336392240755913,6.730116419843568,0.11232331986441377
1.8637309912980413,6.65113318474789,0.2928512664090518
3.584098060188552,6.5726952473303575,0.34184303241011926
5.3044651290790625,6.494796176809668,0.3254398706609704
7.024832197969545,6.417429586575052,0.23004700927418475
8.745199266860055,6.315578966811125,0.2055946324179505
10.465566335750566,6.181206171020678,0.3177592731329992
12.185933404641048,6.047340145627271,0.34281147811655593
13.906300473531559,5.913969915531547,0.30318450097762756
15.626667542422041,5.781084546285388,0.15545403449662606
17.34703461131255,5.797481542465433,0.2589823522449435
19.067401680203062,5.856731425083069,0.3336130359640444
20.787768749093544,5.916461475811498,0.3366428457740935
22.508135817984055,5.97667659166106,0.27048986726708196
24.228502886874566,6.023633523664819,0.12450144314794022
25.948869955765048,5.975581155720895,0.2953557846492023
27.66923702465556,5.928018699866037,0.34168490350983627
29.38960409354607,5.880942256658104,0.32256920121927346
31.10997116243655,5.834347966508837,0.22167053072878234
32.83033823132706,5.811933213555492,0.21218651369614386
34.550705300217544,5.816365436910839,0.31964398241859066
36.271072369108055,5.821274518945429,0.34218531757112974
37.991439437998565,5.826660862134283,0.2996390450326901
39.71180650688905,5.832524908081832,0.14227303801020463
41.43217357577956,5.914290336326908,0.26409577259468575
43.15254064467007,6.013001556006174,0.3350711132654998
44.87290771356055,6.112205755710907,0.33561329252047967
46.59327478245106,6.211911068768715,0.2661533202298764
48.31364185134157,6.2885914912735466,0.1408890552760763
50.034008920232054,6.249531341901521,0.299404266364719
51.754375989122565,6.210983564610297,0.3424867353864826
53.474743058013075,6.172944999035775,0.320657983975336
55.19511012690356,6.135412526555041,0.21496814591881594
56.91547719579407,6.035949431779298,0.22054259352274277
58.63584426468458,5.878386416439106,0.32219351410744695
60.35621133357506,5.721305344609755,0.34168009546419864
62.07657840246554,5.564693337893317,0.29572480353864233
63.79694547135608,5.408537556350322,0.12618506080499314
65.51731254024656,5.3801122103669785,0.268458002261779
67.23767960913705,5.3722732387894,0.3358530145109952
68.95804667802759,5.364874716689737,0.33349444659742183
70.67841374691807,5.357916037500983,0.25948617864870827
72.39878081580855,5.359584161329766,0.15047959867404526
74.11914788469909,5.3923331807267285,0.3016705592297419
75.83951495358957,5.4255242942305575,0.34213944345224856
77.55988202248005,5.45916022303881,0.31751452168486
79.28024909137059,5.493243724811409,0.20559187061727915
81.00061616026107,5.450218875092433,0.22644339562571544
82.72098322915156,5.346296913761732,0.323788821497074
84.4413502980421,5.242813272224503,0.34067201657617546
86.16171736693258,5.139759466301385,0.29143602434668436
87.88208443582306,5.037127047058493,0.1070588368963834
89.60245150471354,5.192994787196112,0.27268506508955853
91.32281857360408,5.376105646237626,0.3369115931134616
93.04318564249456,5.559657268959101,0.33220602802147453
94.76355271138505,5.743664703973074,0.25477516085294943
96.48391978027558,5.893634153050974,0.16405597412636538
98.20428684916607,5.942398670022385,0.30549838807620866
99.92465391805655,5.991650378590746,0.34286533184831053
101.64502098694709,6.041393316699484,0.3156016793335901
103.36538805583757,6.091631562545733,0.19866235260398785
105.08575512472805,6.13439910322358,0.23454088477917712
106.80612219361859,6.172375508253122,0.32665568114317517
108.52648926250907,6.210857959689394,0.3409923429796155
110.24685633139956,6.2498496125424365,0.2893580784369948
111.9672234002901,6.289353663566368,0.09513263786669364
113.68759046918058,6.184883480242269,0.27919886879700606
115.40795753807106,6.073055813871661,0.33881755549635895
117.1283246069616,5.961726051114307,0.3308901410102317
118.84869167585208,5.850885064525355,0.24904440518329155
120.56905874474256,5.841024756199983,0.1747232512953276
122.2894258136331,6.070807384326784,0.3086187194556726
124.00979288252358,6.301087731731526,0.34329138202544357
125.73015995141407,6.531884678100728,0.31360166494847297
127.4505270203046,6.763217145481774,0.19165127671699886
129.1708940891951,6.948250841883857,0.24240683346858818
130.89126115808557,7.1078848816883955,0.3294927110142765
132.6116282269761,7.268101666279434,0.34129853932196386
134.3319952958666,7.428914331124304,0.287265398229589
136.05236236475707,7.590336060570967,0.08163612314128758
137.77272943364756,7.4631541865295175,0.28552625937907455
139.4930965025381,7.333925988303828,0.3410016551038084
141.21346357142858,7.205299066992345,0.3304182215332003
142.93383064031906,7.077262877030834,0.2453673397640027
144.6541977092096,7.003107253746106,0.18820323904185607
146.37456477810008,7.033736730335505,0.31290117214171376
148.09493184699056,7.064942872615094,0.3442440183413866
149.8152989158811,7.096728239048645,0.31179739544081675
151.53566598477158,7.129095435576258,0.18450251382476282
153.25603305366207,4.961363634443934,0.22998351737349595
154.9764001225526,2.106165402351732,0.25067478868679116
156.6967671914431,1.5219069443329376,0.23130667692236068
158.41713426033357,3.5389580035831636,0.21679912531931533
160.1375013292241,7.734110944887308,0.09812224768332183
161.8578683981146,2.2786968734485944,0.23061264565539222
163.57823546700507,-0.22846162684274152,0.22325385281050014
165.2986025358956,0.828763924584492,0.21950055276920705
167.0189696047861,5.193714624158489,0.20089736158097407
168.73933667367658,6.5475380564362125,0.17955170467149068
170.45970374256711,1.8179876396960628,0.2229733912022466
172.1800708114576,-0.10528838012207231,0.21318595897025394
173.90043788034808,1.6682466850331554,0.22072558195930672
175.62080494923862,6.825100544068655,0.16348999498705782
177.3411720181291,4.947520590260852,0.2083048478567393
179.06153908701958,2.0339734785479324,0.22071019749305198
180.78190615591006,1.1450649434132467,0.21507192322350238
182.5022732248006,2.1671898583067915,0.22253865782099225
184.2226402936911,3.393478849774963,0.21651707232656123
185.94300736258157,3.8397594619244964,0.22056029667550828
187.6633744314721,3.6730685121414877,0.22207016570324262
189.3837415003626,3.149130494596505,0.224522472299608
191.10410856925307,2.3670498613082067,0.22050874616553076
192.8244756381436,1.911971571747098,0.21725481848462302
194.5448427070341,1.876360783406028,0.22419195353360472
196.26520977592457,2.1059256535587085,0.22467962517829024
197.9855768448151,2.533927375141497,0.22583799658877832
199.7059439137056,3.008657054134894,0.2184761483818806
201.42631098259608,3.2615349820926434,0.22135199053738014
203.14667805148662,3.3093015010184437,0.2256792719662645
204.8670451203771,3.2482612602326295,0.2262471481601677
206.58741218926758,3.0939708491493576,0.22517620484742593
208.30777925815812,2.995297038222447,0.21891797289891074
210.0281463270486,3.0264022897449205,0.2254544648294089
211.74851339593909,3.1580416721782654,0.226495494186852
213.46888046482962,3.35179455998587,0.22780927810023485
215.1892475337201,3.58864913912664,0.22359653086457884
216.9096146026106,3.7716771292519,0.22193540344463747
218.62998167150113,3.887098227543431,0.22773204046506337
220.3503487403916,3.933750915027364,0.22728296892898744
222.0707158092821,3.9112004614231153,0.22825152579804678
223.79108287817257,3.8461401504093318,0.22190530774458753
225.5114499470631,3.779289098843925,0.2253662055495827
227.2318170159536,3.7151870380671372,0.22799768604104478
228.95218408484408,3.6693742381651626,0.22774218124667014
230.67255115373462,3.6433925852737468,0.2262992238539324
232.3929182226251,3.6383769934563506,0.22112801757459521
234.11328529151558,3.6548172436122583,0.22759223091730832
235.83365236040612,3.6800982750692306,0.2275335495218143
237.5540194292966,3.700087111656946,0.2281778391824645
239.27438649818708,3.71119019518171,0.22344309158127784
240.99475356707762,3.6976827019080876,0.22266409725642933
242.7151206359681,3.6593927788909264,0.22819977097255864
244.4354877048586,3.6200272386064225,0.227582499697087
246.15585477374913,3.587261306151876,0.22813643900099903
247.8762218426396,3.572654850117855,0.22150694406285684
249.5965889115301,3.5913404347588687,0.22546416443068276
251.31695598042063,3.6446519676769467,0.2280922330638458
253.0373230493111,3.73671769467591,0.22859825501418204
254.7576901182016,3.8665944263926524,0.22733892205756634
256.47805718709213,4.011137003347309,0.22256663363722048
258.1984242559826,4.161711990772972,0.22862970214455247
259.9187913248731,4.291988113559516,0.22854198737488327
261.63915839376364,4.377004525740703,0.23001046176044387
263.3595254626541,4.415654852485962,0.225873652452399
265.0798925315446,4.4037496557629625,0.22558960601914427
266.8002596004351,4.344774877988673,0.22993473337127124
268.5206266693256,4.282335587233113,0.22912545052841646
270.2409937382161,4.228611329165229,0.23001152754379064
271.9613608071066,4.207844104011212,0.22411082842344476
273.6817278759971,4.247085609754886,0.2281907669500101
275.4020949448876,4.332002273757812,0.22964368963249526
277.1224620137781,4.422188234859257,0.23002822035290407
278.84282908266863,4.51217333314437,0.22882034536985685
280.5631961515591,4.559145022840273,0.22495180850672045
282.2835632204496,4.549353971141122,0.230521529203919
284.00393028934013,4.505016938749429,0.22961381912467743
285.7242973582306,4.444034776474241,0.23074567242419106
287.4446644271211,4.37912906655494,0.22640447284791992
289.16503149601164,4.351597547140826,0.22680930797003337
290.8853985649021,4.362882517228669,0.23063876717883355
292.6057656337926,4.397287806678138,0.229858877039451
294.32613270268314,4.451042006781229,0.2307647314395287
296.0464997715736,4.503479594558747,0.22520292857620275
297.7668668404641,4.535093970355917,0.22954694824786795
299.48723390935464,4.546481966195326,0.23024699851402305
301.2076009782451,4.5390920815690885,0.23049103367937415
302.9279680471356,4.514378235267658,0.22883350182053483
304.64833511602615,4.487829659939458,0.22546913182978146
306.36870218491663,4.463769646874728,0.23095519551677748
308.0890692538071,4.443835017715046,0.23002174073248186
309.8094363226976,4.429155022368558,0.23117748467600746
311.52980339158813,4.419197983095913,0.2263506221004014
313.2501704604786,4.412475300128026,0.22703755021567013
314.97053752936915,4.410754228086781,0.2309873454267341
316.69090459825964,4.42797930132123,0.23129084426891672
318.4112716671501,4.467011414899196,0.23242720442105078
320.1316387360406,4.526312357616816,0.2261004885916901
321.8520058049311,4.604649750702739,0.23001763433343392
323.5723728738217,4.689211663862082,0.23308043818144222
325.29273994271216,4.752978324599211,0.23659858034909761
327.01310701160264,4.793559512205432,0.23486760816848282
328.7334740804931,4.797129414295263,0.22766804661945794
330.4538411493836,4.76133300054249,0.2339037225980125
332.1742082182741,4.745695705826323,0.24527614329101313
333.89457528716457,4.7855707046418425,0.2560006739221532
335.61494235605517,4.892475837445608,0.24780367197317987
337.33530942494565,5.094367087784559,0.23211325384424647
339.05567649383613,5.392512017355807,0.24861649741539266
340.7760435627266,5.786935069777332,0.30923579914529964
342.4964106316171,6.27719321332236,0.3958195201079878
344.2167777005076,6.806813881028147,0.4669374090863043
345.9371447693982,7.336992610003428,0.5129791697370124
347.65751183828866,7.867772867310077,0.5404064603249178
349.37787890717914,8.399198169332028,0.5520095653977001
351.0982459760696,8.931312085333584,0.5487969016578983
352.8186130449601,9.464158241035697,0.530498274735226
354.5389801138506,9.997780322193815,0.4954384160488494
356.2593471827412,10.532222078176652,0.4396119390911095
357.97971425163166,11.067527325556082,0.35328402034832557
359.70008132052214,11.60373995169477,0.20022388067488386
361.4204483894126,11.565287123084726,0.2659127739119002
363.1408154583031,11.305024776636554,0.3390972721865611
364.8611825271936,11.045689280337811,0.344369679049771
366.5815495960842,10.787259372394416,0.2855194085065896
368.30191666497467,10.543102651545869,0.12969361676740326
370.02228373386515,10.481911063739936,0.2979650326518323
371.74265080275563,10.4215788425456,0.3460390969720388
373.4630178716461,10.362101041587167,0.331225414726732
375.1833849405366,10.303472784539775,0.24224270189463193
376.9037520094271,10.277125215479916,0.2146739379784139
378.6241190783177,10.295752692306259,0.32249899798112613
380.34448614720816,10.315224273428178,0.34775172344281646
382.06485321609864,10.335541555232027,0.3112353173773186
383.7852202849891,10.356706203441753,0.17834291926778262
385.5055873538796,10.386508290551863,0.26689176811768656
387.2259544227701,10.419574502851049,0.33880395155837695
388.9463214916607,10.453494971060334,0.3426779180928992
390.66668856055117,10.488272476168934,0.28133999992660524
392.38705562944165,10.491332061695875,0.1451301742097016
394.10742269833213,10.234325194751076,0.30174122561855043
395.8277897672226,9.978157395931142,0.3463033941370941
397.5481568361131,9.722807663134017,0.32818753592906696
399.2685239050037,9.46825506134389,0.23320980655698748
400.9888909738942,9.335515619485541,0.21928055901764062
402.70925804278465,9.346488436917841,0.3234211897155522
404.42962511167514,9.358227532561035,0.34613697559320167
406.1499921805656,9.370733868858757,0.30613325737430314
407.8703592494561,9.384008471157308,0.16221283823611699
409.5907263183467,9.415856351800844,0.26922523346114
411.3110933872372,9.452761307102765,0.33858711125215735
413.03146045612766,9.490441253469228,0.33988808856656216
414.75182752501814,9.528899280129199,0.274099540928009
416.4721945939086,9.60929573879271,0.15141485034290728
418.1925616627991,9.917431518105225,0.30351318866635446
419.9129287316896,10.226380384793103,0.34682253395613183
421.6332958005802,10.536167668236757,0.3277690298029013
423.35366286947067,10.84681876655548,0.23142178152780174
425.07402993836115,10.98055062872703,0.23182113689682646
426.79439700725163,10.938090641571655,0.3282465444267649
428.5147640761421,10.89652742122037,0.34772961380604717
430.2351311450326,10.855857560094346,0.3053778475998815
431.9554982139232,10.816077723830212,0.15734026574310425
433.6758652828137,10.895454340661036,0.27723101861527166
435.39623235170416,10.996838851053756,0.34208651374842197
437.11659942059464,11.09912494476611,0.34124699278545667
438.8369664894851,11.20232100779171,0.27410915916196926
440.5573335583756,11.304944741525873,0.1735186167775279
442.2777006272662,11.402380825965981,0.31041226814287554
443.9980676961567,11.500751742359235,0.34935476309844343
445.71843476504716,11.600065555713648,0.3274080927877745
447.43880183393765,11.700330408340378,0.22758038459375304
449.1591689028281,11.731257084107131,0.24131480459075194
450.8795359717186,11.70410640242996,0.3318679723185013
452.5999030406092,11.677915289883739,0.3485916883323234
454.3202701094997,11.652681599166165,0.3039342186874411
456.04063717839017,11.6284032614879,0.1506861868160903
457.76100424728065,11.384072429657003,0.28377666876921176
459.48137131617113,11.113646222192209,0.3437368671709809
461.2017383850616,10.84413117457748,0.3391648669233741
462.9221054539522,10.575505190437148,0.2667611161939731
464.6424725228427,10.384425571791418,0.17882375746987075
466.3628395917332,10.43899111802753,0.3114581564483281
468.08320666062366,10.494412512053387,0.34798500688526673
469.80357372951414,10.550694297629718,0.3228745593498304
471.5239407984046,10.607841089062862,0.2155548813957472
473.2443078672951,10.556944985125003,0.24353474515073162
474.9646749361857,10.42997923790708,0.33163041991321573
476.6850420050762,10.30386859963496,0.3459097272442544
478.40540907396667,10.178602731043302,0.29721500115801464
480.12577614285715,10.054171362122975,0.12656270234113579
481.84614321174763,10.12153662262726,0.2847415796287036
483.5665102806381,10.203328179087542,0.3432462469994859
485.2868773495287,10.285956262352805,0.33697041667703276
487.0072444184192,10.369427646740128,0.26128450793504016
488.7276114873097,10.504459394082396,0.18853857210458874
490.44797855620016,10.770080816850754,0.31473987938249276
492.16834562509064,11.036585232027878,0.3490925712855083
493.8887126939811,11.303994489155727,0.3224400205170014
495.6090797628717,11.572330511966037,0.2129815779095501
497.3294468317622,11.668235484853106,0.25374545818594646
499.0498139006527,11.662633810460921,0.33591363743015584
500.77018096954316,11.657988305042846,0.3476052169143587
502.49054803843364,11.654298587727133,0.2972601947346316
504.2109151073241,11.651564356017271,0.12421768926061229
505.9312821762147,11.452596160371638,0.2927641426791099
507.6516492451052,11.249726955010814,0.3462666534543507
509.3720163139957,11.047780066172134,0.3368977122996344
511.09238338288617,10.846738937098507,0.25788982912125025
512.8127504517767,9.483853191662302,0.19316119114429883
514.5331175206671,5.7155500305179014,0.2629882319043492
516.2534845895576,3.682351360437177,0.24779671851424323
517.9738516584482,4.426254059910874,0.2314724090760467
519.6942187273387,7.947319118310723,0.17550979723069912
521.4145857962292,5.5099111169148705,0.21624874475312547
523.1349528651197,1.6620806699081978,0.2336006882663613
524.8553199340101,1.2987757651728726,0.22502611810584577
526.5756870029006,4.518241977694591,0.2212053524398692
528.2960540717912,9.509071280816432,0.10429663545654727
530.0164211406817,5.221248480645289,0.22457386467699172
531.7367882095722,2.509506967518792,0.2208200439194548
533.4571552784627,2.791115601329921,0.22293300127194646
535.1775223473531,6.019485474708071,0.206083387649483
536.8978894162436,7.5422841304797315,0.17893992467820735
538.6182564851342,4.264528789967622,0.22798060779817503
540.3386235540247,2.82801966794203,0.22101328946842616
542.0589906229152,3.044090459759189,0.22497559072723364
543.7793576918057,4.228683430863146,0.22451798564779013
545.4997247606962,4.9080633146327015,0.22467387381149687
547.2200918295866,5.068202929375733,0.22707446011466495
548.9404588984772,4.905450406756601,0.22789422390744624
550.6608259673677,4.454556205624141,0.2295734908239364
552.3811930362582,4.058009644733094,0.22401891137226906
554.1015601051487,3.9237703308993264,0.22882591424957344
555.8219271740392,3.9939571872643462,0.22883360982306022
557.5422942429296,4.17519581930318,0.22983468948214905
559.2626613118201,4.4357794433561795,0.22716927996133865
560.9830283807107,4.579331281688305,0.22514961889877616
562.7033954496012,4.572749112989289,0.2302361124751882
564.4237625184917,4.472369437640773,0.22891592128830177
566.1441295873822,4.303820225734052,0.22975598872591646
567.8644966562726,4.119583140137378,0.22413826711803841
569.5848637251631,4.01745243476172,0.22685675927176138
571.3052307940537,3.9930106104735814,0.22950252899203444
573.0255978629442,4.015450503372246,0.22890947042978457
574.7459649318347,4.07956713157244,0.2283042358481836
576.4663320007252,4.131131198162949,0.22312975625765186
578.1866990696157,4.141719503452434,0.22899391356004878
579.9070661385061,4.117054330017431,0.22864895774571786
581.6274332073967,4.065069444793191,0.22892652052172938
583.3478002762872,3.991498880252089,0.22500843099214612
585.0681673451777,3.927297287450234,0.22366081550201083
586.7885344140682,3.877099790703426,0.22916534150457057
588.5089014829587,3.8403696493062682,0.2279978615575503
590.2292685518491,3.816894050209585,0.2283942051191345
591.9496356207397,3.801456873705764,0.22203456427749735
593.6700026896302,3.785674671016334,0.22545670213584937
595.3903697585207,3.7700699654113077,0.22836369301689205
597.1107368274112,3.7571752372316105,0.22823047833089818
598.8311038963017,3.747270822637669,0.22708692083093368
600.5514709651922,3.7408719995246202,0.22180676516898976
602.2718380340826,3.738212237931528,0.22802721883242846
603.9922051029732,3.7481180857649607,0.2281459720732982
605.7125721718637,3.7810547996087536,0.22913148248528803
607.4329392407542,3.836491500975583,0.22495977857983093
609.1533063096447,3.9118739627302435,0.22384904784114426
610.8736733785352,4.006030133905474,0.22910294511765236
612.5940404474256,4.105746276585388,0.22864641188804463
614.3144075163162,4.206525005338892,0.22984478147269105
616.0347745852067,4.300296312770448,0.22384298197588584
617.7551416540972,4.375906608645039,0.2272543526066188
619.4755087229877,4.43155980475099,0.22941042267229692
621.1958757918782,4.461319583365087,0.22990132065370222
622.9162428607686,4.465330170812754,0.22948165764243772
624.6366099296592,4.456479045835951,0.22516040068182308
626.3569769985497,4.439823232840972,0.23060067701854356
628.0773440674402,4.418649434847132,0.2295547632514055
629.7977111363307,4.396261629186779,0.23031362013689308
631.5180782052212,4.374176615114836,0.22631891936762558
633.2384452741117,4.35842178168042,0.22614021427064063
634.9588123430023,4.348669183856805,0.23044020743291524
636.6791794118927,4.333414924291453,0.22915083324223612
638.3995464807832,4.309272573912187,0.22969063223462263
640.1199135496737,4.273219291767509,0.2238300429933814
641.8402806185642,4.221685228779184,0.2280144144917236
643.5606476874547,4.161510987220746,0.22941755081897877
645.2810147563451,4.112980223273008,0.2292029537546537
647.0013818252357,4.078160299366942,0.22756576356310793
648.7217488941262,4.068322353303732,0.22357125702796232
650.4421159630167,4.0872519152045585,0.22959538947369534
652.1624830319072,4.108524117045515,0.22858650472590145
653.8828501007977,4.109623587282074,0.2290985448775514
655.6032171696882,4.084493612023908,0.2242110402567339
657.3235842385787,4.012435388858493,0.224699260017594
659.0439513074692,3.89642569423264,0.22918960875967032
660.7643183763597,3.7823974617917373,0.2280018845355752
662.4846854452502,3.681980032615088,0.2279251536087061
664.2050525141407,3.619644793468764,0.22148342763466217
665.9254195830312,3.6198920704273134,0.22643068181348633
667.6457866519218,3.663396178797737,0.22815378701505837
669.3661537208122,3.700649929044527,0.22823251162650213
671.0865207897027,3.7254194838946537,0.22559699926824894
672.8068878585932,3.6924460494911218,0.22139729486118595
674.5272549274837,3.588761477491338,0.2280252813603975
676.2476219963742,3.4645169220057244,0.2282706031498325
677.9679890652648,3.35621807153357,0.22936754502352602
679.6883561341552,3.281067372661102,0.2230258552287345
681.4087232030457,3.289842906623454,0.22260629569104431
683.1290902719362,3.374982816276526,0.2289851393565916
684.8494573408267,3.449225400028563,0.2322907411656017
686.5698244097172,3.4935558697501365,0.2339246283317763
688.2901914786077,3.4609686184297255,0.22380889332051673
690.0105585474982,3.311567752043971,0.22537569091403722
691.7309256163887,3.1000627953634834,0.23702185589158842
693.4512926852792,2.9477878295379822,0.25048593982559253
695.1716597541697,2.868044138874566,0.25099301658136125
696.8920268230602,2.9472249955340954,0.23059685527559393
698.6123938919507,3.2071407146400905,0.2297521457886394
700.3327609608413,3.647812605552313,0.27569220867299726
702.0531280297317,4.2692767970595815,0.3575715371190055
703.7734950986222,5.022531534931427,0.44099392896785927
705.4938621675127,5.782428261057379,0.4961626159476343
707.2142292364032,6.54279906349685,0.5306622477825584
708.9345963052937,7.303706281771729,0.5484181819511865
710.6549633741843,8.065212299377997,0.5510570462492651
712.3753304430747,8.827379548905764,0.5388018842783808
714.0956975119652,9.590270517151538,0.5105770548255729
715.8160645808557,10.353947750258428,0.46346362324778256
717.5364316497462,11.118473858814713,0.3906676647099843
719.2567987186367,11.883911523019886,0.27228040772234546
720.9771657875273,12.392245703953947,0.21468958188427698
722.6975328564178,12.440062862698937,0.32394830478762643
724.4178999253082,12.488899928465102,0.3516511017863818
726.1382669941987,12.538760905193477,0.31975886869269254
727.8586340630892,12.589649880770988,0.20173545060575993
729.5790011319797,12.63967759159921,0.2663401736123388
731.2993682008702,12.689953629069038,0.34050048029985763
733.0197352697608,12.74127006102675,0.347585403482574
734.7401023386512,12.793631094681697,0.29251289498791555
736.4604694075417,12.833996107331007,0.14207083213698127
738.1808364764322,12.64528512989883,0.30199569092993606
739.9012035453227,12.457610884777786,0.3492716568106499
741.6215706142132,12.27095798536412,0.33550275320570855
743.3419376831038,12.08531112879421,0.25082369646930613
745.0623047519942,12.027996232094235,0.21983639867140567
746.7826718208847,12.161771866728444,0.3254159855521357
748.5030388897752,12.296544592504233,0.3510069344250412
750.2234059586657,12.432325458857896,0.31664590976403456
751.9437730275562,12.569125597881978,0.19252099250421184
753.6641400964468,12.620896688758052,0.27121800480080765
755.3845071653373,12.64480903944758,0.34183487427465686
757.1048742342277,12.669758083412031,0.34636736983178834
758.8252413031182,12.69574586611527,0.28795494427713464
760.5456083720087,12.71567808883212,0.15380778472613585
762.2659754408992,12.669944956551099,0.3052346206571938
763.9863425097898,12.625250578331027,0.35000716436946994
765.7067095786803,12.58159128987409,0.33418105875388177
767.4270766475707,12.53896351174134,0.24633415792247973
769.1474437164612,12.560145394324465,0.22895875443655592
770.8678107853517,12.661084773353238,0.32862005204372274
772.5881778542422,12.763062180035902,0.35132842240086737
774.3085449231327,12.866085975061655,0.3142431228970337
776.0289119920233,12.970164604902848,0.18421260423615438
777.7492790609138,13.034939076768119,0.2767735424751835
779.4696461298042,13.090126753183686,0.34379407051837485
781.1900131986947,13.14638763254473,0.34606556748986395
782.9103802675852,13.203726327446848,0.28514057927823044
784.6307473364757,13.25327884449726,0.16910696719228546
786.3511144053663,13.248826417718089,0.3099476717401816
788.0714814742568,13.245460204990732,0.3515812218561503
789.7918485431472,13.243179930332335,0.3335139992622483
791.5122156120377,13.241985406796083,0.24275542498814617
793.2325826809282,13.306222564185571,0.2386407955910921
794.9529497498187,13.439558870961324,0.332490305961895
796.6733168187093,13.573997029116253,0.35269402164348695
798.3936838875998,13.709548060654921,0.31382125046926923
800.1140509564902,13.846223078830363,0.18114474778101697
801.8344180253807,13.871119342417828,0.2847876111738461
803.5547850942712,13.87462493711281,0.34697858750065275
805.2751521631617,13.879268052381814,0.34645649133193185
806.9955192320523,13.885049068887888,0.2828740803849247
808.7158863009428,13.881659353379888,0.18382011707764068
810.4362533698333,13.832814838546948,0.31469160104010707
812.1566204387237,13.785104416451464,0.35290158390022724
813.8769875076142,13.738524175524212,0.33215113047623523
815.5973545765047,13.693070296851435,0.23744615933986354
817.3177216453952,13.723170686605755,0.24611257147977383
819.0380887142858,13.820752491184006,0.33518682263959176
820.7584557831763,13.91946739955867,0.35283875189721237
822.4788228520667,14.019323504942495,0.3114647926923653
824.1991899209572,14.120328994110661,0.17287738187420307
825.9195569898477,14.066851889946768,0.29000931640134764
827.6399240587383,13.992533024941118,0.3485317315351106
829.3602911276288,13.919361347279327,0.34533488405098384
831.0806581965193,13.847330857934942,0.2782986146457354
832.8010252654097,13.741633504840586,0.19322648499120207
834.5213923343002,13.516276446716976,0.3173861092002635
836.2417594031907,13.292027529715874,0.3524474193292743
837.9621264720812,13.068868368637009,0.3283289504590936
839.6824935409717,12.846780667631133,0.22687156404326836
841.4028606098622,12.538107414555007,0.2485768034852331
843.1232276787526,12.164668159404151,0.3343271075036227
844.8435947476434,11.792226232852453,0.3483003839273169
846.5639618165338,11.42075109999843,0.3006811987591328
848.2843288854243,11.050212305195693,0.13803100159212794
850.0046959543148,10.97240346512033,0.28525697888016327
851.7250630232053,10.92132183009571,0.3439596780088564
853.4454300920958,10.871135587077593,0.3383013927043368
855.1657971609862,10.821840621510663,0.2641760674320773
856.8861642298767,10.768771989088002,0.18680984458594413
858.6065312987672,10.70373774996595,0.31395593315209136
860.3268983676577,10.63958106407268,0.34836106960395985
862.0472654365482,10.576296671472754,0.32135138340435393
863.7676325054387,10.513879383757562,0.210466686616946
865.4879995743291,10.58268964619091,0.24764313436325486
867.2083666432198,10.734429225068315,0.33338043708251885
868.9287337121103,10.88704887342945,0.34669124517180683
870.6491007810008,11.040561103907748,0.29746764806202475
872.3694678498913,11.194978502301115,0.1265253482999265
874.0898349187818,8.282733926319736,0.25933371519025694
875.8102019876723,5.87492902461843,0.26220144794248806
877.5305690565627,5.522483872368046,0.24515385974159595
879.2509361254532,7.280567949748654,0.2130107658479612
880.9713031943437,8.176899647048359,0.17703247657306298
882.6916702632342,4.5316444778406435,0.23889362357800095
884.4120373321247,3.345308433846066,0.2309282553843289
886.1324044010152,4.83898286042493,0.22934981093790213
887.8527714699059,8.450826574235702,0.17852713767762296
889.5731385387963,7.205088755118972,0.21101500729129113
891.2935056076868,3.891509856949154,0.2279690742228819
893.0138726765773,3.0883904765975543,0.22263159803601543
894.7342397454678,5.116248259910308,0.22314873557514453
896.4546068143583,9.608897171690185,0.09999114433227412
898.1749738832488,5.395499492331126,0.22489365969942257
899.8953409521392,3.249366947699128,0.225721992831922
901.6157080210297,2.784753903907072,0.22252320335388848
903.3360750899202,3.787162217533764,0.22593411131019392
905.0564421588107,4.572378848810971,0.22297322560609792
906.7768092277012,4.770669474418143,0.22756101106856527
908.4971762965916,4.600640286583559,0.22690948041774367
910.2175433654824,4.183303039119153,0.22898018717454335
911.9379104343728,3.6951210748327235,0.22362176333473857
913.6582775032633,3.535996654140314,0.22506541071519684
915.3786445721538,3.6900016413345855,0.2285687450361365
917.0990116410443,3.976077222301008,0.22856989078704745
918.8193787099348,4.362645541035714,0.22900580629896686
920.5397457788252,4.641398479425516,0.22340163014846898
922.2601128477157,4.67907893685885,0.22869859980492402
923.9804799166062,4.529743136950839,0.22879000589574408
925.7008469854967,4.285242193774468,0.22918167782334817
927.4212140543872,3.9734465143108633,0.22599392817639471
929.1415811232777,3.7751631299305775,0.22375106405992432
930.8619481921684,3.7232378624557834,0.22942862680794907
932.5823152610589,3.7733223883596922,0.22850083674222701
934.3026823299493,3.9041967858506212,0.22941384297960044
936.0230493988398,4.0669236157145034,0.22361422788195295
937.7434164677303,4.165552492647254,0.2260713967723966
939.4637835366208,4.2031572196052265,0.2291736600754575
941.1841506055113,4.207247678705943,0.2289381412265449
942.9045176744017,4.182411791154068,0.22868002144256597
944.6248847432922,4.171232877849747,0.22328647144968816
946.3452518121827,4.197200713911237,0.22892945293248648
948.0656188810732,4.24162916943872,0.22892580245903915
949.7859859499637,4.277179395533457,0.2296600870383963
951.5063530188542,4.298833687179256,0.22632499805747108
953.2267200877449,4.278993769565568,0.22466989138274127
954.9470871566353,4.214884870363824,0.22989380238026977
956.6674542255258,4.143751981637129,0.22880174387898541
958.3878212944163,4.081020509715105,0.22965248837992988
960.1081883633068,4.043690087169915,0.2237983019445036
961.8285554321973,4.0605498735582355,0.22677825955008754
963.5489225010878,4.12525348173787,0.2293828999363361
965.2692895699782,4.209140114643973,0.2292542370344618
966.9896566388687,4.307886013950736,0.22876008833272882
968.7100237077592,4.385484628007958,0.22378879559932877
970.4303907766497,4.424767634615919,0.22950874667879348
972.1507578455402,4.425919058223598,0.2290731043450243
973.8711249144309,4.389165593130461,0.22979354019789705
975.5914919833214,4.320404964511778,0.22610820306470678
977.3118590522118,4.24853189308808,0.2251107112342039
979.0322261211023,4.177655545361805,0.23000947293271443
980.7525931899928,4.111834554376647,0.22873472396443847
982.4729602588833,4.052520690262606,0.22930002541539288
984.1933273277738,3.999543854565787,0.22325299381362834
985.9136943966643,3.9526588787035863,0.22686122962955718
987.6340614655547,3.916202757965683,0.22913544352444334
989.3544285344452,3.9058630011414692,0.2289796925130524
991.0747956033357,3.9228811851765952,0.227784267653052
992.7951626722262,3.963305004686052,0.22292251675350094
994.5155297411167,4.025505855338659,0.2289715072410053
996.2358968100074,4.1013759785774875,0.2288478290189969
997.9562638788979,4.182272724419509,0.23009341757961033
999.6766309477883,4.264404862396937,0.2261668417664305
1001.3969980166788,4.331883119654878,0.22552216196720493
1003.1173650855693,4.382198043114559,0.2300900937081228
1004.8377321544598,4.405434133938092,0.22927561147586045
1006.5580992233503,4.398519797518392,0.23034308618707483
1008.2784662922408,4.368898295091325,0.22458861459990392
1009.9988333611312,4.325859463977012,0.22833632215842256
1011.7192004300217,4.278590551917661,0.2298886005250531
1013.4395674989122,4.255643089126106,0.22995983997436586
1015.1599345678027,4.259643974384212,0.22877454200311018
1016.8803016366934,4.300297368704193,0.22445220497673504
1018.6006687055839,4.381063977777344,0.23017234199236364
1020.3210357744744,4.488510894333695,0.22985956994841888
1022.0414028433648,4.610526971308945,0.2315266801204012
1023.7617699122553,4.739043799804191,0.22777903830367943
1025.4821369811457,4.844995400870145,0.22757240993185476
1027.2025040500362,4.92336828354381,0.2313848030729708
1028.9228711189267,4.948875034065187,0.23079623862335474
1030.6432381878171,4.914762758964078,0.2322633047171098
1032.3636052567076,4.833429325071475,0.2268846762264085
1034.083972325598,4.718032824740655,0.23056352104745062
1035.8043393944886,4.589686619098236,0.23167988486699562
1037.524706463379,4.50528867085937,0.2323469454469307
1039.24507353227,4.4698875019513284,0.23109323308556953
1040.9654406011605,4.508354588704127,0.22648557244554166
1042.685807670051,4.628107599994619,0.23196976505780884
1044.4061747389414,4.766278543511215,0.23410099811078255
1046.126541807832,4.8745548805408045,0.23767887589493222
1047.8469088767224,4.934182411217844,0.23238291888125598
1049.567275945613,4.886907823143123,0.22862196566973855
1051.2876430145034,4.740437922291434,0.2370078693411067
1053.0080100833939,4.596517859044282,0.24879341312880585
1054.7283771522843,4.478504671736023,0.25621284879825956
1056.4487442211748,4.445092083187315,0.24123959823244698
1058.1691112900653,4.5489978884680475,0.23064585337497495
1059.8894783589558,4.790230606364603,0.2598417278533232
1061.6098454278463,5.168810014505801,0.3303386860076505
1063.3302124967367,5.675142528555449,0.41772574922106837
1065.0505795656272,6.20869719421869,0.4810910447368068
1066.7709466345177,6.7427608841450315,0.5216645484361379
1068.4913137034082,7.277377383916023,0.5445769620482396
1070.2116807722987,7.812590524422728,0.5520390427146805
1071.9320478411892,8.348444185483785,0.5446886229585743
1073.6524149100796,8.884982299422983,0.5218976889742646
1075.3727819789701,9.422248854680483,0.4814702878178198
1077.0931490478606,9.960287899427048,0.4183081568266516
1078.813516116751,10.499143545156944,0.31915950214244354
1080.5338831856416,11.03885997031696,0.11150282489888003
1082.2542502545325,11.23999088278767,0.29358010971124043
1083.974617323423,11.440778285190856,0.3465430426563346
1085.6949843923135,11.642503667582986,0.33680624765092887
1087.415351461204,11.845183568566856,0.25734452178489936
1089.1357185300944,12.017986659421538,0.20780973149053134
1090.856085598985,12.132894246860474,0.3214110002050225
1092.5764526678754,12.248796557895293,0.3508578622152927
1094.2968197367659,12.36570309484873,0.3202811295318911
1096.0171868056564,12.48362344238885,0.2042904512994397
1097.7375538745468,12.399432057430428,0.2641552052744322
1099.4579209434373,12.225546245710447,0.33940677362050364
1101.1782880123278,12.052662753720877,0.346840165541784
1102.8986550812183,11.880767407488086,0.2916900285424981
1104.6190221501088,11.719029735422943,0.12978813280245277
1106.3393892189993,11.785792072390873,0.298688632924288
1108.0597562878897,11.853520675544878,0.34813088733510156
1109.7801233567802,11.92222109766336,0.33585129618006415
1111.5004904256707,11.99189897118676,0.25301201606055695
1113.2208574945612,12.0096949318227,0.21743525951754453
1114.9412245634517,11.94449047096198,0.32432566595827084
1116.6615916323422,11.880265287286282,0.3502243345969902
1118.3819587012326,11.817014115246593,0.3157430318704552
1120.1023257701231,11.754731769150546,0.190497610615437
1121.8226928390136,11.807857149784056,0.26642759903701213
1123.5430599079045,11.903466170597031,0.33987743546922705
1125.263426976795,12.000051105184713,0.3458958470568493
1126.9837940456855,12.097619872132253,0.28873312361645104
1128.704161114576,12.19350318459265,0.14798921665519713
1130.4245281834665,12.26013577681238,0.3035776287778806
1132.144895252357,12.32777352460944,0.34956185326608813
1133.8652623212474,12.396421973309607,0.3346834259565534
1135.585629390138,12.466086751104228,0.24822279722205978
1137.3059964590284,12.587951376941565,0.22628639160258615
1139.0263635279189,12.779017859005254,0.3280058979771831
1140.7467305968094,12.97113203755018,0.3521181393790101
1142.4670976656998,13.164309663182774,0.31687356167168634
1144.1874647345903,13.358566573706671,0.19195089639774965
1145.9078318034808,13.372169240035333,0.277446857052257
1147.6281988723713,13.334499033922587,0.34444474904441763
1149.3485659412618,13.297922065789422,0.34708106333945676
1151.0689330101523,13.262435336848423,0.28713515026857783
1152.7893000790427,13.21749668119444,0.16603216786223382
1154.5096671479332,13.099060292740663,0.30893289133168556
1156.2300342168237,12.981697839659326,0.35114285074190316
1157.9504012857142,12.865399699909897,0.33340835151341974
1159.6707683546047,12.750156338709022,0.24293009628056564
1161.3911354234951,12.686116767626768,0.23405664771200235
1163.1115024923856,12.679379838199512,0.3302333925771563
1164.831869561276,12.673682436361432,0.35095538191857867
1166.552236630167,12.669024095003195,0.3116631243999384
1168.2726036990575,12.66540443220989,0.17589264962974657
1169.992970767948,12.734536273042995,0.2789387108472071
1171.7133378368385,12.820579351747678,0.3441678499781795
1173.433704905729,12.907673534375604,0.34493926895463406
1175.1540719746195,12.995825961405448,0.28178316072631865
1176.87443904351,13.108985418349459,0.17515696093402341
1178.5948061124004,13.343219073366747,0.3119785336059162
1180.315173181291,13.578546681286895,0.3524387834057155
1182.0355402501814,13.814987535599272,0.3336708691424902
1183.7559073190719,14.052561021067874,0.24227224577622666
1185.4762743879623,14.107578431901214,0.24642202403469585
1187.1966414568528,13.989932808483328,0.3353443882794552
1188.9170085257433,13.873434159232449,0.35296180045591746
1190.6373755946338,13.758072932923895,0.3116188572487437
1192.3577426635243,13.643839671591149,0.17326190273425712
1194.0781097324148,13.568668929149002,0.2869809601832736
1195.7984768013052,13.50071917469688,0.34711660072177497
1197.5188438701957,13.43387628590127,0.3446843911325009
1199.2392109390862,13.368134782593845,0.27804622759455205
1200.9595780079767,13.28554070960589,0.18650386137089717
1202.6799450768672,13.136038962084292,0.3150839926760357
1204.4003121457577,12.987614181654063,0.3517544074395059
1206.1206792146481,12.840254199614986,0.3288638500508931
1207.8410462835386,12.693946934558895,0.22920213617674476
1209.5614133524296,12.514083319021054,0.2464364730706629
1211.28178042132,12.307656153460513,0.33388199029115684
1213.0021474902105,12.10223803946829,0.349129457135897
1214.722514559101,11.897812135700981,0.3032769918514082
1216.4428816279915,11.69436168215869,0.14739077601662667
1218.163248696882,11.649822050457225,0.28547750157843355
1219.8836157657724,11.62304058874674,0.3447755638857532
1221.603982834663,11.5972120499313,0.34017640913448044
1223.3243499035534,11.572334316439129,0.2684134319249996
1225.044716972444,11.517115923169612,0.18769373806161463
1226.7650840413344,11.36964298152013,0.3146152498364666
1228.4854511102249,11.223102187786061,0.34945576332753236
1230.2058181791153,11.077481527725318,0.3234907297187585
1231.9261852480058,10.932769062527477,0.21577254277778402
1233.6465523168963,9.117870054153098,0.2319597937346659
1235.3669193857868,6.359652651986174,0.26673515326155556
1237.0872864546773,5.332743205566425,0.2512887727426741
1238.8076535235678,6.403402139492558,0.2307465416547836
1240.5280205924582,9.571717232464696,0.11818394459451598
1242.2483876613487,5.565695515734109,0.23255811461681272
1243.9687547302392,3.3239396351564445,0.23469214574339262
1245.6891217991297,3.8317542688189854,0.23042643799551676
1247.4094888680202,6.9675201212696445,0.21272845318334538
1249.1298559369106,8.712481018299776,0.17185843964484715
1250.8502230058011,5.174392168338506,0.2306718385488433
1252.570590074692,3.5019108100679466,0.22356833791147282
1254.2909571435825,4.495179969787901,0.22734472509340836
1256.011324212473,7.982490854842472,0.18034033300745586
1257.7316912813635,7.046337153829343,0.20846164874228404
1259.452058350254,4.448566184093199,0.2303848392600221
1261.1724254191445,3.4126745778900913,0.22302110317843588
1262.892792488035,3.8581988779631358,0.22786922297728776
1264.6131595569254,4.671716779480401,0.22462474219184292
1266.333526625816,4.9772870080398715,0.22817202902938785
1268.0538936947064,4.869077361127865,0.228077605218322
1269.7742607635969,4.5419587312998075,0.228915723208893
1271.4946278324874,4.044589616479149,0.22705116606797218
1273.2149949013778,3.7540592667509665,0.22391607604179575
1274.9353619702683,3.756647779216579,0.22946543174801484
1276.6557290391588,3.925601465573697,0.22856137410371657
1278.3760961080493,4.187053671872865,0.22975836918582546
1280.0964631769398,4.456395609698557,0.22453070996892147
1281.8168302458303,4.531968111076007,0.22620627391613185
1283.5371973147207,4.423491139004637,0.2295213847591319
1285.2575643836112,4.244001955503526,0.22877126287917296
1286.9779314525017,4.013905146268102,0.2286426172317675
1288.6982985213922,3.853644770406943,0.22287021740795498
1290.4186655902827,3.844435671669546,0.2283362693257499
1292.1390326591732,3.9482035413562717,0.22883458169603796
1293.8593997280636,4.096833805448201,0.22940053546066055
1295.5797667969546,4.273554774454254,0.22649554212059975
1297.300133865845,4.3656693264494395,0.2240601482178958
1299.0205009347355,4.351948578217794,0.22966888111906408
1300.740868003626,4.281991856362658,0.22868360362922766
1302.4612350725165,4.180767128824567,0.2296538507015232
1304.181602141407,4.082682019043606,0.22405385530930297
1305.9019692102975,4.0587102480952915,0.22632283542757853
1307.622336279188,4.101564621430942,0.22940236032753109
1309.3427033480784,4.162150845891245,0.22895806280217038
1311.063070416969,4.232601966231836,0.22871746155064132
1312.7834374858594,4.265411090393302,0.22326035416297038
1314.5038045547499,4.232990135343483,0.22887988301967455
1316.2241716236404,4.15972841845936,0.22893911689087057
1317.9445386925308,4.083241536094636,0.22949264047252418
1319.6649057614213,4.01197821204838,0.22607644614769112
1321.3852728303118,3.9951158904148656,0.22411640353018267
1323.1056398992023,4.040063821491507,0.22962409972816927
1324.8260069680928,4.122751104744589,0.22896099857550167
1326.5463740369833,4.232696115313189,0.23026485702326263
1328.2667411058737,4.347749192509463,0.22467205940458046
1329.9871081747642,4.4284186989023775,0.227265614721931
1331.7074752436547,4.475088938087052,0.22982334229619472
1333.4278423125452,4.492875811082108,0.22977170985110157
1335.1482093814357,4.483031145301185,0.22972927545566824
1336.8685764503261,4.468777336115335,0.22483737466138315
1338.588943519217,4.461763127619398,0.2302531141315037
1340.3093105881076,4.457089906417572,0.2296508325658286
1342.029677656998,4.4482731790246,0.23025739615718913
1343.7500447258885,4.43428842362629,0.22677733131849287
1345.470411794779,4.4099892432216015,0.22553221719000582
1347.1907788636695,4.3756108028599225,0.23045257476723882
1348.91114593256,4.349256226199975,0.22946024371562262
1350.6315130014505,4.33775123903688,0.23057127472011413
1352.351880070341,4.345564582541345,0.22500410546288976
1354.0722471392314,4.379564783454353,0.22815916563744468
1355.792614208122,4.4335991108214445,0.2301199480768217
1357.5129812770124,4.483948303624343,0.22991294068078505
1359.2333483459029,4.5276045001049665,0.22927292417999345
1360.9537154147934,4.546995118256807,0.22462516839039115
1362.6740824836838,4.534492226571841,0.23025772354203794
1364.3944495525743,4.505036463593607,0.22971387511921604
1366.1148166214648,4.475496199610602,0.2306963097116222
1367.8351836903553,4.45131206442313,0.22701397371379634
1369.5555507592458,4.4564751795498685,0.22621708366475418
1371.2759178281362,4.492424997704779,0.2307415767737404
1372.9962848970267,4.53904693514991,0.2300034374608945
1374.7166519659172,4.589784238976286,0.23143927326406116
1376.4370190348077,4.630950038992721,0.226099231435718
1378.1573861036982,4.644494537775565,0.22949894860374825
1379.8777531725887,4.634808182690435,0.2307477168820799
1381.5981202414796,4.616563316772236,0.23062723260102996
1383.31848731037,4.591966266754298,0.22981139588682206
1385.0388543792606,4.580657167206427,0.22563636401960388
1386.759221448151,4.590014072991661,0.2311124624691671
1388.4795885170415,4.611009957616659,0.23038959453742386
1390.199955585932,4.635020627710001,0.23158053344864415
1391.9203226548225,4.6581160241254045,0.22768164986768544
1393.640689723713,4.6653839898578795,0.2272464042128025
1395.3610567926034,4.656569256855515,0.23152776528857652
1397.081423861494,4.645151471517144,0.23138754118154697
1398.8017909303844,4.634922977137339,0.23281643729063803
1400.522157999275,4.634189393481161,0.22659214916158454
1402.2425250681654,4.652291151676869,0.22964077276580702
1403.9628921370559,4.6851053878906725,0.23309241996540506
1405.6832592059463,4.720922242923407,0.23641452319595624
1407.4036262748368,4.758100553384164,0.2358965552517403
1409.1239933437273,4.783410478342736,0.22811528906706255
1410.8443604126178,4.792639053569774,0.2333925981595156
1412.5647274815083,4.817740204264134,0.24431646010408056
1414.2850945503988,4.884661231884886,0.25539521333223475
1416.0054616192892,4.997069366049288,0.2491929930619956
1417.7258286881797,5.1669412982025325,0.23229060327959317
1419.4461957570702,5.39521977705267,0.24492651783142075
1421.1665628259607,5.681923518164632,0.3022493830908675
1422.8869298948512,6.02707145654,0.3877251638457333
1424.607296963742,6.400981523575988,0.46154325254140055
1426.3276640326326,6.7754163794394024,0.5093333403646128
1428.048031101523,7.150406722425387,0.5380900035217396
1429.7683981704135,7.525983296371765,0.5508114493946435
1431.488765239304,7.902176893184033,0.5486184440726568
1433.2091323081945,8.279018355348366,0.5313256010800732
1434.929499377085,8.656538578466922,0.4973542196345571
1436.6498664459755,9.034768513794631,0.4428698601595092
1438.370233514866,9.413739170766735,0.3586189817605075
1440.0906005837564,9.793481619551272,0.21156714714778357
1441.810967652647,9.898937502600244,0.24945450819657375
1443.5313347215374,9.84635813158857,0.3332611805349973
1445.251701790428,9.794586020953982,0.3446870452860105
1446.9720688593184,9.743616926114342,0.2923500063498062
1448.6924359282089,9.693446668345072,0.1050246708335541
1450.4128029970993,9.776443117170345,0.288840992924102
1452.1331700659898,9.862743871802685,0.343895411333152
1453.8535371348803,9.949853230206227,0.33465294302892085
1455.5739042037708,10.037778334096178,0.25419023879128955
1457.2942712726613,10.07901514425669,0.19739447302374794
1459.0146383415517,10.024155159368888,0.31688324323707195
1460.7350054104422,9.97011701166397,0.34750209522844694
1462.4553724793327,9.916896270793718,0.3162268147927426
1464.1757395482232,9.864488573408629,0.19527738933725042
1465.8961066171137,9.92977186746542,0.25430898490576925
1467.6164736860046,10.051775298092142,0.33479398994775894
1469.336840754895,10.174602830360612,0.3441528172535123
1471.0572078237856,10.298264534365494,0.2893744656973321
1472.777574892676,10.421129973819657,0.11194545570235948
1474.4979419615665,10.477993004223613,0.2939593944848945
1476.218309030457,10.535715080019141,0.34546151309101025
1477.9386760993475,10.594300933587043,0.3336722631467142
1479.659043168238,10.653755368127374,0.2497800360015142
1481.3794102371285,10.577962018625815,0.20776823286195503
1483.099777306019,10.27270289379268,0.32008133796543786
1484.8201443749094,9.968285983502213,0.3472746024556567
1486.5405114438,9.66468632992214,0.31243615326733004
1488.2608785126904,9.36187904222739,0.18301537265120663
1489.9812455815809,9.394192462064996,0.2580867417609073
1491.7016126504714,9.55797308331908,0.33554445443792574
1493.4219797193618,9.722537321500443,0.3425540518385124
1495.1423467882523,9.887898668522936,0.28437636621572004
1496.8627138571428,10.04246504663032,0.1259631117660385
1498.5830809260333,10.034845218689725,0.2969506295085465
1500.3034479949238,10.028048104366313,0.34551787864546346
1502.0238150638143,10.022073146388237,0.33088626868325327
1503.7441821327047,10.016919854902834,0.24183834622961947
1505.4645492015952,10.005124877931095,0.21345309358202622
1507.1849162704857,9.983585094164074,0.32190142697300506
1508.9052833393762,9.96286382141735,0.34721519537020656
1510.6256504082671,9.942959360843012,0.3104534869327234
1512.3460174771576,9.923870080557894,0.1762995371625087
1514.066384546048,9.841823544115986,0.265198284663877
1515.7867516149386,9.740607638362135,0.33765859580014507
1517.507118683829,9.640190322956148,0.34131869705800627
1519.2274857527195,9.54056336511363,0.2789019937454557
1520.94785282161,9.44079379669391,0.13709033826126096
1522.6682198905005,9.334236416781174,0.29938706142361066
1524.388586959391,9.228444310594256,0.3451409111707271
1526.1089540282815,9.123408804696869,0.32752456396738366
1527.829321097172,9.019121287682804,0.2325489210719313
1529.5496881660624,8.95319966151538,0.21789947719484387
1531.270055234953,8.932813578451704,0.3227757877580301
1532.9904223038434,8.913159858192685,0.34562739936104797
1534.7107893727339,8.894236889412326,0.30546270045606455
1536.4311564416244,8.876043120696007,0.16038428711246694
1538.1515235105148,8.907661801342652,0.26786012918684743
1539.8718905794053,8.951978010518204,0.33784048838266184
1541.5922576482958,8.997028153706385,0.33925327356801177
1543.3126247171863,9.042815924371851,0.27316501721200187
1545.0329917860768,9.063998141703518,0.1479725029758848
1546.7533588549672,8.943940843929724,0.30203131004861133
1548.4737259238577,8.824616821236706,0.3450622733178338
1550.1940929927482,8.706016290760978,0.3247155279036609
1551.9144600616387,8.588129528957339,0.2243547365316893
1553.6348271305296,8.435836388756218,0.22395351400655614
1555.35519419942,8.248981525843924,0.32430381788262086
1557.0755612683106,8.06280296129233,0.34431586952007026
1558.795928337201,7.877285431135877,0.3005011142706952
1560.5162954060916,7.692413725586854,0.1428502920047211
1562.236662474982,7.736606637074422,0.270622592871109
1563.9570295438725,7.822859878167406,0.3378602045393467
1565.677396612763,7.9097544817517385,0.3366611322451343
1567.3977636816535,7.99729757194176,0.26610133969306227
1569.118130750544,8.047214421467743,0.1555413720820946
1570.8384978194345,7.938736011768979,0.30370372475974766
1572.558864888325,7.830908464742616,0.34425638459416735
1574.2792319572154,7.723722940077648,0.32098481817276664
1575.999599026106,7.617170650096879,0.21397958050027963
1577.7199660949964,7.553839996920199,0.22829331249005663
1579.4403331638869,7.5271967719498125,0.32531915654012167
1581.1607002327773,7.501170669329719,0.34311581332311225
1582.8810673016678,7.4757595552904075,0.2963266120435944
1584.6014343705583,7.450961346487008,0.12675070276331443
1586.3218014394488,7.6300664649855685,0.27487184152094457
1588.0421685083393,7.835180572671878,0.3390460481363756
1589.7625355772298,8.040937052972925,0.33566166558384375
1591.4829026461202,8.24735277496827,0.26211328343979984
1593.2032697150107,7.7139888253739,0.16504791002476943
1594.9236367839012,4.793191233276835,0.2572331583004848
1596.6440038527921,3.062252267167431,0.24318397764487268
1598.3643709216826,3.512130093044037,0.22879703630620135
1600.084737990573,6.142861594433275,0.18155608732082423
1601.8051050594636,4.872072844175297,0.20611954031859553
1603.525472128354,1.5136786853010138,0.23174323366877092
1605.2458391972445,1.0100929610933038,0.2206796237918632
1606.966206266135,3.512820428840155,0.22014195109927076
1608.6865733350255,7.920652036045511,0.1117579970792867
1610.406940403916,4.419606576322643,0.22022767161081905
1612.1273074728065,1.6667356661135777,0.21779502303378362
1613.847674541697,1.7236448250299938,0.21814603634818508
1615.5680416105874,4.60753475288489,0.2091169631411752
1617.288408679478,6.7688875986310295,0.16210928443218275
1619.0087757483684,3.3625252246490898,0.22431787131351408
1620.729142817259,1.7275611236722321,0.21693160959894803
1622.4495098861494,1.6643532521230684,0.21970442614612207
1624.1698769550399,2.669838195217451,0.21915063855731837
1625.8902440239303,3.286947489793118,0.2177131434041507
1627.6106110928208,3.4455777362297035,0.22235924378662864
1629.3309781617113,3.3188959358026184,0.22355167074336277
1631.0513452306018,2.944278772921151,0.2248933765589283
1632.7717122994923,2.583947172783147,0.21722448810323175
1634.4920793683827,2.4559437656421848,0.2223530926544128
1636.2124464372732,2.531324837001928,0.22489556882207867
1637.9328135061637,2.7470996695329473,0.22623769361050497
1639.6531805750546,3.0829709624494424,0.22325810941210703
1641.3735476439451,3.367430801788582,0.2192639852281455
1643.0939147128356,3.557839106475038,0.22608473699645226
1644.814281781726,3.6397712465179715,0.22604172165832837
1646.5346488506166,3.6043699293173237,0.227078919250642
1648.255015919507,3.477588110747812,0.2208071794306538
1649.9753829883975,3.324466721480371,0.22234241490646642
1651.695750057288,3.159510378661574,0.2269420192199539
1653.4161171261785,3.05716388067442,0.22661509431567822
1655.136484195069,3.0309912522102076,0.22612747499650288
1656.8568512639595,3.094672474736213,0.21947844533340366
1658.57721833285,3.257942892910406,0.22540005942338293
1660.2975854017404,3.4751490360649013,0.22678867899074398
1662.017952470631,3.660310994822895,0.22743371675239574
1663.7383195395214,3.8019206960219294,0.2240653744956219
1665.4586866084119,3.8258740985403246,0.22125259544962375
1667.1790536773024,3.71790846799232,0.22762556776185128
1668.8994207461928,3.539256416544863,0.226639633553016
1670.6197878150833,3.322346835323697,0.2268349651622595
1672.3401548839738,3.108364907562446,0.2201408716009935
1674.0605219528643,2.9866794090249367,0.222596136741424
1675.7808890217548,2.9582303640901855,0.2269504425975034
1677.5012560906453,3.011251487141955,0.22665226000403374
1679.2216231595357,3.1431140738859327,0.22575569284343447
1680.9419902284262,3.295320134584566,0.21943145944110679
1682.6623572973172,3.432101354292998,0.22575867393252333
1684.3827243662076,3.5300035542280073,0.2266413184264085
1686.1030914350981,3.550900882837114,0.22702494962480374
1687.8234585039886,3.4960721059402995,0.22285253859906828
1689.543825572879,3.377277830989187,0.22060419000035567
1691.2641926417696,3.199307327698382,0.22711940260992627
1692.98455971066,3.038603417430635,0.22632211064378788
1694.7049267795505,2.930185138124356,0.22648008361135905
1696.425293848441,2.8953247309774155,0.21941237610321776
1698.1456609173315,2.9739471424821264,0.22243469395221446
1699.866027986222,3.1454367598485544,0.22663141264075515
1701.5863950551125,3.3088082971503945,0.22675171442159178
1703.306762124003,3.449459849416747,0.225730913000627
1705.0271291928934,3.493822936610893,0.2196884422312138
1706.747496261784,3.403064843306808,0.22613662076854382
1708.4678633306744,3.2479305841959665,0.22676587239906382
1710.1882303995649,3.1272642439720033,0.22738984562895084
1711.9085974684554,3.0602166904064076,0.2229035456100668
1713.6289645373458,3.1482687124112223,0.22111344267053912
1715.3493316062363,3.400192620334475,0.22732797008242386
1717.0696986751268,3.6787199430677378,0.2269804409994063
1718.7900657440173,3.92942209591768,0.22794644049712365
1720.5104328129078,4.0878531861830965,0.22162325624734483
1722.2307998817982,4.049653201734091,0.22500825985357825
1723.9511669506887,3.8409866068228746,0.22770456464167063
1725.6715340195797,3.572643877980521,0.2269517376757482
1727.3919010884701,3.260910746980897,0.22506147205672117
1729.1122681573606,3.0387493800577254,0.21953576912524145
1730.832635226251,2.96685433750897,0.2264182558143394
1732.5530022951416,3.0127114855431145,0.22672755083377083
1734.273369364032,3.137489579037307,0.2271998598434179
1735.9937364329226,3.3171634257666183,0.22215681054181183
1737.714103501813,3.4398721307416738,0.22110523440204372
1739.4344705707035,3.492361443248262,0.22719325691102943
1741.154837639594,3.4889609209879784,0.22669259475362466
1742.8752047084845,3.434586038976582,0.22709005150851216
1744.595571777375,3.3589782108735973,0.22013454859481066
1746.3159388462655,3.303531542469874,0.22411762737548044
1748.036305915156,3.2686862317728376,0.22718728309473382
1749.7566729840464,3.2550354097729772,0.22736746467149083
1751.477040052937,3.2619460378395115,0.2254355621395672
1753.1974071218274,3.275459445682318,0.21990342587783157
1754.9177741907179,3.2900603277852967,0.22665517463317308
1756.6381412596083,3.303698911683392,0.22770690871412178
1758.3585083284988,3.3142976333360434,0.22921119548743568
1760.0788753973893,3.321706126249862,0.2237100885002808
1761.7992424662798,3.3253202946459735,0.22178308854916554
1763.5196095351703,3.324972875919889,0.22848329203745424
1765.2399766040608,3.3193826672567064,0.2318154847997202
1766.9603436729512,3.3081695149931436,0.2342548785238628
1768.6807107418422,3.293216464660619,0.22452507898463833
1770.4010778107327,3.2767638560975616,0.2244958940648918
1772.1214448796231,3.2700707165318574,0.23579537918655322
1773.8418119485136,3.3067035843570802,0.2495624905822368
1775.562179017404,3.388983654321568,0.25253028157104523
1777.2825460862946,3.5181730113733454,0.23290024100755205
1779.002913155185,3.6947114374357546,0.22899535822883707
1780.7232802240756,3.9186134061285682,0.27071400898814924
1782.443647292966,4.189897274208718,0.35006679725661055
1784.1640143618565,4.498637417718867,0.43495973895772705
1785.884381430747,4.810625415478394,0.4917977230865651
1787.6047484996375,5.12300781563811,0.5273873766235693
1789.325115568528,5.435810229080498,0.5459113516025565
1791.0454826374184,5.749058301122987,0.5491054516254308
1792.765849706309,6.062777713626128,0.5372442383538135
1794.4862167751994,6.376994187084707,0.5092727186481188
1796.20658384409,6.691733482752766,0.4622652788103537
1797.9269509129804,7.0070214047467125,0.38936853038706715
1799.6473179818709,7.32288380215833,0.27035964160028997
1801.3676850507613,7.566661206766042,0.17444044274959072
1803.0880521196518,7.616114420864229,0.3089894606215055
1804.8084191885423,7.6661920472862475,0.34457597914670535
1806.5287862574328,7.716898191684394,0.31656192355208157
1808.2491533263233,7.768237011231665,0.19976223588871952
1809.9695203952137,7.882663722661231,0.24103114324314237
1811.6898874641047,8.036160267316017,0.3295863395166228
1813.4102545329952,8.190315662041307,0.34282235008373646
1815.1306216018857,8.345142545368365,0.2912026035749838
1816.8509886707761,8.500653610890236,0.10213618278699704
1818.5713557396666,8.686693930668508,0.2850730113286599
1820.291722808557,8.87447727092555,0.34229894734555966
1822.0120898774476,9.062988191243022,0.33421087841087505
1823.732456946338,9.252242146814378,0.2546563430265255
1825.4528240152285,9.377097773500385,0.19205466974759217
1827.173191084119,9.360437161331738,0.31496613651358923
1828.8935581530095,9.344543970975952,0.3467514456713291
1830.6139252219,9.329416899417744,0.3162128834718992
1832.3342922907905,9.315054706453445,0.1961099061460852
1834.054659359681,9.293297716175562,0.2507014679592444
1835.7750264285714,9.268129742137113,0.3331441010935412
1837.495393497462,9.243721622025198,0.34321246203622574
1839.2157605663524,9.220071354722794,0.2885877081899823
1840.9361276352429,9.196169542859515,0.09585921817366776
1842.6564947041334,9.063404838051326,0.2902413979531545
1844.3768617730238,8.931383202658072,0.3433508444330532
1846.0972288419143,8.800093812796653,0.33188736791487083
1847.8175959108048,8.669525904615895,0.24701376154672042
1849.5379629796953,8.555998604758361,0.19816900334379098
1851.2583300485862,8.472634692667633,0.31641934338817623
1852.9786971174767,8.389965415300466,0.34555508487977465
1854.6990641863672,8.307983994957368,0.3116707020773624
1856.4194312552577,8.226683710338367,0.1824961015448729
1858.1397983241482,8.313951902114493,0.2537598962752855
1859.8601653930386,8.47245376597051,0.33361026673903227
1861.5805324619291,8.631650249716337,0.34156635909318006
1863.3008995308196,8.791554405182254,0.2837448667329482
1865.02126659971,8.940241001112145,0.11295566995610545
1866.7416336686006,8.870299877599496,0.2936058601248311
1868.462000737491,8.80108599166185,0.3437611823253526
1870.1823678063815,8.73259366874808,0.329653629089608
1871.902734875272,8.664817293471753,0.24020944943408387
1873.6231019441625,8.591380171273798,0.20585303435686822
1875.343469013053,8.509055545140242,0.31875697827881644
1877.0638360819435,8.427428539716605,0.34532785407335725
1878.784203150834,8.34649246275827,0.30873484629657605
1880.5045702197244,8.266240678665042,0.17261459259340028
1882.224937288615,8.287268060486074,0.25944713299288596
1883.9453043575054,8.343114990381757,0.3351424243027156
1885.6656714263959,8.399645936239274,0.34021618188585157
1887.3860384952868,8.456865532786946,0.2785565582070296
1889.1064055641773,8.499654647761947,0.1266461705341331
1890.8267726330678,8.397590717696936,0.2965194685832177
1892.5471397019583,8.296215269825215,0.3437660844423947
1894.2675067708487,8.195519992807075,0.3268075123192689
1895.9878738397392,8.095496631074823,0.23195722386631049
1897.7082409086297,8.054493043294912,0.21189615881729354
1899.4286079775202,8.087930859087354,0.32051733924580933
1901.1489750464107,8.122031769397761,0.3448285626981055
1902.8693421153012,8.156798570009308,0.3056655124670597
1904.5897091841916,8.192234111305055,0.1621635400271359
1906.3100762530821,8.192424675832061,0.26499131048367947
1908.0304433219726,8.183689497988698,0.3366627707339797
1909.750810390863,8.17562526550002,0.33892276032178725
1911.4711774597536,8.168231317212868,0.27349834395836436
1913.191544528644,8.157458428543105,0.13992249329571746
1914.9119115975345,8.121772070397544,0.29975869639340186
1916.632278666425,8.086751581261169,0.3442296003787002
1918.3526457353155,8.052394089959428,0.32481367171005276
1920.073012804206,8.018696779667444,0.22556756554790308
1921.7933798730965,7.9806195823210455,0.2201334757155489
1923.513746941987,7.937829355431326,0.3230264335761939
1925.2341140108774,7.895689916882931,0.3443051322678652
1926.954481079768,7.854197811847732,0.30176687350763726
1928.6748481486584,7.813349638565535,0.1479484009675464
1930.3952152175493,7.896629147635506,0.2691294568771403
1932.1155822864398,8.00555403516702,0.33757815604084357
1933.8359493553303,8.115135263495599,0.33735702727133926
1935.5563164242208,8.225381816712204,0.26829624084875425
1937.2766834931112,8.291821359254499,0.15225894653608835
1938.9970505620017,8.155128852278196,0.302889862457051
1940.7174176308922,8.0191049490908,0.3443723327747263
1942.4377846997827,7.88373849768252,0.3220895786247084
1944.1581517686732,7.749018399939914,0.21722241542889184
1945.8785188375637,7.721962534445259,0.22638792817721778
1947.5988859064541,7.791737228234691,0.3249301594498092
1949.3192529753446,7.8621507329045786,0.3437998402727221
1951.039620044235,7.933208821354962,0.2985159916679988
1952.7599871131256,8.004917319328623,0.13531618874960472
1954.480354182016,8.065028464324733,0.27432468192400306
1956.2007212509066,8.12403675619327,0.33903975999840025
1957.921088319797,8.183711102745292,0.3361719034468671
1959.6414553886875,8.244056396423616,0.26352260906801944
1961.361822457578,8.28702800733593,0.16476923931077736
1963.0821895264685,8.267298140432821,0.3064614004704423
1964.802556595359,8.248246073595912,0.34507741841261597
1966.5229236642494,8.229870244827008,0.3203695639989895
1968.24329073314,8.21216914757277,0.21115846283218223
1969.9636578020304,8.261342543305606,0.23475316156277826
1971.684024870921,8.361305394512474,0.32782070965324484
1973.4043919398118,8.461953753033047,0.34391158571822783
1975.1247590087023,8.563295870591759,0.2958696924862793
1976.8451260775928,8.66534005579134,0.1234804686818047
1978.5654931464833,8.602180326351025,0.312765119425665
1980.2858602153738,8.524642901681045,0.44138918419201434
1982.0062272842642,8.447804375663942,0.5385963100516528
1983.7265943531547,8.371658448637668,0.6193851634872098
1985.4469614220452,8.296198877728187,0.6895731135181514
1987.1673284909357,8.221419476330734,0.7521538468623653
1988.8876955598262,8.147314113602828,0.8089131975405969
1990.6080626287167,8.07387671397207,0.8610200882173935
1992.3284296976071,8.00110125661698,0.9092904043024937
1994.0487967664976,7.9289817749952585,0.9543211863381936
1995.769163835388,7.857512356341309,0.9965654899736173
1997.4895309042786,7.786687141186328,1.0363771583115198
1999.209897973169,7.716500322877221,1.0740390982733192
2000.9302650420595,7.646946147099228,1.1097819394165944
2002.65063211095,7.578018911406379,1.1437967992558007
2004.3709991798405,7.509712964752172,1.1762442851874721
2006.091366248731,7.442022707026628,1.2072610083452195
2007.8117333176215,7.374942588599212,1.2369644030083158
2009.532100386512,7.308467109858574,1.2654563620570047
2011.2524674554024,7.2425908207697605,1.292826026415773
2012.972834524293,7.177308320419063,1.3191519579004283
2014.6932015931834,7.112614256575702,1.3445038547140529
2016.4135686620743,7.048503325253986,1.368943922340083
2018.1339357309648,6.984970270275663,1.3925279810899294
2019.8543027998553,6.922009882839662,1.4153063698121275
2021.5746698687458,6.859617001095141,1.4373246899781118
2023.2950369376363,6.797786509719358,1.4586244234345886
2025.0154040065268,6.736513339496915,1.479243449191409
2026.7357710754172,6.675792466907326,1.499216478793142
2028.4561381443077,6.615618913707375,1.518575425492203
2030.1765052131982,6.555987746526753,1.5373497191827705
2031.8968722820887,6.496894076463797,1.5555665765765896
2033.6172393509792,6.438333058683017,1.5732512341986256
2035.3376064198696,6.380299892022015,1.590427150305666
2037.0579734887601,6.32278981859062,1.6071161806780525
2038.7783405576506,6.265798123385924,1.6233387323265436
2040.498707626541,6.20932013390504,1.6391138984352784
2042.2190746954316,6.1533512197611655,1.6544595772855635
2043.939441764322,6.097886792307093,1.6693925774414693
2045.6598088332125,6.04292230425206,1.6839287111028194
2047.380175902103,5.988453249295047,1.6980828772253422
2049.1005429709935,5.934475161753804,1.7118691357573865
2050.820910039884,5.880983616197546,1.7253007741364224
2052.5412771087745,5.827974227087125,1.7383903670179879
2054.261644177665,5.775442648410924,1.7511498300679147
2055.9820112465554,5.723384573331147,1.7635904685302763
2057.702378315446,5.671795733830779,1.7757230211841581
2059.422745384337,5.62067190036448,1.787557700218721
2061.1431124532273,5.570008881509953,1.7991042274852942
2062.863479522118,5.519802523625287,1.8103718675252867
2064.5838465910083,5.470048710507453,1.8213694577215025
2066.304213659899,5.420743363056344,1.8321054358768607
2068.0245807287893,5.371882438939873,1.8425878654870236
2069.7449477976797,5.323461932261495,1.8528244589412484
2071.46531486657,5.275477873233752,1.8628225988579905
2073.1856819354607,5.227926327849628,1.872589357737739
2074.906049004351,5.180803397564333,1.882131516094713
2076.6264160732417,5.1341052189720875,1.8914555792109065
2078.346783142132,5.087827963490529,1.9005677926401214
2080.0671502110226,5.041967837048819,1.9094741565758269
2081.787517279913,4.996521079771152,1.9181804391844932
2083.5078843488036,4.951483965675181,1.926692188995465
2085.228251417694,4.906852802362751,1.9350147464289775
2086.9486184865846,4.862623930717593,1.943153254535702
2088.668985555475,4.818793724605355,1.9511126690138394
2090.3893526243655,4.775358590576013,1.9588977675633161
2092.109719693256,4.732314967571281,1.9665131586308622
2093.8300867621465,4.6896593266309345,1.9739632895946342
2095.550453831037,4.6473881706023406,1.9812524544324783
2097.2708208999275,4.605498033856253,1.9883848009138343
2098.991187968818,4.5639854820009775,1.9953643373516703
2100.7115550377084,4.522847111602657,2.002194938947531
2102.4319221065994,4.4820795499033865,2.008880353759878
2104.15228917549,4.441679454546479,2.015424208323249
2105.8726562443803,4.401643513302715,2.0218300129434303
2107.593023313271,4.361968443799116,2.0281011666916187
2109.3133903821613,4.322650993247744,2.0342409621187207
2111.0337574510518,4.2836879381799235,2.040252589709111
2112.7541245199423,4.245076084183338,2.0461391420916377
2114.4744915888327,4.206812265638766,2.05190361802421
2116.194858657723,4.168893345461945,2.057548926167021
2117.9152257266137,4.131316214843673,2.063077888658258
2119.635592795504,4.0940777929974015,2.0684932445050874
2121.3559598643947,4.057175026905399,2.073797652801735
2123.076326933285,4.02060489106953,2.078993695785564
2124.7966940021756,3.984364387262657,2.084083881741255
2126.517061071066,3.9484505442824287,2.0890706477624454
2128.2374281399566,3.9128604177075563,2.0939563623794974
2129.957795208847,3.8775910896571233,2.0987433280614383
2131.6781622777376,3.842639668551308,2.103433783599555
2133.398529346628,3.808003288874499,2.1080299063795795
2135.1188964155185,3.7736791109399284,2.112533814548938
2136.839263484409,3.7396643206557,2.1169475690850708
2138.5596305532995,3.70595612929597,2.1212731757704466
2140.27999762219,3.6725517732720596,2.1255125870794815
2142.0003646910804,3.6394485139051884,2.1296677039822676
2143.720731759971,3.60664363720255,2.13374037766965
2145.441098828862,3.5741344536328707,2.1377324112039315
2147.1614658977524,3.541918297909479,2.141645561099181
2148.881832966643,3.509992528768577,2.1454815388348956
2150.6022000355333,3.4783545287543323,2.149242012306491
2152.322567104424,3.447001704003852,2.1529286072159186
2154.0429341733143,3.4159314840340818,2.1565429084054797
2155.7633012422048,3.385141321532446,2.1600864611377197
2157.4836683110952,3.3546286921461776,2.163560772324121
2159.2040353799857,3.324391094276492,2.1669673117051422
2160.924402448876,3.2944260488738166,2.1703075129840035
2162.6447695177667,3.2647310992328835,2.173582774916471
2164.365136586657,3.235303810793567,2.176794462358773
2166.0855036555477,3.2061417709392956,2.1799439072756375
2167.805870724438,3.1772425888004943,2.183032409710361
2169.5262377933286,3.148603895058143,2.186061238718666
2171.246604862219,3.1202233417488987,2.189031633268049
2172.9669719311096,3.0920986020745915,2.1919448031041875
2174.687339,3.064227370208751,2.1948019295859265
