     28.12731441
     37.13020615
     46.47602435
     46.47602435
     46.47602435
     53.24369767
     52.99407205
     55.14969199
     55.14969199
     53.62486261
     53.62486261
     60.14071102
     60.14071102
     69.03422800
     69.03422800
     69.03422800
     73.01875478
     72.39213889
     72.45506092
     72.45506092
     70.63695726
     70.63695726
     70.63695726
     70.63695726
     70.63695726
     70.42439184
     74.01992122
     75.91893059
     75.07257009
     75.62507351
     75.62507351
     75.62507351
     75.62507351
     75.62507351
     75.62507351
     75.62507351
     76.22293460
     76.66616192
     76.66616192
     76.68564692
     76.68564692
     76.68564692
     76.68564692
     76.32858708
     75.71784554
     76.37278191
     76.37278191
     76.37278191
     74.60395793
     76.85100250
     69.94444039
     69.94444039
     69.94444039
     69.94444039
     71.11074729
     72.73453292
     72.73453292
     74.20705026
     74.20705026
     76.69487853
     76.69487853
     76.69487853
     76.69487853
     73.92782128
     73.92782128
     73.92782128
     73.92782128
     73.87692141
     74.90095927
     74.90095927
     74.79246143
     74.79246143
     74.79246143
     74.56902580
     75.81845553
     75.81845553
     75.72262320
     75.72262320
     75.53546739
     75.83977100
     75.83977100
     73.78263824
     73.78263824
     73.78263824
     73.78263824
     73.78263824
     73.78263824
     73.78263824
     74.26542960
     76.46382274
     76.89571478
     77.00117771
     77.00117771
     77.01507117
     77.01507117
     76.48794648
     76.48794648
     76.22794654
     76.22794654
     76.27501830
     12.81161597
     12.81161597
     32.93609324
     32.93609324
     32.93609324
     32.93609324
     32.93609324
     32.93609324
     32.93609324
     32.30583394
     32.30583394
     32.30583394
     32.30583394
     38.04109533
     38.04109533
     38.04109533
     38.04109533
     50.07238116
     50.07238116
     50.07238116
     64.68652570
     64.68652570
     64.68652570
     64.68652570
     64.68652570
     64.97695121
     60.33189460
     60.33189460
     72.30737747
     74.45695265
     76.13666582
     76.82953855
     75.24323390
     75.24200003
     75.24200003
     72.39786976
     72.39786976
     71.69489752
     71.23649679
     69.63503340
     74.66436301
     74.35982493
     72.65895296
     72.65895296
     72.65895296
     73.52575253
     73.52575253
     73.91487237
     75.62100770
     75.50532233
     75.50532233
     77.00685362
     76.44178451
     77.08967351
     77.07994078
     77.07994078
     76.03643469
     77.10582559
     76.57669563
     76.57669563
     75.32349198
     75.32349198
     73.57707573
     73.57707573
     73.57707573
     70.39162579
     70.39162579
     71.58433020
     71.58433020
     74.66012080
     74.66012080
     74.05299283
     75.19706661
     75.19706661
     76.00089823
     76.14470994
     76.14470994
     75.05953937
     74.29884108
     73.75013162
     73.75013162
     73.75013162
     73.75013162
     75.15599970
     75.15599970
     75.88373612
     76.47776023
     76.47776023
     76.47776023
     76.47776023
     76.37146526
     76.37146526
     76.37146526
     76.37146526
     76.37146526
     76.41969754
     76.85598794
     76.66034606
     76.66034606
     75.48743191
     64.04980605
     64.04980605
     64.04980605
     63.77918682
     63.77918682
     66.03360070
     65.88675763
     65.88675763
     65.88675763
     73.87601208
     73.96192305
     73.96192305
     74.23881014
     73.11736020
     73.11736020
     73.01287146
     73.01287146
     72.95320675
     72.94571136
     75.02349859
     75.02349859
     74.43133789
     76.79035693
     76.79035693
     76.83848427
     76.83848427
     76.97378499
     76.98982229
     76.53303574
     76.53303574
     76.53303574
     76.73611244
     76.73611244
     75.07047094
     75.07047094
     75.07047094
     74.35917866
     73.36479658
     76.23210149
     76.23210149
     76.22719126
     73.68525389
     70.26978248
     70.26978248
     70.26978248
     70.26978248
     70.26978248
     74.08461709
     75.95611699
     75.95611699
     75.95611699
     75.95611699
     76.77478432
     71.13362389
     74.68580009
     75.06773871
     73.88254844
     73.88254844
     73.88254844
     73.88254844
     75.44796438
     75.44796438
     75.64833435
     75.64833435
     74.62833305
     74.62833305
     76.51622720
     76.39534102
     76.39534102
     76.39534102
     76.28015954
     76.33957574
     76.70575913
     76.70575913
     76.92469295
     76.92469295
     76.92469295
     76.92469295
     76.92469295
     77.25930201
     76.42164911
     76.42164911
     76.46257435
     76.46257435
     76.46257435
     76.46871363
     76.46871363
     76.52698248
     75.52327510
     75.65234909
     73.75467600
     75.55294585
     74.58499108
     74.58499108
     74.58499108
     76.86699961
     75.30683098
     75.30683098
     75.53781044
     75.53781044
     47.98782434
     47.98782434
     52.83418753
     53.63765197
     62.91452592
     62.91452592
     62.91452592
     67.32069877
     69.54121207
     69.54121207
     69.75885985
     69.75885985
     71.78399493
     71.78325894
     71.85058235
     71.85058235
     71.91004221
     71.84338598
     71.84338598
     71.84338598
     71.48941539
     71.48941539
     71.48941539
     71.48941539
     69.96069781
     69.96069781
     74.12250587
     71.83874075
     71.81373669
     76.47661015
     76.75274604
     76.71110741
     76.71110741
     76.71110741
     76.71110741
     76.71110741
     76.72393211
     75.76005115
     76.31073368
     76.31073368
     75.88650068
     75.88650068
     76.82145458
     76.20494497
     76.20494497
     72.87793966
     74.19483341
     75.19347168
     76.68208514
     76.39427055
     76.39427055
     76.39427055
     76.48936479
     76.54227017
     76.68535379
     77.26635557
     74.91612672
     74.91612672
     74.91612672
     74.91612672
     74.35128187
     75.59900332
     72.85949564
     73.94465430
     73.94465430
     73.94465430
     73.94465430
     73.94465430
     75.13969699
     75.13969699
     75.13969699
     75.13969699
     74.40456878
     74.40456878
     75.44978745
     75.79055480
     75.77671131
     75.77671131
     75.83496023
     75.83496023
     74.88159042
     75.34205721
     75.34205721
     75.34205721
     75.34205721
     75.34205721
     76.39137125
     76.39137125
     76.39137125
     71.88486811
     73.44932936
     76.60456869
     76.27579173
     75.53787306
     75.53787306
     76.44377567
     76.44377567
     76.18239277
     76.31768157
     76.31768157
     72.21566824
     72.21566824
     72.21566824
     72.21566824
     75.15594161
     75.15594161
     71.28100624
     71.28100624
     76.10500815
     76.10500815
     76.10500815
     75.37889843
     76.13058700
     76.13058700
     76.13058700
     76.13058700
     76.13058700
     76.09022135
     74.39014692
     74.39014692
     75.57621565
     75.57621565
     75.57621565
     75.57621565
     71.86915214
     71.86915214
     74.44054203
     74.44054203
     76.78242016
     76.78242016
     76.78242016
     76.78242016
     77.14901437
     76.63697353
     75.76071698
     76.06385092
     74.00420938
     74.00420938
     73.04616361
     73.04616361
     73.04616361
     73.04616361
     73.04616361
     74.84720871
     74.84720871
     76.18316407
     72.90958123
     72.90958123
     72.90958123
     72.86340859
     72.86340859
     76.31476092
     73.91476786
     74.82234522
     74.82234522
     74.01136819
     74.96463302
     75.66592775
     74.87874466
     74.87874466
     74.87874466
     74.87874466
     73.52561827
     73.52561827
     76.68612371
     75.50299654
     75.44816300
     75.44816300
     75.14920537
     75.14920537
     76.28072651
     75.22478837
     75.22478837
     76.69130342
     75.89822643
     75.89822643
     75.89822643
     75.65602102
     75.65602102
     75.65602102
     73.38407706
     76.00647455
     76.00647455
     76.00647455
     76.00647455
     77.17535401
     76.97510117
     76.97510117
     77.14100621
     75.36655584
     75.98977977
     77.09968903
     76.32746791
     75.59229278
     75.59229278
     73.01794580
     75.19555346
     75.19555346
     75.19555346
     73.96544994
     -1.82522725
     18.94091394
     23.05018678
     23.05018678
     23.05018678
     23.05018678
     26.50530893
     26.50530893
     35.38737663
     59.63482482
     59.63482482
     62.71785721
     71.48260458
     71.48260458
     76.11509022
     76.11509022
     76.11509022
     76.11509022
     76.11509022
     76.02475766
     73.37950334
     73.37950334
     73.21218724
     73.21218724
     73.21218724
     71.12367126
     71.12367126
     70.01106928
     76.09352552
     76.60724829
     76.09237959
     74.85011319
     76.20168840
     76.47054474
     76.85063348
     76.85063348
     76.85063348
     77.21281928
     76.97538326
     76.97538326
     76.53798438
     75.70728387
     74.26359255
     74.26359255
     74.26359255
     74.26359255
     74.26359255
     73.41726262
     73.41726262
     73.41726262
     73.41726262
     73.41726262
     73.41726262
     75.13829492
     75.13829492
     75.29652549
     76.54352551
     76.67635238
     75.37432940
     76.08018812
     76.08018812
     76.62210356
     76.46338680
     74.52314237
     74.70436512
     73.80990247
     73.80391615
     73.84638702
     73.84638702
     73.84638702
     73.97124497
     70.92189325
     70.92189325
     68.09753076
     69.92808752
     73.92662203
     74.23979858
     74.23979858
     75.54911470
     75.54911470
     75.54911470
     73.55217083
     73.55217083
     75.20856604
     75.20856604
     75.42233633
     75.59649586
     76.03655422
     76.03655422
     76.03405513
     76.02167469
     76.02167469
     76.02167469
     76.02167469
     76.02167469
     76.02167469
     75.83298178
     76.75977494
     76.69726724
     76.73554519
     62.46879462
     69.13513393
     69.13513393
     69.13513393
     67.63251037
     67.63251037
     67.63251037
     67.63251037
     67.63251037
     67.63251037
     67.63251037
     66.76423706
     68.31573727
     68.31573727
     68.31573727
     68.31573727
     68.31573727
     71.63601874
     71.63601874
     71.72492606
     71.56834333
     74.96358868
     76.02197008
     76.02197008
     74.96178671
     75.70453396
     76.18610529
     76.18610529
     76.16679251
     76.16679251
     76.06375454
     76.23404885
     76.22346290
     76.14198963
     76.43288139
     75.60348013
     76.02682382
     76.63734752
     76.63734752
     76.89653671
     76.52533595
     76.52533595
     76.52533595
     76.52533595
     76.52533595
     76.49460273
     76.49460273
     76.30769173
     76.00497940
     76.00497940
     76.00441502
     75.92127319
     75.74025989
     75.74025989
     75.74025989
     75.18108284
     75.46849777
     76.19797667
     76.19797667
     76.19797667
     76.19797667
     76.18032996
     76.71830797
     76.72631075
     76.72631075
     76.84240890
     76.73497990
     76.73497990
     76.24200259
     76.24200259
     76.24200259
     76.24200259
     76.32714316
     76.32714316
     76.32714316
     76.41091215
     76.41091215
     76.41091215
     76.73180491
     76.73180491
     76.73180491
     76.66713844
     77.19759785
     77.21138564
     77.23671231
     76.66193872
     75.77276184
     75.94989446
     75.19870048
     75.19870048
     75.90617564
     75.87458007
     74.56497996
     74.06068403
     73.44758945
     73.44758945
     73.44758945
     72.05759298
     70.77685705
     75.11109317
     24.96207552
     24.96207552
     24.96207552
     31.51798717
     31.42092999
     47.67143882
     47.76144209
     50.94225231
     51.90053813
     51.90053813
     67.77957876
     72.07180796
     72.07180796
     74.89883510
     74.89883510
     75.07923629
     75.07923629
     76.83362547
     76.72984417
     73.80203941
     76.40128292
     75.55080148
     75.55080148
     75.43980004
     75.43980004
     75.34389060
     75.28499180
     75.36334446
     76.11099778
     76.68840157
     76.68840157
     76.58698965
     76.23654100
     71.67196574
     71.67196574
     71.67196574
     73.53202044
     73.53202044
     73.53202044
     73.82156120
     76.14158272
     76.62766903
     76.61684384
     75.66024537
     75.56252072
     75.73943121
     74.98772035
     74.98772035
     73.29962743
     73.29962743
     74.78153872
     75.66234352
     75.34632066
     75.67211142
     75.67211142
     76.60604425
     76.60186497
     77.21986863
     77.24458327
     77.24458327
     77.29822580
     77.29822580
     77.31388412
     77.30614702
     76.94773842
     76.94773842
     76.23957824
     76.23957824
     76.23957824
     75.65998126
     75.65998126
     75.65998126
     75.65998126
     72.52774964
     70.82452551
     73.12869257
     69.83795899
     69.83795899
     69.83795899
     69.83795899
     75.31416790
     75.31416790
     75.31416790
     76.33302548
     76.69039237
     76.53410183
     76.53410183
     76.53410183
     75.64546636
     75.64546636
     75.61738129
     75.61738129
     73.91032857
     73.91032857
     76.02498474
     73.88478191
     75.47918798
     75.47918798
     73.43911359
     73.43911359
     56.88191570
     56.75214984
     63.15507518
     63.15507518
     63.15507518
     63.15507518
     63.51893379
     63.47251135
     62.96512587
     62.96512587
     66.56103153
     67.39001766
     64.93862255
     64.93862255
     66.09438693
     66.09438693
     70.79261224
     70.79261224
     70.36887341
     75.71695282
     76.06730341
     76.89096086
     76.49433190
     76.49433190
     76.49433190
     77.20279243
     77.20279243
     75.35211285
     72.82701379
     75.24924018
     70.47657198
     72.80642792
     72.80642792
     73.78528733
     75.27439564
     75.67048940
     75.22430352
     75.22430352
     76.54146867
     76.50453730
     77.32938491
     77.32938491
     75.03608753
     76.11982239
     75.88836087
     75.88836087
     74.41488271
     74.41488271
     74.41488271
     75.71633355
     75.71633355
     75.15073558
     74.13148675
     75.92430970
     75.12843929
     75.12843929
     75.71169416
     75.72504337
     75.72504337
     75.72504337
     75.43670103
     71.12574084
     71.12574084
     71.12574084
     75.22838150
     75.88037818
     75.88037818
     76.13010418
     76.13010418
     76.46573398
     76.30736706
     76.16338071
     76.16338071
     76.43016522
     76.43016522
     76.43016522
     76.08823912
     76.08823912
     76.08823912
     74.44974217
     74.44974217
     74.44974217
     75.71805395
     75.38272374
     75.97805167
     76.19677068
     76.19677068
     76.19677068
     75.96302657
     75.96302657
     75.96302657
     75.96302657
     76.17624611
     75.15736295
     75.35540648
     75.35540648
     75.35540648
     75.20679650
     76.43199909
     75.63592873
     40.38984645
     41.78993936
     41.78993936
     46.66500697
     46.66500697
     46.66500697
     57.18592090
     67.81029424
     67.81029424
     67.81029424
     67.81029424
     67.75061026
     65.69901165
     65.69901165
     65.69901165
     70.95874875
     70.95874875
     69.61708911
     72.54280666
     73.11439779
     75.05882804
     75.07823371
     75.07823371
     75.07823371
     74.57815854
     75.66040243
     75.66040243
     73.90722386
     73.90722386
     73.90722386
     73.90722386
     76.00902245
     75.19751191
     75.14432995
     75.14432995
     74.76846703
     72.67469823
     72.67469823
     71.46853910
     71.46853910
     71.46853910
     73.19671439
     71.40271256
     73.29654802
     73.29654802
     71.29836031
     71.29836031
     71.29836031
     71.29836031
     71.32824908
     71.32824908
     73.69615968
     74.35038229
     76.29180753
     76.59487448
     74.00121175
     74.00121175
     72.17609977
     76.40290095
     76.40290095
     76.40290095
     76.29871556
     76.16125853
     74.46088184
     74.46088184
     74.46088184
     74.46088184
     75.09169738
     75.09169738
     73.53297222
     74.31436343
     74.27744543
     74.27744543
     74.27744543
     74.68352312
     74.42228897
     74.42228897
     74.42228897
     71.93725811
     68.52144484
     68.52144484
     68.52144484
     73.59807695
     76.32515725
     76.32515725
     76.32515725
     75.50639272
     76.46156378
     76.46156378
     76.41548599
     76.41548599
     76.39176119
     76.39176119
     76.42381011
     76.42381011
     75.51611823
     75.51611823
     75.51611823
     75.65190175
     75.65190175
     55.03670316
     55.03670316
     55.03670316
     55.03670316
     55.03670316
     55.03670316
     55.03670316
     55.72096710
     55.72096710
     55.72096710
     55.72096710
     55.72096710
     55.72096710
     55.72096710
     55.72096710
     55.72096710
     55.72096710
     55.72096710
     55.72096710
     71.40060259
     73.53741790
     73.53741790
     72.30904947
     75.51566980
     75.51566980
     74.99310041
     74.26496596
     69.99586621
     72.99148311
     75.57561438
     74.23711893
     73.29956309
     70.99276346
     70.99276346
     70.99276346
     73.98550256
     74.12059671
     74.12059671
     74.61173017
     74.25250400
     74.25250400
     74.25250400
     74.25250400
     75.47268966
     74.28355478
     74.28355478
     71.70851532
     72.59676395
     75.90253367
     76.07773045
     74.61595127
     73.44032149
     73.44032149
     74.35870790
     74.93487014
     74.93487014
     74.93487014
     75.62281938
     76.62743870
     76.62743870
     76.62743870
     76.59544978
     76.63237621
     76.59788244
     76.52366347
     75.52018869
     73.43333545
     75.94854634
     76.27683796
     76.27683796
     76.27683796
     76.46974780
     74.71441880
     74.71441880
     74.89419280
     74.89419280
     74.89419280
     75.36511305
     75.32838999
     75.13651129
     75.13651129
     74.00827310
     74.00827310
     72.10321904
     72.10321904
     72.10321904
     72.10321904
     75.50204869
     75.44608974
     74.33886007
     75.29379646
     75.29379646
     75.29379646
     74.10762367
     75.24847823
     75.24847823
     75.24847823
     75.43190019
     75.43190019
     75.46915315
     33.04176542
     35.59659426
     44.73558731
     44.73558731
     51.48751668
     66.07478318
     68.54458955
     75.53385521
     75.53385521
     75.61095502
     73.26520111
     73.26520111
     73.26520111
     73.26520111
     73.26520111
     73.58707672
     73.58707672
     73.50291039
     72.93535254
     72.93535254
     70.39348721
     70.39348721
     70.39348721
     73.49614231
     73.49614231
     72.56819150
     75.51025093
     75.51025093
     75.46649009
     74.62338329
     73.86420503
     73.09561821
     76.01156351
     75.66170690
     75.62924476
     75.62924476
     75.58905101
     75.58905101
     74.36085746
     75.04400344
     75.04400344
     73.71260680
     73.71260680
     75.94124242
     75.94124242
     75.55636091
     75.55636091
     74.80905092
     74.80905092
     75.91497439
     75.91497439
     75.91497439
     75.91497439
     75.91497439
     75.91497439
     77.00066998
     74.23248368
     76.07316400
     75.24877597
     74.09291209
     76.03770218
     75.97897987
     75.97897987
     76.03641352
     76.03641352
     76.03641352
     76.03641352
     75.93030151
     75.93030151
     75.06034277
     76.58169886
     76.58169886
     76.58169886
     76.89975695
     76.89028610
     76.89028610
     76.29747825
     76.44719826
     74.21434222
     75.64262856
     75.43997336
     76.87686968
     76.24864270
     75.96779836
     75.79572090
     74.51064555
     75.28893371
     75.01471629
     75.19832704
     73.43619964
     73.43619964
     75.88227522
     76.74609076
     76.74609076
     76.74609076
     74.62185314
     74.47106869
     73.60081349
     73.60081349
     73.60081349
     60.43661687
     72.04632411
     72.04632411
     72.04632411
     72.04632411
     70.92346222
     70.92346222
     70.92346222
     70.92346222
     70.92346222
     70.92346222
     70.92346222
     71.36879195
     70.82151803
     74.13332632
     72.54323629
     74.55076126
     74.55076126
     74.11876048
     74.11876048
     76.09921394
     76.09921394
     76.36337706
     76.71158050
     76.71158050
     76.64557597
     76.84997129
     76.84997129
     76.84997129
     77.31907980
     77.33935172
     77.25859896
     77.17849088
     75.76465870
     75.74256762
     75.92286921
     75.86866973
     76.52347733
     76.64798205
     73.66450430
     73.22574361
     73.22574361
     74.67829424
     75.20579173
     75.20579173
     75.20579173
     75.20579173
     75.20579173
     74.57420173
     75.29961720
     75.29961720
     73.14733974
     73.14733974
     73.14733974
     73.14733974
     76.06491612
     77.02355229
     76.72839555
     76.76227792
     76.76227792
     76.25569728
     76.25569728
     75.29825343
     75.29825343
     76.80117416
     76.68803414
     76.55157652
     74.76838133
     75.46930696
     75.74203072
     73.42596950
     73.42596950
     73.42596950
     73.42596950
     73.53065503
     73.53065503
     73.53065503
     73.53065503
     73.81050302
     73.81050302
     73.81050302
     73.81050302
     73.81050302
     73.81050302
     73.81050302
     73.81050302
     74.14282473
     74.63744095
     74.63744095
     76.05787192
     76.18445599
     75.72246470
     75.72246470
     75.89053112
     75.89053112
     75.87496873
     75.50978898
     75.50978898
     75.50978898
     72.93289329
     22.04779644
     42.00945400
     44.18185384
     44.18185384
     44.63469549
     44.63469549
     44.63469549
     44.63469549
     44.63469549
     44.63469549
     44.63469549
     44.63469549
     44.63469549
     50.22633920
     50.22633920
     59.40932828
     73.79933663
     73.57122200
     74.59552998
     74.59552998
     74.59552998
     74.59552998
     75.61051016
     75.62893268
     75.62893268
     75.43068607
     74.66940998
     74.55482505
     75.44541066
     75.97857743
     75.71816424
     76.17905059
     75.88951396
     75.88951396
     75.78947591
     75.38082183
     75.87741028
     75.87741028
     75.87741028
     75.29927989
     75.29927989
     75.29927989
     73.73756642
     73.73756642
     75.64967774
     74.54125977
     75.40823413
     75.40823413
     75.49430280
     75.35018040
     75.35018040
     76.10055004
     76.39926617
     76.39926617
     76.39926617
     76.39926617
     75.50913913
     75.50913913
     75.50913913
     76.33148322
     76.33148322
     76.33148322
     75.59614422
     75.59614422
     75.78516311
     73.77688081
     76.63343025
     76.63343025
     76.63343025
     76.63343025
     76.63343025
     76.63343025
     76.63343025
     76.13161643
     76.13161643
     76.13161643
     74.95191787
     76.86719091
     76.86719091
     75.82834697
     72.85595659
     72.31525308
     72.31525308
     72.39907261
     74.39525355
     74.33106721
     76.77382373
     76.77382373
     76.71889238
     75.80884144
     76.21196052
     75.96971447
     76.50323165
     74.55395831
     74.55395831
     74.51465362
     75.15975173
     76.13363412
     76.45754617
     76.45754617
     53.21710811
     57.96231516
     57.96231516
     57.96231516
     57.96231516
     57.96231516
     57.96231516
     57.96604323
     65.43317579
     66.74268925
     66.74268925
     66.74268925
     65.57341629
     65.57341629
     71.16035314
     71.16035314
     71.16035314
     73.51977306
     74.53779284
     74.53779284
     73.73454793
     73.73454793
     73.73454793
     73.73454793
     73.73454793
     73.73454793
     73.73454793
     73.80270229
     73.80270229
     73.80270229
     73.80270229
     73.80270229
     72.79416974
     72.79416974
     75.77965128
     75.77965128
     76.31119359
     74.74725572
     74.39791560
     75.69265143
     75.69265143
     75.70942619
     75.72479118
     75.83604388
     75.79260500
     76.65261953
     75.85315895
     73.96961167
     73.96961167
     73.96961167
     73.96961167
     74.10985936
     74.10985936
     74.10985936
     74.10985936
     73.75920391
     74.43025099
     76.53026177
     76.52585072
     77.23070614
     77.30903177
     77.27944228
     77.29644904
     77.22352983
     77.08659818
     76.10883195
     76.10883195
     77.01774423
     77.11092081
     77.08720539
     77.08720539
     76.95220722
     76.03625896
     77.09947982
     75.20469589
     76.83144373
     76.83144373
     75.42976539
     75.89555270
     73.09775757
     73.09775757
     73.03545237
     73.03545237
     74.74985261
     73.35516547
     77.28450508
     77.19758437
     77.06406642
     77.11006573
     76.30253734
     76.30253734
     76.30253734
     75.79659381
     76.61077330
     76.06474404
     75.89476926
     74.39403425
     74.39403425
     74.39403425
     74.39403425
     41.00835726
     43.57106643
     45.94363768
     45.94363768
     45.20897792
     56.15307486
     56.15307486
     56.15307486
     56.15307486
     56.18389141
     59.81310478
     59.74804967
     60.61298267
     65.71595342
     65.71595342
     67.15926504
     66.99416605
     66.99416605
     66.27944296
     67.26569197
     67.26569197
     72.64611624
     75.27540042
     76.10596136
     76.51365908
     76.51365908
     76.51365908
     76.51365908
     76.76789346
     76.76789346
     76.76789346
     76.76789346
     76.76789346
     76.76789346
     76.76789346
     76.62136067
     75.61158767
     75.61158767
     74.67254648
     76.99930492
     77.00045848
     76.76685032
     76.75425566
     76.75425566
     76.76676851
     76.76676851
     76.85096029
     76.22031490
     76.19979774
     76.19979774
     76.19979774
     76.19979774
     75.87785625
     75.71779486
     75.18896541
     75.18896541
     75.18896541
     75.18896541
     73.62331693
     75.27679319
     75.40927195
     75.40927195
     75.40927195
     74.21831981
     75.51019783
     75.51019783
     75.51019783
     75.80892179
     75.80892179
     75.80892179
     75.95827181
     75.95827181
     75.95827181
     75.95827181
     74.52124311
     74.47474518
     74.47474518
     74.47474518
     76.01872902
     76.01872902
     76.01872902
     75.85654201
     75.83795758
     75.83775049
     75.83775049
     75.83775049
     75.83775049
     75.80882239
     76.30029214
     76.30029214
     76.23719658
     76.54128376
     76.54128376
     76.54128376
     76.54128376
     74.91920837
     74.60733177
     76.64183527
     76.64183527
     76.64183527
     70.60258421
     70.60258421
     70.60258421
     70.60258421
     73.59521590
     70.37508588
     70.37421576
     70.37421576
     70.70989551
     70.70989551
     70.70989551
     71.22499864
     73.92279635
     73.27402965
     73.27402965
     73.27402965
     75.96251443
     75.96251443
     75.96251443
     73.57155455
     70.81436332
     70.81436332
     70.81436332
     70.81436332
     70.81436332
     72.14729582
     73.93838583
     73.93838583
     75.00308827
     75.00308827
     75.00308827
     75.00308827
     75.00308827
     75.00308827
     73.45171729
     74.39414560
     74.39414560
     73.80781892
     73.43166642
     75.10076421
     75.10076421
     75.57732251
     75.57732251
     75.57732251
     76.81846421
     76.81290326
     76.62538557
     74.91572161
     74.91572161
     74.91572161
     74.91572161
     74.91572161
     75.42367347
     75.42367347
     75.42367347
     75.42367347
     75.42367347
     74.01550227
     74.01550227
     74.01550227
     74.26209411
     74.20119733
     71.76976638
     74.96289809
     75.33415593
     75.52270474
     75.52270474
     76.40546583
     76.40546583
     76.40546583
     76.40546583
     76.41338775
     76.38052529
     75.63742632
     75.06445085
     75.01912150
     75.01912150
     75.01912150
     75.01912150
     75.01912150
     75.01912150
     75.15552466
     75.15552466
     77.08943485
     77.05782894
     77.05782894
     75.46321900
     75.46321900
     75.57791870
     75.57791870
     75.77524746
     75.77355440
     75.77355440
     75.49859949
     74.48037501
     74.48037501
     74.96716536
     73.31887871
     74.59504537
     74.59504537
     48.88846136
     48.88846136
     48.88846136
     48.88846136
     48.88846136
     57.64562967
     57.64562967
     58.13171402
     58.13171402
     58.13171402
     69.54970627
     69.54970627
     70.03318945
     70.03318945
     70.03318945
     70.03318945
     71.48436061
     71.46956959
     72.87301510
     72.87301510
     73.25541915
     73.25541915
     73.25541915
     73.19332216
     74.75620957
     74.75620957
     74.38230340
     74.29512358
     74.24550707
     72.77245131
     72.77245131
     72.77245131
     73.84229564
     73.84229564
     73.33168962
     67.23919915
     72.00031957
     72.00031957
     72.89751296
     72.89751296
     74.14502708
     74.14502708
     73.77832633
     73.24866456
     73.24866456
     73.24866456
     73.24866456
     73.74142070
     73.62221943
     73.62221943
     75.85728708
     75.90316288
     75.12700137
     75.65161438
     75.55096229
     75.55096229
     74.25390531
     74.25390531
     72.85699220
     75.37765851
     75.50222519
     75.50222519
     75.50222519
     73.14313535
     72.19802598
     72.41613751
     72.41613751
     72.41613751
     75.63669560
     75.62583392
     76.11410876
     76.05295536
     76.05295536
     75.28679747
     75.28679747
     76.96133361
     76.96133361
     76.79026697
     76.82440005
     76.76860983
     76.76860983
     76.76860983
     77.01576714
     77.03292386
     77.03292386
     77.03292386
     77.03327697
     77.03327697
     76.95135118
     76.58788273
     76.47745086
     75.54296581
     76.36251887
     76.36251887
     76.24433671
     75.73253795
     72.02737803
     72.02737803
     75.69730484
     75.60365347
     42.42548989
     42.42548989
     53.00938658
     55.76948639
     55.76948639
     62.05609960
     66.45065033
     65.40516311
     65.40516311
     64.76534481
     70.82127912
     70.82127912
     71.12754221
     72.26247867
     72.26247867
     72.26247867
     72.02517269
     72.02517269
     74.71188871
     75.52736432
     75.52736432
     75.52736432
     75.52736432
     75.40213485
     75.40213485
     75.76260730
     75.76260730
     75.76260730
     75.38822866
     75.38822866
     75.37541304
     75.37541304
     75.37541304
     74.71210464
     74.71210464
     74.71210464
     74.71210464
     76.76895435
     75.70988909
     76.69443860
     76.70142684
     76.70142684
     76.70142684
     76.70142684
     76.77324493
     76.70622287
     76.70622287
     76.72305484
     76.72305484
     76.72305484
     76.72305484
     76.66759250
     76.93017967
     76.64582218
     76.64582218
     76.62747008
     76.21402588
     75.37991574
     74.47183670
     74.88395018
     74.88395018
     73.65028429
     73.43554008
     73.43554008
     73.43554008
     75.12945995
     74.22947247
     73.91810689
     73.91810689
     76.04592281
     76.04592281
     76.04592281
     76.03581576
     74.29234014
     75.93171871
     74.82855823
     74.82855823
     75.18154833
     74.19084722
     76.48776630
     76.48776630
     76.48776630
     76.80643353
     76.76127091
     76.02621631
     74.98528159
     74.54936958
     74.54936958
     74.69164136
     74.69164136
     75.50370896
     76.63714232
     76.63714232
     77.10484732
     77.10484732
     76.79958955
     74.47367578
     74.47367578
     74.47367578
     76.05387781
     66.77459587
     66.77459587
     67.63698190
     67.63698190
     67.63698190
     67.63698190
     73.75956392
     73.83690630
     73.83690630
     72.33366078
     72.89356575
     72.76148075
     72.76148075
     72.76148075
     72.76148075
     72.76148075
     76.03583709
     76.03583709
     76.03583709
     74.67945043
     74.55180867
     74.36559893
     74.36559893
     74.36559893
     74.36559893
     74.36559893
     74.37244526
     74.38412137
     75.11436717
     75.03262732
     73.88797412
     73.88797412
     73.93715440
     73.93715440
     74.83867648
     73.51137544
     74.05515070
     74.05515070
     74.05515070
     74.05515070
     74.05515070
     72.96894488
     72.96894488
     72.96894488
     72.96894488
     74.10604802
     74.20544626
     74.61874106
     74.57464766
     74.57464766
     74.57464766
     74.53174785
     74.93378042
     74.93378042
     74.93378042
     74.93378042
     74.93378042
     74.93378042
     74.92642656
     76.66794022
     74.06586092
     74.06586092
     69.68138298
     69.68138298
     69.22749143
     74.51676698
     74.53232475
     74.53232475
     76.02987946
     76.02987946
     74.76324042
     74.76324042
     74.76324042
     76.37397555
     77.10232258
     76.70695479
     76.33093993
     76.33093993
     76.71800260
     76.71800260
     75.41070714
     75.67490859
     75.24343261
     75.24343261
     76.42206378
     76.42206378
     76.42206378
     77.13676177
     77.09347593
     77.11590806
     76.41023098
     76.41023098
     75.08096793
     75.08096793
     75.08096793
     75.08096793
     75.08096793
     75.33007040
     75.33007040
     74.79227396
     33.85255395
     33.85255395
     33.85255395
     33.85255395
     53.71529925
     52.76251559
     52.76251559
     52.76251559
     52.76251559
     52.76251559
     56.36923719
     56.36923719
     56.36923719
     56.36923719
     56.36923719
     56.36923719
     54.69342330
     54.69342330
     61.44972887
     61.44972887
     61.44972887
     61.44972887
     61.44972887
     65.07719230
     65.07719230
     65.07719230
     65.07719230
     65.07719230
     65.07719230
     65.07719230
     65.07719230
     67.47204368
     67.47204368
     69.39528814
     71.63628667
     71.63628667
     71.90702148
     71.90702148
     71.90702148
     71.90702148
     72.51972336
     73.85438776
     70.78611681
     70.78611681
     70.78611681
     70.51470003
     70.51470003
     73.56169376
     76.30303992
     75.75923951
     75.75923951
     75.41244419
     75.41244419
     75.41244419
     74.57064077
     74.57064077
     74.57064077
     75.15570336
     75.15570336
     76.67676070
     76.67676070
     75.85791577
     75.53024931
     75.53024931
     75.67781615
     75.67781615
     75.67781615
     75.72599204
     75.72599204
     75.72599204
     75.72138066
     75.72138066
     75.72138066
     74.62449201
     74.53276462
     75.25144828
     75.25144828
     75.56896888
     75.18814496
     75.18814496
     74.83431636
     75.92891303
     76.41322194
     75.96006498
     75.34229663
     75.34229663
     75.34229663
     75.34229663
     76.07138038
     76.07138038
     76.07138038
     75.92656952
     75.98775021
     75.98775021
     75.98775021
     75.94176757
     73.67143623
     74.09431946
     74.09431946
     74.09431946
     66.77465469
     66.77465469
     66.77465469
     66.77465469
     66.77465469
     70.72709716
     69.58916224
     69.58916224
     69.58916224
     70.35568135
     71.15103254
     71.15103254
     68.26549931
     68.26549931
     68.26549931
     69.55101072
     69.55101072
     69.55101072
     69.53787924
     69.53787924
     71.90822686
     71.13281309
     71.13281309
     71.21759042
     73.29009146
     72.78339369
     75.67551735
     75.67551735
     75.55657341
     75.98066711
     75.35798205
     75.35798205
     75.35798205
     75.35798205
     76.44800672
     76.04151436
     76.05358593
     76.05358593
     76.05358593
     75.88167806
     75.88167806
     75.04620470
     75.04620470
     75.04620470
     75.04620470
     75.04620470
     76.41723277
     72.67927411
     73.87724245
     76.84648127
     76.84648127
     76.78367011
     72.87414523
     77.05288843
     76.99409072
     74.66299767
     76.31011737
     76.60088423
     76.60088423
     76.05254398
     76.05254398
     76.98786404
     76.98786404
     76.98786404
     76.98786404
     76.98786404
     77.09630774
     76.52500294
     76.93137745
     76.93137745
     74.90056440
     74.90056440
     75.93862128
     75.93862128
     75.93862128
     75.43619327
     75.43619327
     76.21775496
     76.48762509
     73.80319368
     73.23475264
     73.23475264
     74.81400292
     74.81400292
     74.81400292
     74.81400292
     74.81400292
     74.40688423
     74.88981547
     74.88981547
     76.67128905
     76.67128905
     75.80487245
     75.80487245
     75.80487245
     75.80487245
     75.80487245
     75.68071361
     75.68071361
     75.68071361
     48.53982460
     48.53982460
     68.15100038
     68.15100038
     68.15100038
     68.15100038
     68.15100038
     70.84748673
     70.84748673
     70.84748673
     70.84748673
     70.84748673
     70.84748673
     73.53623520
     72.53758785
     72.53758785
     72.53758785
     73.08699127
     71.90194318
     75.74659346
     75.65883283
     75.65883283
     76.07258273
     76.04759424
     76.06092637
     74.26020244
     72.64814932
     72.64814932
     76.75392081
     76.75392081
     76.75392081
     74.14549554
     75.33665970
     75.33665970
     75.32202162
     75.32202162
     73.84022098
     73.49848045
     73.49848045
     73.49848045
     73.49848045
     74.89377826
     74.38588946
     74.38588946
     74.38588946
     75.83127275
     74.76748187
     74.76748187
     76.58080935
     76.60686918
     76.76920543
     76.79885907
     76.91672568
     76.74934097
     76.74934097
     77.08837501
     77.04316213
     77.11937354
     77.11937354
     77.11937354
     75.02569806
     76.00696308
     76.00696308
     76.00696308
     76.00696308
     76.00696308
     76.00696308
     76.00696308
     76.00696308
     76.00696308
     76.00696308
     76.06531351
     76.06531351
     76.75444281
     74.75479997
     75.26934616
     74.65477490
     73.95257665
     75.14889770
     74.79192988
     74.79192988
     74.79192988
     74.79192988
     74.79192988
     74.79192988
     75.59849124
     75.59849124
     75.59849124
     75.59849124
     76.58738213
     76.58738213
     76.59573765
     75.99369157
     75.68971508
     75.68971508
     75.68971508
     72.65023085
     75.93074638
     75.93074638
     75.93074638
     39.69993837
     39.69993837
     39.69993837
     42.62772559
     55.76503614
     63.11290212
     63.11290212
     69.97520319
     69.47748759
     69.47748759
     69.47748759
     69.47748759
     69.71967444
     69.72241463
     71.60423439
     72.01071045
     72.01071045
     68.29471863
     68.29471863
     68.29471863
     67.34266321
     67.34266321
     67.34266321
     67.34266321
     72.37284641
     74.10513881
     70.67990193
     70.67990193
     71.21283898
     74.87976247
     73.31608745
     73.31608745
     75.54403642
     75.54403642
     74.49919854
     74.49919854
     73.48664117
     68.91235423
     68.91235423
     68.91235423
     70.90945480
     71.55370409
     71.55370409
     71.55370409
     73.39062643
     73.39062643
     73.52475186
     73.52475186
     73.52475186
     73.52475186
     73.52475186
     73.96331072
     76.70635226
     76.70635226
     76.41575250
     76.44814350
     76.44814350
     76.44814350
     75.73664745
     75.73664745
     75.56331310
     75.56331310
     75.72698394
     75.72698394
     75.72698394
     75.72698394
     75.72698394
     75.70550682
     75.47175700
     75.47175700
     75.37594536
     75.37594536
     76.75915829
     76.87707180
     77.08586296
     77.03602220
     76.27936483
     76.53259090
     73.92126795
     71.00702459
     74.19014548
     74.19371225
     74.63870675
     73.65127519
     73.65127519
     73.65127519
     75.60625111
     73.18793560
     73.30249774
     73.30249774
     72.81708269
     72.81708269
     72.59243792
     74.42387105
     75.21400999
     75.21400999
     75.21400999
     75.21400999
     72.58359385
     72.58359385
     68.58522866
     68.83634117
     66.78767490
     66.84931934
     66.84931934
     66.84931934
     66.84931934
     73.22868868
     73.22868868
     73.22868868
     74.58073958
     74.58073958
     74.15938641
     74.55069839
     74.70011451
     74.70011451
     74.70011451
     74.70011451
     74.70011451
     75.57976015
     75.57976015
     75.57976015
     76.96188754
     76.96188754
     76.96188754
     76.60559983
     74.59095823
     74.59095823
     74.59095823
     74.59095823
     74.59095823
     74.58036986
     75.51569112
     75.37027795
     75.22773864
     75.64827169
     75.64827169
     75.64827169
     75.64827169
     74.74757884
     75.95394591
     75.95394591
     75.89904198
     76.01277968
     77.25691711
     76.99815161
     77.06156094
     77.06156094
     77.05515240
     75.95666290
     75.95666290
     75.95666290
     74.98769295
     73.10273433
     73.10273433
     73.10273433
     73.10273433
     73.10273433
     73.39299031
     73.39299031
     75.59999975
     75.65646649
     75.65646649
     73.05372864
     73.97654717
     74.98051708
     73.44902543
     73.29337001
     73.29337001
     73.29337001
     73.29337001
     73.29337001
     73.29337001
     74.73847635
     74.73847635
     74.73847635
     73.59193586
     74.12852689
     76.05099477
     76.05099477
     75.61854133
     75.61854133
     74.30887202
     74.30887202
     73.34557242
     73.34557242
     76.19136630
     76.18896175
     76.26707138
     76.26707138
     75.99099388
     75.99099388
     73.34421281
     74.45737269
     74.04633548
     72.76405478
     73.73934911
     73.62210487
     74.24355294
     74.24355294
     69.33716921
     69.33716921
     69.33716921
     69.33716921
     69.33716921
     69.33716921
     69.33716921
     68.61729342
     69.38756496
     69.38756496
     75.82437419
     75.82451579
     75.82451579
     75.82451579
     75.82451579
     75.82451579
     75.86572561
     75.64377342
     75.52060945
     75.52060945
     75.52060945
     74.76793775
     75.23162446
     73.07231159
     73.56929520
     73.45637788
     76.74583684
     76.72469107
     76.72469107
     76.72469107
     76.71509234
     76.51269089
     76.51269089
     76.54153168
     76.54153168
     76.54153168
     76.40853185
     76.59494782
     76.76155877
     76.76155877
     76.76155877
     76.76155877
     73.95000193
     74.97254705
     74.97254705
     74.97254705
     74.97254705
     73.70265876
     76.85702406
     76.96587187
     76.98281612
     76.98281612
     76.98281612
     76.29729437
     76.29729437
     73.97622122
     73.97622122
     73.97622122
     73.96698652
     75.39933110
     74.88541482
     76.38979883
     76.38979883
     76.67055790
     76.72219063
     76.73267589
     76.73267589
     77.01939953
     76.63385491
     76.63385491
     76.63385491
     76.63385491
     73.96128848
     75.84040127
     75.17226115
     75.17226115
     75.17226115
     75.17226115
     75.66038536
     73.46290126
     73.46290126
     73.98652276
     74.32058916
     71.02029678
     73.76293525
     73.76293525
     74.27257959
     73.62390842
     73.62390842
     76.71927699
     76.71927699
     76.71927699
     76.90299643
     75.86047152
     75.86047152
     75.06763981
     73.89772444
     71.53616994
     74.57364228
     75.23023268
     73.65528061
     73.65528061
     73.65528061
     75.03310955
     74.27147339
     74.27147339
     74.27147339
     74.27147339
     74.27147339
     74.75470749
     76.10912107
     76.04373703
     76.04373703
     76.04373703
     77.09106300
     77.09106300
     77.18023592
     77.18023592
     77.02502182
     76.35731895
     76.35731895
     76.29320458
     76.29320458
     76.77369192
     76.23045051
     76.32030695
     76.32030695
     76.41149921
     74.50691812
     74.54315115
     72.87993161
     66.79872771
     73.64844037
     73.64844037
     73.64844037
     75.23821248
     75.23821248
     75.23821248
     75.23821248
     75.64325057
     75.64325057
     76.33204419
     76.19241816
     76.19241816
     76.12501809
     74.61277549
     74.21259747
     73.74788146
     73.74788146
     72.67259499
     67.45870514
     67.45870514
     68.69946895
     70.40443619
     69.36804774
     69.36804774
     74.27057772
     74.27057772
     75.14978616
     75.28404613
     75.28404613
     75.05482951
     76.61491332
     76.61491332
     76.61491332
     76.61491332
     76.69657372
     76.33058425
     76.83853605
     76.84011985
     75.51282707
     76.82244704
     77.06257899
     75.99497032
     73.77784829
     75.45728910
     73.32481629
     73.32481629
     73.32481629
     73.32481629
     72.76471266
     70.36052255
     70.36052255
     70.36052255
     70.36052255
     73.97735999
     74.17685875
     73.78353577
     73.78353577
     73.78353577
     73.31467585
     73.31467585
     73.31467585
     73.38150377
     73.78556766
     73.78556766
     73.78556766
     73.78556766
     73.78556766
     72.45090686
     76.17164272
     76.54091445
     76.54091445
     76.28045339
     76.28045339
     76.28045339
     76.28045339
     76.07258037
     76.07258037
     76.07258037
     76.07258037
     76.07258037
     76.07258037
     74.26217804
     74.26217804
     74.26217804
     74.26217804
     74.26217804
     74.26217804
     74.67798703
     74.67798703
     76.31084551
     76.28413880
     76.28413880
     76.28413880
     76.28413880
     76.28413880
     75.99935184
     75.99935184
     75.54326985
     75.89494898
     75.89494898
     75.89494898
     75.85050670
     76.11107014
     76.11107014
     76.57902460
     76.17252868
     76.17252868
     76.17252868
     76.17252868
     75.67128444
     75.55835299
     75.55835299
     75.55835299
     76.50083184
     76.00226476
     76.00226476
     74.09562752
     74.09562752
     74.32434624
     74.32434624
     74.32434624
     74.30020863
     76.96551705
     76.99945932
     77.20780932
     77.14445948
     76.01937082
     75.92687894
     76.50667705
     76.50667705
     76.53494649
     76.06040216
     76.06040216
     76.06040216
     76.06040216
     76.06040216
     74.89058587
     74.45024027
     74.45024027
     74.45024027
     74.45024027
     76.99614823
     76.99614823
     76.99614823
     73.73779737
     73.73779737
     73.73779737
     73.45771769
     73.45771769
     75.66514334
     74.52168302
     75.64150958
     75.64150958
     75.64150958
     77.17536025
     77.05710951
     77.30412322
     77.30412322
     77.26028178
     77.26028178
     77.11597087
     76.97678929
     76.99883296
     76.99883296
     76.18297677
     76.18297677
     76.19308544
     75.32737824
     31.04677616
     44.94952913
     48.93503286
     48.93503286
     53.11149232
     53.11149232
     53.11149232
     53.11149232
     53.11149232
     53.11149232
     53.11149232
     53.11149232
     53.11149232
     53.11149232
     53.11149232
     57.68755429
     57.68755429
     64.47719041
     64.47719041
     63.59246075
     69.32646074
     70.69066263
     70.73727204
     71.86831066
     75.20862825
     76.66468921
     76.66468921
     75.91769226
     76.09974704
     76.18348679
     75.99766137
     75.69673078
     77.01386353
     77.02457553
     76.70710870
     76.70710870
     76.70710870
     76.70710870
     74.89850303
     75.39676519
     75.39676519
     75.39676519
     74.94880908
     72.66867175
     73.45718589
     73.45718589
     76.06820883
     73.73359016
     73.73359016
     76.43820245
     76.43820245
     75.43719306
     75.43719306
     75.43719306
     75.43719306
     75.43719306
     75.79261682
     75.79261682
     75.79261682
     75.79261682
     75.79261682
     75.79261682
     75.79261682
     75.29505703
     77.04828260
     76.33388374
     76.33388374
     76.33388374
     76.33388374
     75.66647898
     71.67468285
     71.67468285
     71.10950675
     71.10950675
     71.10950675
     71.10950675
     75.18853807
     75.18853807
     75.18853807
     75.18853807
     75.18853807
     76.75651080
     75.19926917
     76.45541394
     76.45541394
     76.45541394
     76.77641429
     76.77641429
     76.77641429
     76.77641429
     76.77641429
     76.69465264
     76.69465264
     76.60975633
     76.51202745
     76.51202745
     75.48327461
     75.48327461
     71.72926547
     71.72926547
     52.46989834
     54.72109210
     58.70593497
     59.65431165
     60.98515903
     60.98515903
     60.98515903
     60.98515903
     60.98515903
     60.98515903
     60.85147059
     63.06496073
     61.50521014
     65.03537612
     62.93996688
     62.93996688
     62.93996688
     64.93716263
     63.73880489
     71.74570165
     73.77976119
     74.47332626
     74.47332626
     74.70492739
     74.70492739
     75.45268722
     75.45268722
     75.50874140
     75.50874140
     75.59199842
     75.59199842
     74.20697760
     73.02950276
     73.02950276
     73.02950276
     73.70025362
     75.77736336
     75.71180807
     75.54172314
     75.54172314
     75.54172314
     75.54172314
     73.17468731
     73.17468731
     73.17468731
     72.40610598
     73.32191923
     71.11579992
     71.11579992
     71.11579992
     69.52821609
     69.52821609
     69.52821609
     69.52821609
     74.70663205
     76.65781462
     76.65781462
     75.30578229
     75.53112802
     75.53112802
     75.53112802
     73.23206349
     76.53743542
     76.63341160
     75.51534441
     75.73925185
     71.52538829
     73.25746681
     72.62279211
     72.77331874
     75.22405027
     75.32451771
     75.66545112
     75.66545112
     75.99479269
     75.99479269
     76.01953234
     75.80962357
     75.80962357
     75.80962357
     75.30143136
     75.30143136
     76.02830982
     76.02830982
     76.02830982
     76.02830982
     76.02830982
     74.68946282
     75.96306087
     75.24022736
     75.24022736
     75.24022736
     73.78943662
     73.65924336
     73.65924336
     71.81786175
     71.81786175
     71.81786175
     71.81786175
     71.81786175
     17.06539062
     26.18033959
     26.80107736
     26.80107736
     35.39165178
     35.39165178
     35.39165178
     35.39165178
     35.39165178
     36.71806892
     36.71806892
     36.71806892
     48.93152537
     56.84945692
     56.84945692
     66.80219359
     66.80219359
     67.11217598
     67.11217598
     67.10455916
     67.10455916
     67.10455916
     67.10455916
     70.07115808
     72.58832654
     72.58832654
     72.58832654
     71.94455582
     71.94455582
     74.51769248
     76.14806670
     75.16177161
     75.14600799
     75.21377068
     75.96897426
     75.96897426
     76.28081691
     76.46186652
     76.46186652
     75.91023355
     76.10934766
     76.10934766
     76.10934766
     76.10934766
     76.10934766
     75.63321367
     74.96850384
     74.97084468
     75.64106601
     75.64106601
     75.76469772
     75.77550075
     77.13123701
     75.34143890
     75.35077025
     75.35077025
     75.52973222
     74.71519080
     74.71519080
     74.71519080
     74.39193073
     74.39193073
     75.67939404
     74.97765889
     74.97765889
     74.97765889
     75.42227934
     75.42227934
     75.42227934
     75.42227934
     76.33219117
     77.04372494
     77.10260618
     77.10260618
     76.78532552
     76.78532552
     77.31035557
     77.31035557
     76.08268744
     76.08268744
     74.10555341
     74.10555341
     75.99261820
     75.74277926
     76.22867193
     73.33794525
     73.33794525
     73.86638000
     73.86638000
     71.68019358
     71.68019358
     71.68019358
     71.68019358
     72.29987360
     72.29987360
     76.24062312
     76.81993957
     76.72360053
     76.72360053
     76.72360053
     68.36605358
     68.62793225
     68.62793225
     67.33098796
     74.17839685
     74.17839685
     74.17839685
     74.17839685
     74.17839685
     74.17839685
     74.17839685
     74.17839685
     74.17839685
     73.80333330
     73.80333330
     74.41814767
     74.41814767
     75.75370216
     75.80094993
     75.82396277
     73.44411500
     73.41932611
     74.75399212
     74.75399212
     74.75399212
     74.62755029
     74.62755029
     74.42430014
     74.40314972
     76.13399104
     76.13399104
     76.56514685
     75.28403751
     74.11574424
     76.82372115
     76.54743045
     76.54743045
     76.54743045
     76.54743045
     76.54743045
     76.11034318
     75.16480156
     75.08383372
     75.08383372
     76.17464067
     76.17464067
     75.39401378
     75.49187568
     75.49187568
     75.49187568
     76.03750137
     76.03750137
     76.16154336
     76.45723971
     76.45723971
     76.14756791
     76.14756791
     76.09128707
     76.09128707
     76.29737384
     74.70789185
     75.75084006
     75.75084006
     76.32005628
     76.83863291
     76.83863291
     76.83863291
     75.41029859
     75.41029859
     75.41029859
     75.41029859
     75.55365550
     76.42265341
     75.06775197
     73.77906253
     73.77906253
     73.77906253
     76.87673623
     76.88116423
     76.88116423
     76.91014460
     76.91014460
     76.91014460
     76.60195763
     76.35399501
     76.36890721
     74.13010786
     74.13010786
     74.45750395
     74.45750395
     74.45750395
     74.45750395
     75.08850231
     75.08850231
     75.08850231
     75.08850231
     75.08850231
     75.08850231
     74.95804725
     74.95804725
     65.59549679
     65.59549679
     65.59549679
     65.59549679
     66.40468933
     67.69977451
     67.69977451
     67.71441406
     67.54912612
     66.20754921
     65.46894978
     66.46437063
     67.01789404
     69.95344650
     69.95344650
     75.09278523
     75.09278523
     75.77934575
     75.79177261
     75.60993633
     75.45654126
     74.54717836
     74.54717836
     74.54717836
     74.54717836
     74.54717836
     74.25170018
     74.46313582
     74.46313582
     74.46313582
     74.46313582
     74.46313582
     74.46313582
     72.68771684
     73.76114708
     73.76114708
     73.76114708
     73.76114708
     74.14068538
     74.14068538
     74.14068538
     75.95558763
     75.95558763
     76.90639124
     75.25904361
     75.57741234
     75.46203082
     75.46203082
     74.72254179
     74.86539049
     74.86539049
     74.85130086
     74.85130086
     74.85130086
     74.85130086
     72.19747134
     72.19747134
     72.19747134
     73.67937611
     75.28101788
     75.28101788
     76.80531306
     76.39089490
     76.60036179
     76.60036179
     76.60036179
     76.60036179
     76.56997684
     75.72541409
     75.72541409
     75.72541409
     74.12503407
     72.38174943
     72.38174943
     75.21739320
     75.21739320
     73.97807172
     74.06080488
     74.06080488
     75.63880275
     75.05690757
     73.99584074
     76.71606001
     76.73768073
     76.44588820
     74.34981853
     72.23638547
     72.23638547
     72.23638547
     72.23638547
     72.86061633
     74.86894703
     74.86894703
     73.93237754
     75.28545451
     75.33746948
     74.02543682
     76.92079851
     75.39244721
     76.88860628
     62.33940931
     65.01069586
     65.01069586
     64.96102769
     67.83108871
     67.83108871
     67.83108871
     72.76944477
     72.76944477
     72.76944477
     74.11986055
     75.11806403
     73.79215039
     73.79215039
     73.60782384
     73.86148515
     73.86148515
     74.30297223
     74.30297223
     75.45804882
     75.45804882
     72.00808761
     74.48738307
     74.05447504
     75.16593335
     75.16593335
     75.16593335
     75.27554826
     75.27554826
     75.27554826
     75.27554826
     71.88956727
     70.91926196
     70.91926196
     73.25203798
     69.14322496
     69.80644626
     69.80644626
     69.78620809
     69.78620809
     73.21125562
     70.76485130
     71.01938150
     71.01938150
     71.01938150
     69.90188188
     69.72652214
     74.38958040
     74.38958040
     74.38958040
     74.38958040
     74.38958040
     74.38958040
     76.05554187
     76.05554187
     71.84780169
     71.84780169
     76.38639710
     76.38639710
     76.41804979
     76.41804979
     76.41804979
     76.35377255
     76.23895587
     74.17254427
     72.99179273
     74.65380283
     74.65380283
     74.25395280
     74.25395280
     74.25395280
     74.62416524
     75.59283955
     75.30835429
     73.49528774
     76.86824257
     76.91374039
     75.52731165
     73.58172358
     76.01397882
     76.01397882
     72.20267991
     72.20267991
     72.20267991
     72.31774017
     72.31774017
     72.31774017
     73.24499568
     76.82182058
     76.44548276
     76.44548276
     76.56054918
     76.56054918
     75.60066679
     75.60066679
     75.01794772
     74.66550162
     74.58616775
     76.13228493
     75.90840415
     65.84369862
     63.81088195
     63.81088195
     63.27637411
     63.27637411
     65.91537369
     66.43464815
     69.09868536
     70.96145315
     70.96145315
     70.96145315
     70.96145315
     70.96145315
     70.99550390
     73.34397511
     73.66156930
     72.26463151
     73.88878973
     73.88878973
     73.88878973
     73.88878973
     73.88878973
     73.92858512
     75.42222634
     75.18562834
     76.38751709
     74.98165015
     75.11983477
     74.93170746
     74.04483301
     71.24370924
     75.08854303
     74.38487122
     74.89696442
     74.72988997
     75.32704087
     75.88941547
     75.90527675
     75.90527675
     75.90527675
     75.90527675
     75.09799415
     75.09799415
     74.02530467
     74.02530467
     74.02530467
     74.02530467
     73.87003707
     73.87003707
     74.76147821
     74.65359911
     74.65359911
     74.65359911
     74.65359911
     74.65359911
     74.65359911
     74.65359911
     74.65359911
     74.65359911
     74.65359911
     74.65359911
     74.97867531
     75.15563949
     75.15563949
     76.48952867
     76.48952867
     76.48952867
     76.88013303
     75.70057139
     75.70057139
     75.70057139
     76.37910335
     76.37910335
     73.12542213
     73.12542213
     73.12542213
     73.64148584
     73.64148584
     72.67266940
     73.50572019
     75.44202056
     76.91499556
     77.00375776
     77.00375776
     77.00375776
     76.99180890
     76.41696377
     76.41696377
     76.41696377
     76.48032737
     75.68449989
     75.68449989
     77.04566142
     77.03467986
     76.60225314
     75.51410397
     73.21560369
     73.21560369
     75.87916314
     75.43106758
     65.24814036
     65.90639168
     66.31683536
     66.31683536
     74.38127369
     77.12594880
     77.12594880
     77.12594880
     77.12594880
     77.12594880
     77.12594880
     76.13767638
     76.13767638
     76.97883814
     77.24742860
     77.31977283
     77.32410474
     77.32410474
     76.45932448
     76.72047881
     76.72047881
     76.72047881
     76.72047881
     76.72047881
     76.72047881
     76.72047881
     75.14361124
     74.46002351
     75.05382869
     75.80168982
     75.80168982
     77.27334043
     77.24525883
     76.24544406
     76.24544406
     75.75069281
     75.75069281
     75.75069281
     75.44306783
     75.61041331
     75.35710099
     75.71769808
     73.18536355
     73.18536355
     73.64709360
     73.64709360
     73.64709360
     73.64709360
     73.64709360
     73.64709360
     73.72985090
     73.68047041
     76.31988905
     75.59294396
     75.59294396
     75.59294396
     75.38368003
     75.38368003
     75.42078328
     74.23196210
     73.69185909
     74.64770617
     74.64770617
     74.26364882
     74.26364882
     74.26364882
     74.26364882
     75.85873311
     75.87121098
     76.10670183
     76.10670183
     76.10670183
     76.10670183
     76.10670183
     76.10670183
     75.68624467
     75.43546284
     75.43546284
     75.94428305
     75.39032249
     75.39032249
     75.39032249
     75.28203832
     76.19048058
     76.04321588
     76.04321588
     76.04321588
     76.04321588
     76.04321588
     76.22487922
     75.91979121
     75.91979121
     74.40200554
     74.40200554
     74.40200554
     75.37101681
     75.04263802
     75.04263802
     75.40321726
     75.57559108
     76.32137733
     76.32137733
     76.87177618
     76.87177618
     76.87177618
     76.87177618
     76.98002764
     76.98002764
     76.98002764
     76.22078727
     76.22078727
     76.72075161
     76.72075161
     75.00152541
     75.00152541
     75.92204633
     73.47705154
     73.39473262
     73.39473262
     73.39473262
     73.39473262
     75.15163994
     75.15163994
     75.38213913
     75.38213913
     75.38213913
     75.38213913
     75.38213913
     70.98852502
     70.98852502
     70.98852502
     70.98852502
     71.04404161
     71.04404161
     71.04404161
     71.04404161
     71.04404161
     75.24373576
     75.24373576
     76.93677637
     76.93677637
     75.28203026
     75.28203026
     76.39579842
     76.39579842
     76.39579842
     76.39579842
     76.39579842
     76.71436180
     76.71436180
     75.27397421
     75.27397421
     75.27397421
     74.19777323
     74.19777323
     74.19777323
     73.25359802
     73.25359802
     73.25359802
     73.25359802
     73.25359802
     68.85525864
     75.83976544
     75.83976544
     75.83976544
     75.83976544
     75.83976544
     75.83976544
     75.83976544
     75.83976544
     75.83976544
     77.09904760
     77.09904760
     77.22429659
     74.85945830
     74.71055502
     75.24033884
     75.24033884
     75.24033884
     75.58527615
     75.58527615
     75.58527615
     74.28628365
     74.28628365
     74.28628365
     74.28628365
     74.28628365
     73.64396674
     76.15140856
     76.15140856
     76.15140856
     75.90221092
     76.72562414
     76.72562414
     76.72562414
     76.72562414
     76.72562414
     76.48541568
     75.96789070
     75.95534002
     68.58496442
     68.58496442
     72.89922242
     73.67895760
     74.58859450
     74.58859450
     74.58859450
     74.58859450
     74.58859450
     74.58859450
     74.58859450
     74.53354556
     74.69594548
     74.69594548
     74.69594548
     74.69594548
     74.69594548
     74.73739148
     74.88819580
     74.88819580
     74.88819580
     72.75025694
     72.48282236
     72.29284650
     75.63043084
     75.63043084
     76.52103871
     75.28306625
     75.28306625
     75.28306625
     75.73144592
     75.58038374
     75.07179902
     72.39434513
     72.39434513
     75.15377421
     75.15377421
     75.15377421
     75.15377421
     75.46096350
     76.32917518
     77.06954936
     77.06954936
     76.82899192
     76.82899192
     76.77019573
     76.77019573
     76.77019573
     76.77019573
     76.70556246
     76.70556246
     77.01767619
     75.06294798
     75.65707572
     75.57804269
     76.15044800
     76.45310701
     76.66759995
     75.32509297
     75.32509297
     75.32509297
     76.03363589
     76.03363589
     76.15855463
     76.37512964
     76.37512964
     76.45242865
     76.95292171
     76.98923547
     76.98923547
     77.02713951
     77.06402230
     77.06402230
     77.06402230
     76.00431411
     75.42191421
     75.42191421
     72.82406760
     72.82406760
     74.07727849
     74.07727849
     74.07727849
     73.92958372
     73.92958372
     73.92958372
     76.09113516
     76.00991858
     76.00991858
     76.00991858
     74.37030781
     77.19843283
     75.78355494
     75.78355494
     75.41628624
     75.36149287
     76.62198390
     76.05768373
     75.71627457
     75.83313825
     76.54574238
     34.09359400
     34.09359400
     34.09359400
     34.09359400
     47.60844776
     47.60844776
     54.25603330
     54.25603330
     65.14090283
     64.72411470
     64.72411470
     71.87281158
     71.87281158
     71.37088827
     71.37088827
     71.37088827
     71.37088827
     71.15912465
     74.54134897
     73.37038549
     71.56835060
     71.56835060
     73.30261661
     75.85592282
     76.63309777
     76.63309777
     76.63309777
     76.63309777
     76.63309777
     76.63309777
     76.63309777
     76.63309777
     77.05190745
     76.53883009
     76.53883009
     76.53883009
     76.53883009
     76.63166227
     76.38332201
     76.38332201
     76.38332201
     74.37950281
     74.37950281
     74.37950281
     73.37224086
     73.06150917
     73.06150917
     73.06150917
     74.96633310
     73.82867592
     75.69623888
     75.69623888
     75.74326781
     77.08753036
     77.27612238
     76.83780870
     76.93564351
     76.93564351
     76.93564351
     77.00753225
     76.85469387
     76.95932740
     76.95932740
     76.99141243
     76.99141243
     76.30082391
     75.43427618
     75.43427618
     73.53697507
     74.37860043
     74.37860043
     74.37860043
     74.37860043
     74.37860043
     74.37860043
     74.37860043
     74.10656599
     74.78921188
     74.78921188
     74.78921188
     74.11882337
     76.98033588
     76.95942778
     77.10314299
     76.80690283
     75.76396460
     77.06275099
     77.21897872
     77.12607715
     77.18486809
     76.01662083
     76.01662083
     76.01662083
     76.01662083
     73.84171571
     73.84171571
     73.84171571
     73.84171571
     71.09850008
     71.09850008
     23.52826217
     23.52826217
     26.00128965
     26.00128965
     26.00128965
     26.00128965
     52.38793380
     55.87189246
     57.44782580
     57.44782580
     57.64921717
     60.74762002
     60.74762002
     60.74762002
     60.74762002
     68.57782760
     68.57782760
     67.06678670
     67.93164925
     67.93164925
     67.93164925
     68.15390093
     69.51985138
     70.57746023
     70.79427857
     73.80497390
     71.04347634
     71.04347634
     71.80778066
     71.80778066
     71.80778066
     71.80778066
     71.80778066
     71.80778066
     74.52612746
     74.61783268
     74.36139671
     73.71337733
     72.56425056
     71.41932625
     73.80088023
     75.61999456
     75.67531899
     75.64155832
     75.64155832
     76.31655003
     76.11611473
     76.83202918
     76.83202918
     76.83202918
     77.04852043
     76.92246687
     77.00122886
     76.80947133
     76.80947133
     76.80947133
     76.72795151
     76.55072583
     76.52625454
     76.52625454
     77.09108756
     76.85052377
     76.82065884
     76.82065884
     76.87636139
     75.76204738
     74.65414209
     74.65414209
     74.80335285
     74.80335285
     74.80335285
     74.80335285
     76.50654704
     76.18769843
     73.95412505
     72.95691674
     74.69297623
     74.69297623
     72.85420974
     72.85420974
     73.61348832
     73.61348832
     73.59457573
     75.15654503
     75.15654503
     77.15177659
     75.38374198
     75.38374198
     75.38895256
     75.13121670
     72.26446557
     71.75703569
     73.90064471
     73.90064471
     73.90064471
     73.90064471
     73.90064471
     73.90064471
     76.49494932
     76.49494932
     19.05223339
     44.12720710
     53.93601962
     53.93601962
     53.93601962
     57.79014699
     57.05121546
     69.79223089
     69.79223089
     71.07256885
     71.07256885
     71.06692378
     71.06692378
     65.56180857
     65.46851560
     65.46851560
     65.33465322
     65.33465322
     65.38764554
     65.38764554
     62.33231907
     70.34478658
     72.56618838
     70.75418412
     70.91051492
     70.91051492
     70.91051492
     71.65018137
     73.67820985
     73.67820985
     73.67820985
     73.65689592
     76.14663441
     75.50222433
     75.50222433
     75.89895324
     75.89895324
     75.89895324
     71.94522310
     71.94522310
     71.94522310
     71.94522310
     75.30635062
     76.46512263
     76.46512263
     76.45454907
     76.39641288
     76.39641288
     76.13765150
     75.41774577
     75.41774577
     73.79442460
     72.65198956
     73.69808323
     73.69808323
     73.69808323
     73.69808323
     73.69808323
     73.69808323
     73.56983793
     73.56983793
     72.71948777
     72.71948777
     74.63693346
     74.63693346
     74.50387342
     74.40017290
     74.40017290
     74.90503068
     74.86487884
     74.86487884
     75.59913006
     74.90233346
     74.90233346
     74.90233346
     74.90233346
     74.42237317
     74.42237317
     74.42237317
     74.42237317
     73.79773492
     73.79773492
     73.79773492
     74.67966257
     76.01060470
     76.01060470
     76.01060470
     75.82705059
     75.82705059
     72.89433115
     74.40257358
     74.40257358
     74.40257358
     74.40257358
     74.63858720
     74.63858720
     75.68412076
     75.51377179
     75.30887681
     74.50247985
     59.95597167
     59.95597167
     60.78397950
     60.78397950
     60.81381802
     60.81381802
     60.81381802
     62.23588683
     65.17534516
     67.14241754
     66.27648363
     62.83702727
     66.90593499
     67.53485682
     67.53485682
     67.53485682
     66.30423355
     66.30423355
     66.25408367
     66.25408367
     66.25408367
     66.25408367
     59.15036428
     70.09915652
     70.09915652
     70.09915652
     72.89035519
     72.85037530
     72.85037530
     72.85037530
     72.89746587
     72.77143064
     73.13700555
     73.13700555
     73.13700555
     73.13700555
     73.13700555
     73.00048004
     73.00048004
     73.00048004
     74.32015422
     74.32015422
     74.29895119
     76.79142523
     76.79142523
     76.58738257
     76.58738257
     75.68864143
     74.89086925
     73.44187913
     73.44187913
     73.44187913
     73.44187913
     75.13943305
     75.13943305
     75.13943305
     75.65651138
     75.21584601
     75.21584601
     74.86856014
     76.73188381
     76.73188381
     76.73188381
     75.86188564
     76.43257011
     76.43257011
     76.43257011
     76.43257011
     76.24025088
     76.24025088
     76.24025088
     75.64084657
     75.64084657
     74.79823017
     74.79823017
     74.88495781
     76.13507809
     76.03083609
     77.02151340
     75.14449547
     70.00556786
     70.00556786
     70.00556786
     70.00556786
     73.25896180
     73.25896180
     73.26976109
     74.05031463
     76.18918064
     76.18918064
     74.52125982
     74.52125982
     74.52125982
     74.52125982
     75.28235214
     76.99189593
     77.02563425
     76.29167764
     76.35404954
     76.35404954
     59.71852749
     59.71852749
     62.84891771
     62.84891771
     62.84891771
     67.10457481
     67.10457481
     71.70843324
     71.70843324
     73.90972422
     72.95927054
     73.11879665
     73.53378439
     74.11086922
     74.11086922
     74.54099047
     74.54099047
     74.54099047
     75.14504509
     74.57040520
     74.57040520
     74.57040520
     74.57040520
     72.91087046
     74.88409336
     74.88409336
     72.51782045
     72.51782045
     72.51782045
     72.51782045
     75.89518794
     75.82371445
     75.79347423
     75.79347423
     75.79347423
     75.79347423
     76.22613317
     76.54504590
     76.54504590
     76.54504590
     76.53942520
     76.53942520
     76.53942520
     75.04271599
     74.35324138
     76.25024846
     76.42624050
     73.64283165
     74.43357050
     74.43357050
     74.43357050
     76.37968004
     75.77851944
     75.71712785
     75.71712785
     74.63837013
     75.21462485
     75.69492155
     75.37427076
     75.37427076
     75.37427076
     75.37427076
     75.37427076
     75.54972488
     75.54972488
     74.83401625
     74.83401625
     74.98985188
     74.98985188
     74.98985188
     74.98985188
     74.98985188
     75.01779218
     74.55190997
     74.55190997
     74.55190997
     74.55190997
     75.86824052
     73.80708129
     73.80708129
     75.53077754
     74.70103348
     74.87419930
     74.87419930
     74.54479344
     75.13682572
     74.60979510
     74.60979510
     76.50730105
     76.94293630
     76.86286178
     76.86286178
     76.10763883
     76.02173917
     77.07425935
     74.77152613
     76.32695677
     76.32695677
     76.69350437
     76.69350437
     60.34859206
     60.34859206
     60.34859206
     60.34859206
     60.54962061
     60.54962061
     59.86487323
     59.86487323
     59.86487323
     65.28790244
     63.84319031
     64.01261166
     64.01261166
     66.52376119
     66.52376119
     72.43992970
     72.43992970
     71.49803685
     74.53059191
     74.53059191
     73.68211649
     73.68211649
     72.07060568
     72.07060568
     74.69813332
     72.96660640
     72.43115412
     71.90297005
     71.90297005
     71.13273951
     71.13273951
     71.13273951
     74.31587325
     74.31587325
     73.32463531
     72.73553625
     72.73553625
     75.78879604
     75.78879604
     75.78879604
     75.78879604
     76.36901881
     76.06691841
     76.04058159
     76.04058159
     76.04058159
     75.39867790
     75.39867790
     75.41982766
     74.76959603
     74.76959603
     74.76959603
     74.76959603
     75.40686683
     75.40686683
     75.56917501
     75.56917501
     75.56917501
     75.56917501
     75.58390045
     75.79638834
     75.79638834
     75.77215315
     75.87728159
     75.87728159
     76.96405929
     77.19768942
     77.19768942
     77.12422052
     77.12422052
     77.15604427
     77.15869661
     77.17791730
     77.17791730
     76.17331889
     76.81603396
     76.59416156
     76.31066963
     75.78607310
     75.78607310
     75.78607310
     75.78607310
     75.82074772
     75.82074772
     72.96154297
     72.96154297
     75.45539668
     75.10864858
     75.10864858
     76.91575179
     76.91575179
     74.22816246
     72.27667737
     72.27667737
     73.37214835
     75.71866821
     75.71866821
     76.04665873
     76.04665873
     76.16059460
     50.06759055
     50.06759055
     50.06759055
     50.06759055
     55.33599647
     55.33599647
     56.44057487
     56.44057487
     56.44057487
     71.52818167
     71.52818167
     71.52818167
     71.66998091
     71.38089931
     71.38089931
     71.38089931
     71.38089931
     73.21645556
     73.21645556
     74.49740613
     74.49740613
     73.74915354
     73.74915354
     73.74915354
     73.74915354
     73.74915354
     74.31275207
     74.88675759
     74.88675759
     73.49653957
     69.42513748
     69.42513748
     70.83658721
     72.69969663
     75.88079566
     75.91214263
     75.14231416
     76.38337832
     76.07517826
     76.07517826
     76.07517826
     76.07517826
     76.72457262
     76.72457262
     76.88806698
     76.89922729
     74.52360606
     75.47135609
     75.47135609
     76.44158684
     76.66031559
     76.22963333
     75.38440904
     74.85335437
     73.36878940
     73.36878940
     75.20000561
     72.68085465
     72.68085465
     76.74258956
     76.95255425
     76.95255425
     76.95255425
     76.95255425
     76.95255425
     76.93886325
     76.93886325
     74.19441556
     77.27616263
     75.99072652
     76.13371199
     76.13371199
     75.36155926
     74.48058913
     74.48058913
     72.65756138
     71.80796634
     72.46557248
     75.01430571
     75.01430571
     75.61438047
     75.61438047
     75.61438047
     76.57064887
     76.57064887
     76.42247762
     76.68355061
     77.03731653
     76.02618719
     76.02618719
     76.02618719
     76.02618719
     76.02618719
     75.25756711
     75.25756711
     75.01979285
     75.01979285
     75.01979285
     76.20338074
     76.20338074
     71.32785836
     71.32785836
     71.32785836
     71.32785836
     76.90337812
     76.90337812
     74.77569803
     74.77569803
     74.77569803
     74.77569803
     74.94490273
     75.50106148
     74.96965727
     75.33148399
     73.40860695
     73.70091151
     73.70091151
     73.70091151
     73.70091151
     73.70091151
     73.70091151
     73.70091151
     73.70091151
     73.70091151
     75.47955233
     75.47955233
     74.07310167
     74.07310167
     73.14394546
     73.14394546
     73.14394546
     72.87845921
     74.73875523
     74.73875523
     74.73875523
     74.73875523
     74.73875523
     74.73875523
     73.59790508
     72.27074172
     72.27074172
     72.30913788
     75.72375932
     73.79637510
     76.27723476
     75.87459746
     77.13472350
     76.71028872
     76.79337411
     76.79337411
     74.48584953
     74.48584953
     74.48584953
     74.63425276
     74.63425276
     74.63425276
     74.63425276
     74.63425276
     74.63425276
     73.50324197
     73.50324197
     74.44315528
     72.77633599
     72.77633599
     74.36315261
     76.62119436
     76.66934765
     76.66934765
     76.40740025
     76.43532482
     76.44439500
     76.44439500
     76.78983459
     76.69595148
     74.66371842
     74.66371842
     74.66371842
     74.66371842
     72.38154838
     72.24948559
     72.24948559
     72.24948559
     72.24948559
     72.24948559
     73.30464014
     75.04057266
     75.10478075
     73.04069502
     74.33594437
     74.02282680
     74.02282680
     74.47525132
     74.47661782
     74.98508458
     73.76525834
     75.31977042
     75.36487808
     74.32015560
     74.44909397
     72.85232780
     61.53010516
     61.53010516
     61.53010516
     61.53010516
     68.40741661
     68.40741661
     68.40741661
     68.40741661
     69.71702251
     69.71702251
     68.25623693
     68.25623693
     68.25623693
     68.25623693
     68.25623693
     68.25623693
     68.17344847
     74.09543544
     73.40089704
     75.24355524
     71.59996615
     71.59996615
     74.82421889
     74.82421889
     74.82421889
     77.01510064
     77.02626610
     76.74826139
     76.74826139
     76.55038044
     76.55038044
     75.81914936
     76.57470364
     76.57470364
     76.52809891
     76.52809891
     75.74786305
     75.74786305
     75.74786305
     75.74786305
     76.17001782
     76.17001782
     74.47602037
     75.94833880
     75.90262965
     75.90262965
     75.07526589
     74.42179927
     74.42179927
     74.23302478
     75.04485159
     74.64134998
     74.64134998
     74.64134998
     74.43637696
     74.41361154
     74.41361154
     72.56874862
     75.85854589
     76.13533306
     76.13533306
     76.13533306
     76.13533306
     76.08132095
     76.08132095
     76.08132095
     76.08132095
     75.25784896
     75.05075623
     75.05075623
     73.90100197
     74.92564629
     74.92564629
     74.92564629
     73.90258441
     76.49863854
     76.49863854
     76.78527651
     76.16417877
     76.16417877
     75.84397524
     75.84397524
     73.67614159
     77.05975172
     77.05975172
     77.01387476
     76.60108684
     75.53723911
     76.18344484
     74.43639357
     74.43639357
     74.43639357
     75.13013982
     74.09822289
     74.09822289
     75.41277915
     76.77552494
     76.77552494
     76.63210322
     76.63210322
     -1.74056190
     -1.74056190
     -1.74056190
     -1.74056190
     -1.74056190
     -1.74056190
      6.83446309
     26.40001630
     29.52649627
     29.52649627
     29.52649627
     48.15861889
     61.92378578
     71.37365110
     75.45066851
     72.68687506
     72.68687506
     72.68687506
     72.68687506
     72.68687506
     74.36242163
     74.36242163
     70.27059658
     70.27059658
     70.27059658
     71.08632491
     71.08632491
     70.06853905
     73.01962594
     73.01962594
     72.35590980
     72.35590980
     76.08724815
     76.08724815
     76.08724815
     76.08724815
     75.65216485
     75.71040452
     74.18390351
     74.18390351
     74.18390351
     74.59031418
     73.57101617
     75.89719791
     75.86140073
     74.45046964
     74.45046964
     70.83199320
     70.83199320
     74.78428645
     74.54238846
     74.54238846
     74.54238846
     74.54238846
     74.54238846
     74.54238846
     76.09638479
     76.41361032
     74.53801780
     74.53801780
     75.41352453
     74.97490674
     74.97490674
     74.97490674
     75.75009530
     75.75009530
     74.49381080
     74.49381080
     74.56606594
     74.56606594
     74.56606594
     74.56606594
     76.52049475
     76.52049475
     76.52049475
     76.52049475
     76.51176020
     74.87640068
     74.87640068
     75.19053166
     75.19053166
     75.09606342
     74.53211089
     75.09452121
     75.09452121
     75.04872405
     74.36938696
     73.04428133
     75.22677319
     75.22677319
     76.67272310
     76.73913550
     76.73913550
     75.55526334
     74.38126391
     74.38126391
     73.62229769
     73.62229769
     73.62229769
     73.62229769
     29.13568865
     40.63360297
     43.12434328
     43.12434328
     43.12434328
     43.12434328
     43.12434328
     43.12434328
     46.41744590
     55.91583319
     55.91583319
     61.88804481
     62.61608061
     62.48980910
     59.69426893
     59.51403938
     66.82741463
     66.82741463
     70.38406683
     70.38406683
     72.45836153
     72.45836153
     74.87918531
     74.87918531
     74.87918531
     74.87918531
     74.85796833
     75.24667643
     75.24667643
     75.26802016
     76.02784332
     76.02784332
     76.02784332
     76.02784332
     73.39709578
     72.40476968
     75.83380893
     75.60035577
     76.58464991
     76.59888911
     76.22772887
     76.22772887
     76.22772887
     77.16770530
     77.23635634
     76.63051634
     76.63051634
     76.63051634
     76.63051634
     76.63051634
     76.36285393
     76.36285393
     76.30974475
     76.33023020
     76.39627924
     76.39627924
     76.24563259
     76.24563259
     76.24563259
     77.08313041
     77.08313041
     77.08313041
     77.09457923
     77.09457923
     76.40502402
     76.47381641
     76.47381641
     76.47381641
     76.02554306
     72.55125104
     72.55125104
     75.72643222
     75.71612550
     74.14584898
     74.14584898
     74.44903427
     74.44903427
     71.77182550
     71.77182550
     75.12496591
     75.21101581
     75.21101581
     75.21101581
     75.60344563
     75.60344563
     76.02773844
     76.02773844
     75.06003983
     75.06003983
     75.06003983
     75.10537657
     75.10537657
     74.20485280
     74.20485280
     74.20485280
     74.20485280
     74.20485280
     74.20485280
     74.20485280
     74.09543745
     74.74355681
     74.74355681
     75.97420335
     75.89344207
     76.01974338
     76.01974338
     76.01974338
     76.01974338
     76.01974338
     74.57899087
     74.57899087
     73.39790080
     73.39790080
     73.39790080
     73.39790080
     76.99167096
     76.99167096
     76.44198865
     76.44198865
     75.99476766
     75.99476766
     75.66580457
     75.66580457
     75.68994080
     75.68994080
     74.50003808
     73.51168844
     74.91741460
     74.91741460
     75.30716327
     75.30716327
     74.99092787
     74.99092787
     74.99092787
     73.22157566
     73.13432350
     73.13432350
     75.76077736
     75.76077736
     75.76077736
     75.76077736
     74.88170383
     74.88170383
     75.48478246
     75.89628471
     74.58557075
     74.58557075
     74.58557075
     74.76187383
     74.76187383
     74.76187383
     74.76187383
     74.76187383
     74.76187383
     72.59529060
     72.59529060
     74.45697318
     74.45697318
     75.04237789
     74.68053926
     74.68053926
     73.49162717
     74.26406936
     74.26406936
     76.84751383
     76.24956984
     73.56655525
     74.68046951
     75.44833178
     73.94820847
     74.36428327
     74.36428327
     74.36428327
     74.36428327
     74.36428327
     70.83567711
     73.27731964
     74.17332075
     74.43110246
     74.18178488
     74.18178488
     74.18178488
     75.87726257
     72.50686078
     71.82829698
     73.23033048
     75.41308563
     75.41308563
     74.50529120
     74.50529120
     74.50529120
     74.50529120
     77.10422020
     77.13147540
     76.86208127
     76.56215294
     76.56215294
     76.02372679
     77.12777602
     77.12334865
