0.000000000000000000e+00 -3.261537985074627777e+00 6.845999999999999308e-02
8.003999999999999559e+00 -3.643037985074627727e+00 6.364000000000000212e-02
1.600799999999999912e+01 -4.274027985074627445e+00 5.906999999999999751e-02
2.401201000000000008e+01 -3.985437985074627321e+00 5.945000000000000284e-02
3.201601000000000141e+01 -4.210677985074627649e+00 5.732999999999999902e-02
4.002000999999999920e+01 -4.188507985074627626e+00 5.804000000000000131e-02
4.802400999999999698e+01 -3.718167985074627424e+00 6.342000000000000415e-02
5.602801000000000187e+01 -3.897087985074627170e+00 6.099000000000000254e-02
6.403202000000000282e+01 -4.636087985074627937e+00 5.387999999999999734e-02
7.203601999999999350e+01 -4.667407985074627952e+00 5.349000000000000282e-02
8.004001999999999839e+01 -4.506437985074627228e+00 5.457000000000000045e-02
9.604801999999999396e+01 -4.132977985074627547e+00 5.861000000000000237e-02
1.040520300000000020e+02 -3.906707985074627132e+00 6.115999999999999909e-02
1.120560300000000069e+02 -3.721317985074627188e+00 6.421000000000000318e-02
1.280640300000000025e+02 -3.169777985074627935e+00 6.825000000000000511e-02
1.360680299999999932e+02 -2.409857985074627784e+00 7.699000000000000288e-02
1.440720399999999870e+02 -3.033877985074627581e+00 6.990000000000000380e-02
1.600800399999999968e+02 -1.059777985074626727e+00 8.858000000000000596e-02
1.680840399999999875e+02 -3.152879850746277413e-01 9.678000000000000491e-02
1.760880400000000066e+02 3.260201492537184720e-02 1.001500000000000029e-01
3.601800900000000070e+02 1.847502014925371583e+00 1.187700000000000006e-01
3.681840900000000261e+02 5.069820149253718711e-01 1.042399999999999993e-01
3.761880899999999883e+02 2.427520149253723503e-01 1.017099999999999949e-01
3.841920999999999822e+02 3.416920149253730443e-01 1.044100000000000028e-01
3.921961000000000013e+02 5.340820149253726612e-01 1.061700000000000005e-01
4.002001000000000204e+02 -7.112279850746272558e-01 9.306000000000000383e-02
4.082040999999999826e+02 -6.342979850746282011e-01 9.361999999999999489e-02
4.162081000000000017e+02 -4.811779850746269460e-01 9.486999999999999600e-02
4.242121099999999956e+02 1.025492014925372786e+00 1.090600000000000042e-01
4.322161100000000147e+02 7.752520149253729898e-01 1.064500000000000030e-01
4.402201099999999769e+02 1.267922014925371599e+00 1.142200000000000021e-01
4.482241099999999960e+02 1.745262014925373251e+00 1.173499999999999960e-01
4.562281100000000151e+02 1.640082014925372533e+00 1.156599999999999989e-01
4.642321200000000090e+02 3.173620149253721934e-01 1.043800000000000006e-01
4.722361200000000281e+02 6.333320149253722775e-01 1.051200000000000051e-01
4.802401199999999903e+02 6.012014925373065921e-03 1.008799999999999975e-01
4.882441200000000094e+02 3.913120149253721536e-01 1.041099999999999942e-01
4.962481199999999717e+02 1.691962014925373126e+00 1.183099999999999985e-01
5.042521300000000224e+02 1.660782014925372252e+00 1.181500000000000050e-01
5.122561299999999846e+02 1.145142014925372820e+00 1.120700000000000029e-01
5.202601300000000037e+02 1.353692014925371723e+00 1.127299999999999969e-01
5.282641300000000228e+02 7.723520149253726430e-01 1.075900000000000051e-01
5.362681300000000419e+02 4.336120149253730460e-01 1.023799999999999988e-01
7.203601800000000139e+02 2.471212014925372458e+00 1.261400000000000021e-01
7.283641800000000330e+02 2.586202014925373049e+00 1.264000000000000123e-01
7.363681800000000521e+02 2.864832014925372761e+00 1.275699999999999890e-01
7.443721900000000460e+02 1.908512014925372924e+00 1.215600000000000014e-01
7.523761899999999514e+02 2.602902014925373209e+00 1.258100000000000052e-01
7.603801899999999705e+02 2.712832014925371737e+00 1.258499999999999897e-01
7.683841899999999896e+02 2.474082014925372164e+00 1.261099999999999999e-01
7.763881900000000087e+02 2.981392014925372536e+00 1.279800000000000104e-01
7.843922000000000025e+02 3.246022014925372901e+00 1.313199999999999923e-01
7.923962000000000216e+02 3.199202014925372595e+00 1.332000000000000128e-01
8.004002000000000407e+02 3.876532014925372138e+00 1.396199999999999941e-01
8.084041999999999462e+02 3.882522014925372744e+00 1.382899999999999963e-01
8.164081999999999653e+02 3.626882014925373099e+00 1.359899999999999998e-01
8.244122099999999591e+02 4.150272014925372233e+00 1.428699999999999970e-01
8.324162099999999782e+02 3.802982014925373022e+00 1.381900000000000073e-01
8.404202099999999973e+02 2.757632014925372133e+00 1.268900000000000028e-01
8.484242100000000164e+02 9.626820149253720871e-01 1.097800000000000026e-01
8.564282100000000355e+02 7.692420149253731410e-01 1.076899999999999941e-01
8.644322200000000294e+02 4.474020149253732370e-01 1.051499999999999935e-01
8.724362200000000485e+02 1.608802014925371893e+00 1.154499999999999971e-01
8.804402199999999539e+02 9.078920149253733030e-01 1.113100000000000062e-01
8.884442199999999730e+02 8.655520149253721485e-01 1.108200000000000018e-01
8.964482199999999921e+02 9.373720149253728096e-01 1.096199999999999952e-01
1.080540269999999964e+03 1.064622014925372895e+00 1.118600000000000011e-01
1.088544270000000097e+03 1.972262014925371787e+00 1.181999999999999995e-01
1.096548270000000002e+03 2.547742014925372445e+00 1.256299999999999917e-01
1.104552280000000110e+03 1.664182014925373210e+00 1.183099999999999985e-01
1.112556280000000015e+03 2.036662014925372688e+00 1.223100000000000021e-01
1.120560279999999921e+03 1.698482014925373207e+00 1.152999999999999997e-01
1.128564280000000053e+03 2.174172014925371599e+00 1.238800000000000040e-01
1.136568279999999959e+03 2.468452014925372140e+00 1.254800000000000082e-01
1.144572290000000066e+03 3.426542014925372470e+00 1.359200000000000130e-01
1.152576289999999972e+03 3.228222014925371752e+00 1.325800000000000034e-01
1.160580290000000105e+03 2.653202014925373220e+00 1.277300000000000102e-01
1.168584290000000010e+03 2.632122014925371900e+00 1.248999999999999971e-01
1.176588289999999915e+03 3.026782014925371911e+00 1.297599999999999865e-01
1.184592300000000023e+03 4.222342014925372311e+00 1.425400000000000000e-01
1.192596299999999928e+03 3.600672014925372366e+00 1.377500000000000113e-01
1.200600300000000061e+03 3.312912014925371906e+00 1.320600000000000107e-01
1.208604299999999967e+03 2.620352014925371620e+00 1.266500000000000126e-01
1.216608300000000099e+03 1.632022014925372133e+00 1.165000000000000063e-01
1.224612309999999979e+03 1.552222014925371596e+00 1.163799999999999973e-01
1.232616310000000112e+03 1.211722014925372903e+00 1.127200000000000008e-01
1.240620310000000018e+03 9.556220149253729090e-01 1.092599999999999960e-01
1.248624309999999923e+03 8.801020149253719893e-01 1.094600000000000017e-01
1.256628310000000056e+03 9.092420149253719330e-01 1.090700000000000003e-01
1.440720360000000028e+03 -4.155798507462726832e-02 1.014100000000000001e-01
1.448724359999999933e+03 -3.395479850746276895e-01 9.816999999999999338e-02
1.456728360000000066e+03 9.297201492537254808e-02 1.009099999999999997e-01
1.464732369999999946e+03 -1.881279850746278015e-01 9.844999999999999585e-02
1.472736370000000079e+03 4.081220149253717011e-01 1.035599999999999993e-01
1.480740369999999984e+03 7.136120149253724065e-01 1.056799999999999962e-01
1.496748370000000023e+03 4.151201492537204274e-02 1.000500000000000000e-01
1.504752379999999903e+03 -2.957985074628410871e-03 9.943000000000000449e-02
1.512756380000000036e+03 -9.133798507462742577e-02 9.909999999999999365e-02
1.520760379999999941e+03 -5.658179850746272166e-01 9.432999999999999718e-02
1.528764380000000074e+03 -1.062967985074626753e+00 8.992999999999999605e-02
1.536768379999999979e+03 -1.151287985074628040e+00 8.871999999999999331e-02
1.544772390000000087e+03 -9.232779850746268835e-01 8.966999999999999971e-02
1.552776389999999992e+03 -1.484507985074627001e+00 8.572000000000000453e-02
1.560780389999999898e+03 -2.371577985074627470e+00 7.839000000000000135e-02
1.568784390000000030e+03 -1.938177985074627685e+00 7.950000000000000122e-02
1.576788389999999936e+03 -2.455007985074627364e+00 7.555000000000000604e-02
1.584792400000000043e+03 -2.583757985074627506e+00 7.520000000000000295e-02
1.592796399999999949e+03 -1.381747985074627039e+00 8.591000000000000025e-02
1.600800400000000081e+03 -1.359437985074627875e+00 8.638999999999999457e-02
1.608804399999999987e+03 -1.004057985074627624e+00 8.999999999999999667e-02
1.616808399999999892e+03 -1.097587985074627071e+00 8.881000000000000005e-02
1.800900450000000092e+03 -2.450547985074627455e+00 7.509000000000000397e-02
1.808904449999999997e+03 -2.237237985074627566e+00 7.807000000000000051e-02
1.816908449999999903e+03 -1.515477985074626943e+00 8.636000000000000620e-02
1.824912460000000010e+03 -6.175379850746267607e-01 9.553999999999999992e-02
1.832916459999999915e+03 -7.075979850746278998e-01 9.266000000000000625e-02
1.840920460000000048e+03 -8.120779850746266959e-01 9.284000000000000585e-02
1.848924459999999954e+03 -1.436697985074626871e+00 8.809999999999999776e-02
1.856928460000000086e+03 -1.832127985074627929e+00 8.140999999999999626e-02
1.864932469999999967e+03 -1.056327985074627662e+00 9.006999999999999729e-02
1.872936470000000099e+03 -1.393417985074627552e+00 8.569000000000000228e-02
1.880940470000000005e+03 -1.782177985074627102e+00 8.233000000000000040e-02
1.888944469999999910e+03 -1.497877985074627105e+00 8.573999999999999677e-02
1.896948470000000043e+03 -1.987387985074628105e+00 7.910000000000000364e-02
1.904952479999999923e+03 -1.816027985074628148e+00 8.380999999999999561e-02
1.912956480000000056e+03 -1.854577985074627122e+00 8.330999999999999517e-02
1.920960479999999961e+03 -2.016767985074627845e+00 8.124000000000000665e-02
1.928964480000000094e+03 -2.221887985074627814e+00 7.940999999999999448e-02
1.936968480000000000e+03 -1.686007985074628124e+00 8.172000000000000097e-02
1.944972490000000107e+03 -2.345827985074627975e+00 7.757000000000000006e-02
1.952976490000000013e+03 -2.004107985074627507e+00 8.140000000000000013e-02
1.960980489999999918e+03 -1.721887985074626926e+00 8.312999999999999556e-02
1.968984490000000051e+03 -1.822387985074627181e+00 8.336000000000000354e-02
1.976988489999999956e+03 -1.331587985074627056e+00 8.641999999999999682e-02
