-197.698849,7.950711218940516,0.5811166265544635
-195.97848193110949,7.933664793139943,0.4958889539447755
-194.258114862219,7.916475458693871,0.39060167669739937
-192.5377477933285,7.899142017429146,0.2401290426407768
-190.81738072443798,7.873164719631806,0.16723213002466927
-189.0970136555475,7.83161700652585,0.30045172610635407
-187.376646586657,7.789919272012757,0.33195346278615356
-185.6562795177665,7.748068609818862,0.2962055447358213
-183.935912448876,7.70606210333705,0.1513236564230715
-182.21554537998549,7.6824205658602445,0.23302128188896748
-180.495178311095,7.6664530786192735,0.3192578930939634
-178.7748112422045,7.6503240585898915,0.3273426155513766
-177.05444417331398,7.634032381259377,0.2645432520834779
-175.3340771044235,7.615882598977638,0.06277749626606892
-173.613710035533,7.575121693119176,0.27501147845294005
-171.89334296664248,7.533735180802356,0.32942207391091505
-170.172975897752,7.492177885301377,0.3146369362927532
-168.4526088288615,7.450446909799954,0.2169358317749112
-166.73224175997098,7.404549463249058,0.1766866691852913
-165.0118746910805,7.352431508506246,0.3030034394756308
-163.29150762218998,7.300130133716099,0.3316190990493977
-161.57114055329947,7.247641693993504,0.29275189098618204
-159.850773484409,7.194962530184004,0.13784646170636244
-158.13040641551848,7.1423584863544,0.23879121543664092
-156.41003934662797,7.0896484958792065,0.3207537061810257
-154.6896722777375,7.03673676991065,0.326031024041774
-152.96930520884698,6.983619620707888,0.2593493050330952
-151.2489381399565,6.950423517653579,0.07373035250512583
-149.52857107106598,7.097419806920701,0.2787886045670701
-147.8082040021755,7.2456101148884535,0.33001285353066495
-146.087836933285,7.39360955778773,0.31251478105943375
-144.36746986439448,7.541428450564073,0.20974023492463742
-142.647102795504,7.625016112500138,0.18640242251820857
-140.9267357266135,7.627001360063847,0.3058017267277345
-139.20636865772298,7.628822324974298,0.3314813418480118
-137.4860015888325,7.630479134068825,0.2895616989591369
-135.76563451994198,7.631971902600643,0.12411982255979857
-134.04526745105147,7.57629673683272,0.24489768778665516
-132.324900382161,7.50509843925369,0.32246938686114845
-130.60453331327048,7.433727362129961,0.32493419920801114
-128.88416624437997,7.362178531325586,0.2544847882055787
-127.16379917548947,7.314003627254582,0.09164381552281534
-125.44343210659898,7.414916857055065,0.2826771258979313
-123.72306503770848,7.5158050174789,0.3301733072010225
-122.00269796881798,7.616521144778691,0.3091283017258337
-120.28233089992747,7.717072258761451,0.19884740109320725
-118.56196383103698,6.993420297644608,0.15575039483127073
-116.84159676214648,7.312823805993222,0.29498588626717537
-115.12122969325597,7.632041133945055,0.32495831631536676
-113.40086262436547,7.951094530527772,0.2828552079677367
-111.68049555547498,8.270006232728068,0.10117817140405265
-109.96012848658448,6.58418950539539,0.22512865730022436
-108.23976141769397,7.227555437482639,0.3135713007366183
-106.51939434880347,7.870729245812871,0.31904227904366406
-104.79902727991298,8.513755758978395,0.24711722478094605
-103.07866021102248,6.361912258344152,0.05807161377272962
-101.35829314213197,6.391675221920369,0.2682311824249725
-99.63792607324147,7.147036667641775,0.32311241070142005
-97.91755900435098,7.9022003775792236,0.30435180906452347
-96.19719193546047,8.657218985893113,0.19138930611574428
-94.47682486656997,6.140099881958182,0.164752470286421
-92.75645779767947,6.790781409535217,0.2972848385661701
-91.03609072878898,7.441240370895972,0.32469523492410757
-89.31572365989847,8.09152210215024,0.2798111696671457
-87.59535659100797,8.724817238554412,0.0858367331473613
-85.87498952211747,7.259498618104832,0.2326032237660865
-84.15462245322696,7.695769322647553,0.31575615808283547
-82.43425538433647,8.131880537444719,0.31817781014543606
-80.71388831544597,8.56786265901366,0.2423018576416951
-78.99352124655547,7.443475996127805,0.06956854800995749
-77.27315417766496,7.556703986485051,0.2740993680187589
-75.55278710877447,7.841847023018378,0.3243904530963155
-73.83242003988397,8.126840751336491,0.30207818285231786
-72.11205297099346,8.411705034735238,0.18218878666686483
-70.39168590210296,7.0507004667563855,0.17727495675503174
-68.67131883321247,7.489944436448756,0.300766267696398
-66.95095176432196,7.929014570517726,0.324690353831998
-65.23058469543147,8.367941471973442,0.2762625859047068
-63.510217626540964,8.7311059610434,0.07239176316326484
-61.78985055765045,7.487005496800013,0.2392099743141964
-60.06948348875997,7.759612114726625,0.3174615727839334
-58.34911641986946,8.0320636927562,0.3166992855113285
-56.62874935097895,8.304379220449622,0.2361589269602822
-54.90838228208847,7.801693822348799,0.08275754152853111
-53.18801521319796,7.812111019363218,0.2786191294731755
-51.467648144307475,7.847264038423422,0.3250697800587477
-49.747281075416964,7.882268126664943,0.29947308627459457
-48.026914006526454,7.917125724037593,0.17223665357143345
-46.30654693763597,8.007045079932826,0.18932143996854706
-44.58617986874546,7.857223090608844,0.3041138926485178
-42.86581279985495,7.707252864628803,0.3242011997522161
-41.14544573096447,7.557123949190956,0.2714951216245571
-39.42507866207396,7.552462245179189,0.05853496686038943
-37.70471159318345,8.41484893891192,0.24685276395477115
-35.984344524292965,8.110111271958434,0.31947129669321667
-34.263977455402454,7.805242994320853,0.31499001417677086
-32.54361038651194,7.500222857410623,0.22892333487255462
-30.82324331762146,8.299040656687911,0.1013949920246903
-29.10287624873095,7.998457753532538,0.2829768327620032
-27.38250917984047,7.695065625858096,0.3254730976007356
-25.662142110949958,7.3915139594342385,0.29625847514740317
-23.941775042059447,7.087781597109771,0.15993706374511354
-22.221407973168965,7.968234051044082,0.1975484301116431
-20.501040904278454,7.88981357843517,0.30632395704496995
-18.780673835387944,7.8112471411281525,0.32340524674425464
-17.06030676649746,7.732529262328232,0.2670171194155776
-15.339939697606951,7.643246570018906,0.05656206577534333
-13.61957262871644,7.448200512275097,0.2518504557859016
-11.899205559825958,7.273746339844653,0.3253549694110417
-10.178838490935448,7.099103263373994,0.32608949301642753
-8.458471422044965,6.92425911018606,0.25468468641056563
-6.738104353154455,6.777320987128608,0.11205500108016304
-5.017737284263944,6.778368757675029,0.2815549294963303
-3.297370215373462,6.779193096689486,0.31430503047335356
-1.5770031464829515,6.779794061725344,0.2666555558633763
0.14336392240755913,6.819116586616193,0.09957723396742411
1.8637309912980413,6.968159989908859,0.20288135460347603
3.584098060188552,6.807301277372975,0.30228005835485383
5.3044651290790625,6.646221149663379,0.30713677123410194
7.024832197969545,6.48490838034127,0.2236983614666692
8.745199266860055,6.498134273520865,0.0955118957905848
10.465566335750566,6.380981063341725,0.2523313747825885
12.185933404641048,6.202092678282273,0.3122948095737886
13.906300473531559,6.022940696097809,0.28986802697429587
15.626667542422041,5.843512630005538,0.15216317738440344
17.34703461131255,6.611305324605329,0.1268338806024544
19.067401680203062,6.481809692564756,0.28431426295283835
20.787768749093544,6.352069959373754,0.3134120239299629
22.508135817984055,6.222077082030584,0.2612837005468562
24.228502886874566,6.348713283133012,0.10660067909646302
25.948869955765048,7.035566595873096,0.21050668578861137
27.66923702465556,6.718632939609396,0.3039780866693099
29.38960409354607,6.401471688373707,0.3052391733336857
31.10997116243655,6.08406073640214,0.2159122651538299
32.83033823132706,7.27060196093743,0.08507768169114928
34.550705300217544,7.205192657024785,0.2580991877700347
36.271072369108055,6.79633617420399,0.3132960989279084
37.991439437998565,6.387257512264004,0.2870983468757619
39.71180650688905,5.977928159025797,0.13936947662436755
41.43217357577956,6.859337311305016,0.14138608172103068
43.15254064467007,6.720810848295745,0.287536442840681
44.87290771356055,6.582056942501598,0.31318540784894244
46.59327478245106,6.4430659223364195,0.2573285856804698
48.31364185134157,6.410756328448432,0.11429953474152332
50.034008920232054,6.546387140687674,0.21670547993146444
51.754375989122565,6.43365267314454,0.3053949958435815
53.474743058013075,6.320670747685771,0.3037036269608624
55.19511012690356,6.207433489897941,0.2094524920800083
56.91547719579407,6.494407197784543,0.06869782794023112
58.63584426468458,6.279492294238199,0.26138972146327955
60.35621133357506,5.996609473085076,0.3132318804527345
62.07657840246554,5.7134487327818455,0.28370086789125
63.79694547135608,5.429990337476003,0.12424003511198815
65.51731254024656,5.38464501784512,0.26451106672920505
67.23767960913705,5.376714763698661,0.33084584491214725
68.95804667802759,5.368463384631813,0.32852471970172686
70.67841374691807,5.359890305470575,0.25568385322984366
72.39878081580855,5.3600956576563625,0.14846362723077117
74.11914788469909,5.394037778613896,0.29720116269285773
75.83951495358957,5.4276599819430125,0.33703602138911626
77.55988202248005,5.460964611183048,0.3127982388759747
79.28024909137059,5.493953987481806,0.20266355233878164
81.00061616026107,5.451110406890795,0.22317562107907382
82.72098322915156,5.348219413323651,0.31897134396281385
84.4413502980421,5.245005308696083,0.3355851102648229
86.16171736693258,5.141460899241398,0.28711379900840445
87.88208443582306,5.037578967669621,0.10576013091466262
89.60245150471354,5.19452220637692,0.2686577646482771
91.32281857360408,5.378269356666866,0.33188573865750737
93.04318564249456,5.561695490538344,0.3272637336686975
94.76355271138505,5.7448133922714,0.25107044562787234
96.48391978027558,5.894055114063921,0.16185477840920212
98.20428684916607,5.9440588129433,0.30098640001406435
99.92465391805655,5.993780929785036,0.3377651003666524
101.64502098694709,6.043224930581292,0.3109354741484371
103.36538805583757,6.092394261155224,0.19589481571602366
105.08575512472805,6.135439118587389,0.23118060124913808
106.80612219361859,6.174327790162355,0.32181758372589075
108.52648926250907,6.212950929623847,0.33593045108552233
110.24685633139956,6.251311228513831,0.28512311503454446
111.9672234002901,6.289411360737237,0.09431610786262662
113.68759046918058,6.186304245960915,0.27512682391333654
115.40795753807106,6.075260553120362,0.3337873933558255
117.1283246069616,5.9639444232587415,0.3259781726259732
118.84869167585208,5.852348097447479,0.24543139160313854
120.56905874474256,5.841966985362266,0.17233370684033078
122.2894258136331,6.072845979712898,0.3040587906158202
124.00979288252358,6.303452368314598,0.33819325030085706
125.73015995141407,6.533802224639775,0.308988345764656
127.4505270203046,6.763911603484136,0.18906043582880738
129.1708940891951,6.949283988406538,0.23896142578573218
130.89126115808557,7.109772905616413,0.3246372846872558
132.6116282269761,7.270061489927631,0.33626451546466435
134.3319952958666,7.430160913220394,0.28312202085757887
136.05236236475707,7.5900823341867785,0.08144294139578316
137.77272943364756,7.464909255412639,0.28141234823972067
139.4930965025381,7.336941899139337,0.3359745020032724
141.21346357142858,7.20879004340259,0.32555231879142527
142.93383064031906,7.08044475586593,0.24188287736656017
144.6541977092096,7.020650615316189,0.18568962884867862
146.37456477810008,7.095074325910733,0.30832241353021944
148.09493184699056,7.169296678961363,0.33918050803564975
149.8152989158811,7.243322847812923,0.3072919262199676
151.53566598477158,7.317157991948481,0.1822407634582637
153.25603305366207,7.576015530451119,0.2465431735441035
154.9764001225526,7.919520397842295,0.32744111937681525
156.6967671914431,8.26288137056628,0.3366098442701408
158.41713426033357,8.60612238047128,0.2811596267196897
160.1375013292241,8.940444067426089,0.103365215857815
161.8578683981146,9.01934827116867,0.28754847527159466
163.57823546700507,9.098185237069462,0.3383385007341516
165.2986025358956,9.176960459750322,0.32566804711627034
167.0189696047861,9.255679429928765,0.23967058124481522
168.73933667367658,7.9261475700239465,0.05815345158259193
170.45970374256711,8.14336609591027,0.26677935538859093
172.1800708114576,8.553706198060983,0.32069507410612386
173.90043788034808,8.96394660764378,0.2991881114108136
175.62080494923862,9.37411591793256,0.1765562061119285
177.3411720181291,7.5690028010801065,0.1621067385165293
179.06153908701958,7.69013831427873,0.299021179550519
180.78190615591006,7.811113945089634,0.33187108108368024
182.5022732248006,7.9319381258864645,0.2974199365391454
184.2226402936911,8.052619277561408,0.15610328013163216
185.94300736258157,8.151149216009745,0.23119042798273678
187.6633744314721,8.239563652464714,0.3188935171499349
189.3837415003626,8.327856500886416,0.3280447323412516
191.10410856925307,8.416033915052768,0.2668547881732561
192.8244756381436,8.494636368993898,0.06417088294687762
194.5448427070341,8.427220023953684,0.27420549564260926
196.26520977592457,8.355869020282118,0.32955658595833964
197.9855768448151,8.284404535197897,0.31577679312037993
199.7059439137056,8.212821587436853,0.22024643872249616
201.42631098259608,8.195451701301241,0.1743663430084115
203.14667805148662,8.265518545821184,0.302518599669141
204.8670451203771,8.335465611233023,0.33213399067792865
206.58741218926758,8.405297773163799,0.2946104472130395
208.30777925815812,8.475019898598877,0.14476853922873462
210.0281463270486,8.557107861651676,0.23784273716734441
211.74851339593909,8.643698807925322,0.32086623579563217
213.46888046482962,8.730196334076656,0.32721724179036704
215.1892475337201,8.816606468895603,0.2625228776933854
216.9096146026106,8.905745384390404,0.07616283614117006
218.62998167150113,9.023499993682837,0.27872009657901503
220.3503487403916,9.1415170730773,0.3306942446602027
222.0707158092821,9.259475429641899,0.3143813378156004
223.79108287817257,9.377383284558679,0.21473887574190115
225.5114499470631,9.467309834526706,0.18611572794227096
227.2318170159536,9.519468598877612,0.3061180288877454
228.95218408484408,9.571594983219772,0.33261871483983885
230.67255115373462,9.62369262072838,0.2922749886293166
232.3929182226251,9.675765142179277,0.13442320284125353
234.11328529151558,9.620472008844732,0.24505427713796543
235.83365236040612,9.533620108641177,0.32303646822577686
237.5540194292966,9.44673681470471,0.3263076009368449
239.27438649818708,9.359816071248535,0.2577294372324557
240.99475356707762,10.135053637512957,0.07275512306847914
242.7151206359681,10.381831852703105,0.26941977706234294
244.4354877048586,10.058549424679715,0.32554437226233834
246.15585477374913,9.735272189851404,0.30974770236831917
247.8762218426396,9.411977616086293,0.20610123921897147
249.5965889115301,10.751308149840217,0.16677388413058528
251.31695598042063,10.351851698609213,0.2989408033633774
253.0373230493111,9.952420883190204,0.3279306125049358
254.7576901182016,9.552987864140906,0.28694466911504474
256.47805718709213,9.153524800796223,0.11728106138022025
258.1984242559826,11.127195968784296,0.23360845110108816
259.9187913248731,10.724473108271074,0.31765162475491326
261.63915839376364,10.321801854739252,0.3224350278350722
263.3595254626541,9.919154142689255,0.2525057216176078
265.0798925315446,11.204314854630585,0.08440367592669244
266.8002596004351,11.38727909933488,0.2754642645195221
268.5206266693256,11.009801567683613,0.32728066527213684
270.2409937382161,10.632395530257728,0.30850409623342695
271.9613608071066,10.255034682295733,0.2001590950949357
273.6817278759971,11.900608490700112,0.18075738272160646
275.4020949448876,11.4656582816794,0.3031168651535953
277.1224620137781,11.030811339647077,0.3285709033866484
278.84282908266863,10.596037356152639,0.2844551424542575
280.5631961515591,10.164476910938166,0.10409334651613728
282.2835632204496,11.174808072072498,0.23945472791150807
284.00393028934013,10.950526203943983,0.31931776446555044
285.7242973582306,10.726311698723809,0.3215275872585576
287.4446644271211,10.502148928640683,0.24816813965100873
289.16503149601164,11.546103839003255,0.09323568725048853
290.8853985649021,11.414570685013988,0.27930126377538506
292.6057656337926,11.084612271272423,0.3278527636849391
294.32613270268314,10.754730565935066,0.3062736950305246
296.0464997715736,10.42490257677088,0.19223372680999587
297.7668668404641,11.328916797891399,0.18737526061787665
299.48723390935464,11.093536088631996,0.30484898259659016
301.2076009782451,10.858232709769656,0.32795276644113397
302.9279680471356,10.622990260896646,0.28102296855668396
304.64833511602615,10.423531792394503,0.09127266579202926
306.36870218491663,11.35232326670388,0.24517522335969932
308.0890692538071,11.106256888569593,0.3207988939788528
309.8094363226976,10.860268727550821,0.32017348815762087
311.52980339158813,10.614341638552961,0.24271006326633945
313.2501704604786,11.040821420242597,0.09884381588999508
314.97053752936915,10.900889380800951,0.2819546361295534
316.69090459825964,10.724194982532541,0.3278039843927744
318.4112716671501,10.547552172418879,0.3035342603014674
320.1316387360406,10.37094863799729,0.1831036043565968
321.8520058049311,11.320855324245773,0.1960372377271819
323.5723728738217,11.11765229134227,0.30729434831963764
325.29273994271216,10.914528269620352,0.3274594092218292
327.01310701160264,10.711469101521917,0.2771889458600488
328.7334740804931,10.5793819364082,0.08083370120531509
330.4538411493836,11.189607132582584,0.2502507449159109
332.1742082182741,11.077034584208779,0.32205207420796234
333.89457528716457,10.964538216065595,0.31876068243603417
335.61494235605517,10.85211018732372,0.23727062564224655
337.33530942494565,11.335166135771775,0.11242871592911542
339.05567649383613,11.330207490957779,0.2859429269947062
340.7760435627266,11.320066457551722,0.32862804901300186
342.4964106316171,11.31001854324126,0.30179908243952536
344.2167777005076,11.300063048040958,0.17611790552641376
345.9371447693982,10.769946505279169,0.20255615239744668
347.65751183828866,10.613595418572178,0.31244513249924766
349.37787890717914,10.457288210795983,0.3361560196124069
351.0982459760696,10.301013987894923,0.29524567500676463
352.8186130449601,10.144761857675181,0.1418526575245864
354.5389801138506,10.391311779661184,0.25175270775417796
356.2593471827412,10.740404077558939,0.31582580252839154
357.97971425163166,11.089549092833412,0.30030996826319284
359.70008132052214,11.438771160819673,0.18627178814794332
361.4204483894126,10.436418558720167,0.12354805591783698
363.1408154583031,10.459998685191128,0.285082749483068
364.8611825271936,10.48361198557831,0.31803651316170223
366.5815495960842,10.50726010525273,0.27366916566538885
368.30191666497467,10.532962264400798,0.11342278180846267
370.02228373386515,10.51987548930828,0.2084413719304017
371.74265080275563,10.438439107598814,0.3055631570039599
373.4630178716461,10.357034396727105,0.3116394589420504
375.1833849405366,10.275655683041467,0.23387983981705432
376.9037520094271,10.063533115381578,0.11230347111475063
378.6241190783177,10.033665819969602,0.25622552113021496
380.34448614720816,10.073671194776356,0.3158877772817957
382.06485321609864,10.113682816481916,0.2961760510692567
383.7852202849891,10.15370347431389,0.17162065777681398
385.5055873538796,9.231191982384022,0.13200632525783643
387.2259544227701,9.522724290567854,0.28668408766622805
388.9463214916607,9.814224445636288,0.317248074760173
390.66668856055117,10.105712764353488,0.2698268715510832
392.38705562944165,10.218013761495346,0.1212650402038726
394.10742269833213,9.578842585485294,0.2134128258951462
395.8277897672226,9.534788950430201,0.3062735251446491
397.5481568361131,9.490704002775036,0.3092025709777505
399.2685239050037,9.446584670235271,0.22572950615497922
400.9888909738942,9.989800909095894,0.10234327291692925
402.70925804278465,10.015505109430482,0.26099486147066325
404.42962511167514,9.878602205176097,0.3161830842205035
406.1499921805656,9.741691951879265,0.2923714529914133
407.8703592494561,9.604764807128678,0.15697849867358418
409.5907263183467,10.672268203917898,0.15158125263486516
411.3110933872372,10.424945881635043,0.291219375455864
413.03146045612766,10.17765428966533,0.3168516991649989
414.75182752501814,9.93037619247372,0.2640834062780694
416.4721945939086,9.985151486358237,0.12375361516538283
418.1925616627991,10.757371187638004,0.22357234762981348
419.9129287316896,10.834974662151982,0.31003769103044854
421.6332958005802,10.912637445899808,0.31061338059785365
423.35366286947067,10.990364951414282,0.22595707840388973
425.07402993836115,11.005685615378017,0.22881987066657744
426.79439700725163,10.958852236497822,0.3235466222778845
428.5147640761421,10.912086800634942,0.3427061247693466
430.2351311450326,10.865386048342263,0.3010935163926161
431.9554982139232,10.818746724651934,0.15589868717999644
433.6758652828137,10.898161455972915,0.2734520681090097
435.39623235170416,11.000133906582281,0.33718086432445427
437.11659942059464,11.102177177678474,0.3363699943912095
438.8369664894851,11.204298381442758,0.2704392627996091
440.5573335583756,11.305797748159993,0.17184455395076184
442.2777006272662,11.404489876280255,0.3060929517250675
443.9980676961567,11.50328100795014,0.34435480957464537
445.71843476504716,11.602178028723191,0.3227994867641234
447.43880183393765,11.70118783149383,0.22482594842325201
449.1591689028281,11.732149956300024,0.23829291021506563
450.8795359717186,11.705983698290883,0.32718181622592696
452.5999030406092,11.679937457588782,0.3436085478690368
454.3202701094997,11.654009418775164,0.2997386578749301
456.04063717839017,11.62819777474505,0.149563895066542
457.76100424728065,11.385400454944833,0.27993853619877185
459.48137131617113,11.116149706809725,0.3388169058314575
461.2017383850616,10.84697786525425,0.3343035512134364
462.9221054539522,10.57786616913069,0.2631551691993494
464.6424725228427,10.386216242110667,0.1768893196107805
466.3628395917332,10.441753640198616,0.3070592175202031
468.08320666062366,10.497322940401322,0.3429588086896331
469.80357372951414,10.552928015643491,0.3182805075337595
471.5239407984046,10.608572741598895,0.2128990948503158
473.2443078672951,10.557939820833443,0.24035160923684618
474.9646749361857,10.432242268049382,0.3268812753193987
476.6850420050762,10.306575954333315,0.34090946610177203
478.40540907396667,10.180932120886727,0.2930446989820519
480.12577614285715,10.055302010434108,0.12574061715123513
481.84614321174763,10.123981175744863,0.28078803778082356
483.5665102806381,10.206503817643071,0.3382887846095374
485.2868773495287,10.289041965107348,0.33212548662395336
487.0072444184192,10.371601370552984,0.2577690466050085
488.7276114873097,10.50590678026828,0.18640392169238984
490.44797855620016,10.772557580466131,0.31029414364071745
492.16834562509064,11.039263339281778,0.34407577673615064
493.8887126939811,11.306042645668189,0.3179145148652463
495.6090797628717,11.572914093959984,0.21052820014701912
497.3294468317622,11.67096416959328,0.2504952191237191
499.0498139006527,11.669296976776995,0.33116302482063154
500.77018096954316,11.667747244138301,0.34264845051992826
502.49054803843364,11.666314863790891,0.2932013767800863
504.2109151073241,11.664999735859059,0.1238444322135323
505.9312821762147,11.563497498754433,0.2888042815272373
507.6516492451052,11.459643400811505,0.3413871486246262
509.3720163139957,11.355892150227422,0.3322507786222973
511.09238338288617,11.252236516084228,0.2548379506121241
512.8127504517767,11.193489784105513,0.19877594955835376
514.5331175206671,11.228535604067876,0.3142226479520962
516.2534845895576,11.263668163757249,0.34433252816471976
517.9738516584482,11.29888991181787,0.3146497399493142
519.6942187273387,11.334203303198368,0.20012277664715683
521.4145857962292,11.232403300505045,0.25408447864290296
523.1349528651197,11.063431810178376,0.3311323885677397
524.8553199340101,10.894535551891924,0.3391891092602247
526.5756870029006,10.725702753978855,0.2841869230257787
528.2960540717912,10.521074990026595,0.0967101597707378
530.0164211406817,9.82035024785478,0.22323422348443617
531.7367882095722,9.939715800639878,0.311894010949872
533.4571552784627,10.05907826404962,0.31611936314612205
535.1775223473531,10.178445957363923,0.24040588890463047
536.8978894162436,9.680190136773152,0.06860875291250415
538.6182564851342,9.654399269810714,0.2692634132173401
540.3386235540247,9.72009387303098,0.32912037445664205
542.0589906229152,9.785770079203875,0.3194143173522436
543.7793576918057,9.85143246626939,0.2315532044106569
545.4997247606962,9.917526653765155,0.163774779198414
547.2200918295866,9.984529822586698,0.2999641079070725
548.9404588984772,10.051533025415498,0.33329400520962593
550.6608259673677,10.118540932495709,0.30024547690175457
552.3811930362582,10.18555821392886,0.16480287048698142
554.1015601051487,10.223227046909248,0.23180088433365093
555.8219271740392,10.246650657354568,0.3197076522022015
557.5422942429296,10.2700925713815,0.32968500250245425
559.2626613118201,10.293554422589356,0.2705015903435445
560.9830283807107,10.316220820613072,0.07406117388332602
562.7033954496012,10.324106609178958,0.27472138287683173
564.4237625184917,10.33153052153131,0.3305966056002875
566.1441295873822,10.338978653407313,0.3180192680891434
567.8644966562726,10.346451524030389,0.225822898580702
569.5848637251631,10.333505525938396,0.17539981055500456
571.3052307940537,10.285485794590787,0.3032549516125711
573.0255978629442,10.237487073544518,0.33339670768327384
574.7459649318347,10.189506017509078,0.29722018892640645
576.4663320007252,10.14153928194526,0.15335133942808993
578.1866990696157,10.109518295400964,0.23793300873829862
579.9070661385061,10.083839335224983,0.3213775094093859
581.6274332073967,10.058167330660527,0.32850948981576067
583.3478002762872,10.03250049272896,0.2655529192360865
585.0681673451777,10.006483763710609,0.07875169699561595
586.7885344140682,9.97633382259352,0.27846216085530584
588.5089014829587,9.94611739584224,0.3310530167015517
590.2292685518491,9.915898325806726,0.3155786651235925
591.9496356207397,9.88567450631314,0.21799029184853702
593.6700026896302,9.848368639150582,0.18376079043513713
595.3903697585207,9.800896766445081,0.30542365387864984
597.1107368274112,9.753412128824497,0.33263425750613246
598.8311038963017,9.705911416752716,0.293016537695744
600.5514709651922,9.65839131908098,0.1375359010004293
602.2718380340826,9.779487376935155,0.22078681582510953
603.9922051029732,9.761046311782199,0.3136141029711391
605.7125721718637,9.742589704240405,0.32312228703868406
607.4329392407542,9.724116267651485,0.2586718507138329
609.1533063096447,9.362630443226696,0.06774567313583485
610.8736733785352,9.260102231799866,0.2652610161561549
612.5940404474256,9.445960239395905,0.32426410461813887
614.3144075163162,9.631780743449841,0.31034084357171055
616.0347745852067,9.817576695205961,0.209412588481099
617.7551416540972,9.212505292284792,0.15515477976193784
619.4755087229877,9.505421475619361,0.2956013543530884
621.1958757918782,9.79830429988954,0.32724260265290933
622.9162428607686,10.091174178417138,0.2884461492823958
624.6366099296592,10.38405152402061,0.12535502090077308
626.3569769985497,9.28162516632057,0.22570690182004002
628.0773440674402,9.636388736767064,0.3149706026004673
629.7977111363307,9.991128076155523,0.322372815531381
631.5180782052212,10.345867909599068,0.2551434418363014
633.2384452741117,9.293909286282034,0.06995586815121432
634.9588123430023,9.0884737865826,0.2691841309798385
636.6791794118927,9.482420803397819,0.325027623922855
638.3995464807832,9.876332857639287,0.30858995972185993
640.1199135496737,10.270237404692356,0.20300643685074338
641.8402806185642,9.624861067107137,0.1681647976548411
643.5606476874547,9.768274104905121,0.29912232319286114
645.2810147563451,9.911672104000164,0.32734385061570936
647.0013818252357,10.05506505896722,0.2851733248684764
648.7217488941262,10.198458851733395,0.10944439355911473
650.4421159630167,10.121155997762518,0.23431842022989519
652.1624830319072,10.082081539978677,0.3174461117195868
653.8828501007977,10.043013915404462,0.3212160051169475
655.6032171696882,10.003950401139836,0.2492566099726265
657.3235842385787,10.356206570588316,0.08232782977312157
659.0439513074692,10.291394715609673,0.27564637623687877
660.7643183763597,10.142209552315993,0.32648765315403205
662.4846854452502,9.993035413210581,0.3062051770303485
664.2050525141407,9.843861900898336,0.1935965272050012
665.9254195830312,10.526427819635618,0.18126315547603358
667.6457866519218,10.270157697207257,0.30275585641301617
669.3661537208122,10.013907516943565,0.3271135767022447
671.0865207897027,9.757659418155644,0.28086858020108346
672.8068878585932,9.509340868453709,0.08943957679342508
674.5272549274837,9.782481874525107,0.2399842228751369
676.2476219963742,9.613707266056682,0.3187055581824956
677.9679890652648,9.444906845515963,0.3193687694446212
679.6883561341552,9.276068848245078,0.24261508496110415
681.4087232030457,10.75239814179253,0.09482100845234501
683.1290902719362,10.422549656704806,0.2804596190563124
684.8494573408267,9.949371781824428,0.32712324033323026
686.5698244097172,9.476191490491832,0.30318436995796744
688.2901914786077,9.002975802594964,0.18272064638062
690.0105585474982,10.559766586220352,0.19188727896798305
691.7309256163887,10.079841942717625,0.3057508808852289
693.4512926852792,9.599923976243364,0.3266682533040021
695.1716597541697,9.119979237235501,0.2766045111893004
696.8920268230602,8.804212931887268,0.074032758962508
698.6123938919507,10.662667905700463,0.24859780117206678
700.3327609608413,10.068177381460519,0.3212098322621717
702.0531280297317,9.473692721342193,0.31805325619910346
703.7734950986222,8.87917249067073,0.23610729864336555
705.4938621675127,11.143988181656656,0.10934351412865242
707.2142292364032,11.352587814622215,0.287545525431137
708.9345963052937,11.505797704702136,0.33629059288044943
710.6549633741843,11.659113659155938,0.3203796865077737
712.3753304430747,11.812546364290828,0.22657197142079852
714.0956975119652,11.94457841910091,0.20273681057671222
715.8160645808557,12.04875966006097,0.3053228309250611
717.5364316497462,12.153084809339195,0.31601593875427275
719.2567987186367,12.257561138171472,0.24705504267111972
720.9771657875273,12.001410605070479,0.1296954382277124
722.6975328564178,11.921018807794784,0.25346775949816913
724.4178999253082,12.069209855840885,0.3172229731184069
726.1382669941987,12.217546237531568,0.30252957070642744
727.8586340630892,12.366038291551437,0.19215760643268234
729.5790011319797,11.842528104887155,0.12632677268464046
731.2993682008702,12.065561327073372,0.28644790062758974
733.0197352697608,12.28875700518103,0.3204281689689361
734.7401023386512,12.512113319208485,0.2789753060236309
736.4604694075417,12.684596084283047,0.12304491633684472
738.1808364764322,12.269407470904358,0.21104201321901161
739.9012035453227,12.196858169787536,0.3074174339357531
741.6215706142132,12.124463099560078,0.31458711829325525
743.3419376831038,12.052217213794368,0.24066304992361373
745.0623047519942,12.193935779868188,0.12500075942997546
746.7826718208847,12.308830905637937,0.2592775692823764
748.5030388897752,12.350347236644215,0.31843973477989196
750.2234059586657,12.392028496180618,0.3002850298952007
751.9437730275562,12.433877589340913,0.1830940460969358
753.6641400964468,11.871654849998468,0.14020381204754515
755.3845071653373,12.033195648722373,0.2895017965798642
757.1048742342277,12.19487927080377,0.32008525439240565
758.8252413031182,12.356716985808848,0.2749402593778735
760.5456083720087,12.384493536577285,0.12863044239607266
762.2659754408992,11.870052074962192,0.2173427703194724
763.9863425097898,12.020317307955825,0.3090702890628046
765.7067095786803,12.17072446692848,0.31357467303103814
767.4270766475707,12.321284034993997,0.23590794326802797
769.1474437164612,12.234721974835484,0.11681598030402485
770.8678107853517,12.336652383777793,0.26363980544054955
772.5881778542422,12.513088433550767,0.3191826174589107
774.3085449231327,12.689700754959919,0.2980978468241312
776.0289119920233,12.866501657375498,0.1745183868556932
777.7492790609138,12.705285481377363,0.15670673194380164
779.4696461298042,12.843537431236403,0.29424650875301367
781.1900131986947,12.981988684379449,0.32201762579059207
782.9103802675852,13.120648890616255,0.2755082603729813
784.6307473364757,13.240257536130063,0.16757044435525079
786.3511144053663,13.240388715993394,0.30566432280435846
788.0714814742568,13.2407468593421,0.3465846088752839
789.7918485431472,13.241331991053986,0.3288737351508325
791.5122156120377,13.242144151969743,0.23987177960797285
793.2325826809282,13.307866070882543,0.23584768204158654
794.9529497498187,13.442183686992852,0.32789678970066777
796.6733168187093,13.576742331119423,0.3477431475307093
798.3936838875998,13.7115513822086,0.30960433366792717
800.1140509564902,13.846620236049265,0.17971631915277275
801.8344180253807,13.872622481631144,0.281134621971811
803.5547850942712,13.877081709446148,0.3421459886777121
805.2751521631617,13.881812277444627,0.3416307860992197
806.9955192320523,13.886814515266511,0.2792485036345987
808.7158863009428,13.882530935181254,0.182304802330738
810.4362533698333,13.835321668545877,0.31045272951768
812.1566204387237,13.788380831319902,0.3479496466668338
813.8769875076142,13.741705151946238,0.3275761011332333
815.5973545765047,13.695291376953438,0.23470938719280723
817.3177216453952,13.72539448384629,0.24319922914474992
819.0380887142858,13.823743085945868,0.33056236504186515
820.7584557831763,13.922359310612311,0.34790271891663643
822.4788228520667,14.021250031086655,0.3073168056441785
824.1991899209572,14.12042214012428,0.17171492290848223
825.9195569898477,14.068105612128367,0.2862803024826878
827.6399240587383,13.994624627646889,0.3436826007377568
829.3602911276288,13.921423175799365,0.34053502857691287
831.0806581965193,13.8484961547469,0.27476342200757903
832.8010252654097,13.741935754336229,0.19148492837905698
834.5213923343002,13.517972662607807,0.31308622854211443
836.2417594031907,13.294255881387247,0.34748048446554863
837.9621264720812,13.07076981812185,0.3237775683893498
839.6824935409717,12.847498896065591,0.22424591568970415
841.4028606098622,12.539243801280694,0.2455062362432851
843.1232276787526,12.16721594022636,0.3296310231493868
844.8435947476434,11.795340243837249,0.3433248599156392
846.5639618165338,11.423590792817837,0.29651631542530044
848.2843288854243,11.051941676440098,0.13710637836099424
850.0046959543148,10.975243724790179,0.2813536816874588
851.7250630232053,10.924712708298504,0.3390222594236491
853.4454300920958,10.874247255375398,0.33345777219935974
855.1657971609862,10.82384384877611,0.2606392742744167
856.8861642298767,10.770448207432086,0.1847560191874889
858.6065312987672,10.708697477200932,0.30952985637688973
860.3268983676577,10.646997254583656,0.34333626046276106
862.0472654365482,10.585343239102773,0.3167871640616008
863.7676325054387,10.52373113370368,0.20791056858004678
865.4879995743291,10.641954187815262,0.2444006570133903
867.2083666432198,10.873400967784736,0.32866618077360804
868.9287337121103,11.104909735010782,0.34183168422602794
870.6491007810008,11.336496625420185,0.2936264090782489
872.3694678498913,11.568177780194222,0.12694731728856803
874.0898349187818,11.446810605891645,0.28679568431445995
875.8102019876723,11.311289434048096,0.3407561687099527
877.5305690565627,11.17586076968269,0.33260013756539936
879.2509361254532,11.040515173715281,0.2564653746216928
880.9713031943437,10.953593059867732,0.19538916570152462
882.6916702632342,10.97501148231709,0.3127156030547756
884.4120373321247,10.996498974193518,0.34311930238552174
886.1324044010152,11.018057033055872,0.3130525628664525
887.8527714699059,11.039687161589146,0.19646552447569368
889.5731385387963,11.516980017354914,0.15303141237509635
891.2935056076868,11.386462797249752,0.29391434515916665
893.0138726765773,11.256043324010026,0.32385423010905734
894.7342397454678,11.125712507907398,0.2809119613740589
896.4546068143583,10.996642240920952,0.09482742806085034
898.1749738832488,10.96596983705837,0.22444743010035337
899.8953409521392,10.798932502419067,0.31772807621013766
901.6157080210297,10.631951964529154,0.3310602989269883
903.3360750899202,10.46501658515837,0.276276010142756
905.0564421588107,10.300669128805172,0.07522995320870322
906.7768092277012,10.23588795125551,0.2686657172443792
908.4971762965916,10.1776740141126,0.32922670346889527
910.2175433654824,10.119473572932126,0.3202723550203607
911.9379104343728,10.06128257117513,0.23394897628766562
913.6582775032633,10.013682136576737,0.16016245241963684
915.3786445721538,9.989564690326066,0.29896168170476684
917.0990116410443,9.96544762913624,0.33322397643273227
918.8193787099348,9.941329271815736,0.3010621929657084
920.5397457788252,9.91720793769679,0.16784837313587508
922.2601128477157,9.966812614246297,0.22911640309866696
923.9804799166062,10.054698771758073,0.3188463978151123
925.7008469854967,10.142589854086228,0.3298242593024553
927.4212140543872,10.2304919868447,0.27177078831530715
929.1415811232777,10.311041534091888,0.07183739669203494
930.8619481921684,10.232733558909164,0.27294929914522625
932.5823152610589,10.148063139710704,0.3300802882802509
934.3026823299493,10.06340415238839,0.31837916284185275
936.0230493988398,9.978750696954936,0.2274556842840428
937.7434164677303,9.926050960559511,0.17083616970626905
939.4637835366208,9.931853464240536,0.30189317315783987
941.1841506055113,9.937652330428879,0.33321037822345023
942.9045176744017,9.943447963293185,0.29809318440123217
944.6248847432922,9.949240766970721,0.1569218863212107
946.3452518121827,9.982718880488566,0.23552426259779594
948.0656188810732,10.028021032672147,0.32067167619275794
949.7859859499637,10.073326250316033,0.32884526048586843
951.5063530188542,10.11863769075541,0.26720741509796675
953.2267200877449,10.158177883763475,0.07589547412299702
954.9470871566353,10.119588105015229,0.2770864373864249
956.6674542255258,10.079355467554425,0.3308427903203738
958.3878212944163,10.039129473258587,0.31636647202376755
960.1081883633068,9.99890731862553,0.22060521252088328
961.8285554321973,11.587106776032616,0.15026223075865347
963.5489225010878,11.179651879916097,0.2948607013161053
965.2692895699782,10.772280316414086,0.32877600170787613
966.9896566388687,10.364963692350049,0.2933208366208251
968.7100237077592,9.957673618080722,0.14410775658634203
970.4303907766497,11.151376688960173,0.2221179546327542
972.1507578455402,10.88818657981557,0.31454270504854154
973.8711249144309,10.625059488639014,0.3244720593682334
975.5914919833214,10.361977075587394,0.2614826319114371
977.3118590522118,10.831853030468043,0.07311427346265588
979.0322261211023,11.216203246944193,0.26768255798742496
980.7525931899928,10.885494235808952,0.32578436240311454
982.4729602588833,10.554848054853498,0.3120752369167704
984.1933273277738,10.224241658341104,0.21311504408543033
985.9136943966643,11.457489415601746,0.16060039101518878
987.6340614655547,11.052404350285602,0.2974517585487262
989.3544285344452,10.64739374883283,0.3284664257133241
991.0747956033357,10.242429382141214,0.28988934149109197
992.7951626722262,9.837483024476743,0.13003003705296837
994.5155297411167,10.724751504350653,0.22763524895218554
996.2358968100074,10.467685959309225,0.3158560203741657
997.9562638788979,10.210654123606506,0.3230356952114232
999.6766309477883,9.953638082494368,0.2560862935682878
1001.3969980166788,10.51577363772316,0.07561814163250007
1003.1173650855693,10.76883318261088,0.27101456833777815
1004.8377321544598,10.59257804174121,0.32614971691602007
1006.5580992233503,10.416365314963574,0.30981902441582493
1008.2784662922408,10.240182720440604,0.2056418508605796
1009.9988333611312,10.82661305244989,0.16896941708232346
1011.7192004300217,10.677917510984518,0.29962191412659445
1013.4395674989122,10.52927033190105,0.32815041715630966
1015.1599345678027,10.380661154290298,0.28685165436903326
1016.8803016366934,10.232079620800906,0.11648921081808851
1018.6006687055839,11.050760423540684,0.23452634127649438
1020.3210357744744,10.839864996193516,0.3178751891754053
1022.0414028433648,10.629029218448583,0.32219338362063454
1023.7617699122553,10.418238395568043,0.25158536723187624
1025.4821369811457,10.84044567189341,0.08301037307420459
1027.2025040500362,10.950119533541685,0.2752706631586221
1028.9228711189267,10.898188750418118,0.3270256552816396
1030.6432381878171,10.84632168248567,0.30801212055356775
1032.3636052567076,10.794514714431731,0.19886586752068833
1034.083972325598,11.195880766260021,0.17972465414714411
1035.8043393944886,11.099737932935287,0.3027110333090866
1037.524706463379,11.003672862488035,0.3282667797414311
1039.24507353227,10.90767885907275,0.2840436127992982
1040.9654406011605,10.81555088747547,0.10331784318253671
1042.685807670051,11.192070341959326,0.24054150291298543
1044.4061747389414,11.04565990576862,0.31956183581512976
1046.126541807832,10.899323463262764,0.3211735974892548
1047.8469088767224,10.753050814574639,0.2468980376333744
1049.567275945613,10.60458730472607,0.0895306948900546
1051.2876430145034,10.641345751326075,0.2787994854582855
1053.0080100833939,10.683249816740105,0.32743674947829643
1054.7283771522843,10.725202615955656,0.30565496668962927
1056.4487442211748,10.767207073174351,0.19067173292649112
1058.1691112900653,11.5653615630921,0.18966780434883404
1059.8894783589558,11.35081323763109,0.3055013859718413
1061.6098454278463,11.13636017454866,0.3278579148142064
1063.3302124967367,10.921987426391244,0.2801017139564289
1065.0505795656272,10.724508409352612,0.08884131247374956
1066.7709466345177,11.110678584511394,0.24689892731426388
1068.4913137034082,11.216863979097301,0.32614924432899667
1070.2116807722987,11.323135299785068,0.3328644412446043
1071.9320478411892,11.429499953461917,0.2724638216694578
1073.6524149100796,11.521305711265715,0.10813980523955538
1075.3727819789701,11.444118177502961,0.2812725621679894
1077.0931490478606,11.3657729046019,0.3193901406051414
1078.813516116751,11.287523936589995,0.2812809586359807
1080.5338831856416,11.209365819744736,0.10214998542401314
1082.2542502545325,11.739901522663164,0.19970322675086397
1083.974617323423,11.78133664694548,0.30427205801223633
1085.6949843923135,11.822897040419381,0.31567726869132534
1087.415351461204,11.864585599919113,0.24717465103792222
1089.1357185300944,11.670259793666222,0.12936220688244673
1090.856085598985,11.653557416693108,0.2508411737597776
1092.5764526678754,11.827355085915205,0.3164983474261611
1094.2968197367659,12.00128123189933,0.3030452687597026
1096.0171868056564,12.175347977062533,0.1947168808846031
1097.7375538745468,11.153251265390455,0.11647289771359352
1099.4579209434373,11.278054218317383,0.2839497882058364
1101.1782880123278,11.404121241307738,0.31939390507457754
1102.8986550812183,11.530287242243677,0.27860850935434595
1104.6190221501088,11.648108147318968,0.11490456985300704
1106.3393892189993,11.6469385819446,0.2069852880100584
1108.0597562878897,11.750885329646113,0.3062334831700001
1109.7801233567802,11.854955224216727,0.31484847894161894
1111.5004904256707,11.959155519359744,0.24268550973725816
1113.2208574945612,11.982321055688207,0.12579115864218965
1114.9412245634517,11.924158417468906,0.25662237338332355
1116.6615916323422,11.877274328820082,0.31731853877915284
1118.3819587012326,11.830522196224994,0.2997582790075337
1120.1023257701231,11.78389876114284,0.18260321404285298
1121.8226928390136,11.980555739951516,0.13642272975688163
1123.5430599079045,12.041223108123578,0.28863798664015455
1125.263426976795,12.102033859427937,0.3201597403329219
1126.9837940456855,12.16299223217965,0.2760210634430619
1128.704161114576,12.237381688405552,0.1260478414638537
1130.4245281834665,12.357544339421285,0.21646851112523674
1132.144895252357,12.375496359798664,0.3090113780209837
1133.8652623212474,12.393615061751692,0.31420098841289346
1135.585629390138,12.411901707980636,0.23782810206315697
1137.3059964590284,12.259085665774368,0.1189876064712342
1139.0263635279189,12.4495963534489,0.26207416492972874
1140.7467305968094,12.73915982849292,0.32027185404183817
1142.4670976656998,13.028915331966008,0.30260286012014087
1144.1874647345903,13.318883059267709,0.1888467393308639
1145.9078318034808,13.358076417890917,0.27376802060990374
1147.6281988723713,13.325179883943807,0.3395722915219662
1149.3485659412618,13.292516223183956,0.3421876948685248
1151.0689330101523,13.260083158993329,0.2833701788833225
1152.7893000790427,13.217394801547133,0.16485026863671295
1154.5096671479332,13.100744188563059,0.30475838227199614
1156.2300342168237,12.984310806010743,0.34618630548127993
1157.9504012857142,12.868086538440028,0.32876281596338697
1159.6707683546047,12.75206328518954,0.23998851234761728
1161.3911354234951,12.688098301615302,0.23129086548578254
1163.1115024923856,12.682498945726199,0.3256354700172621
1164.831869561276,12.677087668873757,0.34597953492627553
1166.552236630167,12.67186409407299,0.307391300412872
1168.2726036990575,12.66682785717649,0.17433917820113223
1169.992970767948,12.73699801520144,0.27527398754056076
1171.7133378368385,12.823958807239482,0.33931482797263196
1173.433704905729,12.911117537896931,0.3400821086235256
1175.1540719746195,12.998480282193672,0.2781003019105562
1176.87443904351,13.110558121000228,0.17370458496744412
1178.5948061124004,13.345677187125663,0.3077438772632104
1180.315173181291,13.581030554959117,0.3474850513389617
1182.0355402501814,13.81663462860411,0.32908850390291516
1183.7559073190719,14.052505829250098,0.239505681285582
1185.4762743879623,14.107539286331079,0.24357119634925636
1187.1966414568528,13.991488111076197,0.33074137297545075
1188.9170085257433,13.875716249892381,0.3480226238589336
1190.6373755946338,13.760215633633212,0.30744084104684727
1192.3577426635243,13.644978211965569,0.17199654598904318
1194.0781097324148,13.570887071173619,0.2832661046073864
1195.7984768013052,13.503628956415358,0.34226251240840766
1197.5188438701957,13.436616152725893,0.33986297380195885
1199.2392109390862,13.36984398909556,0.27446105437325385
1200.9595780079767,13.286226927518388,0.18482121819355357
1202.6799450768672,13.138130352628483,0.31079041936689034
1204.4003121457577,12.990253613657902,0.3467820121577296
1206.1206792146481,12.84258640394484,0.32429418531960236
1207.8410462835386,12.695118431244456,0.22652448303844086
1209.5614133524296,12.515566674294067,0.24340819719442308
1211.28178042132,12.310455372205755,0.3292016614734858
1213.0021474902105,12.105506218283441,0.34415842321751494
1214.722514559101,11.900704927913413,0.2991056960327858
1216.4428816279915,11.696037226664206,0.14636681814682012
1218.163248696882,11.654449689560582,0.28162115396524073
1219.8836157657724,11.630314496352245,0.3398598357566131
1221.603982834663,11.606294046576014,0.33534110375478976
1223.3243499035534,11.58238666577228,0.26487066173614576
1225.044716972444,11.54659223129551,0.18574752597025526
1226.7650840413344,11.475168099983652,0.3102579117381536
1228.4854511102249,11.40384789831899,0.3445276186959061
1230.2058181791153,11.332626655420828,0.3191023726422309
1231.9261852480058,11.261499407337116,0.21362677772754626
1233.6465523168963,11.200675988627385,0.24460437008756156
1235.3669193857868,11.146779898804883,0.32877327571267523
1237.0872864546773,11.092964850334855,0.3419222881416236
1238.8076535235678,11.039227092502362,0.29375280341392696
1240.5280205924582,10.98556287964323,0.1273691685078284
1242.2483876613487,10.993549753565222,0.28373238019554514
1243.9687547302392,11.005097756692525,0.3389918181052686
1245.6891217991297,11.016716926210737,0.33106885363999167
1247.4094888680202,11.028408071958271,0.25411804891437273
1249.1298559369106,11.358166841689187,0.0880517014878228
1250.8502230058011,11.371145223873729,0.2620528622739385
1252.570590074692,11.259973176198177,0.32138549859332355
1254.2909571435825,11.148890059222428,0.3056590152889863
1256.011324212473,11.037888130646198,0.1977001216174453
1257.7316912813635,11.155703567809557,0.14784949994971824
1259.452058350254,11.07879789431303,0.29597989154784166
1261.1724254191445,11.001968524044575,0.3339017473341288
1262.892792488035,10.925210101931274,0.30581853466535347
1264.6131595569254,10.84851727813572,0.18358345585989905
1266.333526625816,10.773874488017672,0.22165506143989716
1268.0538936947064,10.700608417810432,0.3169015227627841
1269.7742607635969,10.627392291232528,0.33135007693645874
1271.4946278324874,10.554221005505898,0.27790730946394715
1273.2149949013778,10.480891286021578,0.0789104522113657
1274.9353619702683,10.397636686272282,0.26730957166098496
1276.6557290391588,10.313649044993728,0.3290133421124792
1278.3760961080493,10.229684376936067,0.32101714701980927
1280.0964631769398,10.145736829963884,0.23634645362284762
1281.8168302458303,10.09544359545578,0.15658553021203384
1283.5371973147207,10.12521985132901,0.2980511771291457
1285.2575643836112,10.155005946893258,0.3333475358403437
1286.9779314525017,10.184803958808121,0.3022969864491033
1288.6982985213922,10.214615963479904,0.17209784013296756
1290.4186655902827,10.188885469176174,0.22721347077364773
1292.1390326591732,10.132374546705595,0.31830500940995216
1293.8593997280636,10.075873962977429,0.33010086096343155
1295.5797667969546,10.01937977985762,0.2730816579012825
1297.300133865845,9.966448252886554,0.07057822410618242
1299.0205009347355,10.00619638493487,0.271209167489781
1300.740868003626,10.050423722627674,0.32970467511262613
1302.4612350725165,10.094655687114429,0.31907484636866706
1304.181602141407,10.13889536132223,0.22992008218483304
1305.9019692102975,10.163354297470907,0.16748259926833317
1307.622336279188,10.149130681383273,0.3009916542888265
1309.3427033480784,10.134918571943334,0.33331360226342965
1311.063070416969,10.120716978397528,0.29926924585548426
1312.7834374858594,10.106524910946465,0.16119039653442427
1314.5038045547499,10.080966244756386,0.2335071270902008
1316.2241716236404,10.050205097872723,0.3200653371725782
1317.9445386925308,10.019448562376343,0.3290764891095152
1319.6649057614213,9.988694495019278,0.26846928338653475
1321.3852728303118,10.363449453281934,0.06993102762906583
1323.1056398992023,10.985725148878092,0.26081820284012347
1324.8260069680928,10.655216588418401,0.32420728918794267
1326.5463740369833,10.324754808148615,0.3144709379032894
1328.2667411058737,9.994316775030317,0.22219184168939035
1329.9871081747642,11.306998429107924,0.1438081997903617
1331.7074752436547,11.03092205820764,0.293195143718841
1333.4278423125452,10.754918653551048,0.3286202846049335
1335.1482093814357,10.478968978066124,0.29456856105814355
1336.8685764503261,10.203053798409261,0.14931682126839835
1338.588943519217,11.394853720760413,0.22002819490282258
1340.3093105881076,11.116436372415937,0.3140615444470662
1342.029677656998,10.838097950434591,0.32504518749670064
1343.7500447258885,10.559819055061954,0.2635783077075361
1345.470411794779,11.010281072210947,0.07335095166088888
1347.1907788636695,11.514099715820752,0.26648081190761985
1348.91114593256,11.140154401316355,0.3256778331476302
1350.6315130014505,10.76628966641761,0.3129531493741446
1352.351880070341,10.392479453198295,0.2159412549298723
1354.0722471392314,11.942755405534744,0.15898842758838488
1355.792614208122,11.523206961814598,0.2972227436747665
1357.5129812770124,11.103765796039912,0.32905455657849597
1359.2333483459029,10.68440267373234,0.2917010518942757
1360.9537154147934,10.265088365736748,0.1370135107438839
1362.6740824836838,11.713906893395635,0.2281982729274677
1364.3944495525743,11.347350286036377,0.31647069589525684
1366.1148166214648,10.980888699588494,0.32420173382328166
1367.8351836903553,10.614496592075287,0.25871803424332485
1369.5555507592458,11.447576544748191,0.07810173430815393
1371.2759178281362,11.82171743421367,0.27153168201122435
1372.9962848970267,11.402908423586954,0.326806937054818
1374.7166519659172,10.984198306075204,0.31107272258977986
1376.4370190348077,10.56555789827792,0.20884695364631928
1378.1573861036982,11.651658554473332,0.16856624119899305
1379.8777531725887,11.377153875899982,0.29976173187680505
1381.5981202414796,11.102746295349906,0.32888150492924456
1383.31848731037,10.828416687263772,0.28868239733144513
1385.0388543792606,10.554145931117265,0.12399040801142737
1386.759221448151,11.659940560064857,0.2338065627741051
1388.4795885170415,11.378750843303752,0.31795429115279417
1390.199955585932,11.09765833619139,0.32307624414594627
1391.9203226548225,10.816643446785069,0.2540008051076244
1393.640689723713,10.982914342102678,0.08082376130297156
1395.3610567926034,11.015493992688054,0.2738385843448961
1397.081423861494,10.903440826338684,0.3267651880543357
1398.8017909303844,10.791451740878134,0.30871426001868907
1400.522157999275,10.679518931143551,0.20142341176643447
1402.2425250681654,11.186056459895898,0.17637955314863293
1403.9628921370559,11.053426378651071,0.3017389351815966
1405.6832592059463,10.920870831985898,0.3282393186808001
1407.4036262748368,10.788380581390758,0.28495332461624695
1409.1239933437273,10.657281613956915,0.10716230750961835
1410.8443604126178,11.256042200525375,0.2384347195755789
1412.5647274815083,11.159146551974008,0.31904454964362317
1414.2850945503988,11.06233280675804,0.32173816308388015
1416.0054616192892,10.965594217144375,0.24905754253894077
1417.7258286881797,10.43627917909527,0.08411138853696554
1419.4461957570702,10.599739568130705,0.2768082723415353
1421.1665628259607,10.843666525125574,0.3270812259167803
1422.8869298948512,11.087653396756199,0.3066565318756197
1424.607296963742,11.331717188805616,0.194390101249921
1426.3276640326326,9.867301595201187,0.1817056088153312
1428.048031101523,9.92191769604813,0.3060382303293147
1429.7683981704135,9.976529467075583,0.33609339206335115
1431.488765239304,10.031140714522,0.30153012823911207
1433.2091323081945,10.085755244655392,0.16594638975884618
1434.929499377085,10.077996718155877,0.24066822021069556
1436.6498664459755,10.04477524462823,0.31295494236793087
1438.370233514866,10.011558004069176,0.3028672939860855
1440.0906005837564,9.978342681532869,0.19819905575054214
1441.810967652647,9.884400212435313,0.09268208722205576
1443.5313347215374,9.839793808767414,0.2773038782736621
1445.251701790428,9.796190771738399,0.3175570636273207
1446.9720688593184,9.752574641827668,0.2801308011033392
1448.6924359282089,9.708942378934072,0.09891175647791166
1450.4128029970993,9.878206172751053,0.19031630988483367
1452.1331700659898,9.951245285260601,0.3007840624111196
1453.8535371348803,10.024282111945471,0.3137516671054198
1455.5739042037708,10.09732174340252,0.24521355756196236
1457.2942712726613,10.277600090034017,0.12633610393446587
1459.0146383415517,10.28280831834957,0.24667810174986746
1460.7350054104422,10.158565522517623,0.31415184066969537
1462.4553724793327,10.034334890869108,0.3005060380925102
1464.1757395482232,9.910107764533851,0.18890539232614142
1465.8961066171137,10.02831284553594,0.10451254984442654
1467.6164736860046,10.09017633385935,0.28090936852203935
1469.336840754895,10.151644315173147,0.3178521274702335
1471.0572078237856,10.213123978157743,0.2773507102032698
1472.777574892676,10.24137328115268,0.10158758419847985
1474.4979419615665,9.626121343479557,0.19780165250223317
1476.218309030457,9.888749940641109,0.30273263101527725
1477.9386760993475,10.15137189605844,0.3129136810111714
1479.659043168238,10.414005514214015,0.24068863470659713
1481.3794102371285,10.183014764747842,0.12059295119985838
1483.099777306019,9.845094759154225,0.2509323990183731
1484.8201443749094,9.694870352767854,0.31447233255125995
1486.5405114438,9.544625791576667,0.2973306043146068
1488.2608785126904,9.3943506035605,0.17748821360521294
1489.9812455815809,10.025992974674185,0.12064420977169991
1491.7016126504714,10.017823193943688,0.28432013344647417
1493.4219797193618,10.009655767696248,0.3175679558882781
1495.1423467882523,10.001490126751154,0.27312086979703576
1496.8627138571428,9.950533128286114,0.11059696076483419
1498.5830809260333,9.664557471815616,0.20592022581296912
1500.3034479949238,9.759370602760274,0.30487805053220535
1502.0238150638143,9.854168074486896,0.3119265542568709
1503.7441821327047,9.948956494093299,0.23547186701947534
1505.4645492015952,9.996929577935422,0.21071255675368827
1507.1849162704857,9.978631738003063,0.3172700128782705
1508.9052833393762,9.960333521000965,0.34216730387165417
1510.6256504082671,9.94203365136605,0.30603752591530936
1512.3460174771576,9.923730854119473,0.1743423127260747
1514.066384546048,9.84302333584191,0.2615728877820555
1515.7867516149386,9.742758973988263,0.332776777259989
1517.507118683829,9.642477795027222,0.3363673464408402
1519.2274857527195,9.542172809612172,0.2750070367717331
1520.94785282161,9.441319202718777,0.13589281177433643
1522.6682198905005,9.336193681652734,0.29513513660477936
1524.388586959391,9.23102300636214,0.3401116993648009
1526.1089540282815,9.125799846671672,0.32278240271716163
1527.829321097172,9.020516868575502,0.22943208259739892
1529.5496881660624,8.954480248066663,0.21504421004176297
1531.270055234953,8.935182139630061,0.31810766957944714
1532.9904223038434,8.9158109270108,0.34057742672850005
1534.7107893727339,8.896365260187341,0.30108075512112026
1536.4311564416244,8.876843783544135,0.1586043386534636
1538.1515235105148,8.909261389081625,0.2641165890249919
1539.8718905794053,8.954286051763976,0.33291851637019665
1541.5922576482958,8.999238941870491,0.334309335677423
1543.3126247171863,9.044123192384635,0.2693358710968663
1545.0329917860768,9.064187595299476,0.14646068359865871
1546.7533588549672,8.945524930803348,0.2977090005769297
1548.4737259238577,8.826789883006317,0.34001677862816093
1550.1940929927482,8.707974176217252,0.32000083788426037
1551.9144600616387,8.589069529103828,0.22134666324093435
1553.6348271305296,8.436854910773722,0.220950481256251
1555.35519419942,8.251184575426752,0.3195863765154813
1557.0755612683106,8.065393462089052,0.33925933236171035
1558.795928337201,7.879468621269385,0.2961537716072405
1560.5162954060916,7.693397094350733,0.14127385213691768
1562.236662474982,7.738455637179843,0.2667674420360092
1563.9570295438725,7.825301652827424,0.3328987134807926
1565.677396612763,7.911997207000642,0.33172072590443485
1567.3977636816535,7.998548342028673,0.2623278664694661
1569.118130750544,8.047451993789114,0.1537305391471736
1570.8384978194345,7.940376735841742,0.29930264138064966
1572.558864888325,7.8331590369248865,0.33918757879599587
1574.2792319572154,7.7257914240145205,0.31628880163729267
1575.999599026106,7.618266414005181,0.21106649131264005
1577.7199660949964,7.555433269689249,0.22513353949028528
1579.4403331638869,7.530412261663546,0.32054949518840886
1581.1607002327773,7.505220238707157,0.3380574695470077
1582.8810673016678,7.479855445002105,0.29202901733063513
1584.6014343705583,7.45431611255356,0.125451886698481
1586.3218014394488,7.674785771790145,0.2709378423118825
1588.0421685083393,7.9258336337802895,0.3340875876985776
1589.7625355772298,8.176738041151768,0.3308029002494367
1591.4829026461202,8.427516481774152,0.2585630158917113
1593.2032697150107,8.621289117712141,0.16783609847110834
1594.9236367839012,8.631284059716169,0.30357744447622814
1596.6440038527921,8.641184716212056,0.3404493762363938
1598.3643709216826,8.650991777253612,0.31530162611544216
1600.084737990573,8.660705926535858,0.2065978706406123
1601.8051050594636,8.709130168481696,0.23455057312772845
1603.525472128354,8.785104803824598,0.3239002041632413
1605.2458391972445,8.860995874947154,0.33838659038674196
1606.966206266135,8.936808671194033,0.2894806955400399
1608.6865733350255,9.012548476528028,0.1130643485903914
1610.406940403916,9.038201302872668,0.20716897727007985
1612.1273074728065,8.99823844297001,0.3072094035850295
1613.847674541697,8.958206873948516,0.3174552467679704
1615.5680416105874,8.918103805387606,0.24924168525846524
1617.288408679478,8.769219918048638,0.07911819423469116
1619.0087757483684,8.7224311220256,0.2583886567267268
1620.729142817259,8.725108948091535,0.3261736262143787
1622.4495098861494,8.72769902813636,0.3220511870279009
1624.1698769550399,8.730201542526974,0.24237811531154307
1625.8902440239303,8.715893066541188,0.13558777583768117
1627.6106110928208,8.64810832701244,0.29237658589011745
1629.3309781617113,8.580230474721791,0.3321013051905974
1631.0513452306018,8.512254778348197,0.30465158460579356
1632.7717122994923,8.444176500310792,0.18177768894899052
1634.4920793683827,8.428427889430683,0.21526021802755432
1636.2124464372732,8.449612355724785,0.31434025891302547
1637.9328135061637,8.47068987415739,0.33011365220977856
1639.6531805750546,8.491661913875024,0.27719211845848696
1641.3735476439451,8.513439260353213,0.07064035776984173
1643.0939147128356,8.596263286381546,0.2634213570555807
1644.814281781726,8.684383137741353,0.32741844156156813
1646.5346488506166,8.772412404364164,0.3205375002524895
1648.255015919507,8.860357222012315,0.23667261753775795
1649.9753829883975,8.937868646945336,0.14912608515964257
1651.695750057288,8.988816225626554,0.295833976800689
1653.4161171261785,9.03969443835587,0.3325145328471916
1655.136484195069,9.090506831273135,0.3023070182401807
1656.8568512639595,9.141256946011342,0.17315672561129397
1658.57721833285,9.137963616860905,0.223170555383756
1660.2975854017404,9.102707353910521,0.31680340802417856
1662.017952470631,9.067389663037776,0.32970625732990416
1663.7383195395214,9.032008082660472,0.27355597753998523
1665.4586866084119,9.000527987600126,0.06563806701735428
1667.1790536773024,9.095997861931895,0.2686294403387647
1668.8994207461928,9.198685591427935,0.3287779816105307
1670.6197878150833,9.301318582708692,0.3191218162863681
1672.3401548839738,9.403903989000728,0.23106568177875447
1674.0605219528643,9.433675057611882,0.16191365726884502
1675.7808890217548,9.311254604808372,0.29914904718051266
1677.5012560906453,9.188787259766404,0.33239539287829656
1679.2216231595357,9.066264486386135,0.2986829767122938
1680.9419902284262,8.943677745253499,0.16018330444775353
1682.6623572973172,9.070666539261882,0.20399161499378823
1684.3827243662076,9.05454597727783,0.3086480376608488
1686.1030914350981,9.038360630658676,0.32432394203269665
1687.8234585039886,9.022109371246987,0.26717516730398827
1689.543825572879,9.047232744832858,0.06411458288736363
1691.2641926417696,9.153172101334437,0.2553016681418692
1692.98455971066,9.14438027652935,0.32195619213426485
1694.7049267795505,9.135529928375096,0.3136945933173068
1696.425293848441,9.12662044011245,0.2223128478257384
1698.1456609173315,9.02348558944485,0.12791626912721923
1699.866027986222,8.924368186755803,0.2887991635759848
1701.5863950551125,8.825176926193198,0.32658865115062413
1703.306762124003,8.725904894189913,0.29348701161834206
1705.0271291928934,8.626545171545136,0.14772498485979244
1706.747496261784,9.501861649072058,0.21282519737657893
1708.4678633306744,9.401252668909851,0.31123690701147416
1710.1882303995649,9.30060306911395,0.3237145574812786
1711.9085974684554,9.199905834533784,0.2628019802141056
1713.6289645373458,9.056881324115611,0.06507351365351793
1715.3493316062363,9.001742111828552,0.26011539111448284
1717.0696986751268,9.024656508301494,0.3229722469600549
1718.7900657440173,9.047504036770139,0.31182350842589956
1720.5104328129078,9.070286289654494,0.21546815978346537
1722.2307998817982,9.178009601017184,0.14184401135288377
1723.9511669506887,9.323774396255036,0.2921760474980713
1725.6715340195797,9.46949317177084,0.32700010864144347
1727.3919010884701,9.615176083857907,0.29122572012685727
1729.1122681573606,9.760833286353748,0.1378793807922055
1730.832635226251,9.08769174800219,0.2190182039294846
1732.5530022951416,9.06204211825639,0.31281748986602004
1734.273369364032,9.03632822617772,0.32252347486627675
1735.9937364329226,9.010548279722943,0.257818778454962
1737.714103501813,9.08659909384679,0.06635894278235534
1739.4344705707035,9.158421480981534,0.2649429585209647
1741.154837639594,9.149306421716975,0.32391647880480867
1742.8752047084845,9.140133182363517,0.30971293454441123
1744.595571777375,9.13090112359254,0.2078290448421006
1746.3159388462655,8.8744012001921,0.15355092780753918
1748.036305915156,8.973105340377689,0.29496635133898436
1749.7566729840464,9.071739019406667,0.3265901705200498
1751.477040052937,9.170309112187457,0.287317491102518
1753.1974071218274,9.268822488827315,0.12111577210060717
1754.9177741907179,8.575395117252018,0.2242368009883614
1756.6381412596083,8.71560329592484,0.31406007692689236
1758.3585083284988,8.855723065948329,0.3212093793996084
1760.0788753973893,8.995764193726476,0.25280152221842517
1761.7992424662798,8.855195648836574,0.06868821676979676
1763.5196095351703,8.863066635016484,0.2688814949053564
1765.2399766040608,8.993098376691936,0.3245017525042127
1766.9603436729512,9.12306105085202,0.307469975768059
1768.6807107418422,9.252963715762636,0.2000086329942002
1770.4010778107327,8.127383615102591,0.16239113251839948
1772.1214448796231,8.404889555099889,0.29711045008847514
1773.8418119485136,8.682285430301139,0.3260544308524357
1775.562179017404,8.959590574659845,0.2837014726384949
1777.2825460862946,9.236823987446659,0.10388711561500594
1779.002913155185,8.37908443272693,0.2301990764187962
1780.7232802240756,8.732518799525682,0.3156390706714227
1782.443647292966,9.085865936574468,0.32007989987100866
1784.1640143618565,9.439150471969018,0.24791482402319262
1785.884381430747,8.247646720882589,0.06901773202780359
1787.6047484996375,8.108783142173028,0.2738723328974177
1789.325115568528,8.291170312439423,0.33118481743478223
1791.0454826374184,8.473439491533899,0.3203902587461631
1792.765849706309,8.655603383598592,0.23217169853123218
1794.4862167751994,8.686409163677528,0.17454702138541167
1796.20658384409,8.433379149161969,0.2959360608530655
1797.9269509129804,8.18024105545459,0.31277705360504304
1799.6473179818709,7.926977238922522,0.24743387033747344
1801.3676850507613,8.483392612459287,0.12408115712739604
1803.0880521196518,9.081520286853337,0.2369706979945395
1804.8084191885423,8.745803669055423,0.3110886207462337
1806.5287862574328,8.41000074766669,0.30111653941696676
1808.2491533263233,8.074088117613261,0.19452128599228427
1809.9695203952137,9.21052040618719,0.08573390091900618
1811.6898874641047,9.0856302757843,0.27507609161008173
1813.4102545329952,8.923714819049284,0.316588639737837
1815.1306216018857,8.761725458913308,0.27963644366089424
1816.8509886707761,8.599650904984063,0.0978020201257059
1818.5713557396666,9.198019384708463,0.18469572545770133
1820.291722808557,9.248697475848761,0.2990028233828749
1822.0120898774476,9.299324314483275,0.3133447027964987
1823.732456946338,9.349903429087764,0.24588941136502618
1825.4528240152285,9.344156819523167,0.12442434398038126
1827.173191084119,9.29618326801381,0.2424393643746313
1828.8935581530095,9.276857104234697,0.3126490670498323
1830.6139252219,9.257481650618846,0.30033460256103506
1832.3342922907905,9.238055556507906,0.19007641611865914
1834.054659359681,8.714828762273843,0.0917931440734791
1835.7750264285714,8.81749251027981,0.2779099509538265
1837.495393497462,8.924399475426018,0.3166105991614736
1839.2157605663524,9.031232584969931,0.2768685052777338
1840.9361276352429,9.130857607661031,0.08918422060210986
1842.6564947041334,8.740893811465757,0.19273182523140914
1844.3768617730238,8.727727763640647,0.30077442361230455
1846.0972288419143,8.714474152304948,0.3116431281445318
1847.8175959108048,8.701132053871621,0.23898947353666075
1849.5379629796953,9.177005838056463,0.11972596752825526
1851.2583300485862,9.250805389794156,0.24803386403060498
1852.9786971174767,8.962711491412737,0.3133568276159101
1854.6990641863672,8.674546407593883,0.29698873099575684
1856.4194312552577,8.386290053571262,0.17761595428173718
1858.1397983241482,9.089507503124427,0.10963649175775632
1859.8601653930386,9.056711963642844,0.2819022689402173
1861.5805324619291,9.023792315374468,0.31692887201030767
1863.3008995308196,8.990805738845612,0.2737574898978434
1865.02126659971,8.955755963300536,0.11215171648293064
1866.7416336686006,8.883996410318648,0.2894062579211859
1868.462000737491,8.812160185597126,0.3387286506868746
1870.1823678063815,8.740242282174254,0.32485380567203087
1871.902734875272,8.668237687511752,0.23692214749678892
1873.6231019441625,8.592556591458223,0.20317456491775726
1875.343469013053,8.511381538630932,0.3141349577483469
1877.0638360819435,8.430103843096052,0.34026303822620285
1878.784203150834,8.348717840059269,0.30426823906920475
1880.5045702197244,8.26721785699738,0.17051387613466146
1882.224937288615,8.288870119617034,0.2558055772378383
1883.9453043575054,8.345450622289551,0.3302423247424252
1885.6656714263959,8.401916917169135,0.33523777340305116
1887.3860384952868,8.458272939857867,0.27460978710778156
1889.1064055641773,8.499771859707952,0.1255283419749683
1890.8267726330678,8.399208000242854,0.2922678489161173
1892.5471397019583,8.298533679879942,0.3387238185542365
1894.2675067708487,8.197741881645332,0.3220334243999278
1895.9878738397392,8.09682558050594,0.22876303098523135
1897.7082409086297,8.055687419041309,0.2090498623299747
1899.4286079775202,8.090160163501228,0.3158439567218121
1901.1489750464107,8.124500906779705,0.3397640077412356
1902.8693421153012,8.158712042431976,0.30125196265865845
1904.5897091841916,8.192795954740948,0.16028104834225942
1906.3100762530821,8.193818240534004,0.2612639304604171
1908.0304433219726,8.185914589525002,0.33173914976171864
1909.750810390863,8.177885611518949,0.333961297660207
1911.4711774597536,8.169730746552094,0.26962401290484567
1913.191544528644,8.15790684759634,0.13847917290918685
1914.9119115975345,8.123570983347722,0.29544265846504497
1916.632278666425,8.089105446579115,0.3391774412101355
1918.3526457353155,8.05450783513422,0.32007676574309757
1920.073012804206,8.01977573765598,0.2225000039650826
1921.7933798730965,7.9816838385771725,0.21716018716165203
1923.513746941987,7.94001833430065,0.3183156900634816
1925.2341140108774,7.898210364224671,0.33924392340693676
1926.954481079768,7.856257014247607,0.2974005156250376
1928.6748481486584,7.814155360302184,0.1462851081349381
1930.3952152175493,7.898273158105102,0.26530574038151605
1932.1155822864398,8.007827319460493,0.3326262743463184
1933.8359493553303,8.11724374115619,0.33241207235740633
1935.5563164242208,8.226530049296318,0.26449903318147205
1937.2766834931112,8.291936482149968,0.15054242797262266
1938.9970505620017,8.156730698009031,0.29851271329110124
1940.7174176308922,8.021397552575511,0.3393089870298545
1942.4377846997827,7.885927613280476,0.3173838736467394
1944.1581517686732,7.750311438021274,0.21426999214136025
1945.8785188375637,7.723374237642819,0.2232770882269481
1947.5988859064541,7.79409994761858,0.32017803999022704
1949.3192529753446,7.8646730213785965,0.3387454707104219
1951.039620044235,7.9350983777781074,0.2942101613029396
1952.7599871131256,8.005380925369113,0.13393839440992678
1954.480354182016,8.066546134615184,0.2704254255965678
1956.2007212509066,8.126284990205281,0.3340707498699647
1957.921088319797,8.185894362422804,0.3312524012766009
1959.6414553886875,8.245378406028383,0.2598154158751127
1961.361822457578,8.287543456883274,0.16282777260678782
1963.0821895264685,8.269200408954308,0.30203427015847584
1964.802556595359,8.250737838704513,0.3400142385409648
1966.5229236642494,8.232154459327152,0.3157128889425592
1968.24329073314,8.213448975551191,0.20836289295340563
1969.9636578020304,8.263597788620022,0.23154336223754857
1971.684024870921,8.365840560774789,0.32304543441483435
1973.4043919398118,8.46797054635471,0.33887783772971825
1975.1247590087023,8.56999486355824,0.2916414905291646
1976.8451260775928,8.671920623522826,0.12247350472437592
1978.5654931464833,8.69034861729347,0.308491351638783
1980.2858602153738,8.701104123483109,0.43526268103090116
1982.0062272842642,8.711770210583783,0.5312052750907678
1983.7265943531547,8.72234762186537,0.6110393557212482
1985.4469614220452,8.732837094705534,0.6804771672472929
1987.1673284909357,8.74323936020642,0.7424582747857011
1988.8876955598262,8.753555143235193,0.7987358931398011
1990.6080626287167,8.763785162886965,0.8504572701547355
1992.3284296976071,8.773930132234288,0.8984228932590784
1994.0487967664976,8.783990758311408,0.9432183176520106
1995.769163835388,8.793967742327428,0.9852877079364997
1997.4895309042786,8.803861779574095,1.0249778204615492
1999.209897973169,8.813673559854184,1.0625657789666791
2000.9302650420595,8.82340376697363,1.0982774014083494
2002.65063211095,8.833053079037416,1.1322997368592123
2004.3709991798405,8.842622168557146,1.1647899053234814
2006.091366248731,8.85211170261194,1.1958814934713993
2007.8117333176215,8.861522342620223,1.2256892860049626
2009.532100386512,8.870854744426826,1.2543128341805083
2011.2524674554024,8.880109558390235,1.2818391934773428
2012.972834524293,8.889287429691198,1.308345055775306
2014.6932015931834,8.898388998051562,1.3338984324634189
2016.4135686620743,8.907414897748854,1.3585599992218156
2018.1339357309648,8.91636575787297,1.382384182282883
2019.8543027998553,8.925242202305913,1.4054200446112255
2021.5746698687458,8.934044849779585,1.4277120154209297
2023.2950369376363,8.94277431382702,1.4493004957177331
2025.0154040065268,8.951431202765338,1.4702223647736685
2026.7357710754172,8.960016120014945,1.490511406725313
2028.4561381443077,8.968529664017087,1.5101986722341065
2030.1765052131982,8.976972428119513,1.529312786947312
2031.8968722820887,8.985345000764202,1.5478802160648941
2033.6172393509792,8.993647965401497,1.5659254924490391
2035.3376064198696,9.001881900849629,1.5834714142650126
2037.0579734887601,9.010047381074177,1.6005392170103232
2038.7783405576506,9.01814497509243,1.6171487238976088
2040.498707626541,9.02617524730481,1.633318477848986
2042.2190746954316,9.034138757332745,1.6490658577940225
2043.939441764322,9.042036060410954,1.6644071815084172
2045.6598088332125,9.049867706915894,1.6793577968620423
2047.380175902103,9.057634242567364,1.6939321630450075
2049.1005429709935,9.065336208804016,1.7081439230946962
2050.820910039884,9.072974142441982,1.7220059688444962
2052.5412771087745,9.08054857580628,1.7355304992476075
2054.261644177665,9.08806003687437,1.7487290728902256
2055.9820112465554,9.095509049033542,1.761612655392257
2057.702378315446,9.102896131618454,1.7741916622963116
2059.422745384337,9.110221799551145,1.7864759979637128
2061.1431124532273,9.11748656324409,1.7984750909269058
2062.863479522118,9.12469092916189,1.8101979260888763
2064.5838465910083,9.131835399352116,1.821653074109981
2066.304213659899,9.138920471874261,1.832848718279894
2068.0245807287893,9.14594664054447,1.8437926791356019
2069.7449477976797,9.15291439498272,1.8544924370548397
2071.46531486657,9.159824220865818,1.8649551530271273
2073.1856819354607,9.166676599863951,1.8751876877810127
2074.906049004351,9.173472009581932,1.8851966194256937
2076.6264160732417,9.180210923588934,1.8949882597474075
2078.346783142132,9.186893811510718,1.9045686692854797
2080.0671502110226,9.193521139304838,1.9139436712993658
2081.787517279913,9.200093368846826,1.9231188647261421
2083.5078843488036,9.206610958115053,1.932099636217456
2085.228251417694,9.213074361443834,1.940891171335771
2086.9486184865846,9.219484029277442,1.9494984649816254
2088.668985555475,9.225840408470365,1.9579263311164474
2090.3893526243655,9.232143941990419,1.9661794118391434
2092.109719693256,9.238395069135397,1.9742621858690002
2093.8300867621465,9.244594225612634,1.982178976482463
2095.550453831037,9.250741843595623,1.9899339589468523
2097.2708208999275,9.256838351485943,1.9975311674901173
2098.991187968818,9.262884174231505,2.004974501842138
2100.7115550377084,9.268879733119949,2.0122677333799
2102.4319221065994,9.274825446191745,2.0194145109060084
2104.15228917549,9.280721727823195,2.0264183660873973
2105.8726562443803,9.28656898888767,2.033282718578839
2107.593023313271,9.292367636926489,2.0400108808536794
2109.3133903821613,9.298118076215477,2.0466060627624136
2111.0337574510518,9.303820707498264,2.0530713758379773
2112.7541245199423,9.309475928237735,2.059409837365087
2114.4744915888327,9.315084132552759,2.0656243742295715
2116.194858657723,9.320645711344273,2.0717178265623604
2117.9152257266137,9.326161052328576,2.0776929511916467
2119.635592795504,9.331630539871387,2.0835524249156885
2121.3559598643947,9.337054555149425,2.089298847607757
2123.076326933285,9.34243347621197,2.0949347451638687
2124.7966940021756,9.347767678003738,2.100462572303142
2126.517061071066,9.353057532355539,2.1058847152298874
2128.2374281399566,9.358303407865495,2.1112034941658857
2129.957795208847,9.363505670163267,2.1164211657606766
2131.6781622777376,9.368664681906115,2.1215399253871463
2133.398529346628,9.373780802660765,2.126561909329169
2135.1188964155185,9.378854389028465,2.131489196867596
2136.839263484409,9.383885794558697,2.136323812270445
2138.5596305532995,9.388875369974603,2.1410677266927487
2140.27999762219,9.393823463078792,2.145722859991148
2142.0003646910804,9.398730418717353,2.1502910824579837
2143.720731759971,9.403596578878695,2.1547742164793067
2145.441098828862,9.40842228273777,2.1591740381209727
2147.1614658977524,9.413207866679198,2.1634922786466704
2148.881832966643,9.41795366423771,2.1677306259715428
2150.6022000355333,9.422660006146454,2.1718907260547717
2152.322567104424,9.42732722044985,2.1759741842343234
2154.0429341733143,9.431955632459502,2.1799825665068466
2155.7633012422048,9.436545564785074,2.1839174007555187
2157.4836683110952,9.441097337326358,2.1877801779284756
2159.2040353799857,9.445611267302017,2.1915723531703044
2160.924402448876,9.450087669352111,2.1952953469089196
2162.6447695177667,9.454526855529554,2.198950545900019
2164.365136586657,9.458929135176394,2.2025393042311747
2166.0855036555477,9.463294815144383,2.206062944287507
2167.805870724438,9.467624199675466,2.2095227576807663
2169.5262377933286,9.471917590589339,2.2129200061435568
2171.246604862219,9.476175287147004,2.2162559223903253
2172.9669719311096,9.480397585987202,2.2195317109466544
2174.687339,9.484584781480816,2.222748548948317
