-197.698849,2.2563738212275637,1.2224574509771742
-195.97848193110949,2.2526684128306385,1.2206822189276985
-194.258114862219,2.2489319175937026,1.2188744455868694
-192.5377477933285,2.2451641467875034,1.2170334808012313
-190.81738072443798,2.2413647610578606,1.2151586592743744
-189.0970136555475,2.237533537481974,1.213249300124521
-187.376646586657,2.233670181183386,1.2113047064253382
-185.6562795177665,2.2297744423617316,1.2093241647291737
-183.935912448876,2.225846039393525,1.2073069445718543
-182.21554537998549,2.221884701106171,1.2052522979581461
-180.495178311095,2.217890140732558,1.2031594588269166
-178.7748112422045,2.2138621250076596,1.2010276424949768
-177.05444417331398,2.209800304886636,1.1988560450785297
-175.3340771044235,2.2057044708104683,1.196643842891076
-173.613710035533,2.201574274817952,1.194390191816558
-171.89334296664248,2.197409452909619,1.1920942266564518
-170.172975897752,2.193209718480014,1.189755060449427
-168.4526088288615,2.1889747730927325,1.187371783762116
-166.73224175997098,2.184704337884065,1.1849434639494245
-165.0118746910805,2.1803980865561754,1.1824691443827295
-163.29150762218998,2.1760557419453703,1.1799478436441866
-161.57114055329947,2.171676993786883,1.1773785546852618
-159.850773484409,2.167261509207387,1.1747602439474623
-158.13040641551848,2.1628090370673276,1.1720918504431148
-156.41003934662797,2.1583192368515056,1.1693722847938819
-154.6896722777375,2.153791779642242,1.1666004282245461
-152.96930520884698,2.1492263872966304,1.1637751315094238
-151.2489381399565,2.1446227072555444,1.1608952138685713
-149.52857107106598,2.139980430339102,1.1579594618107452
-147.8082040021755,2.1352992636105,1.154966627919858
-146.087836933285,2.1305787978533686,1.1519154295814211
-144.36746986439448,2.1258188000753733,1.1488045476452118
-142.647102795504,2.121018911790466,1.1456326250201079
-140.9267357266135,2.1161787740788554,1.1423982651967184
-139.20636865772298,2.1112980351227804,1.1391000306931147
-137.4860015888325,2.106376347671451,1.135736441418568
-135.76563451994198,2.101413478698967,1.1323059729498153
-134.04526745105147,2.096408940627421,1.1288070547139195
-132.324900382161,2.0913624773023627,1.1252380680713046
-130.60453331327048,2.0862736848373316,1.1215973442920102
-128.88416624437997,2.0811422416525516,1.1178831624176297
-127.16379917548947,2.075967803462541,1.1140937470007348
-125.44343210659898,2.0707499396413254,1.1102272657129042
-123.72306503770848,2.0654883638576194,1.1062818268116654
-122.00269796881798,2.060182676519099,1.1022554764558075
-120.28233089992747,2.054832480831729,1.0981461958575782
-118.56196383103698,2.0494374827571646,1.0939518982591918
-116.84159676214648,2.043997212800457,1.08967042571994
-115.12122969325597,2.0385113644565336,1.0852995456988743
-113.40086262436547,2.032979491536531,1.0808369474165915
-111.68049555547498,2.0274012794354035,1.0762802379780527
-109.96012848658448,2.0217762582874683,1.0716269382365624
-108.23976141769397,2.0161040966725294,1.066874478377048
-106.51939434880347,2.0103843890569038,1.0620201931945343
-104.79902727991298,2.004616749521398,1.0570613170411851
-103.07866021102248,1.9988007406049433,1.051994978412508
-101.35829314213197,1.9929359597636789,1.0468181941401022
-99.63792607324147,1.9870220328816344,1.0415278631548048
-97.91755900435098,1.9810585234811469,1.036120759780025
-96.19719193546047,1.9750450245810298,1.030593526510537
-94.47682486656997,1.9689810709812234,1.0249426662267906
-92.75645779767947,1.9628663014338428,1.0191645337889685
-91.03609072878898,1.9567002955358759,1.013255326948305
-89.31572365989847,1.9504825605854932,1.0072110765055602
-87.59535659100797,1.944212737437661,1.0010276356378107
-85.87498952211747,1.937890323195782,0.9947006683046903
-84.15462245322696,1.9315148976651328,0.9882256366337144
-82.43425538433647,1.925086050409584,0.9815977871710029
-80.71388831544597,1.9186032933587511,0.974812135868384
-78.99352124655547,1.9120661722513375,0.9678634516600125
-77.27315417766496,1.9054742610368804,0.9607462384609197
-75.55278710877447,1.8988270961173952,0.9534547153957001
-73.83242003988397,1.8921241909344473,0.9459827950372103
-72.11205297099346,1.885365123287238,0.9383240594018578
-70.39168590210296,1.8785493502125319,0.9304717334087986
-68.67131883321247,1.8716764650025879,0.9224186554638598
-66.95095176432196,1.8647459222188103,0.9141572447738208
-65.23058469543147,1.8577572838937413,0.9056794649307008
-63.510217626540964,1.850710108199928,0.8969767832267912
-61.78985055765045,1.8436038244556925,0.8880401250659745
-60.06948348875997,1.8364379455203959,0.8788598227219147
-58.34911641986946,1.8292120130366754,0.8694255575537057
-56.62874935097895,1.8219255051590522,0.8597262946186773
-54.90838228208847,1.8145778804953294,0.8497502084118053
-53.18801521319796,1.8071686956829978,0.8394845982013156
-51.467648144307475,1.7996973834659058,0.8289157911066765
-49.747281075416964,1.7921634186956168,0.8180290306601086
-48.026914006526454,1.7845663289503704,0.8068083480817418
-46.30654693763597,1.7769054924926535,0.795236412849003
-44.58617986874546,1.7691804715678443,0.7832943583085876
-42.86581279985495,1.7613907036315424,0.7709615770037662
-41.14544573096447,1.75353556109726,0.7582154789867044
-39.42507866207396,1.7456146392769596,0.7450312045372172
-37.70471159318345,1.737627249694293,0.7313812802481714
-35.984344524292965,1.729572982501986,0.7172352041225644
-34.263977455402454,1.7214511103824974,0.7025589408052427
-32.54361038651194,1.7132611903420751,0.6873143018193361
-30.82324331762146,1.7050026165004168,0.6714581769014067
-29.10287624873095,1.6966747868069318,0.6549415700087092
-27.38250917984047,1.6882771540950556,0.6377083753840066
-25.662142110949958,1.6798090697968688,0.6196938021095125
-23.941775042059447,1.6712700415885364,0.6008223147365692
-22.221407973168965,1.6626593990929392,0.5810048941157044
-20.501040904278454,1.6539766400078633,0.5601353211215626
-18.780673835387944,1.645220988048743,0.5380850185421888
-17.06030676649746,1.6363919956059418,0.5146956995905148
-15.339939697606951,1.6274890074515382,0.4897685584437034
-13.61957262871644,1.6185113476327557,0.46304777232865685
-11.899205559825958,1.609458432709482,0.43419415102706416
-10.178838490935448,1.6003295663220114,0.4027405952485847
-8.458471422044965,1.591124201948014,0.3680111125967089
-6.738104353154455,1.5818417111878715,0.3289584680833909
-5.017737284263944,1.572481382579292,0.28379020901252144
-3.297370215373462,1.5630425495022222,0.2288975529146442
-1.5770031464829515,1.5535246184091647,0.15419937909121872
0.14336392240755913,1.5425490250906306,0.028306928550810313
1.8637309912980413,1.5199858079655768,0.14808454995881135
3.584098060188552,1.4970597636672038,0.17735218943337452
5.3044651290790625,1.4740499910565972,0.16775785471518329
7.024832197969545,1.45095493453436,0.10952080609278972
8.745199266860055,1.4340228292592712,0.09354086415172412
10.465566335750566,1.4252590432295675,0.1633047967872485
12.185933404641048,1.416406541797096,0.17816816847731465
13.906300473531559,1.407464766905997,0.15484710882971828
15.626667542422041,1.3984128936020226,0.05875092587962507
17.34703461131255,1.3787735437081152,0.1281596976356143
19.067401680203062,1.3560214401835764,0.17285773000679935
20.787768749093544,1.3331758394547193,0.17460975625326375
22.508135817984055,1.310235038206963,0.1350977212644141
24.228502886874566,1.286438185425021,0.036992908777944034
25.948869955765048,1.25784641202369,0.15012635881593472
27.66923702465556,1.229089689621952,0.1775759188711732
29.38960409354607,1.2002304986162584,0.16636520189570364
31.10997116243655,1.1712668550791192,0.10473475508997741
32.83033823132706,1.1422909990031598,0.09857625530229726
34.550705300217544,1.1133115972915504,0.16463679495872083
36.271072369108055,1.0842216069879895,0.1778630161439733
37.991439437998565,1.0550191694948352,0.152671136236212
39.71180650688905,1.0261938507290949,0.04875259336866755
41.43217357577956,1.0874922331683705,0.13114020628047643
43.15254064467007,1.1690793553793184,0.17360455390482019
44.87290771356055,1.2505599603415134,0.17386117940021875
46.59327478245106,1.3319395518808448,0.13215628725606368
48.31364185134157,1.3992993806312994,0.047198687338064274
50.034008920232054,1.400859906968941,0.15232628545170096
51.754375989122565,1.4018866826534633,0.17791154422938485
53.474743058013075,1.4028230682338516,0.16510401486888182
55.19511012690356,1.4036691577539897,0.10011257107868841
56.91547719579407,1.3838818194255338,0.10375942315923065
58.63584426468458,1.344722724211573,0.16610519983592875
60.35621133357506,1.3054692228548048,0.17767309154732755
62.07657840246554,1.2661186952169543,0.15065688422631868
63.79694547135608,1.227606030294106,0.039345732615524535
65.51731254024656,1.2693101856764826,0.13425039736491004
67.23767960913705,1.3248611405502912,0.17420026300844985
68.95804667802759,1.380316298246322,0.1725578351858887
70.67841374691807,1.435679646300906,0.12772797257485466
72.39878081580855,1.103987081436054,0.024670080002899802
74.11914788469909,1.1804473381713705,0.14477455765656985
75.83951495358957,1.3561575041805383,0.17385677516597378
77.55988202248005,1.5317741066796144,0.1615958561233748
79.28024909137059,1.7073093909755186,0.09284208801214613
81.00061616026107,0.7309223510397884,0.08694687248112405
82.72098322915156,1.085036318655051,0.16009531664088333
84.4413502980421,1.439037894668553,0.17412010805400635
86.16171736693258,1.7929516446065974,0.14704751008045783
87.88208443582306,1.9564222730415337,0.029921460794212113
89.60245150471354,0.6082085502487131,0.12349054944407273
91.32281857360408,1.023961636464827,0.16947821379342126
93.04318564249456,1.4395980049266028,0.16970539246572375
94.76355271138505,1.8551466084409696,0.124423080188659
96.48391978027558,0.6973215940989745,0.028509775566600518
98.20428684916607,0.8435615194481385,0.14662143782819814
99.92465391805655,1.2015769918807506,0.17407157161330808
101.64502098694709,1.5594881430021643,0.16037991575397925
103.36538805583757,1.9173199508576828,0.0880851027887349
105.08575512472805,1.1335812031294323,0.09365332272043546
106.80612219361859,1.3737126497057885,0.16190094097564178
108.52648926250907,1.6137516881834642,0.17408613233266831
110.24685633139956,1.8537152648054813,0.14510095362344466
111.9672234002901,1.937586211778631,0.024081174686706387
113.68759046918058,1.319769575241247,0.12812357513450642
115.40795753807106,1.4767243319636179,0.17077184579625332
117.1283246069616,1.6335938822811555,0.1689957797392966
118.84869167585208,1.7903892269442223,0.12085169851359369
120.56905874474256,1.0805680975819825,0.039755733003708674
122.2894258136331,1.2599912369616901,0.1493529289034498
124.00979288252358,1.501660931470775,0.17455155411309875
125.73015995141407,1.7432472488576365,0.15900582765422588
127.4505270203046,1.9847669710221623,0.08215032771923833
129.1708940891951,1.2832862779996446,0.09941784884186423
130.89126115808557,1.4333422116810026,0.16342044314547208
132.6116282269761,1.5833100188217428,0.17374513899895072
134.3319952958666,1.733200147719225,0.14257726197627393
136.05236236475707,1.775502014719899,0.017779419308250735
137.77272943364756,1.4977491603978534,0.13169783209138824
139.4930965025381,1.5171183990522024,0.1716526001769801
141.21346357142858,1.536405322826107,0.16807401876491396
142.93383064031906,1.5556111972402902,0.11703316629638943
144.6541977092096,1.6299684978904962,0.0516406461319216
146.37456477810008,1.5502822520229755,0.15203654949993
148.09493184699056,1.467767829957745,0.1748244109530305
149.8152989158811,1.3851676600588632,0.15709673569928478
151.53566598477158,1.30247633002312,0.0738979643157116
153.25603305366207,1.8803413560092053,0.10589438305132592
154.9764001225526,1.7126443402408937,0.16520366025164104
156.6967671914431,1.54487860200893,0.173356450645108
158.41713426033357,1.3770325056818762,0.1396245625378692
160.1375013292241,1.423693175430992,0.013467646184146793
161.8578683981146,1.650973330015455,0.1351516006513137
163.57823546700507,1.4840212291492434,0.17240596114551324
165.2986025358956,1.3169844348899118,0.16687706140257774
167.0189696047861,1.149851406307897,0.11241817877355965
168.73933667367658,1.5948515260143608,0.059681508617485356
170.45970374256711,1.5575327689325262,0.15386909601404436
172.1800708114576,1.514315294045923,0.17481978324685848
173.90043788034808,1.4710153316784385,0.1552613508966837
175.62080494923862,1.4276059620713055,0.06571715859008788
177.3411720181291,1.3288353087042082,0.10939439236775696
179.06153908701958,1.2328502768317207,0.1681476713411712
180.78190615591006,1.1367631898736419,0.17853167610484796
182.5022732248006,1.040567255119663,0.1508903457583147
184.2226402936911,0.9453581941823983,0.04011244487214495
185.94300736258157,0.933952535106664,0.1355688166580056
187.6633744314721,0.9344396094016871,0.16786074543305218
189.3837415003626,0.9348038291150202,0.15388270051980188
191.10410856925307,0.9350451041646806,0.06989718953527917
192.8244756381436,1.0624802295042968,0.06575586585386886
194.5448427070341,0.9741060346370829,0.15298619501768304
196.26520977592457,0.8854882325807636,0.16790793429136666
197.9855768448151,0.796744098789611,0.13663625554945583
199.7059439137056,0.7433464376078915,0.04819226415871888
201.42631098259608,0.7421400732156314,0.11163801844679602
203.14667805148662,0.6437258880178773,0.16315441207727233
204.8670451203771,0.5451684391696516,0.1625725533868674
206.58741218926758,0.4464609350742079,0.10906151007210978
208.30777925815812,0.7821850625368483,0.027545354554964405
210.0281463270486,0.790277039244978,0.13790797686517411
211.74851339593909,0.7189108942322604,0.1678892913068759
213.46888046482962,0.6474067787822775,0.15170006558280794
215.1892475337201,0.5760580573181584,0.059240149073091164
216.9096146026106,1.1230529928552015,0.07368582142055996
218.62998167150113,0.948664924499576,0.15457517155580794
220.3503487403916,0.7741482805000657,0.16740272971873446
222.0707158092821,0.5994975197482346,0.1334953622353482
223.79108287817257,0.7782253649229971,0.05092200181831027
225.5114499470631,1.2301725866807316,0.11640700874665963
227.2318170159536,1.005186079375386,0.16430820404907143
228.95218408484408,0.7800815227722011,0.16163612945911413
230.67255115373462,0.5548433676825879,0.10458253340755366
232.3929182226251,0.9342157264417721,0.024009494839572806
234.11328529151558,0.9231636413864748,0.14051390859851035
235.83365236040612,0.8468339734204391,0.16824089591942765
237.5540194292966,0.7703753124153194,0.1501553297322489
239.27438649818708,0.6954751251707818,0.05215894361785292
240.99475356707762,0.8232731490532159,0.0798606045712865
242.7151206359681,0.761265226957073,0.1558923298622586
244.4354877048586,0.6991222975662139,0.16700001355100955
246.15585477374913,0.6368400333256203,0.1309139956542732
247.8762218426396,0.6810859013462731,0.05226537131009196
249.5965889115301,0.7018478615965136,0.11918329724937425
251.31695598042063,0.546201025791555,0.16472274386511152
253.0373230493111,0.39040416820577084,0.16031141547603467
254.7576901182016,0.23444648156248027,0.09951261860004235
256.47805718709213,0.16820780116199208,0.1193208774919139
258.1984242559826,0.16389136705384422,0.17198526648983126
259.9187913248731,0.15939821077599836,0.1802613321816428
261.63915839376364,0.15472813627405335,0.1516045267627356
263.3595254626541,0.15023943772544035,0.04364106011099381
265.0798925315446,0.1671586020641711,0.1448164690758547
266.8002596004351,0.18571056027530508,0.17889327012138287
268.5206266693256,0.20408741442087708,0.17495804758005457
270.2409937382161,0.22229039364582936,0.129591552371593
271.9613608071066,0.21899947653383256,0.08428879532139583
273.6817278759971,0.16242037341842197,0.1619199247314194
275.4020949448876,0.10566449478457107,0.181366140195168
277.1224620137781,0.04872794657637192,0.16472190664965908
278.84282908266863,-0.00839328285733254,0.09452695487173414
280.5631961515591,0.034885204521225344,0.12260824977251847
282.2835632204496,0.13606099491539103,0.1729532907044354
284.00393028934013,0.23705820943575295,0.17991216853949943
285.7242973582306,0.33788384510128244,0.14966666425202674
287.4446644271211,0.436281218579063,0.042148594037961666
289.16503149601164,0.46746073636634256,0.14768156653245917
290.8853985649021,0.49486759684884296,0.17970598072691774
292.6057656337926,0.522120882126694,0.17433035894468019
294.32613270268314,0.5492224811316588,0.12688505866921332
296.0464997715736,0.5744108072487903,0.0914725192352324
297.7668668404641,0.5958534528796178,0.16405242726974056
299.48723390935464,0.6171495795819566,0.18190220119832295
301.2076009782451,0.6383005911576105,0.1639956680743928
302.9279680471356,0.6593080711509969,0.09126870817570233
304.64833511602615,0.624843555954095,0.12763798535735965
306.36870218491663,0.5637699229845281,0.17457764347851143
308.0890692538071,0.5025475353371802,0.1796749415918067
309.8094363226976,0.44117201153530905,0.14734025873579223
311.52980339158813,0.3895797021959537,0.04209905247167047
313.2501704604786,0.511269878805217,0.15002007052945185
314.97053752936915,0.6382256579907106,0.18030246736183841
316.69090459825964,0.7650377741386705,0.17362758138551293
318.4112716671501,0.8917152330726537,0.1241693793011572
320.1316387360406,1.0041230975886264,0.09817755528687551
321.8520058049311,1.0924803459448582,0.16616066366664786
323.5723728738217,1.180725673527712,0.182430725597485
325.29273994271216,1.2688652339984912,0.16326427680348973
327.01310701160264,1.3569051058187767,0.08792202344979227
328.7334740804931,1.3310740801380176,0.1324150909878873
330.4538411493836,1.2606730930174819,0.17629459984900017
332.1742082182741,1.1901719300458011,0.1798161123824313
333.89457528716457,1.1195656268843606,0.1459323506252317
335.61494235605517,1.0577886510819154,0.05033735489407041
337.33530942494565,1.097271198236791,0.15319530162141795
339.05567649383613,1.138149866984628,0.18128614516603264
340.7760435627266,1.1789197468430586,0.17310180852590296
342.4964106316171,1.2195837632672748,0.12151831490142097
344.2167777005076,1.3216637005091854,0.1044980113510244
345.9371447693982,1.5107378543295282,0.16824994367920287
347.65751183828866,1.6997292367046213,0.18296205691230974
349.37787890717914,1.88865093271948,0.1625499526903773
351.0982459760696,2.077516295391655,0.0845470036509722
352.8186130449601,2.1556310585169682,0.13699388044373031
354.5389801138506,2.199029278305994,0.17806607312576575
356.2593471827412,2.2423927381437863,0.18019548412145056
357.97971425163166,2.285724432290118,0.1451075265777707
359.70008132052214,2.0731312263029564,0.0419458200330431
361.4204483894126,1.6239104759776466,0.12262941535655403
363.1408154583031,1.8497616377065298,0.1683421652784344
364.8611825271936,2.0755537212779074,0.16735553570830025
366.5815495960842,2.30130236978203,0.11850845258559588
368.30191666497467,1.423964081378466,0.024160895539616898
370.02228373386515,1.4177758308143154,0.14697520657187224
371.74265080275563,1.4843790796347718,0.17712121818246496
373.4630178716461,1.550897794288454,0.16822004957153253
375.1833849405366,1.617336437037801,0.11126109730989225
376.9037520094271,1.6763725117554542,0.09189967659550184
378.6241190783177,1.7250508018547008,0.16292611637808455
380.34448614720816,1.7736612543975467,0.17839271316933733
382.06485321609864,1.8222072732424919,0.15583370783021291
383.7852202849891,1.8706136116001573,0.06304029835748975
385.5055873538796,1.8522218750678063,0.127484233042691
387.2259544227701,1.812969873565288,0.1728002513365929
388.9463214916607,1.773656155306179,0.1750753382263045
390.66668856055117,1.7342780049056556,0.13648000552862558
392.38705562944165,1.7046441655387468,0.03542723620780126
394.10742269833213,1.7420809942967082,0.14967518904723146
395.8277897672226,1.780594538279837,0.1777103300957364
397.5481568361131,1.8190440595239408,0.16716108818908001
399.2685239050037,1.857432332915431,0.10717859791425073
400.9888909738942,1.9000702859452132,0.09770621367974193
402.70925804278465,1.9477408105807341,0.16455580645024684
404.42962511167514,1.9953589906057174,0.1783444195106484
406.1499921805656,2.0429281508667088,0.15405251699664912
407.8703592494561,2.090506846515319,0.0550671248886559
409.5907263183467,2.1520524290691525,0.13098885803224405
411.3110933872372,2.2170135578711494,0.17386125513884396
413.03146045612766,2.281941078147264,0.17468798469662492
414.75182752501814,2.346839648253757,0.13424838599847164
416.4721945939086,2.4058997341348287,0.04782760911967024
418.1925616627991,2.434876527550267,0.15241176738678774
419.9129287316896,2.463569306888638,0.1784017635777599
421.6332958005802,2.492245761368616,0.16631850873251525
423.35366286947067,2.5209077562034223,0.10359612366677912
425.07402993836115,2.5112642447648965,0.10381686838237121
426.79439700725163,2.463468851165197,0.16634547138405426
428.5147640761421,2.415657026485286,0.17829175995847302
430.2351311450326,2.3678255028005366,0.15208713770728588
431.9554982139232,2.3515235759515405,0.04682176777907613
433.6758652828137,2.965672591737183,0.12412877369968478
435.39623235170416,2.78774892389776,0.17058567333232058
437.11659942059464,2.6098314877993345,0.17215304527261918
438.8369664894851,2.4319078386606576,0.13045957025370764
440.5573335583756,2.9707382867581997,0.03724758378956583
442.2777006272662,2.9605687565149252,0.1474672234952369
443.9980676961567,2.7407369108176396,0.17556672296326103
445.71843476504716,2.5209079407699106,0.16359400457406711
447.43880183393765,2.3010666619318214,0.09779275143320516
449.1591689028281,3.387782780827757,0.09430919270815881
450.8795359717186,3.1661310233848154,0.16276196518633915
452.5999030406092,2.9445118717780416,0.17601836335140997
454.3202701094997,2.7229098247925037,0.14956101421738183
456.04063717839017,2.6003576439950904,0.039870448848607694
457.76100424728065,3.527144908229667,0.1288292648902496
459.48137131617113,3.3193843106138785,0.17208422327621303
461.2017383850616,3.111666980968431,0.1719091632191994
462.9221054539522,2.9039784420031594,0.12812612574956211
464.6424725228427,3.656431872520892,0.04748967301009628
466.3628395917332,3.5788677162074065,0.1506444796210433
468.08320666062366,3.339532851349469,0.17639707020142237
469.80357372951414,3.1002426284368254,0.16271570545589348
471.5239407984046,2.8609804622802755,0.09366904001863047
473.2443078672951,3.3872817696773665,0.09937504749963637
474.9646749361857,3.263835079812617,0.16416920114177885
476.6850420050762,3.140427797051069,0.1758955867772825
478.40540907396667,3.0170513881426984,0.14778262527654906
480.12577614285715,3.0059175865603094,0.034939327339585345
481.84614321174763,3.53505366211362,0.13185830783206015
483.5665102806381,3.3534450657011745,0.17283147642408567
485.2868773495287,3.171882108970061,0.17111697101159434
487.0072444184192,2.9903521672123303,0.12496937377117781
488.7276114873097,3.420346029310673,0.052114041434144893
490.44797855620016,3.344202056903606,0.15208194614126494
492.16834562509064,3.2146905002506343,0.1763957065515992
493.8887126939811,3.0852149573942653,0.16129867037844217
495.6090797628717,2.9557663346660603,0.08850392351190742
497.3294468317622,3.488239873608387,0.10423899760355415
499.0498139006527,3.3528021426040993,0.16549540635161458
500.77018096954316,3.2174101035104115,0.17557197639691852
502.49054803843364,3.082054211152689,0.14552352049335376
504.2109151073241,3.0311134211710793,0.02962268066342152
505.9312821762147,3.2294050520631514,0.13400318434635758
507.6516492451052,3.1321511285238954,0.1731757489629841
509.3720163139957,3.034927504968317,0.17003973849432433
511.09238338288617,2.9377272962951166,0.12135720582899504
512.8127504517767,3.4392645277392204,0.05947884555204328
514.5331175206671,3.3526588826156796,0.15405340019525116
516.2534845895576,3.240857065969004,0.17654269400702288
517.9738516584482,3.12909310341592,0.1597453055550057
519.6942187273387,3.017359155256139,0.08236865166301473
521.4145857962292,3.378708513667044,0.10848141214147655
523.1349528651197,3.316741280331365,0.1666537583090293
524.8553199340101,3.2548171252478766,0.17519359284524616
526.5756870029006,3.192931798947933,0.14327243280284485
528.2960540717912,3.2334993930762663,0.02753441439747096
530.0164211406817,3.4407602331613076,0.1370833899907733
531.7367882095722,3.4351650457604648,0.17404511305764975
533.4571552784627,3.4296211859191827,0.16947703066804584
535.1775223473531,3.4241283237698155,0.11867479025035776
536.8978894162436,3.1579355276441503,0.06475936985522653
538.6182564851342,3.068237788112748,0.15681486162571956
540.3386235540247,2.9822070486444487,0.18067489073547657
542.0589906229152,2.8961960758230076,0.16796957379021332
543.7793576918057,2.8101989009731425,0.10630498742460472
545.4997247606962,2.8702642853709732,0.11064869675111125
547.2200918295866,3.0623840796332558,0.1644427597792629
548.9404588984772,3.2545292935374674,0.16711818186889046
550.6608259673677,3.4467132444028663,0.12208430567157878
552.3811930362582,3.0889067579873255,0.04803171222368793
554.1015601051487,2.9567773747967805,0.13787930074728233
555.8219271740392,2.969768048723148,0.16979447513200865
557.5422942429296,2.982777621876943,0.15709193561840007
559.2626613118201,2.995807084514803,0.0809486341273813
560.9830283807107,3.005399510929402,0.07151998498421812
562.7033954496012,2.960628434002268,0.1549218837486215
564.4237625184917,2.9158223478580623,0.17011591750475463
566.1441295873822,2.871031434002043,0.141045712866546
567.8644966562726,2.801268205198079,0.05595825789470396
569.5848637251631,2.7196860044062645,0.11445972304477481
571.3052307940537,2.74170256878312,0.1650616426034256
573.0255978629442,2.7637221577626234,0.16551766863862466
574.7459649318347,2.785746347424998,0.11641876398372684
576.4663320007252,2.353148472792435,0.039245679780951365
578.1866990696157,2.4008443530307715,0.13926866208670013
579.9070661385061,2.561277236815721,0.169706329994894
581.6274332073967,2.7217005607930047,0.15550315836647646
583.3478002762872,2.8821254947216572,0.07441407088640267
585.0681673451777,2.4819813457097495,0.07639671289048976
586.7885344140682,2.457707052023545,0.155813719432981
588.5089014829587,2.4334494376301676,0.16926351232290976
590.2292685518491,2.4091733256746237,0.13766540226168464
591.9496356207397,2.5165426353223324,0.056922318554424124
593.6700026896302,2.7361666456851252,0.11844156368867285
595.3903697585207,2.6608213747396348,0.16581329411679507
597.1107368274112,2.5854734427738264,0.16407940564826007
598.8311038963017,2.5101176781395735,0.11096059214721829
600.5514709651922,3.024100151535515,0.04205510981565809
602.2718380340826,2.9780284091291036,0.14293087231428
603.9922051029732,2.8419260883805975,0.17017333665605225
605.7125721718637,2.7058337796614125,0.15324028613981502
607.4329392407542,2.5725567287324735,0.06421703903276646
609.1533063096447,3.112360338702581,0.08595648234571217
610.8736733785352,3.1550615951651877,0.15854009379360154
612.5940404474256,3.197794681437182,0.17033451663403829
614.3144075163162,3.2405625878498596,0.13793569802682465
616.0347745852067,3.2676464320046477,0.08901683938336316
617.7551416540972,3.2418608902393315,0.1644124247388577
619.4755087229877,3.216113211724911,0.1848132577356605
621.1958757918782,3.1904016519517255,0.17117087509817697
622.9162428607686,3.1647243521651034,0.1116273988151944
624.6366099296592,3.1861992140807387,0.12579271964564193
626.3569769985497,3.24231051756052,0.17567448441338726
628.0773440674402,3.298459754057228,0.18424495155078466
629.7977111363307,3.3546508670069044,0.15836256318333522
631.5180782052212,3.410866086767976,0.06962881142757367
633.2384452741117,3.4653400488608894,0.15072904906275333
634.9588123430023,3.519695271556253,0.18300823304809308
636.6791794118927,3.57410771819047,0.1799180930398927
638.3995464807832,3.628581186531386,0.13912028636572668
640.1199135496737,3.6643730214417984,0.09721292373056886
641.8402806185642,3.6499541220914806,0.1670573979809943
643.5606476874547,3.635601546925551,0.1856824620651895
645.2810147563451,3.6213142533515223,0.17076765412713235
647.0013818252357,3.6070913490157976,0.10935052329450955
648.7217488941262,3.509914057841763,0.13082512838561353
650.4421159630167,3.3617164159145374,0.1772041598599863
652.1624830319072,3.2135650385208065,0.18366253097902768
653.8828501007977,3.0654495396083745,0.15526653545687685
655.6032171696882,2.9217940090940657,0.06242689496321057
657.3235842385787,2.9419534771666007,0.1516784410759036
659.0439513074692,2.972531432211207,0.1825945616133571
660.7643183763597,3.003128529535553,0.17794433962321007
662.4846854452502,3.0337468544743387,0.13407506954940945
664.2050525141407,3.03302601375986,0.09910406849584297
665.9254195830312,2.9638419712853987,0.16721257551108692
667.6457866519218,2.8946764376016403,0.18457631901059326
669.3661537208122,2.8255246077616163,0.16777495581109766
671.0865207897027,2.7563816019353395,0.10098737392518922
672.8068878585932,2.763029283777166,0.1315848456457212
674.5272549274837,2.8084444600314895,0.1771143178243063
676.2476219963742,2.853867249197202,0.18272977811131214
677.9679890652648,2.899300941877095,0.1528960616316164
679.6883561341552,2.9492512790913223,0.0616107613252429
681.4087232030457,3.0924178471196284,0.15402782894465292
683.1290902719362,3.2391920064474617,0.18348736595274873
684.8494573408267,3.3860038693804255,0.1779583437572598
686.5698244097172,3.5328636127502704,0.13314913018794458
688.2901914786077,3.6270321530961893,0.1074041286903858
690.0105585474982,3.6260969815986015,0.1702219756738788
691.7309256163887,3.62522650647079,0.18586735041607302
693.4512926852792,3.62442061688497,0.16807930551238953
695.1716597541697,3.623679307301353,0.10042762889217395
696.8920268230602,3.583179394474308,0.13756143307165855
698.6123938919507,3.526006506302758,0.17943478574024185
700.3327609608413,3.468891260133853,0.1832181074902944
702.0531280297317,3.4118297541269498,0.1517881027209158
703.7734950986222,3.360137057133579,0.06683120694460237
705.4938621675127,3.3780281877672507,0.15702566274425592
707.2142292364032,3.3973505391360788,0.18414021727883426
708.9345963052937,3.416721589001122,0.1767123975285546
710.6549633741843,3.4361427011359296,0.12890022087647265
712.3753304430747,3.41070245408431,0.11049211750592779
714.0956975119652,3.3176954400152794,0.17069098658997553
715.8160645808557,3.2247316065568667,0.18449947362371666
717.5364316497462,3.131804421158813,0.1640847465121451
719.2567987186367,3.038907446221708,0.08823079793413706
720.9771657875273,2.5904080865554646,0.0853645112784457
722.6975328564178,2.656102993099688,0.15920872595008717
724.4178999253082,2.721794954782206,0.1727432051886098
726.1382669941987,2.7874885727202012,0.14410670330609565
727.8586340630892,2.7516863462374714,0.04449828146290904
729.5790011319797,2.5071068964016034,0.12349718224667286
731.2993682008702,2.54326559666776,0.17195747680738027
733.0197352697608,2.5794134786947835,0.1764405095239857
734.7401023386512,2.615553044628052,0.14120066638696013
736.4604694075417,2.6517495459785265,0.030669403767341903
738.1808364764322,2.6886029148168062,0.14751349189902427
739.9012035453227,2.7254783495182777,0.17780990155309173
741.6215706142132,2.762355681968978,0.16952149855165757
743.3419376831038,2.7992374547969745,0.11455548794954185
745.0623047519942,2.8264952242312744,0.09234967552226596
746.7826718208847,2.8393840000170143,0.16331934623894737
748.5030388897752,2.8522825356616806,0.17915091967112526
750.2234059586657,2.865191925657706,0.15746588096407227
751.9437730275562,2.87810848511574,0.06928216506235266
753.6641400964468,2.88441013957742,0.1277580854509851
755.3845071653373,2.8884923352578027,0.1732764474247486
757.1048742342277,2.892587850220076,0.17610058477885018
758.8252413031182,2.896696890165566,0.13886133251836966
760.5456083720087,2.897329692600516,0.039547103226264535
762.2659754408992,2.871449030915636,0.15007170958454394
763.9863425097898,2.845029636851217,0.17830799027606617
765.7067095786803,2.8186204564627473,0.168354876212871
767.4270766475707,2.792219662243775,0.11031514355890047
769.1474437164612,2.771262617568419,0.09771508011417751
770.8678107853517,2.757128798690496,0.16476517005641217
772.5881778542422,2.742999144010065,0.17892355343269575
774.3085449231327,2.7288724920709284,0.1553957002986661
776.0289119920233,2.7147426530498193,0.06057751520618411
777.7492790609138,2.6986417792302517,0.1307297300392751
779.4696461298042,2.682012112104553,0.1739660529708232
781.1900131986947,2.665381354558684,0.17520762516534508
782.9103802675852,2.6487482977222156,0.1356132595747087
784.6307473364757,2.630706441096089,0.04595103987355532
786.3511144053663,2.604671932269349,0.15186936071243903
788.0714814742568,2.5785404764232225,0.1783110595184416
789.7918485431472,2.552400720794702,0.16660956855993997
791.5122156120377,2.5262508061572873,0.10466575684140018
793.2325826809282,2.588542403604032,0.08273234662761947
794.9529497498187,2.578395419020603,0.15955586150690973
796.6733168187093,2.568240055399707,0.17572393993502278
798.3936838875998,2.5580756782508103,0.1520152722244768
800.1140509564902,2.53755221054879,0.050246460268895975
801.8344180253807,2.2721168541220265,0.1208707586918946
803.5547850942712,2.3744119264540813,0.16952468828551184
805.2751521631617,2.476684438778244,0.17220629450535754
806.9955192320523,2.5789415640962203,0.13175416375812585
808.7158863009428,2.34887938119237,0.02915014187571271
810.4362533698333,2.391114588089971,0.1449388193053994
812.1566204387237,2.5523086376629123,0.17483516911151592
813.8769875076142,2.713492434437336,0.1640822396570066
815.5973545765047,2.8746772961994167,0.10036523447874221
817.3177216453952,2.2586843259827503,0.08729923967366585
819.0380887142858,2.4539369424127755,0.16070723886142915
820.7584557831763,2.6491725058848146,0.17561954503525362
822.4788228520667,2.8444046230315734,0.15056154682482126
824.1991899209572,2.9688572886095073,0.04527927384687504
825.9195569898477,2.1465167357289885,0.12400734047909145
827.6399240587383,2.36333610710883,0.17035254669329128
829.3602911276288,2.580132135169032,0.17162815315689645
831.0806581965193,2.796919856563329,0.12917678047517714
832.8010252654097,2.5642661023114157,0.03658475060557632
834.5213923343002,2.5581506562351364,0.14769212187364317
836.2417594031907,2.637072429439081,0.17536218976996662
837.9621264720812,2.7159899220397903,0.16282481497735948
839.6824935409717,2.794908745063958,0.09535118829800567
841.4028606098622,2.779672290274243,0.09498917669075407
843.1232276787526,2.7581660769939673,0.16277522245604795
844.8435947476434,2.7366640965171256,0.17551189008692974
846.5639618165338,2.7151647763500306,0.14815565009247092
848.2843288854243,2.7240627543551112,0.03584805056898784
850.0046959543148,2.8898443710694948,0.129088738612042
851.7250630232053,2.8077366015290237,0.17179984086535183
853.4454300920958,2.7256365004793337,0.17089965875555405
855.1657971609862,2.6435383073496097,0.12545254308941658
856.8861642298767,2.9856416988015666,0.046565739314370275
858.6065312987672,2.894179341210497,0.15056775257436789
860.3268983676577,2.7531482733232564,0.17577609216987802
862.0472654365482,2.61212098741816,0.1611229902724097
863.7676325054387,2.471087621532598,0.08865338183228041
865.4879995743291,2.612688921394516,0.0999356105094525
867.2083666432198,2.519805361902337,0.16400227076051524
868.9287337121103,2.426909411359753,0.17496406138518458
870.6491007810008,2.3339944727288127,0.14537949056270788
872.3694678498913,2.4272115803509506,0.02639783153008776
874.0898349187818,3.010515146442509,0.13289538142350948
875.8102019876723,2.7500955984292204,0.17270526160191035
877.5305690565627,2.4896796331041116,0.16980817187238612
879.2509361254532,2.22924912510839,0.12117767656032007
880.9713031943437,3.028061955798671,0.05560788758470015
882.6916702632342,2.822909947073151,0.1529648086283708
884.4120373321247,2.558784569224366,0.1760179053435642
886.1324044010152,2.2946494211651554,0.15941016941244238
887.8527714699059,2.030486165494574,0.08175926077074505
889.5731385387963,3.16082281710822,0.10716872105803954
891.2935056076868,2.8336359697647366,0.16610786864636234
893.0138726765773,2.5064584895442237,0.17479864066165487
894.7342397454678,2.1792677201407797,0.14273816225782915
896.4546068143583,2.290059832054817,0.020346141037276444
898.1749738832488,3.42863088992288,0.1372813432893687
899.8953409521392,3.512936146661923,0.17726349617962486
901.6157080210297,3.5972982146160404,0.17782809156616228
903.3360750899202,3.681722965481421,0.13945491090273973
905.0564421588107,3.761663553138456,0.06673740102737188
906.7768092277012,3.819094540464613,0.15412458917624958
908.4971762965916,3.8764886759684543,0.1717913072114703
910.2175433654824,3.933964940328147,0.1466172520564648
911.9379104343728,3.9389638446425663,0.06066434803628305
913.6582775032633,3.7422257841331628,0.11192371481228795
915.3786445721538,3.8237629868069347,0.16521132113661477
917.0990116410443,3.9053786178958716,0.1681765574481869
918.8193787099348,3.9870784090300275,0.12447053852854721
920.5397457788252,3.79073422544908,0.05376229829196322
922.2601128477157,3.8105517456612232,0.13863625390295173
923.9804799166062,3.9333664958613723,0.17091349940200765
925.7008469854967,4.056267324385283,0.15946964731039934
927.4212140543872,4.179262768272091,0.08874902438667336
929.1415811232777,3.9674585503003725,0.07418312644983567
930.8619481921684,3.9270500365353427,0.15595322723691257
932.5823152610589,3.8871840960309583,0.1715232294904952
934.3026823299493,3.8474010151245692,0.14399959961812686
936.0230493988398,3.8460148614293757,0.06096467788456349
937.7434164677303,3.9716280852570036,0.11668351408391298
939.4637835366208,3.9944524991850954,0.16645820609253573
941.1841506055113,4.017367219104068,0.1674703532733071
942.9045176744017,4.0403739196383075,0.12095077970179188
944.6248847432922,3.788311691463542,0.050268529627075405
946.3452518121827,3.8019446122356952,0.1411163300336299
948.0656188810732,3.8909063129912,0.17119859578607277
949.7859859499637,3.9799511314102403,0.15786291215770448
951.5063530188542,4.069085326296056,0.08214508296449635
953.2267200877449,3.713990906010474,0.08002367732545858
954.9470871566353,3.796544387059208,0.1573774861713064
956.6674542255258,3.8793002133910135,0.1713567818505734
958.3878212944163,3.9621383809020982,0.14206695663892718
960.1081883633068,3.994516596406521,0.06367077620046369
961.8285554321973,3.966748303779718,0.12023378966781242
963.5489225010878,4.063825927957703,0.16733177312626146
965.2692895699782,4.16099872545791,0.16672124774117494
966.9896566388687,4.258273453658541,0.11766165003110235
968.7100237077592,4.199592034800441,0.05102661947286159
970.4303907766497,4.251404148441162,0.14460347702027987
972.1507578455402,4.327571401972017,0.1726056076839338
973.8711249144309,4.403852229642036,0.15834720256019064
975.5914919833214,4.480171779600193,0.08250589378541842
977.3118590522118,4.490483284316548,0.15007836521225634
979.0322261211023,4.4906464154704455,0.1838253039520857
980.7525931899928,4.490934491960809,0.18262505231119097
982.4729602588833,4.491347538721351,0.14561557318132975
984.1933273277738,4.507572363339813,0.09489482242756515
985.9136943966643,4.58145982684726,0.16701232367222277
987.6340614655547,4.655478538980953,0.18741412304321964
989.3544285344452,4.729633669821107,0.17521374113164306
991.0747956033357,4.803930356057942,0.12091024558634662
992.7951626722262,4.8378280483346945,0.13131681214020113
994.5155297411167,4.840241614269866,0.17867246340763906
996.2358968100074,4.842804494758122,0.1870245130285883
997.9562638788979,4.845516815527384,0.16250512168913214
999.6766309477883,4.848165787102227,0.08123953138537246
1001.3969980166788,4.824991387233746,0.15359896235910736
1003.1173650855693,4.7991171857697115,0.18503443560853294
1004.8377321544598,4.773389431990632,0.18230768077644305
1006.5580992233503,4.747806245241401,0.1434831220204708
1008.2784662922408,4.742747867275307,0.10111217048948001
1009.9988333611312,4.796835320563384,0.16901648994161775
1011.7192004300217,4.851069036455494,0.18785483093120808
1013.4395674989122,4.905452770035106,0.17433914147555069
1015.1599345678027,4.959990316689295,0.11781046346503071
1016.8803016366934,4.957079165788736,0.13522410529745554
1018.6006687055839,4.916596059086993,0.17998554602077912
1020.3210357744744,4.876267574327239,0.18681060454993292
1022.0414028433648,4.836090889652292,0.16061280207477133
1023.7617699122553,4.794452743730142,0.0782150068441987
1025.4821369811457,4.676789845516163,0.15570086780560716
1027.2025040500362,4.55362972342183,0.18521992264377812
1028.9228711189267,4.430598897749912,0.18074563760463222
1030.6432381878171,4.307688846963282,0.139032374020492
1032.3636052567076,4.160328863459933,0.10327833191858839
1034.083972325598,3.9555554691939334,0.1689616435223618
1035.8043393944886,3.7508697359009715,0.18591714140835913
1037.524706463379,3.546257288429581,0.1694683772474812
1039.24507353227,3.341704012543397,0.1049259237114034
1040.9654406011605,3.2514457219512223,0.13193639341166166
1042.685807670051,3.223625466966604,0.17747928772588617
1044.4061747389414,3.19584186170581,0.18335841885066045
1046.126541807832,3.168092861640923,0.15418184047111863
1047.8469088767224,3.1401435564118514,0.06319253026393352
1049.567275945613,3.106419937520792,0.15354119663229665
1051.2876430145034,3.072455449414059,0.18308922071733782
1053.0080100833939,3.0385170121236853,0.17741105289880188
1054.7283771522843,3.0046023264426593,0.13203554524621786
1056.4487442211748,3.0258152529997573,0.1024433600263728
1058.1691112900653,3.153185858433852,0.16844044262467478
1059.8894783589558,3.280588209472677,0.18519202084129577
1061.6098454278463,3.408031088027536,0.16813089903925071
1063.3302124967367,3.535523474553139,0.1014211317588003
1065.0505795656272,3.5236983878920625,0.1360509956656279
1066.7709466345177,3.449098635923059,0.17890944334311712
1068.4913137034082,3.374551155057412,0.18326628768525255
1070.2116807722987,3.300050875139044,0.1524603004253972
1071.9320478411892,3.2307888623473615,0.06566420461045676
1073.6524149100796,3.24053979393164,0.1560356424658267
1075.3727819789701,3.252355177078806,0.18345093625359987
1077.0931490478606,3.2642091705981158,0.17591435666509148
1078.813516116751,3.2761025901002596,0.12736251892835304
1080.5338831856416,3.518299409301727,0.033471256794373884
1082.2542502545325,3.4897216314797617,0.14408390761087178
1083.974617323423,3.4179302093896182,0.17327735101817085
1085.6949843923135,3.3461889728301286,0.16069049609669364
1087.415351461204,3.2744928567925,0.09026730276082343
1089.1357185300944,3.2637777072839014,0.08569647111362094
1090.856085598985,3.171837951727747,0.16160533701204954
1092.5764526678754,3.0799311630881845,0.17941344494771655
1094.2968197367659,2.9880509721407917,0.15988832389154062
1096.0171868056564,2.8961910793700496,0.07899234730206037
1097.7375538745468,2.8456809739059223,0.12298980427117383
1099.4579209434373,2.8136400793821337,0.17191774553431033
1101.1782880123278,2.7816072768422315,0.17679208005894023
1102.8986550812183,2.7495802647189804,0.14221867270049057
1104.6190221501088,2.7189572729469034,0.029286262585149443
1106.3393892189993,2.705010766076151,0.14673763330883446
1108.0597562878897,2.6917377545803958,0.17764317269692845
1109.7801233567802,2.678464359926005,0.16983070800534755
1111.5004904256707,2.665189596499141,0.11570347409852116
1113.2208574945612,2.675726725115163,0.0899704180128946
1114.9412245634517,2.7240953592931247,0.1626388141221546
1116.6615916323422,2.772465763252393,0.179084814937482
1118.3819587012326,2.8208413347567727,0.15797532787041796
1120.1023257701231,2.8692034713648638,0.07153186511329342
1121.8226928390136,2.8479042979701545,0.1263851818969487
1123.5430599079045,2.801303034230267,0.1728332788579982
1125.263426976795,2.7547090399825094,0.176169241663045
1126.9837940456855,2.708118893338104,0.13952174411374588
1128.704161114576,2.666666677809468,0.035332316719024065
1130.4245281834665,2.668771457859003,0.1490346498625396
1132.144895252357,2.6719634264821877,0.17804536608682575
1133.8652623212474,2.6751535498337886,0.16866955146403376
1135.585629390138,2.678342063402846,0.11161637950274644
1137.3059964590284,2.690853975768499,0.09563206733820698
1139.0263635279189,2.715786195590448,0.16417701647121932
1140.7467305968094,2.7407195771559087,0.17895637342774873
1142.4670976656998,2.765655957026064,0.15607939882579688
1144.1874647345903,2.790531581498834,0.06353287262428337
1145.9078318034808,2.778982700139744,0.12964525436302674
1147.6281988723713,2.756839186964663,0.17369570383388844
1149.3485659412618,2.7346996304093465,0.17548698422729064
1151.0689330101523,2.7125627091267517,0.13669132627880756
1152.7893000790427,3.2473969967225513,0.030944900546594108
1154.5096671479332,3.417348301617659,0.1441393871412966
1156.2300342168237,3.193137589936208,0.1753327187529381
1157.9504012857142,2.968961331711506,0.16619155294907073
1159.6707683546047,2.744803964755812,0.10681527306144857
1161.3911354234951,3.3802033235731357,0.0839008143070194
1163.1115024923856,3.2353491599376354,0.1600823594705393
1164.831869561276,3.09052687893074,0.1763825490222084
1166.552236630167,2.9457319194294143,0.1532780058948492
1168.2726036990575,2.818784514791781,0.05511210143050894
1169.992970767948,3.425991735337783,0.1226627713307827
1171.7133378368385,3.243972111646309,0.17044368313970193
1173.433704905729,3.061990526686992,0.17309727449854045
1175.1540719746195,2.8800342946905118,0.13334639667072906
1176.87443904351,3.313193733057511,0.03491981486258944
1178.5948061124004,3.3469625695284946,0.1462227055136667
1180.315173181291,3.124052513262478,0.17557016343316106
1182.0355402501814,2.9011721717607712,0.1648130247932062
1183.7559073190719,2.6783059064119867,0.1019578907067439
1185.4762743879623,3.144493274895632,0.08900357469108425
1187.1966414568528,3.0030087040493014,0.16129615354380322
1188.9170085257433,2.8615453446170647,0.17600293461021696
1190.6373755946338,2.720093368770955,0.1510124854995493
1192.3577426635243,2.613506525706265,0.04582780833831374
1194.0781097324148,3.1566603900805545,0.1253540712343055
1195.7984768013052,3.0596495958313255,0.17103785400225416
1197.5188438701957,2.9626640085981477,0.17226549499469584
1199.2392109390862,2.865696832747284,0.13030011682481688
1200.9595780079767,3.1028325832871757,0.038626610652053944
1202.6799450768672,3.1024919665783783,0.14797034728960254
1204.4003121457577,3.020676294313881,0.17574720235136881
1206.1206792146481,2.9388830548703537,0.16358829910757236
1207.8410462835386,2.8571065601447514,0.09755116988719356
1209.5614133524296,3.3170070709431854,0.09511851746890854
1211.28178042132,3.2009289436375012,0.16296775194537408
1213.0021474902105,3.084885880625387,0.1759548908281297
1214.722514559101,2.968869744356533,0.14917662616646274
1216.4428816279915,2.8948088298851586,0.039266868459163586
1218.163248696882,3.2378277774093305,0.12870762712201325
1219.8836157657724,3.209237432016374,0.17195838753182807
1221.603982834663,3.1806826665413666,0.1716811434575353
1223.3243499035534,3.152161543285041,0.1275923611076879
1225.044716972444,3.3475047494558736,0.04600422052987482
1226.7650840413344,3.3267773004621346,0.15037049187476828
1228.4854511102249,3.2738959554607674,0.1762215390908411
1230.2058181791153,3.221054688489056,0.1625138822968344
1231.9261852480058,3.1682498698083292,0.09316750267333407
1233.6465523168963,3.3851282696102145,0.10031251943048347
1235.3669193857868,3.30453819555384,0.1644062347024853
1237.0872864546773,3.2239904092570497,0.17579096174104297
1238.8076535235678,3.1434792399837703,0.14725093515565188
1240.5280205924582,3.061878254305094,0.034038921092686206
1242.2483876613487,3.053846824299137,0.13151135381391404
1243.9687547302392,3.076901987720413,0.17260051222892958
1245.6891217991297,3.0999835528951905,0.17081706693483176
1247.4094888680202,3.123093137428435,0.1243288625303467
1249.1298559369106,3.5672845193564853,0.05396203542998939
1250.8502230058011,3.4826776422177317,0.1526032492213182
1252.570590074692,3.364638471140944,0.17644929461710435
1254.2909571435825,3.246645691312659,0.16092846510313305
1256.011324212473,3.128691164391421,0.08704679076874056
1257.7316912813635,3.302530389119363,0.10499205327851623
1259.452058350254,3.3609581003839195,0.1677962445262455
1261.1724254191445,3.4194320372203264,0.1813060943036645
1262.892792488035,3.477956197130362,0.15866192568900464
1264.6131595569254,3.5363775829834423,0.07171848095419972
1266.333526625816,3.5136597853930254,0.13463313673929117
1268.0538936947064,3.47052699875922,0.16980136582447708
1269.7742607635969,3.427447988501791,0.1602194124767723
1271.4946278324874,3.384419816764472,0.09294336449499446
1273.2149949013778,3.6557863290852253,0.06404062876660367
1274.9353619702683,3.6813078325520734,0.15335314115460155
1276.6557290391588,3.7041620138676534,0.17151361835660126
1278.3760961080493,3.7270862149493893,0.14661731374132658
1280.0964631769398,3.7183962449806187,0.05814658352714489
1281.8168302458303,3.59119250510235,0.10977019505466075
1283.5371973147207,3.6868252109988133,0.1645819793717723
1285.2575643836112,3.782526808127352,0.16827718776756995
1286.9779314525017,3.8783039848498446,0.12545832229255394
1288.6982985213922,3.5022143484904915,0.052874165308367256
1290.4186655902827,3.3916724554084907,0.13678274857069567
1292.1390326591732,3.4610403651622845,0.17016845452532192
1293.8593997280636,3.530461417712098,0.15918584101309405
1295.5797667969546,3.5999404349989788,0.0886397152467513
1297.300133865845,3.5982228514676193,0.0703340748034625
1299.0205009347355,3.6551935133411972,0.15499632482604497
1300.740868003626,3.712450300039842,0.17146135856563888
1302.4612350725165,3.7697777500658503,0.14480105746706712
1304.181602141407,3.8135901700233545,0.06035656801948934
1305.9019692102975,3.7731480937852893,0.11459659778348623
1307.622336279188,3.7473250552870296,0.16566870689569999
1309.3427033480784,3.7215750859137358,0.16710986488175208
1311.063070416969,3.6958964919693016,0.12071152927838677
1312.7834374858594,3.768369682020585,0.05161252776728432
1314.5038045547499,3.8214589510730206,0.14041909383175724
1316.2241716236404,3.854904878648733,0.17110909738612654
1317.9445386925308,3.888431407830518,0.15829062852366346
1319.6649057614213,3.9220409124343063,0.08395918336332307
1321.3852728303118,4.001919613390351,0.07922654784859758
1323.1056398992023,4.011819983713588,0.15724441274552436
1324.8260069680928,4.021766721841994,0.17159327707415187
1326.5463740369833,4.0318057094692055,0.14287547152840568
1328.2667411058737,4.007450374042145,0.06278355109059526
1329.9871081747642,4.011978257665101,0.11877436003544305
1331.7074752436547,4.171314733726627,0.16754414947995885
1333.4278423125452,4.330753847499915,0.16862806300575617
1335.1482093814357,4.490306770187937,0.1232906926408644
1336.8685764503261,4.560231119748375,0.12571153521077197
1338.588943519217,4.542091209999848,0.17665269942353426
1340.3093105881076,4.5240798064332015,0.18687845929080776
1342.029677656998,4.506195662760314,0.16418457145576798
1343.7500447258885,4.488428716316713,0.08551603418927829
1345.470411794779,4.431106732612301,0.14942994649932007
1347.1907788636695,4.366994727078401,0.18354172572986632
1348.91114593256,4.302999027615977,0.1825248375768216
1350.6315130014505,4.239115144674821,0.1456449754488263
1352.351880070341,4.187414292182234,0.09102687803417832
1354.0722471392314,4.184304468965843,0.1655408424461444
1355.792614208122,4.1812982055495755,0.18639852138832844
1357.5129812770124,4.178395306706472,0.1740972540503889
1359.2333483459029,4.175595556126774,0.11873866026073103
1360.9537154147934,4.200474652812568,0.12697526332789333
1362.6740824836838,4.248305066274492,0.1767583960107118
1364.3944495525743,4.296243517605115,0.18601119312991973
1366.1148166214648,4.34429336741942,0.16184422620014544
1367.8351836903553,4.392822480454635,0.07912836385095455
1369.5555507592458,4.513261521884624,0.15156594426882178
1371.2759178281362,4.642753950148341,0.18447119904382583
1372.9962848970267,4.77238185693181,0.18283748018565507
1374.7166519659172,4.902154381959912,0.14550543224195972
1376.4370190348077,4.985152972687695,0.10141563423302086
1378.1573861036982,4.921240787077716,0.16913533245395831
1379.8777531725887,4.857483591701049,0.18792753351997993
1381.5981202414796,4.7938768616283145,0.17440468206392798
1383.31848731037,4.7304162000694365,0.11792413002755477
1385.0388543792606,4.682496855825059,0.13301343250163258
1386.759221448151,4.645443710347104,0.1790121603059087
1388.4795885170415,4.608526265263203,0.18634349221765928
1390.199955585932,4.57174196886549,0.16040246465341093
1391.9203226548225,4.534436408588414,0.07638294497984756
1393.640689723713,4.456388432713988,0.1540266142138248
1395.3610567926034,4.3749710898710195,0.18462215209315325
1397.081423861494,4.293670612439508,0.1808499414064131
1398.8017909303844,4.21248132461613,0.13995678015704596
1400.522157999275,4.122317557478647,0.10149109956038746
1402.2425250681654,4.009407480521725,0.16851640916329613
1403.9628921370559,3.896588784256886,0.18618503082683477
1405.6832592059463,3.7838536273833596,0.17059732469368172
1407.4036262748368,3.671194088368844,0.10822187440888284
1409.1239933437273,3.621305659132355,0.13203287680849388
1410.8443604126178,3.608005348972989,0.1778440722903857
1412.5647274815083,3.594768457224228,0.18421923736364745
1414.2850945503988,3.5815940476502077,0.15607038215446908
1416.0054616192892,3.5676891867309677,0.06737541604358768
1417.7258286881797,3.5296971736178135,0.1539355108011629
1419.4461957570702,3.4904303372001038,0.18366007141431154
1421.1665628259607,3.4512186480413845,0.17848896657954794
1422.8869298948512,3.412059492009257,0.13445254720563096
1424.607296963742,3.3760190509093433,0.10260754458333056
1426.3276640326326,3.3463444661969617,0.16850902773871443
1428.048031101523,3.316715063720062,0.1852428771672744
1429.7683981704135,3.2871287409496346,0.16819290096049783
1431.488765239304,3.2575834584018195,0.10156474554614268
1433.2091323081945,3.2522301317971425,0.13385139701417795
1434.929499377085,3.258575067875961,0.17779514252006676
1436.6498664459755,3.264959087055837,0.18241323573839777
1438.370233514866,3.2713825632505915,0.1513508766611331
1440.0906005837564,3.3093013415432835,0.050770005018726444
1441.810967652647,3.478410883072678,0.11860063053368895
1443.5313347215374,3.4172125333449173,0.1679736811790746
1445.251701790428,3.356064257683579,0.16997550064863742
1446.9720688593184,3.2949618394748312,0.1268693734934715
1448.6924359282089,3.3362627249744548,0.03184970866844497
1450.4128029970993,3.3123739148119795,0.14429874363094974
1452.1331700659898,3.270079193161757,0.17749495379858646
1453.8535371348803,3.227824345673804,0.17178479401117094
1455.5739042037708,3.185606341418628,0.12181232224766442
1457.2942712726613,3.1440218917821823,0.08310794539525751
1459.0146383415517,3.1036914329023317,0.16092900843088465
1460.7350054104422,3.0633892006917107,0.17941138340663396
1462.4553724793327,3.0231124221824586,0.16056020847837837
1464.1757395482232,2.982858297416635,0.08166864218286728
1465.8961066171137,2.9385587923097716,0.1219002946040169
1467.6164736860046,2.892331625608642,0.17165058799437613
1469.336840754895,2.8461179629392688,0.17705436911084702
1471.0572078237856,2.7999146294555373,0.14322424013260354
1472.777574892676,2.7578412226280817,0.028683770686111307
1474.4979419615665,2.7716034091281414,0.14600563566943242
1476.218309030457,2.787994825117147,0.17756516646271836
1477.9386760993475,2.80439251987695,0.1703304053295553
1479.659043168238,2.820797522125099,0.11732910909307331
1481.3794102371285,2.8195576292222255,0.08825389462050895
1483.099777306019,2.788454538727302,0.16218406297215576
1484.8201443749094,2.7573577015197315,0.1791175283969563
1486.5405114438,2.7262649824875154,0.15852008487192343
1488.2608785126904,2.6951789078917385,0.07377677105228538
1489.9812455815809,2.703936019522638,0.12501362411406153
1491.7016126504714,2.7282764074790236,0.172449800706185
1493.4219797193618,2.7526189367574943,0.17638938785066943
1495.1423467882523,2.776965235431612,0.1405405155538587
1496.8627138571428,2.7983325100948035,0.033369589682939245
1498.5830809260333,2.791347713407555,0.14831514583581007
1500.3034479949238,2.783524340488094,0.17796043962971306
1502.0238150638143,2.7757068859876255,0.16914303755950125
1503.7441821327047,2.7678947676316965,0.11320281113162231
1505.4645492015952,2.7563091722477338,0.09387280726069375
1507.1849162704857,2.7393786684285373,0.16367956925969757
1508.9052833393762,2.722451027837758,0.17896211603860526
1510.6256504082671,2.7055250770131862,0.15659781809346832
1512.3460174771576,2.691787894951625,0.0657820473448662
1514.066384546048,3.2991149810671287,0.11717037544997827
1515.7867516149386,3.117208051543025,0.1689037863813495
1517.507118683829,2.9353303512069657,0.1738146567749337
1519.2274857527195,2.753469178898962,0.1370346801653084
1520.94785282161,3.0738190653975948,0.02840665461362531
1522.6682198905005,3.3158326383245593,0.14284638469747402
1524.388586959391,3.163922341363269,0.17504157434337983
1526.1089540282815,3.0120445059296457,0.16665591268796512
1527.829321097172,2.860188516115693,0.10866559829769498
1529.5496881660624,3.516378908412514,0.08192739382809448
1531.270055234953,3.3632460557037063,0.15963071193019138
1532.9904223038434,3.2100497792773353,0.1765400400574746
1534.7107893727339,3.0568891728989285,0.15416180723234327
1536.4311564416244,2.9177463780406128,0.058835714704648163
1538.1515235105148,3.5964137725649095,0.12168379011277287
1539.8718905794053,3.390595778919527,0.17023955693211745
1541.5922576482958,3.184826033197021,0.17342603034489615
1543.3126247171863,2.979090239408572,0.13450834133969386
1545.0329917860768,3.487359345371709,0.03474106088810016
1546.7533588549672,3.6082348563609457,0.14595992730397536
1548.4737259238577,3.3773779681885627,0.1757686745893431
1550.1940929927482,3.146568447697257,0.16559959400635865
1551.9144600616387,2.9157901687852585,0.10435098580979411
1553.6348271305296,3.705274615327846,0.08944692686656693
1555.35519419942,3.503520921399564,0.16160534076597569
1557.0755612683106,3.3018234168993614,0.17654591933110428
1558.795928337201,3.1001679078795745,0.15217978779181393
1560.5162954060916,2.9412548229969047,0.05034405795002653
1562.236662474982,3.7724295669582886,0.12568570004021024
1563.9570295438725,3.5419175151822,0.17136415949811817
1565.677396612763,3.3114642291121696,0.17284787682889158
1567.3977636816535,3.0810536723534425,0.13164033408646675
1569.118130750544,3.4766642227179942,0.03935516685091505
1570.8384978194345,3.506147215037737,0.1479770262825567
1572.558864888325,3.3551115426639,0.17605287031468106
1574.2792319572154,3.2041217003829785,0.1644011944331801
1575.999599026106,3.0531671265852025,0.09997756333520205
1577.7199660949964,3.66279771083594,0.09444802949720169
1579.4403331638869,3.5080265174489056,0.16290444539278953
1581.1607002327773,3.353311855872556,0.17631204341828066
1582.8810673016678,3.1986427636272707,0.1502196174059904
1584.6014343705583,3.069525191659801,0.04314752624654268
1586.3218014394488,3.2828052162346295,0.12757762066927802
1588.0421685083393,3.2211256498924796,0.1716617259280378
1589.7625355772298,3.159482525468428,0.17191934993921418
1591.4829026461202,3.0978715096592793,0.12861422232387804
1593.2032697150107,3.3289787159216586,0.0436504299570877
1594.9236367839012,3.3067501569084867,0.14961489018396604
1596.6440038527921,3.233786651778354,0.17607576996655575
1598.3643709216826,3.16086043582589,0.1628632583006573
1600.084737990573,3.087966457722183,0.09459735345178201
1601.8051050594636,3.4129257976091423,0.0984977208120232
1603.525472128354,3.359585681864695,0.1639298981189058
1605.2458391972445,3.3062916416515633,0.1759399257307619
1606.966206266135,3.2530400330382974,0.14815018386535894
1608.6865733350255,3.1611665074451536,0.03685004807768107
1610.406940403916,3.0007141162682216,0.1299489084873746
1612.1273074728065,3.134953683504244,0.17218980683064258
1613.847674541697,3.2692236778759933,0.17115890928250704
1615.5680416105874,3.4035334743200507,0.12579645529839928
1617.288408679478,2.7006292658404276,0.04592869795799314
1619.0087757483684,2.6559979868172205,0.15185852516135995
1620.729142817259,2.6860543799834544,0.17975428292612625
1622.4495098861494,2.716109942939505,0.17041477297155902
1624.1698769550399,2.7461667078811387,0.11510376905513293
1625.8902440239303,2.7550430607312193,0.10135554059616439
1627.6106110928208,2.736758549222452,0.1618732139102093
1629.3309781617113,2.7184766795107804,0.16771736271031393
1631.0513452306018,2.7001962202230003,0.12669653367344755
1632.7717122994923,2.660828169129013,0.05429243719992838
1634.4920793683827,2.6254985101283466,0.1316835884863858
1636.2124464372732,2.601502951229713,0.16854746663267275
1637.9328135061637,2.5775006173454016,0.15952274043847853
1639.6531805750546,2.553489877458952,0.09196472461525808
1641.3735476439451,2.628444516978982,0.05439629976563835
1643.0939147128356,2.669381337337222,0.1508966262608643
1644.814281781726,2.7095777769686094,0.17028023972763023
1646.5346488506166,2.7497749545479677,0.14561390356930212
1648.255015919507,2.803142309164451,0.052571068039623366
1649.9753829883975,2.8813859427914053,0.10648796427569505
1651.695750057288,2.8130053682038407,0.16312450464461498
1653.4161171261785,2.744632851179625,0.1669630716361569
1655.136484195069,2.6762635189606043,0.12304970419928707
1656.8568512639595,2.694134828938638,0.05037409868839723
1658.57721833285,2.7475753171649955,0.1345552999564922
1660.2975854017404,2.7814033207393094,0.16915296957934212
1662.017952470631,2.8152371187887524,0.15848829305003828
1663.7383195395214,2.849079011213655,0.08730171954746112
1665.4586866084119,2.464764123323016,0.060985007817214
1667.1790536773024,2.606613432211043,0.15253711435006037
1668.8994207461928,2.751149246003132,0.1702221527369219
1670.6197878150833,2.8956887674781853,0.14378619528736616
1672.3401548839738,2.9633705707462012,0.05476511020039819
1674.0605219528643,2.6443726125902116,0.11013193727672635
1675.7808890217548,2.561697584917846,0.16381062432861576
1677.5012560906453,2.479012997606611,0.16577138508333072
1679.2216231595357,2.3963131594227263,0.1186082551847558
1680.9419902284262,2.6332470519034756,0.046244810322294896
1682.6623572973172,2.7181761894574037,0.1373342173888468
1684.3827243662076,2.7136808925959826,0.16950773150826132
1686.1030914350981,2.7091866729442926,0.1568163938910006
1687.8234585039886,2.7046931493773285,0.08021884917352974
1689.543825572879,2.5086611785004833,0.06891900629881492
1691.2641926417696,2.5605238769996332,0.1543482914102585
1692.98455971066,2.6126983040935783,0.17013327373311268
1694.7049267795505,2.664866787230119,0.14168376384902714
1696.425293848441,2.7081647718879593,0.07210429096586421
1698.1456609173315,2.6981228156241683,0.15967916340244548
1699.866027986222,2.6880524039296403,0.18371650381512192
1701.5863950551125,2.677981268873276,0.1730302672690005
1703.306762124003,2.6679086831191454,0.11857289410251222
1705.0271291928934,2.635755694096241,0.11659468342594956
1706.747496261784,2.5805763551924996,0.17233993525421296
1708.4678633306744,2.525388788258249,0.18362040379084366
1710.1882303995649,2.470189189887202,0.1601300656048497
1711.9085974684554,2.414973693572841,0.07398890249702529
1713.6289645373458,2.357549361787045,0.14275455768216638
1715.3493316062363,2.2996750873996006,0.17981274839712671
1717.0696986751268,2.2417730166939918,0.17931136946895362
1718.7900657440173,2.1838391521410414,0.14084971332363772
1720.5104328129078,2.1346166903693358,0.07632094442490303
1722.2307998817982,2.1240066693939865,0.1605486489865217
1723.9511669506887,2.1133565869048083,0.18320858882449134
1725.6715340195797,2.102665735152351,0.1708672386914134
1727.3919010884701,2.0919333656082926,0.11254034439068432
1729.1122681573606,2.1001035000898525,0.11869957376885565
1730.832635226251,2.124894194479816,0.17273952974007808
1732.5530022951416,2.1496448973227245,0.1828299643871742
1734.273369364032,2.174357356905199,0.15765196267134662
1735.9937364329226,2.1988222845045526,0.06517564609906205
1737.714103501813,2.1445694547758136,0.14479330892180065
1739.4344705707035,2.0792340696963776,0.18013342119632555
1741.154837639594,2.013855523121259,0.17820480826014057
1742.8752047084845,1.9484292738151168,0.1374467984214007
1744.595571777375,1.8746333055444722,0.08202730922584281
1746.3159388462655,1.772465181320109,0.1618706761252459
1748.036305915156,1.6702325154293418,0.18289793754172393
1749.7566729840464,1.5679282057784234,0.16875757741019265
1751.477040052937,1.4655450823573744,0.10622204373784434
1753.1974071218274,1.449475702766756,0.12090347741746912
1754.9177741907179,1.4972950874316893,0.1730914588595603
1756.6381412596083,1.545030788294349,0.18180818698821266
1758.3585083284988,1.5926861016005147,0.15459367553116388
1760.0788753973893,1.6391630421660692,0.05542276666656807
1761.7992424662798,1.5896487660403351,0.14616144784510932
1763.5196095351703,1.5306624822461798,0.1800297952930554
1765.2399766040608,1.4715947677468022,0.17663018763286745
1766.9603436729512,1.4124416094622858,0.13313646667933557
1768.6807107418422,1.3654885386622424,0.08594834188043128
1770.4010778107327,1.3517434516637592,0.16277959402321682
1772.1214448796231,1.3379045315696998,0.18256055081403696
1773.8418119485136,1.3239708004619017,0.1669805301462623
1775.562179017404,1.3099412940134925,0.10078743041167681
1777.2825460862946,1.3898601133065198,0.12417251286574087
1779.002913155185,1.5280491893986805,0.17412284825486354
1780.7232802240756,1.6661567145200507,0.1816149385584304
1782.443647292966,1.804192323783647,0.15302030873045333
1784.1640143618565,1.9389838321160595,0.05436583113639682
1785.884381430747,1.9523714276606312,0.1493249361332592
1787.6047484996375,1.9578344067667728,0.18112138676522882
1789.325115568528,1.963245762499875,0.17642056183563085
1791.0454826374184,1.9686058773926276,0.13135920845050716
1792.765849706309,1.985326662372239,0.0942825916159656
1794.4862167751994,2.02715284879701,0.1652965751933911
1796.20658384409,2.0689322484016457,0.1831620570904645
1797.9269509129804,2.1106677884088554,0.16603339085472035
1799.6473179818709,2.1523623555642444,0.09683766499297099
1801.3676850507613,2.183772727064189,0.06969971858669671
1803.0880521196518,2.1618025123102256,0.15539096193913474
1804.8084191885423,2.1397813086885207,0.1726151488202513
1806.5287862574328,2.1177211524695365,0.14764323685691141
1808.2491533263233,2.0861676419016475,0.04522794982130861
1809.9695203952137,2.00361642466151,0.11484876593948339
1811.6898874641047,2.005103342848423,0.16934127313855304
1813.4102545329952,2.0065419264234463,0.17706139630650827
1815.1306216018857,2.007932283989527,0.14564957413566298
1816.8509886707761,2.007807443966891,0.02220063999514936
1818.5713557396666,1.9732710506009226,0.1417087811953921
1820.291722808557,1.9359281816624843,0.1762907512255856
1822.0120898774476,1.8985321628773106,0.17107649256191249
1823.732456946338,1.8610803873117248,0.12102514493612544
1825.4528240152285,1.8390380798789407,0.07709643951137761
1827.173191084119,1.8507132502911445,0.1591314515759255
1828.8935581530095,1.8623293322398324,0.17856723629172833
1830.6139252219,1.873887127812219,0.16011246569319074
1832.3342922907905,1.8853874836896778,0.08105743451520016
1834.054659359681,1.921391213686428,0.11889639666092683
1835.7750264285714,1.9699027286884472,0.1705033632981705
1837.495393497462,2.01836350347599,0.17664221248503967
1839.2157605663524,2.066776820427131,0.1432835311163616
1840.9361276352429,2.113975834465472,0.021239999451668892
1842.6564947041334,2.143011571556664,0.1443796419248348
1844.3768617730238,2.1710229286953164,0.17693121171574777
1846.0972288419143,2.1989975449488752,0.17021790119108435
1847.8175959108048,2.226937368222346,0.11769992299781917
1849.5379629796953,2.23798752644374,0.08459716282419832
1851.2583300485862,2.218592963070813,0.16108568278875868
1852.9786971174767,2.1991649482879523,0.17875214993258523
1854.6990641863672,2.1797021332346787,0.15864915857467715
1856.4194312552577,2.160204561562318,0.07482910798841362
1858.1397983241482,2.1942467679914386,0.12302309776797592
1859.8601653930386,2.250770562621193,0.17173796140824696
1861.5805324619291,2.3072631656107716,0.17627770038982116
1863.3008995308196,2.363728501033344,0.14097809708827247
1865.02126659971,2.409921028422994,0.027946228382467502
1866.7416336686006,2.3464123544174753,0.14700151742760006
1868.462000737491,2.279019061531352,0.1773444393985702
1870.1823678063815,2.2115965694308044,0.1687860261144553
1871.902734875272,2.1441401159973963,0.11279023665177092
1873.6231019441625,2.1975426485721754,0.06631954250395576
1875.343469013053,2.189223379202184,0.15554507624268354
1877.0638360819435,2.1803254233173646,0.17550271237821435
1878.784203150834,2.1713913529698288,0.1554478068676737
1880.5045702197244,2.162626611536561,0.06566082827304759
1882.224937288615,2.242397116343534,0.11282501618319421
1883.9453043575054,2.237567195204855,0.16729008650697785
1885.6656714263959,2.2327051139163188,0.1731962520955281
1887.3860384952868,2.227810602215692,0.13697792125230088
1889.1064055641773,2.1998760902883787,0.02158308130227715
1890.8267726330678,2.1300006742152617,0.13964663688370704
1892.5471397019583,2.075421512122483,0.17364110005969893
1894.2675067708487,2.020798924628559,0.16595254411137286
1895.9878738397392,1.9661290867785453,0.108016207186749
1897.7082409086297,2.447727252926606,0.07508353434136701
1899.4286079775202,2.392678831170224,0.1576360114193905
1901.1489750464107,2.3372920915405415,0.17562454886790463
1902.8693421153012,2.281880152731611,0.1536817613272788
1904.5897091841916,2.225817266831976,0.057515187694874965
1906.3100762530821,2.1543104904290487,0.1167535570651435
1908.0304433219726,2.1669317756864728,0.16832951750600147
1909.750810390863,2.1795159681919727,0.1726059550216182
1911.4711774597536,2.1920640057712233,0.1341855698142672
1913.191544528644,2.2265904585839507,0.02437720274593987
1914.9119115975345,2.313166824153393,0.14226812455659396
1916.632278666425,2.3933705135472336,0.17426723647615644
1918.3526457353155,2.4735529214609584,0.16512955306744986
1920.073012804206,2.5537196733367096,0.1045727174355188
1921.7933798730965,2.20888199971821,0.08110087713560565
1923.513746941987,2.1947750199563756,0.1590249904245442
1925.2341140108774,2.1806328820623206,0.17537824658751147
1926.954481079768,2.1664547044221023,0.1516068024920641
1928.6748481486584,2.155219349105772,0.048446778177969295
1930.3952152175493,2.2453345582985604,0.12065533548407625
1932.1155822864398,2.2403266749168096,0.1693465607299049
1933.8359493553303,2.235286872256148,0.17191221038359314
1935.5563164242208,2.2302147642538954,0.13109006593424152
1937.2766834931112,2.1157656184529343,0.0276718630606833
1938.9970505620017,2.1272179082980016,0.1445300236755799
1940.7174176308922,2.1815118235123463,0.17449218586295065
1942.4377846997827,2.2357697017148666,0.1635533156227774
1944.1581517686732,2.2899953742646857,0.098966606499517
1945.8785188375637,1.902110735787852,0.08602110400186465
1947.5988859064541,1.9792894532342813,0.16016855439929764
1949.3192529753446,2.0564180438026027,0.17503675185754258
1951.039620044235,2.133501915173406,0.14950824705159785
1952.7599871131256,2.19674840343597,0.039908887466587765
1954.480354182016,2.0619576714111587,0.12383187634910185
1956.2007212509066,2.133532744886105,0.17010684696068484
1957.921088319797,2.2050684750232334,0.17111697660561997
1959.6414553886875,2.276569787637038,0.12793932481602918
1961.361822457578,1.7615708049693182,0.03053312681091628
1963.0821895264685,1.7877395406777565,0.14629350112989875
1964.802556595359,1.9404217558146342,0.1745790687198263
1966.5229236642494,2.093051105893488,0.16207537892524024
1968.24329073314,2.245638270275174,0.09366080603189551
1969.9636578020304,1.7621576420497944,0.09144080825056254
1971.684024870921,1.9566881065641382,0.16154410694043175
1973.4043919398118,2.151166896689966,0.17481458285303578
1975.1247590087023,2.3456075651489185,0.14749096752806726
1976.8451260775928,2.4238510258953965,0.032958989384183165
1978.5654931464833,1.638992069340469,0.12698313917965315
1980.2858602153738,1.7393889996752931,0.1733901210511001
1982.0062272842642,1.8397190787416888,0.1771135254076156
1983.7265943531547,1.939989335487064,0.14156370303641377
1985.4469614220452,2.017304804056289,0.04067784333945249
1987.1673284909357,1.8828174279425638,0.14722526990047424
1988.8876955598262,1.7435182555455753,0.16923285049609435
1990.6080626287167,1.604152487628903,0.14632720251471795
1992.3284296976071,1.5296999239077365,0.044584773419365197
1994.0487967664976,2.2518892082362014,0.09829844849493224
1995.769163835388,2.067135891772034,0.16067187433605948
1997.4895309042786,1.8823385807676742,0.1667777259602922
1999.209897973169,1.6974844097370805,0.12514478972254953
2000.9302650420595,2.009832548467864,0.05310075103212543
2002.65063211095,2.2281406153665215,0.13000935528127083
2004.3709991798405,2.1390392851725095,0.16786848783694308
2006.091366248731,2.0498989928398372,0.15919881343928635
2007.8117333176215,1.960713467569485,0.09162390910656783
2009.532100386512,2.2527322548558515,0.0486770647115805
2011.2524674554024,2.286078393227507,0.14955723591469797
2012.972834524293,2.3139487098826463,0.16987602442744887
2014.6932015931834,2.3417922335659056,0.14581618238074764
2016.4135686620743,2.363333962884917,0.050551286044078256
2018.1339357309648,2.3226818122772612,0.10297188875306448
2019.8543027998553,2.312052777607272,0.1619873037791862
2021.5746698687458,2.301396816575101,0.1666887219690344
2023.2950369376363,2.290713172719245,0.12344784715957248
2025.0154040065268,2.088226212758991,0.048975996867957804
2026.7357710754172,2.0403361059848577,0.13230638647909432
2028.4561381443077,2.0991848810122575,0.16826169249987943
2030.1765052131982,2.1579918743475104,0.15813207840106167
2031.8968722820887,2.2167612310961373,0.08709379599047529
2033.6172393509792,2.0177648677626165,0.055780564942995374
2035.3376064198696,2.008915758982931,0.15118256283182002
2037.0579734887601,2.0016346844238853,0.16945658514917275
2038.7783405576506,1.9943050809270289,0.14297431798640758
2040.498707626541,2.057442760327001,0.049193891439152794
2042.2190746954316,2.337930522920368,0.10777987552268595
2043.939441764322,2.1793847407334908,0.16299635907991258
2045.6598088332125,2.020802812821381,0.16548449017742214
2047.380175902103,1.8621736465585683,0.11861129553485639
2049.1005429709935,2.0943427154278935,0.04490851512064534
2050.820910039884,2.1929198762342366,0.13548299953901105
2052.5412771087745,2.174812110199207,0.16892892610444665
2054.261644177665,2.1566678743543206,0.15697467763817438
2055.9820112465554,2.138485857563404,0.08165022435138977
2057.702378315446,2.103687640587816,0.13841691581361562
2059.422745384337,2.0641638220896765,0.17847589819109405
2061.1431124532273,2.0245958043880647,0.1799304008589497
2062.863479522118,1.9849808238888271,0.14395588447559066
2064.5838465910083,1.9446794897101198,0.064802947702039
2066.304213659899,1.900026950660981,0.1575364777740281
2068.0245807287893,1.8553108553747903,0.18252652355632504
2069.7449477976797,1.8105360228790288,0.1720700678702377
2071.46531486657,1.765699299049794,0.11701810737820832
2073.1856819354607,1.7569332687980306,0.11208546361828102
2074.906049004351,1.7880902191570782,0.17057597035435748
2076.6264160732417,1.819183714736576,0.1828173649590345
2078.346783142132,1.8502159505284168,0.15982002082062047
2080.0671502110226,1.8811890217582117,0.07385604350609405
2081.787517279913,1.841193558663329,0.14068675616463544
2083.5078843488036,1.785803642536942,0.1788703914419809
2085.228251417694,1.7303501404348736,0.17882098063543386
2086.9486184865846,1.6748291503228585,0.14049817427808384
2088.668985555475,1.6319065938886381,0.07036957976269012
2090.3893526243655,1.6508988856113347,0.15892378079844383
2092.109719693256,1.6698181533477565,0.18257025696638984
2093.8300867621465,1.6886657621214964,0.1708201421923912
2095.550453831037,1.7074430069206215,0.11313035476804367
2097.2708208999275,1.7142706859170374,0.11648252544240305
2098.991187968818,1.7099395644342308,0.1718939844461995
2100.7115550377084,1.705539529296567,0.18252627710486088
2102.4319221065994,1.7010703411896997,0.15771534221491829
2104.15228917549,1.6965189049771623,0.06533879614597514
2105.8726562443803,1.6795843276779805,0.143129325867006
2107.593023313271,1.660635514313634,0.17948892999443167
2109.3133903821613,1.6416143877755274,0.17811619009680732
2111.0337574510518,1.622519589934194,0.13788825407790484
2112.7541245199423,1.6025723234308855,0.0784402497249963
2114.4744915888327,1.5796624777605728,0.16089775260437614
2116.194858657723,1.5566746301814418,0.1827131029151049
2117.9152257266137,1.5336072337222872,0.1692422412099834
2119.635592795504,1.5104586493847676,0.10799694283698012
2121.3559598643947,1.534035001442939,0.119729934984336
2123.076326933285,1.5943502561307752,0.17278683774002776
2124.7966940021756,1.6545885528536046,0.18204178962362938
2126.517061071066,1.7147540966941164,0.15552471992532768
2128.2374281399566,1.7739222752579393,0.058169944304146945
2129.957795208847,1.7129297937663295,0.14552466791550644
2131.6781622777376,1.6384678201159715,0.17996747573427724
2133.398529346628,1.5639319828101832,0.17707717408197288
2135.1188964155185,1.4893170632124622,0.13446650525591305
2136.839263484409,1.4435879577661637,0.08421237444310262
2138.5596305532995,1.482535648267651,0.16239726936779614
2140.27999762219,1.5213986266954804,0.18277899439138562
2142.0003646910804,1.5601795505712288,0.16792721198419308
2143.720731759971,1.5988811477397546,0.10366090940838568
2145.441098828862,1.634101565210949,0.1237541946567701
2147.1614658977524,1.6669990330884672,0.17404642385970068
2148.881832966643,1.699824631349196,0.1817894535750913
2150.6022000355333,1.7325806169995785,0.15356305602645462
2152.322567104424,1.764474732334841,0.05416906073397142
2154.0429341733143,1.7573385229368568,0.1481820783524149
2155.7633012422048,1.7471954689246956,0.18073508292085524
2157.4836683110952,1.7369861262892043,0.17652064415438998
2159.2040353799857,1.7267097749720164,0.13206290704618043
2160.924402448876,1.7361906044228106,0.09163345621885605
2162.6447695177667,1.792478198201033,0.16457355080291983
2164.365136586657,1.8487026399800697,0.1832349508646348
2166.0855036555477,1.904867857806218,0.1669439446619609
2167.805870724438,1.9609777948213831,0.09984269356391662
2169.5262377933286,1.984750484070895,0.13936961996554997
2171.246604862219,1.9906833287749008,0.21934589237931373
2172.9669719311096,1.9965668077829206,0.27627216317890474
2174.687339,2.0024013914805976,0.32260319259917736
