-197.698849,7.04837526116,0.295929837178
-195.978481931,7.05097539306,0.272160024624
-194.258114862,7.05340291245,0.164176024086
-192.537747793,6.99542312454,0.190334490955
-190.817380724,6.89284935349,0.279697234758
-189.097013656,6.79009227218,0.294260401191
-187.376646587,6.68714492876,0.247599277413
-185.656279518,6.58657481735,0.0672349033027
-183.935912449,6.65058670696,0.23329566758
-182.21554538,6.7311361319,0.291344410712
-180.495178311,6.81149130616,0.285813199046
-178.774811242,6.89165766602,0.21177549878
-177.054444173,6.97161673587,0.129156735372
-175.334077104,7.05133339533,0.262680484755
-173.613710036,7.13087746651,0.296175569066
-171.893342967,7.2102543308,0.269895016415
-170.172975898,7.28946935833,0.156099544236
-168.452608829,7.41164155369,0.197127051743
-166.73224176,7.560306231,0.28192950788
-165.011874691,7.70883275371,0.294261590361
-163.291507622,7.85723117011,0.245311854351
-161.571140553,8.00161286219,0.06798763734
-159.850773484,8.02171143651,0.239069173437
-158.130406416,8.03310036234,0.293195298564
-156.410039347,8.04438311963,0.285162931978
-154.689672278,8.05556047169,0.207884719335
-152.969305209,8.0711547052,0.142759906454
-151.24893814,8.09656563766,0.266468895684
-149.528571071,8.12187469521,0.296968607202
-147.808204002,8.1470835901,0.268214625361
-146.087836933,8.17219402778,0.149155855634
-144.367469864,8.21240940879,0.20459795499
-142.647102796,8.26034148989,0.284346178372
-140.926735727,8.30818277605,0.294014046516
-139.206368658,8.3559365039,0.242149473524
-137.486001589,8.39526408065,0.0695769154598
-135.76563452,8.27669312647,0.243591575
-134.045267451,8.15109102723,0.294206240484
-132.324900382,8.02539074191,0.283454948639
-130.604533313,7.89958376647,0.201750743781
-128.884166244,7.85782386978,0.15175664616
-127.163799175,7.96846463958,0.268933637638
-125.443432107,8.07899486802,0.296949442015
-123.723065038,8.18942203283,0.265697909132
-122.002697969,8.29975360478,0.139891981306
-120.2823309,8.29504804791,0.21056039189
-118.561963831,8.24171420926,0.286015451887
-116.841596762,8.18828831549,0.293017859358
-115.121229693,8.13476675214,0.237698669411
-113.400862624,8.07639495126,0.0708727184044
-111.680495555,7.95903527323,0.246887116218
-109.960128487,7.84010736221,0.294647966795
-108.239761418,7.72106022604,0.281414833955
-106.519394349,7.60188581079,0.195145685335
-104.79902728,7.49758084505,0.159966768469
-103.078660211,7.41581953573,0.271033826092
-101.358293142,7.3339102968,0.296241251622
-99.6379260732,7.25184758683,0.261709513685
-97.9175590044,7.16962585402,0.125112317799
-96.1971919355,7.11513021849,0.213992810803
-94.4768248666,7.06998226501,0.286505367715
-92.7564577977,7.0246629849,0.291143676287
-91.0360907288,6.97916931216,0.232016360806
-89.3157236599,6.92821030014,0.0731176541077
-87.595356591,6.83147736231,0.24923126779
-85.8749895221,6.73405351958,0.294491112135
-84.1546224532,6.63643562355,0.27871200914
-82.4342553843,6.53861707002,0.187029099189
-80.7138883154,6.53992265427,0.166351632717
-78.9935212466,6.66712747397,0.272729873996
-77.2731541777,6.79413371259,0.295711244135
-75.5527871088,6.92094996251,0.258586674351
-73.8324200399,7.04758480329,0.112435759927
-72.112052971,7.07138250883,0.237333272664
-70.3916859021,7.06740872143,0.358450031728
-68.6713188332,7.06326343329,0.443777016171
-66.9509517643,7.05894636396,0.511566663336
-65.2305846954,7.05445722138,0.568147149921
-63.5102176265,7.04979570185,0.61662530851
-61.7898505577,7.04496149,0.658804034228
-60.0694834888,7.03995425878,0.695840280071
-58.3491164199,7.03477366943,0.728528083055
-56.628749351,7.02941937146,0.757438956367
-54.9083822821,7.02389100265,0.782998809536
-53.1880152132,7.01818818899,0.805533309223
-51.4676481443,7.01231054465,0.82529618287
-49.7472810754,7.006257672,0.842487679011
-48.0269140065,7.00002916153,0.857267035884
-46.3065469376,6.99362459187,0.869761135201
-44.5861798687,6.98704352974,0.880070629587
-42.8658127999,6.9802855299,0.888274335433
-41.145445731,6.97335013514,0.894432392042
-39.4250786621,6.96623687626,0.898588510243
-37.7047115932,6.95894527204,0.90077152045
-35.9843445243,6.95147482917,0.900996354523
-34.2639774554,6.94382504225,0.899264542167
-32.5436103865,6.93599539374,0.895564261318
-30.8232433176,6.92798535395,0.889869946479
-29.1028762487,6.91979438097,0.882141424015
-27.3825091798,6.91142192066,0.872322504
-25.6621421109,6.90286740659,0.860338908103
-23.9417750421,6.89413026001,0.846095343578
-22.2214079732,6.88520988984,0.82947143068
-20.5010409043,6.87610569258,0.810316031282
-18.7806738354,6.8668170523,0.788439267684
-17.0603067665,6.85734334059,0.763601083108
-15.3399396976,6.84768391653,0.735494421575
-13.6195726287,6.83783812663,0.703719664782
-11.8992055598,6.82780530478,0.667744117078
-10.1788384909,6.81758477223,0.62683427634
-8.45847142204,6.80717583752,0.579934519343
-6.73810435315,6.79657779648,0.525428777183
-5.01773728426,6.78578993209,0.460607170098
-3.29737021537,6.77481151452,0.380207108785
-1.57700314648,6.76364180106,0.270652077399
0.143363922408,6.74646785944,0.103658003067
1.8637309913,6.66516616113,0.258418776123
3.58409806019,6.58366574906,0.300967316657
5.30446512908,6.50196110944,0.286626251616
7.02483219797,6.42004671471,0.203710163454
8.74519926686,6.31616912801,0.182547457385
10.4655663358,6.18333892415,0.279880168866
12.1859334046,6.05027740934,0.3016671433
13.9063004735,5.9169755815,0.267090756548
15.6266675424,5.78342442238,0.139035275116
17.3470346113,5.80017143111,0.228600708805
19.0674016802,5.85953667231,0.29359955002
20.7877687491,5.91864869625,0.296245285461
22.508135818,5.97751150208,0.238621932233
24.2285028869,6.02293600024,0.112647551535
25.9488699558,5.97647150242,0.260259438331
27.6692370247,5.92976169838,0.300625892749
29.3896040935,5.88280342805,0.283933890829
31.1099711624,5.83559351454,0.196111997609
32.8303382313,5.8133273011,0.187884900162
34.5507053002,5.8188411872,0.281375342697
36.2710723691,5.82409910285,0.301044040403
37.991439438,5.8291014038,0.26395099565
39.7118065069,5.83384842847,0.127648946593
41.4321735758,5.9160500223,0.23301686272
43.1525406447,6.01496213673,0.294883143325
44.8729077136,6.11363154896,0.295407353583
46.5932747825,6.21206493431,0.235000534154
48.3136418513,6.28741525063,0.126985229312
50.0340089202,6.2496468073,0.263910916833
51.7543759891,6.21165153895,0.301411246218
53.474743058,6.17342687508,0.282365521026
55.1951101269,6.13497022967,0.190500938389
56.9154771958,6.03585788525,0.195318906407
58.6358442647,5.87979824459,0.283654984624
60.3562113336,5.72348675744,0.300586709526
62.0765784025,5.56691284883,0.2604396497
63.7969454714,5.41006592603,0.113504971719
65.5173125402,5.38250631541,0.236648540813
67.2376796091,5.37516800171,0.295431859928
68.958046678,5.36754370164,0.293369264168
70.6784137469,5.3596328994,0.228820512869
72.3987808158,5.36030862911,0.134300425295
74.1191478847,5.39390627843,0.265596073653
75.8395149536,5.4272192091,0.300925375098
77.5598820225,5.46024967482,0.279439513507
79.2802490914,5.49299991023,0.182013683079
81.0006161603,5.45036311915,0.200111998491
82.7209832292,5.34803902126,0.284892253885
84.441350298,5.24542710164,0.299589154682
86.1617173669,5.14252041825,0.256548888911
87.8820844358,5.03931200913,0.0966857338232
89.6024515047,5.19570933256,0.240188194831
91.3228185736,5.37881581528,0.296324641784
93.0431856425,5.56163655843,0.292300407532
94.7635527114,5.74418393042,0.224907609144
96.4839197803,5.89393522459,0.146387048771
98.2042868492,5.9475639393,0.269084440192
99.9246539181,6.0009453921,0.30167954018
101.645020987,6.05408319442,0.277932599163
103.365388056,6.10698094121,0.176382157008
105.085755125,6.35345031739,0.203480736414
106.806122194,6.72843476369,0.268558583123
108.526489263,7.10322477656,0.250482222753
110.246856331,7.47784571176,0.115129340727
111.9672234,6.45932385565,0.0839074539848
113.687590469,6.6188055089,0.238123525004
115.407957538,6.86351415332,0.270928512583
117.128324607,7.10803750286,0.223607120167
118.848691676,7.08951242712,0.0811139097896
120.569058745,6.00813805741,0.153682743519
122.289425814,6.50831886111,0.258469647731
124.009792883,7.00829033981,0.264284588522
125.730159951,7.50808631821,0.180938008916
127.45052702,7.29143627698,0.128260849424
129.170894089,7.1695112369,0.209703036705
130.891261158,7.53759162885,0.270010269919
132.611628227,7.90553232948,0.248871249242
134.331995296,8.27335823118,0.105197213864
136.052362365,7.68203134771,0.0767008768474
137.772729434,7.7269222596,0.24308543116
139.493096503,7.77942784986,0.271534841171
141.213463571,7.83181010979,0.220365659823
142.93383064,7.70960223011,0.0947103971807
144.654197709,7.18142220698,0.16543565049
146.374564778,7.51610568884,0.261504053831
148.094931847,7.85064802576,0.263665508845
149.815298916,8.18507185067,0.175427058327
151.535665985,7.77874882443,0.128987394391
153.256033054,7.6978187267,0.215966771773
154.976400123,8.08116508217,0.271391525989
156.696767191,8.46440852084,0.246926273833
158.41713426,8.84683136261,0.0947340224004
160.137501329,8.97603629329,0.0960900458594
161.857868398,9.16388374478,0.247952937019
163.578235467,9.35170152889,0.272736702823
165.298602536,9.53950235216,0.218976572748
167.018969605,9.693255311,0.111358018397
168.739336674,9.74305621086,0.181031355094
170.459703743,9.82807491689,0.266341414531
172.180070811,9.9131088903,0.264510922248
173.90043788,9.99816388389,0.172791565894
175.620804949,10.0398354096,0.133610322143
177.341172018,9.99337389477,0.225332464741
179.061539087,9.92674734277,0.274094812999
180.781906156,9.86014273365,0.245723442927
182.502273225,9.79423478102,0.0896897493676
184.222640294,9.78796768842,0.236388574541
185.943007363,9.78855494077,0.293675958585
187.663374431,9.78915478682,0.289011611989
189.3837415,9.78976726716,0.21846110023
191.104108569,9.786353668,0.134914118909
192.824475638,9.77119810383,0.264894846823
194.544842707,9.75605395912,0.298407359055
196.265209776,9.74092020933,0.273568902301
197.985576845,9.7257958306,0.165965093652
199.705943914,9.80242344372,0.200082481935
201.426310983,9.93940722771,0.283853823387
203.146678051,10.0764138111,0.296809784917
204.86704512,10.2134524627,0.250208316331
206.587412189,10.3503388643,0.0868430687079
208.307779258,10.4796135177,0.241603275957
210.028146327,10.6083368505,0.295513777807
211.748513396,10.7371282379,0.288816193336
213.468880465,10.8659963931,0.215940468284
215.189247534,10.9513461781,0.149932752955
216.909614603,10.9341851576,0.269420173242
218.629981672,10.9171142366,0.299816566435
220.35034874,10.9001322599,0.27275033293
222.070715809,10.8832380788,0.161528163921
223.791082878,10.9220330743,0.208726267769
225.511449947,10.991421212,0.286966070531
227.231817016,11.0609033211,0.29726847078
228.952184085,11.1304841026,0.248244512451
230.672551154,11.1963685617,0.0908420672461
232.392918223,11.1773245087,0.247110957697
234.113285292,11.1539573833,0.297187482102
235.83365236,11.1306952257,0.287856693
237.554019429,11.1075364619,0.211389632415
239.274386498,11.100858033,0.160177188266
240.994753567,11.1259685763,0.272525571218
242.715120636,11.1511821938,0.300303682283
244.435487705,11.1765005912,0.270919511323
246.155854774,11.2019254813,0.154631448093
247.876221843,11.2124621363,0.215372631869
249.596588912,11.216315106,0.289092025722
251.31695598,11.220277262,0.296778236074
253.037323049,11.2243488724,0.244736501971
254.757690118,11.2267393134,0.0930610844565
256.478057187,11.2037214053,0.250963061159
258.198424256,11.1800254426,0.2979732625
259.918791325,11.1564362112,0.286155077115
261.639158394,11.1329521151,0.205598100386
263.359525463,11.1367349034,0.168258857172
265.079892532,11.1843330418,0.27490927922
266.8002596,11.2320382029,0.300231794513
268.520626669,11.279853614,0.268341275626
270.240993738,11.3277825101,0.145512660067
271.961360807,11.3969833454,0.220721352989
273.681727876,11.4740998318,0.290760454593
275.402094945,11.5513429444,0.296200521802
277.122462014,11.6287179092,0.241449997432
278.842829083,11.7115609585,0.100601488494
280.563196152,11.8464491567,0.255247209213
282.28356322,11.9822788902,0.299529748834
284.003930289,12.11826963,0.286013882477
285.724297358,12.2544305763,0.2034861364
287.444664427,12.3260276972,0.189252543748
289.165031496,12.3104912738,0.330175079324
290.885398565,12.2951380613,0.422513931966
292.605765634,12.2799670211,0.494310280087
294.326132703,12.2649771268,0.553631002743
296.046499772,12.2501673643,0.604176090349
297.76686684,12.2355367316,0.648014562177
299.487233909,12.221084239,0.686443381826
301.207600978,12.2068089086,0.720338501571
302.927968047,12.1927097748,0.750323195593
304.648335116,12.1787858836,0.776858077753
306.368702185,12.1650362931,0.800293226647
308.089069254,12.151460073,0.820900254006
309.809436323,12.1380563049,0.838892990188
311.529803392,12.1248240819,0.854441335776
313.25017046,12.111762509,0.867680813367
314.970537529,12.0988707023,0.878719302097
316.690904598,12.0861477898,0.887641857465
318.411271667,12.0735929106,0.894514183611
320.131638736,12.0612052155,0.899385122712
321.852005805,12.0489838663,0.902288398793
323.572372874,12.0369280362,0.903243769499
325.292739943,12.0250369096,0.902257681256
327.013107012,12.0133096821,0.899323479919
328.73347408,12.0017455602,0.894421193311
330.453841149,11.9903437616,0.887516868714
332.174208218,11.9791035149,0.87856141261
333.894575287,11.9680240598,0.867488836454
335.614942356,11.9571046465,0.854213753847
337.335309425,11.9463445365,0.838627890201
339.055676494,11.9357430017,0.820595237725
340.776043563,11.9252993249,0.799945284496
342.496410632,11.9150127996,0.776463408205
344.216777701,11.9048827298,0.749876939901
345.937144769,11.8949084302,0.719834341126
347.657511838,11.8850892261,0.685872901091
349.377878907,11.875424453,0.647366186258
351.098245976,11.8659134572,0.603433188923
352.818613045,11.8565555953,0.552768187209
354.538980114,11.847350234,0.493285204018
356.259347183,11.8382967507,0.421245351495
357.979714252,11.8293945329,0.32846141439
359.700081321,11.8206429782,0.186089311609
361.420448389,11.6224174017,0.238325959004
363.140815458,11.3509458589,0.300390103153
364.861182527,11.0795926106,0.30460390524
366.581549596,10.808339299,0.253865963993
368.301916665,10.5515597975,0.123106806991
370.022283734,10.4905926115,0.264424640749
371.742650803,10.4296855143,0.305727633277
373.463017872,10.3688343854,0.292931125082
375.183384941,10.3080351081,0.216647391821
376.903752009,10.2805496022,0.193241444594
378.624119078,10.299811651,0.285416014242
380.344486147,10.3191208817,0.307200176364
382.064853216,10.3384786006,0.27581640815
383.785220285,10.3578861174,0.162989501395
385.505587354,10.3868317242,0.237856226413
387.225954423,10.4187691695,0.29956017427
388.946321492,10.4507618446,0.302920204963
390.666688561,10.4828119138,0.250298202086
392.387055629,10.4833398974,0.13585484763
394.107422698,10.230979934,0.267700958114
395.827789767,9.9786624958,0.305866334735
397.548156836,9.72637051273,0.290058095568
399.268523905,9.47408691638,0.208325960595
400.988890974,9.34246294007,0.196418344378
402.709258043,9.35333290966,0.285833244296
404.429625112,9.36418602877,0.305464126175
406.149992181,9.37502303164,0.270936106415
407.870359249,9.38584465143,0.148288171685
409.590726318,9.41934127747,0.239187851185
411.311093387,9.45828655089,0.298961336036
413.031460456,9.49722207429,0.300102494691
414.751827525,9.53615048178,0.243437658924
416.472194594,9.61601317526,0.139476426783
418.192561663,9.92162342952,0.268821632049
419.912928732,10.22725528,0.30632528809
421.633295801,10.5329294037,0.290120402041
423.353662869,10.8386664805,0.208005891544
425.074029938,10.9721577918,0.208368307131
426.794397007,10.9341067142,0.290632891915
428.514764076,10.8961457306,0.307345279366
430.235131145,10.8582722729,0.27092616066
431.955498214,10.8204837788,0.145881355774
433.675865283,10.9006071549,0.246846125838
435.396232352,11.0018544225,0.302546221085
437.116599421,11.1031963676,0.301942057204
438.836966489,11.2046398461,0.244616600127
440.557333558,11.3054148369,0.160184269411
442.277700627,11.4031185805,0.27564533997
443.998067696,11.5009441484,0.309055504045
445.718434765,11.5988981587,0.290291474332
447.438801834,11.6969872384,0.205520842019
449.159168903,11.7270666371,0.217087193235
450.879535972,11.7000529673,0.294121367522
452.599903041,11.6731812103,0.308429936878
454.320270109,11.6464495482,0.270174247524
456.040637178,11.6198561724,0.141762769887
457.761004247,11.3777876811,0.252911085471
459.481371316,11.1094702541,0.30406058984
461.201738385,10.841254785,0.299934847345
462.922105454,10.5731231283,0.2376711044
464.642472523,10.3598811524,0.16173173104
466.362839592,10.3217123077,0.262619241621
468.083206661,10.2835921265,0.270174446251
469.80357373,10.2455180299,0.19553602781
471.523940798,10.3977091518,0.135439123133
473.244307867,10.4798011175,0.211297290858
474.964674936,10.3255716208,0.272653615255
476.685042005,10.1713910487,0.255075098518
478.405409074,10.0172489705,0.129668695554
480.125776143,10.024677277,0.109133107734
481.846143212,10.1055822399,0.243052789038
483.566510281,10.1882341552,0.274837144339
485.28687735,10.2709257038,0.230248142282
487.007244418,10.3536561924,0.0937012712156
488.727611487,10.4419557391,0.166509879359
490.447978556,10.5445470628,0.263607770816
492.168345625,10.6472021256,0.269074125713
493.888712694,10.7499278723,0.190949765117
495.609079763,11.2046497812,0.139531948853
497.329446832,11.4349005918,0.219359957548
499.049813901,11.2892473455,0.275101915202
500.77018097,11.1437082196,0.254423795274
502.490548038,10.998273368,0.123559861539
504.210915107,11.5160373527,0.110651350989
505.931282176,11.398435147,0.249112115018
507.651649245,11.2614978045,0.276114717053
509.372016314,11.1246727052,0.227834378531
511.092383383,11.030757847,0.10556955587
512.812750452,11.0866273911,0.176854309743
514.533117521,10.9734910776,0.266265050109
516.25348459,10.8604475225,0.267984014951
517.973851658,10.7474890782,0.184479704783
519.694218727,11.0193443254,0.138696133847
521.414585796,11.1068378753,0.222450801597
523.134952865,10.9179408753,0.274951304182
524.855319934,10.7291328756,0.251005749699
526.575687003,10.5408750146,0.10885701757
528.296054072,10.7321080716,0.104051968501
530.016421141,10.6194135075,0.250012677338
531.73678821,10.5067877473,0.274440509093
533.457155278,10.3942231717,0.221955044333
535.177522347,10.331511557,0.11089026341
536.897889416,10.3808113702,0.180460220349
538.618256485,10.2755478949,0.266418721157
540.338623554,10.17032996,0.265247785502
542.058990623,10.0651504471,0.175208678007
543.779357692,10.0076288805,0.191959572077
545.499724761,9.98975614595,0.281393509135
547.22009183,9.97190961703,0.2974569089
548.940458898,9.95408808636,0.254452177442
550.660825967,9.93681558921,0.0948775275264
552.381193036,9.98680533276,0.235437958485
554.101560105,10.0454962615,0.29373299169
555.821927174,10.1042171669,0.290074044273
557.542294243,10.1629720215,0.221409341459
559.262661312,10.2416835076,0.133585243761
560.983028381,10.3832095909,0.264808392106
562.70339545,10.5247884983,0.299157071372
564.423762518,10.6664298079,0.27561688279
566.144129587,10.8081431024,0.171839928933
567.864496656,10.9001491393,0.200394249007
569.584863725,10.9574130511,0.284482857777
571.305230794,11.0147686336,0.298227510868
573.025597863,11.0722197673,0.253352477909
574.745964932,11.1282849241,0.0965921096019
576.466332001,11.1094498305,0.24221474396
578.18669907,11.0838898015,0.296138665378
579.907066139,11.0584299999,0.289860695749
581.627433207,11.0330687032,0.21824373541
583.347800276,11.001651292,0.14732822765
585.068167345,10.9547697979,0.268704087284
586.788534414,10.9079797957,0.299838591834
588.508901483,10.86127812,0.273521993329
590.229268552,10.8146616113,0.164106984142
591.949635621,10.7632527378,0.206457885457
593.67000269,10.7090706823,0.286111189063
595.390369759,10.6549634965,0.297065035869
597.110736827,10.6009275197,0.248577264174
598.831103896,10.5473382565,0.0872093285923
600.551470965,10.5039926221,0.244708758496
602.271838034,10.4613285974,0.296110041056
603.992205103,10.4187226818,0.287372635734
605.712572172,10.3761719928,0.211155447256
607.432939241,10.3118824199,0.153713841572
609.15330631,10.2025684273,0.270177875242
610.873673379,10.0932950377,0.298933260791
612.594040447,9.98405485852,0.26968018867
614.314407516,9.87484049925,0.151955625639
616.034774585,9.81718337396,0.209822545761
617.755141654,9.78453649959,0.286565088763
619.475508723,9.75190194707,0.29517951029
621.195875792,9.71927750856,0.243024765145
622.916242861,9.68372923138,0.079568411018
624.63660993,9.59975719652,0.246700426259
626.356976999,9.51396521704,0.295701897435
628.077344067,9.42816725438,0.284368944963
629.797711136,9.34235750401,0.202824001137
631.518078205,9.27709991267,0.158640592198
633.238445274,9.24708389813,0.271244512877
634.958812343,9.21704384501,0.29793952491
636.679179412,9.186977721,0.265996378872
638.399546481,9.15688349203,0.139739221755
640.11991355,9.12792804928,0.213816638133
641.840280619,9.09940434256,0.287349034196
643.560647687,9.07084660626,0.293573550588
645.281014756,9.04225290834,0.237836960415
647.001381825,9.02249689827,0.0795028686434
648.721748894,9.10080135058,0.27986241786
650.442115963,9.1810380894,0.386510965684
652.162483032,9.26124632142,0.465585094522
653.882850101,9.34143147301,0.52960123466
655.60321717,9.42159896893,0.583551137122
657.323584239,9.50175423278,0.630038981089
659.043951307,9.58190268734,0.670629778197
660.764318376,9.6620497549,0.70635101903
662.484685445,9.74220085768,0.73791924811
664.205052514,9.82236141817,0.765856253894
665.925419583,9.90253685948,0.79055429016
667.645786652,9.98273260575,0.81231525379
669.366153721,10.0629540825,0.831375485756
671.08652079,10.1432067169,0.847922133355
672.806887859,10.2234959384,0.862104302783
674.527254927,10.3038271788,0.874040854444
676.247621996,10.3842058728,0.883825950898
677.967989065,10.4646374582,0.891533046205
679.688356134,10.5451273765,0.897217755644
681.408723203,10.6256810731,0.900919890428
683.129090272,10.7063039977,0.90266484242
684.849457341,10.7870016048,0.90246443644
686.56982441,10.8677793538,0.90031731904
688.290191479,10.9486427095,0.896208914267
690.010558547,11.0295971427,0.89011094297
691.730925616,11.1106481302,0.88198046775
693.451292685,11.1918011553,0.871758385713
695.171659754,11.2730617083,0.859367239412
696.892026823,11.3544352868,0.844708143629
698.612393892,11.4359273959,0.827656517037
700.332760961,11.5175435488,0.808056137861
702.05312803,11.5992892672,0.785710765469
703.773495099,11.6811700815,0.7603720982
705.493862168,11.763191531,0.731721998129
707.214229236,11.8453591649,0.699345338803
708.934596305,11.927678542,0.662686690848
710.654963374,12.0101552315,0.620977304334
712.375330443,12.0927948133,0.573102870892
714.095697512,12.1756028782,0.517339776645
715.816064581,12.2585850284,0.45075158216
717.53643165,12.3417468779,0.367476650465
719.256798719,12.4250940529,0.251412618279
720.977165788,12.4885670402,0.196296746247
722.697532856,12.5163518278,0.288090443856
724.417899925,12.5443337536,0.311597661936
726.138266994,12.5725147105,0.284301292174
727.858634063,12.6008966051,0.184916379565
729.579001132,12.6432145199,0.238939977465
731.299368201,12.6914531633,0.301956962426
733.01973527,12.7399007909,0.308026714142
734.740102339,12.7885606804,0.261152566868
736.460469408,12.8250168147,0.136780897574
738.180836476,12.6425997002,0.26916683571
739.901203545,12.4603882648,0.309382473192
741.621570614,12.2783701815,0.297515542697
743.341937683,12.096533136,0.225483451137
745.062304752,12.0403487869,0.199451338536
746.782671821,12.1716611587,0.288866086584
748.50303889,12.3031473491,0.310808691922
750.223405959,12.4348162537,0.281530954486
751.943773028,12.5666767802,0.177233825517
753.664140096,12.6185263875,0.243009247035
755.384507165,12.6436499624,0.303054042505
757.104874234,12.6689792874,0.306927963028
758.825241303,12.6945160763,0.257183201337
760.545608372,12.7136952675,0.145816058069
762.265975441,12.6713559317,0.271859057189
763.98634251,12.6292242206,0.310045025366
765.706709579,12.5872972838,0.296530012655
767.427076648,12.5455722847,0.222061974325
769.147443716,12.5669032894,0.207508354508
770.867810785,12.66725693,0.291807472663
772.588177854,12.767817918,0.311225147295
774.308544923,12.8685930566,0.279627179662
776.028911992,12.9695891636,0.170696662633
777.749279061,13.0347852344,0.247880128463
779.46964613,13.0907035409,0.304874382783
781.190013199,13.1468578422,0.3068679134
782.910380268,13.2032519374,0.255153814598
784.630747336,13.2518433038,0.158896608002
786.351114405,13.2506985331,0.276199562379
788.071481474,13.2498005813,0.311660583743
789.791848543,13.2491493879,0.296297379275
791.512215612,13.2487449088,0.219688696018
793.232582681,13.3125762598,0.216278245643
794.95294975,13.444289645,0.295519713147
796.673316819,13.5762629464,0.31281884867
798.393683888,13.7085050924,0.279911273654
800.114050956,13.8410250295,0.169737118759
801.834418025,13.8671880876,0.255456738535
803.554785094,13.8723627506,0.308067261658
805.275152163,13.8778262902,0.307601146467
806.995519232,13.8835790762,0.25376593627
808.715886301,13.8801293724,0.171724720639
810.43625337,13.8340686597,0.280603755648
812.156620439,13.788294233,0.313018330999
813.876987508,13.7428029954,0.295331357087
815.597354577,13.6975918693,0.215536448628
817.317721645,13.7195619011,0.222763869138
819.038088714,13.8014559488,0.297916492075
820.758455783,13.883634076,0.31296796409
822.478822852,13.9661018426,0.277867523352
824.199189921,14.0488648275,0.162889121749
825.91955699,13.7687033407,0.250887312514
827.639924059,13.437492721,0.281246714123
829.360291128,13.1065415575,0.240854412854
831.080658197,12.8672229591,0.101810106298
832.801025265,13.4294706123,0.169653993504
834.521392334,13.0534832468,0.266065352213
836.241759403,12.6777293582,0.273664090665
837.962126472,12.3021835253,0.202700212137
839.682493541,12.3139699246,0.14116410831
841.40286061,12.3201601635,0.215268970517
843.123227679,11.8925289848,0.274907840221
844.843594748,11.4650527405,0.257787246544
846.563961817,11.0377025106,0.137761000349
848.284328885,10.9562028104,0.116969690692
850.004695954,10.8558747371,0.24352732381
851.725063023,10.7438115287,0.27559873219
853.445430092,10.6318255402,0.232004200184
855.165797161,10.5583262188,0.0920972187648
856.88616423,10.7108425475,0.165099982119
858.606531299,10.6146763791,0.263285185804
860.326898368,10.5185786942,0.269313822278
862.047265437,10.4225429914,0.192071368053
863.767632505,10.4221218224,0.136551383639
865.487999574,10.5464003779,0.214560300312
867.208366643,10.6744883444,0.273529253142
868.928733712,10.8026488409,0.254498278085
870.649100781,10.9308905378,0.126042717907
872.36946785,11.4476793852,0.111998861849
874.089834919,11.2006026323,0.247507681234
875.810201988,10.9187136352,0.275640648955
877.530569057,10.6369136907,0.228080053618
879.250936125,10.4694374994,0.0996159751199
880.971303194,10.7944162525,0.174015900502
882.691670263,10.6905307833,0.265491161224
884.412037332,10.5867189295,0.268184746527
886.132404401,10.4829736678,0.185995772496
887.85277147,10.6521479114,0.138053701429
889.573138539,10.7949863721,0.220477153677
891.293505608,10.7744018557,0.274622657702
893.013872677,10.7538966288,0.251968284223
894.734239745,10.7335209675,0.113353588799
896.454606814,10.9154908374,0.100319409314
898.174973883,10.8778532855,0.249479995393
899.895340952,10.8403020218,0.275090241686
901.615708021,10.802834506,0.22443426292
903.33607509,10.7646774416,0.120190250285
905.056442159,10.7231700363,0.261469641007
906.776809228,10.6817384544,0.29904321636
908.497176297,10.640379893,0.278626653152
910.217543365,10.5990915541,0.181606941724
911.937910434,10.6199802235,0.191599295348
913.658277503,10.6957882857,0.281660404631
915.378644572,10.7716703189,0.298508531137
917.099011641,10.8476314567,0.256977069163
918.81937871,10.9232643497,0.103671425489
920.539745779,10.9145973782,0.235556395431
922.260112848,10.8938253512,0.294248538573
923.980479917,10.8731406931,0.29131573106
925.700846985,10.8525420044,0.224353089606
927.421214054,10.8143352993,0.132268426108
929.141581123,10.7156311775,0.264517458007
930.861948192,10.6170023691,0.299290841019
932.582315261,10.5184422016,0.276254969052
934.30268233,10.419944007,0.173756435601
936.023049399,10.3756092863,0.197556397785
937.743416468,10.3715593992,0.283306917064
939.463783537,10.367561548,0.297621396823
941.184150606,10.3636154622,0.252938412364
942.904517674,10.3611667234,0.0920275873472
944.624884743,10.45511162,0.238978682852
946.345251812,10.5590667404,0.29495844614
948.065618881,10.6630865823,0.289891289351
949.78598595,10.7671781827,0.219589236877
951.506353019,10.8504447585,0.143234454524
953.226720088,10.8768593206,0.267591716446
954.947087157,10.9033601037,0.299857663581
956.667454226,10.9299489007,0.274679702335
958.387821294,10.9566275105,0.167941577465
960.108188363,10.9700966843,0.205165905324
961.828555432,10.9753687088,0.285894378638
963.548922501,10.9807336189,0.297669483206
965.26928957,10.9861917775,0.250418619018
966.989656639,10.9956411212,0.0905815439442
968.710023708,11.1328897292,0.244091968435
970.430390777,11.2792640858,0.296633158705
972.150757846,11.4257518875,0.289337382555
973.871124914,11.5723630446,0.216227663437
975.591491983,11.6762272195,0.155828972611
977.311859052,11.6852579451,0.271481562274
979.032226121,11.6944295826,0.300925259169
980.75259319,11.7037427524,0.27358462765
982.472960259,11.7131980847,0.163020239784
984.193327328,11.675227139,0.213091489411
985.913694397,11.6127337448,0.288684821468
987.634061466,11.5503763559,0.297817284735
989.354428534,11.4881507538,0.247947694419
991.074795603,11.4321343654,0.0936626512892
992.795162672,11.4938791426,0.248994273455
994.515529741,11.5610509639,0.298001488099
996.23589681,11.628355294,0.288146645239
997.956263879,11.6957966864,0.211346615256
999.676630948,11.7250765753,0.165117175756
1001.39699802,11.6844704684,0.274185354894
1003.11736509,11.6440052202,0.300855950689
1004.83773215,11.6036780929,0.270698937548
1006.55809922,11.5634863584,0.1531789135
1008.27846629,11.5425574039,0.234742396038
1009.99883336,11.5299163984,0.356849451583
1011.71920043,11.5174057955,0.442588447602
1013.4395675,11.5050247487,0.510638374991
1015.15993457,11.4927724204,0.567415309489
1016.88030164,11.4806479817,0.616057504104
1018.60066871,11.4686506123,0.658382315486
1020.32103577,11.4567795007,0.695554459134
1022.04140284,11.4450338435,0.728372614145
1023.76176991,11.4334128464,0.757411313444
1025.48213698,11.4219157229,0.783098575897
1027.20250405,11.4105416954,0.805761639257
1028.92287112,11.3992899942,0.825655473808
1030.64323819,11.3881598583,0.842981369249
1032.36360526,11.3771505346,0.857899484462
1034.08397233,11.3662612783,0.870537556733
1035.80433939,11.3554913527,0.88099706982
1037.52470646,11.3448400292,0.889357679033
1039.24507353,11.3343065872,0.895680398264
1040.9654406,11.3238903141,0.900009874966
1042.68580767,11.3135905051,0.902375965302
1044.40617474,11.3034064635,0.902794745811
1046.12654181,11.2933375002,0.901269044485
1047.84690888,11.2833829342,0.897788533195
1049.56727595,11.2735420918,0.892329388691
1051.28764301,11.2638143074,0.884853495607
1053.00801008,11.2541989229,0.875307127357
1054.72837715,11.2446952876,0.863618993675
1056.44874422,11.2353027587,0.849697478836
1058.16911129,11.2260207008,0.833426799637
1059.88947836,11.2168484858,0.814661665756
1061.60984543,11.2077854933,0.793219789311
1063.3302125,11.1988311101,0.768871194704
1065.05057957,11.1899847303,0.741322585963
1066.77094663,11.1812457556,0.710193750103
1068.4913137,11.1726135947,0.674980477595
1070.21168077,11.1640876637,0.634993247223
1071.93204784,11.1556673856,0.589248948903
1073.65241491,11.1473521908,0.536262239271
1075.37278198,11.1391415169,0.473591471221
1077.09314905,11.1310348082,0.396651325325
1078.81351612,11.1230315165,0.294430376209
1080.53388319,11.1151311001,0.111088622365
1082.25425025,11.2996867616,0.261381219161
1083.97461732,11.4850740106,0.306700328623
1085.69498439,11.6705886284,0.29838355005
1087.41535146,11.8562431657,0.23069836145
1089.13571853,12.017220954,0.189072678581
1090.8560856,12.1309695268,0.28529857614
1092.57645267,12.2448891653,0.310603163522
1094.29681974,12.3589875767,0.284586895994
1096.01718681,12.4732724798,0.186914995861
1097.73755387,12.3920224269,0.236998552308
1099.45792094,12.223557217,0.300878244949
1101.17828801,12.0552693367,0.307122103411
1102.89865508,11.8871474007,0.259919498102
1104.61902215,11.7282242489,0.125560289185
1106.33938922,11.7935295878,0.265866158834
1108.05975629,11.8589831635,0.308180977133
1109.78012336,11.9245894041,0.297731524153
1111.50049043,11.9903527482,0.227351574512
1113.22085749,12.0068933792,0.197490967793
1114.94122456,11.9451415324,0.287865790557
1116.66159163,11.8835481795,0.309924615161
1118.3819587,11.8221091534,0.280296114854
1120.10232577,11.7608202977,0.174355716124
1121.82269284,11.8142357902,0.238229834705
1123.54305991,11.9093580015,0.301019864895
1125.26342698,12.0046362857,0.306309765475
1126.98379405,12.1000770888,0.257667350769
1128.70416111,12.1935326318,0.140865062213
1130.42452818,12.2628230053,0.27034109528
1132.14489525,12.3322933648,0.309602776656
1133.86526232,12.4019484103,0.296913863181
1135.58562939,12.4717928541,0.223593635019
1137.30599646,12.592650861,0.205238092354
1139.02636353,12.7814036165,0.29133913847
1140.7467306,12.9703714417,0.312072826359
1142.46709767,13.1595671209,0.282239129605
1144.18746473,13.3490034538,0.177994739806
1145.9078318,13.3638915143,0.248993752509
1147.62819887,13.3286666972,0.305704115193
1149.34856594,13.2936939739,0.307894355785
1151.06893301,13.2589709784,0.256963104965
1152.78930008,13.2144863344,0.156603617575
1154.50966715,13.0994169921,0.275362714032
1156.23003422,12.9845842341,0.311214831972
1157.95040129,12.8699802917,0.296007645546
1159.67076835,12.7555974115,0.219362004691
1161.39113542,12.6924241501,0.211910782721
1163.11150249,12.6866622891,0.29321657051
1164.83186956,12.6811090883,0.3108653153
1166.55223663,12.6757641719,0.277295737563
1168.2726037,12.6706271784,0.163516541984
1169.99297077,12.740560294,0.24950344267
1171.71333784,12.8272697659,0.305077174205
1173.43370491,12.9141974105,0.305815943707
1175.15407197,13.0013491088,0.252202334745
1176.87443904,13.110256957,0.163577724699
1178.59480611,13.3272951854,0.277888112241
1180.31517318,13.5445854149,0.312450175825
1182.03554025,13.7621423458,0.296602632926
1183.75590732,13.9799806966,0.219688915018
1185.47627439,13.8962974966,0.218712471813
1187.19664146,13.5273331212,0.27839103213
1188.91700853,13.1586342801,0.264388808803
1190.63737559,12.7901760296,0.158217302934
1192.35774266,13.2370355774,0.137933839127
1194.07810973,13.1000797924,0.244800570395
1195.7984768,12.8113788444,0.279013730476
1197.51884387,12.5228949939,0.240612875166
1199.23921094,12.3176482378,0.0977125399391
1200.95957801,12.9656634897,0.164325356137
1202.67994508,12.6207601687,0.264428230253
1204.40031215,12.2760610494,0.273378903155
1206.12067921,11.9315428117,0.203581267701
1207.84104628,12.039327438,0.139616145574
1209.56141335,12.2280216248,0.213516062169
1211.28178042,11.9141315571,0.274721924153
1213.00214749,11.6003978852,0.258924199322
1214.72251456,11.2867993842,0.142462779501
1216.44288163,11.4998226956,0.122798643961
1218.1632487,11.3257396153,0.243660137236
1219.88361577,11.0905044334,0.276265665383
1221.60398283,10.8553699263,0.233819252456
1223.3243499,10.7288346923,0.0913385864137
1225.04471697,11.3500885843,0.165719813856
1226.76508404,11.2031433941,0.263855281883
1228.48545111,11.0563064991,0.270487951688
1230.20581818,10.9095679653,0.195182946227
1231.92618525,10.9880834912,0.137838639885
1233.64655232,11.0307674659,0.2146948358
1235.36691939,10.8504934459,0.273815217054
1237.08728645,10.6703038632,0.255195012112
1238.80765352,10.4901865275,0.128609370617
1240.52802059,10.8589252172,0.111317777408
1242.24838766,10.850497997,0.245455012037
1243.96875473,10.8119282458,0.275474749542
1245.6891218,10.7734403228,0.229684117644
1247.40948887,10.7597291387,0.0975684033217
1249.12985594,10.8494706564,0.170792526127
1250.85022301,10.7918691546,0.264736655408
1252.57059007,10.734348124,0.268750348886
1254.29095714,10.6769036731,0.188664851975
1256.01132421,10.7780658057,0.137896025755
1257.73169128,10.8453906949,0.218510524941
1259.45205835,10.7953321613,0.274260646033
1261.17242542,10.7453543331,0.252820682409
1262.89279249,10.6954538293,0.117651935129
1264.61315956,10.655738581,0.229130457279
1266.33352663,10.618296433,0.292430363648
1268.05389369,10.5809230136,0.292665142812
1269.77426076,10.5436157941,0.230028059872
1271.49462783,10.5281838368,0.114525074702
1273.2149949,10.6202366584,0.260110563969
1274.93536197,10.7123687361,0.298936916097
1276.65572904,10.8045759066,0.279691479124
1278.37609611,10.8968644079,0.185058431226
1280.09646318,10.9684154665,0.190258858494
1281.81683025,11.0205400887,0.281448198962
1283.53719731,11.0727606524,0.299128302041
1285.25756438,11.1250806906,0.258834248471
1286.97793145,11.1773362849,0.109967548767
1288.69829852,11.1660155313,0.23492560793
1290.41866559,11.144529913,0.294310722468
1292.13903266,11.1231486246,0.292083255323
1293.85939973,11.1018702194,0.226431375539
1295.5797668,11.0833656861,0.129186978141
1297.30013387,11.0749430589,0.263872067915
1299.02050093,11.0666200537,0.299680472368
1300.740868,11.0583961076,0.277910935811
1302.46123507,11.0502706641,0.178615155234
1304.18160214,11.0707150077,0.197293198458
1305.90196921,11.1137480891,0.283594161984
1307.62233628,11.1568834179,0.298638565564
1309.34270335,11.2001239122,0.255352714854
1311.06307042,11.2430157453,0.0995728587259
1312.78343749,11.2439771885,0.238879409226
1314.50380455,11.2401467563,0.295297271427
1316.22417162,11.2364271228,0.290874687678
1317.94453869,11.2328180362,0.222003348765
1319.66490576,11.2402738284,0.140902760266
1321.38527283,11.2800644918,0.267119737923
1323.1056399,11.3199686544,0.300307582536
1324.82600697,11.359989016,0.27632182914
1326.54637404,11.4001282838,0.172790447937
1328.26674111,11.4175631809,0.204726007856
1329.98710817,11.419980099,0.286070684419
1331.70747524,11.4225199821,0.298546849653
1333.42784231,11.425183002,0.252578833199
1335.14820938,11.4282107496,0.0955930509295
1336.86857645,11.4412239476,0.243606024525
1338.58894352,11.4551622452,0.296649605956
1340.30931059,11.469225888,0.289850452668
1342.02967766,11.4834158273,0.217668795734
1343.75004473,11.4954239487,0.151929498818
1345.47041179,11.5020738546,0.270233860878
1347.19077886,11.5088522793,0.300539387703
1348.91114593,11.5157596815,0.273824771764
1350.631513,11.5227965285,0.164287654565
1352.35188007,11.5529118125,0.210089250136
1354.07224714,11.5958605089,0.287736132272
1355.79261421,11.6389440692,0.298069402494
1357.51298128,11.6821654081,0.249597659873
1359.23334835,11.7296840662,0.0954405802574
1360.95371541,11.8726244338,0.24818855874
1362.67408248,12.0207924297,0.298125711837
1364.39444955,12.1691240374,0.289253097785
1366.11481662,12.3176292922,0.214386086076
1367.83518369,12.3956262801,0.170075078391
1369.55555076,12.3358041487,0.320094635376
1371.27591783,12.2761669407,0.415082073288
1372.9962849,12.2167106216,0.488305320592
1374.71665197,12.1574311688,0.548566634361
1376.43701903,12.098324572,0.599799829348
1378.1573861,12.0393868323,0.644175020183
1379.87775317,11.9806139626,0.683041107762
1381.59812024,11.9220019865,0.717303903196
1383.31848731,11.8635469387,0.747605273347
1385.03885438,11.8052448647,0.774418125343
1386.75922145,11.7470918201,0.798101057363
1388.47958852,11.6890838706,0.818931815082
1390.19995559,11.6312170919,0.837128788371
1391.92032265,11.5734875689,0.852865361358
1393.64068972,11.5158913962,0.866279783678
1395.36105679,11.4584246772,0.877482117276
1397.08142386,11.4010835241,0.886559201911
1398.80179093,11.3438640575,0.893578230431
1400.522158,11.2867624063,0.898589313135
1402.24252507,11.2297747075,0.901627277855
1403.96289214,11.1728971057,0.902712865412
1405.68325921,11.1161257528,0.901853420121
1407.40362627,11.0594568081,0.899043130485
1409.12399334,11.0028864379,0.894262838902
1410.84436041,10.9464108148,0.887479405515
1412.56472748,10.8900261182,0.87864457559
1414.28509455,10.8337285334,0.867693256562
1416.00546162,10.7775142518,0.854541053164
1417.72582869,10.7213794702,0.839080826013
1419.44619576,10.6653203909,0.821177913006
1421.16656283,10.6093332214,0.800663452723
1422.88692989,10.553414174,0.777324917881
1424.60729696,10.4975594655,0.750892394966
1426.32766403,10.4417653171,0.721018110451
1428.0480311,10.3860279543,0.687244722518
1429.76839817,10.3303436062,0.648953848005
1431.48876524,10.2747085056,0.605277320157
1433.20913231,10.2191188886,0.554931614195
1434.92949938,10.1635709944,0.495873649287
1436.64986645,10.1080610649,0.424462694548
1438.37023351,10.0525853448,0.332813791615
1440.09060058,9.99714008088,0.19406498063
1441.81096765,9.93878880826,0.222988029087
1443.53133472,9.87876683485,0.29471736591
1445.25170179,9.81876355828,0.3044676784
1446.97206886,9.75877491913,0.259329840927
1448.69243593,9.69879685897,0.102497007475
1450.412803,9.78121908259,0.256296730121
1452.13317007,9.86634567063,0.303730559626
1453.85353713,9.95149011517,0.295799028912
1455.5739042,10.0366581765,0.226762353568
1457.29427127,10.0767624184,0.178572390849
1459.01463834,10.024908528,0.280508422471
1460.73500541,9.97308322137,0.306860132723
1462.45537248,9.92128299241,0.279869229056
1464.17573955,9.86950433666,0.176554870882
1465.89610662,9.93490190786,0.226720814795
1467.61647369,10.0563600301,0.295904864619
1469.33684075,10.1778488639,0.304044868651
1471.05720782,10.2993766284,0.257010562414
1472.77757489,10.4193886871,0.108914465208
1474.49794196,10.4757664771,0.260975979087
1476.21830903,10.5322033529,0.305271255237
1477.9386761,10.5887031327,0.295153148765
1479.65904317,10.6452696389,0.223341316087
1481.37941024,10.5696259373,0.187749612273
1483.09977731,10.2702133296,0.283383464131
1484.82014437,9.97084590151,0.306619045451
1486.54051144,9.67150339966,0.276370730526
1488.26087851,9.3721655726,0.165523534646
1489.98124558,9.4040578618,0.229513863674
1491.70161265,9.56541918316,0.296325560609
1493.42197972,9.72677800237,0.302497099344
1495.14234679,9.88814523586,0.252516505306
1496.86271386,10.0384466645,0.119426292332
1498.58308093,10.0330791543,0.263344078072
1500.30344799,10.0277407806,0.305152253271
1502.02381506,10.0224311824,0.292527697745
1503.74418213,10.0171500003,0.216128966916
1505.4645492,10.0054583898,0.192000713489
1507.18491627,9.98467924439,0.284778497978
1508.90528334,9.96392596114,0.306597318282
1510.62565041,9.94319713601,0.27491295676
1512.34601748,9.92249136665,0.160684353596
1514.06638455,9.84145174083,0.23604701238
1515.78675161,9.7415218691,0.298296387137
1517.50711868,9.64160140913,0.301389523778
1519.22748575,9.54168360098,0.247554893747
1520.94785282,9.44123570729,0.127589270613
1522.66821989,9.33647615255,0.26513762535
1524.38858696,9.2316986069,0.304574336254
1526.10895403,9.1268959818,0.289288437173
1527.8293211,9.02206118703,0.207514636869
1529.54968817,8.95622717817,0.194988570055
1531.27005523,8.93683410978,0.28513920129
1532.9904223,8.9173960134,0.304888132075
1534.71078937,8.89791157397,0.270149815294
1536.43115644,8.8783794733,0.146189627418
1538.15152351,8.91218780227,0.237729971671
1539.87189058,8.9589661937,0.298129973226
1541.59225765,9.00570105445,0.299350465923
1543.31262472,9.05239554627,0.24228784185
1545.03299179,9.09360831347,0.135033580878
1546.75335885,9.10428887852,0.255701452313
1548.47372592,9.11493574443,0.270554963722
1550.19409299,9.1255496315,0.204172599422
1551.91446006,8.91989092646,0.125654250695
1553.63482713,8.60969225727,0.19529701187
1555.3551942,8.63274510806,0.268397786336
1557.07556127,8.65573235823,0.257638382051
1558.79592834,8.67865556297,0.145464372888
1560.51629541,7.92751895686,0.114720390941
1562.23666247,7.95838799199,0.232022258648
1563.95702954,8.19739790631,0.27258459152
1565.67739661,8.43631276737,0.23469535042
1567.39776368,8.62395922911,0.071313666346
1569.11813075,8.13972986601,0.138574980255
1570.83849782,8.16188815137,0.255858251621
1572.55886489,8.1839489811,0.2683127512
1574.27923196,8.2059138477,0.196950893435
1575.99959903,7.95528145727,0.126827630387
1577.71996609,7.73635302886,0.198549648517
1579.44033316,7.93075801663,0.268454354654
1581.16070023,8.12504991206,0.254791209857
1582.8810673,8.31924185964,0.134061510118
1584.60143437,7.64803111546,0.105509988491
1586.32180144,7.86358269627,0.235159703339
1588.04216851,8.23150002383,0.272543030884
1589.76253558,8.59932460523,0.231432918698
1591.48290265,8.90920846659,0.0776138631485
1593.20326972,8.71954001577,0.150711061024
1594.92363678,8.87677453271,0.258936741413
1596.64400385,9.03395995841,0.268153680939
1598.36437092,9.19110692701,0.193105205166
1600.08473799,9.00724592705,0.131392296207
1601.80510506,8.77982356109,0.2065002147
1603.52547213,8.86186435486,0.270604208454
1605.2458392,8.94385504868,0.253653440414
1606.96620627,9.0258011895,0.126412912358
1608.68657334,9.0361289687,0.103425720389
1610.4069404,9.20403506363,0.240961533781
1612.12730747,9.38513008328,0.273672507621
1613.84767454,9.56621040362,0.228928313159
1615.56804161,9.62479516338,0.0888339781173
1617.28840868,9.00485991187,0.160431678548
1619.00877575,8.99115690993,0.261152083399
1620.72914282,8.9774125551,0.2668473408
1622.44950989,8.96362591755,0.186441452307
1624.16987696,8.96972151705,0.174932435109
1625.89024402,8.9992755234,0.275910632616
1627.61061109,9.02878872614,0.29731635476
1629.33097816,9.05826312191,0.259645316297
1631.05134523,9.08770070475,0.11479122647
1632.7717123,9.11178380566,0.224417208506
1634.49207937,9.13455604828,0.290279171144
1636.21244644,9.15729663943,0.291439386524
1637.93281351,9.1800071176,0.22888429953
1639.65318058,9.18371928032,0.102430777101
1641.37354764,9.08371700901,0.256726833422
1643.09391471,8.98359247399,0.296903734225
1644.81428178,8.88342607432,0.277707487077
1646.53464885,8.78321103344,0.18114785378
1648.25501592,8.7803304622,0.18160148447
1649.97538299,8.87426209839,0.277856172383
1651.69575006,8.96814447337,0.296917757545
1653.41611713,9.06198393862,0.25661327074
1655.1364842,9.15570477717,0.101988993588
1656.85685126,9.17134654025,0.229302366774
1658.57721833,9.17294941356,0.291607595258
1660.2975854,9.17452323284,0.29032673763
1662.01795247,9.17606810457,0.22437301221
1663.73831954,9.21344010174,0.116279510046
1665.45868661,9.39754614751,0.260161716963
1667.17905368,9.58163833396,0.297850037235
1668.89942075,9.76572911553,0.276799914762
1670.61978782,9.94983094657,0.177176437073
1672.34015488,9.92115600115,0.191521743322
1674.06052195,9.714019286,0.281032735388
1675.78088902,9.50689012199,0.296862869094
1677.50125609,9.29975449613,0.253234175973
1679.22162316,9.09405530425,0.0891625947271
1680.94199023,9.08589578905,0.233441220828
1682.6623573,9.10359473422,0.292536851359
1684.38272437,9.12125993332,0.288833026177
1686.10309144,9.13889258142,0.219167387364
1687.8234585,9.15721932816,0.12781129174
1689.54382557,9.17782766925,0.262863971709
1691.26419264,9.19840728636,0.297710355222
1692.98455971,9.21895957175,0.273757148745
1694.70492678,9.23948591586,0.167416623807
1696.42529385,9.22971753225,0.196230548095
1698.14566092,9.19857021372,0.282289151343
1699.86602799,9.16739557449,0.296054321345
1701.58639506,9.13619150551,0.249783047972
1703.30676212,9.10572550165,0.0807486767851
1705.02712919,9.11549485211,0.237831510428
1706.74749626,9.12896169491,0.293627286223
1708.46786333,9.14239650778,0.287495933932
1710.1882304,9.15580019962,0.214181347371
1711.90859747,9.16374662797,0.139107813283
1713.62896454,9.15780230064,0.265820439707
1715.34933161,9.15182789453,0.2979130759
1717.06969868,9.14582300547,0.271350259859
1718.79006574,9.13978722719,0.159036795407
1720.51043281,9.20541120083,0.202330030189
1722.23079988,9.31331641836,0.284181507477
1723.95116695,9.42120207815,0.295646523935
1725.67153402,9.52907547902,0.246743700793
1727.39190109,9.63181472949,0.0788495928091
1729.11226816,9.59320944815,0.26946776529
1730.83263523,9.54580643562,0.379414879746
1732.5530023,9.49839959409,0.459998387488
1734.27336936,9.4509857163,0.524937880556
1735.99373643,9.40356159456,0.579531488249
1737.7141035,9.35612402046,0.626502782281
1739.43447057,9.3086697847,0.667474403751
1741.15483764,9.26119567685,0.703505595856
1742.87520471,9.21369848513,0.73533205792
1744.59557178,9.16617499619,0.763487922693
1746.31593885,9.11862199492,0.788373808358
1748.03630592,9.0710362642,0.810297505444
1749.75667298,9.02341458471,0.82949963821
1751.47704005,8.97575373466,0.846170544391
1753.19740712,8.92805048967,0.860461752914
1754.91777419,8.88030162243,0.872493990931
1756.63814126,8.8325039026,0.8823628737
1758.35850833,8.7846540965,0.890142991285
1760.0788754,8.73674896692,0.895890846175
1761.79924247,8.68878527293,0.89964693574
1763.51960954,8.64075976963,0.901437170419
1765.2399766,8.59266920794,0.90127374893
1766.96034367,8.54451033437,0.899155561709
1768.68071074,8.49627989082,0.895068154444
1770.40107781,8.44797461434,0.88898324884
1772.12144488,8.39959123692,0.880857782641
1773.84181195,8.35112648526,0.870632390259
1775.56217902,8.30257708058,0.858229192718
1777.28254609,8.25393973833,0.84354869158
1779.00291316,8.20521116805,0.826465450965
1780.72328022,8.15638807309,0.806822078548
1782.44364729,8.10746715039,0.7844207335
1784.16401436,8.05844509032,0.759010907262
1785.88438143,8.00931857636,0.730271363162
1787.6047485,7.96008428495,0.697782504721
1789.32511557,7.91073888521,0.660982209993
1791.04548264,7.86127903878,0.619091193826
1792.76584971,7.81170139953,0.570977394862
1794.48621678,7.76200261337,0.514884282358
1796.20658384,7.71217931803,0.447805023921
1797.92695091,7.66222814278,0.363687029733
1799.64731798,7.61214570827,0.245568931267
1801.36768505,7.58819857334,0.156800972772
1803.08805212,7.63457195977,0.272710901763
1804.80841919,7.6808122159,0.303612134425
1806.52878626,7.72692247006,0.279318171995
1808.24915333,7.77290584173,0.178556273054
1809.9695204,7.88585000165,0.214027855717
1811.68988746,8.03995245857,0.29069062951
1813.41025453,8.19394921053,0.302268414068
1815.1306216,8.34785067589,0.257692136143
1816.85098867,8.5016672666,0.0980378287609
1818.57135574,8.68779773024,0.252473264321
1820.29172281,8.87498547774,0.302022433075
1822.01208988,9.06212401299,0.295150976962
1823.73245695,9.24922599651,0.226784669004
1825.45282402,9.37301589112,0.173542759786
1827.17319108,9.35858606631,0.278618241411
1828.89355815,9.34413974641,0.30601996377
1830.61392522,9.32967595406,0.279609917796
1832.33429229,9.31519371077,0.176704280224
1834.05465936,9.29393644816,0.223235587276
1835.77502643,9.26920297192,0.294211785571
1837.4953935,9.24444695355,0.30291542057
1839.21576057,9.21966671819,0.255787149061
1840.93612764,9.1938977955,0.0943257333629
1842.6564947,9.06334436937,0.257190824647
1844.37686177,8.93275447407,0.302977679818
1846.09722884,8.80211927479,0.29300059288
1847.81759591,8.67142993361,0.219788830553
1849.53796298,8.55826353598,0.178027374301
1851.25833005,8.47675461532,0.279540532624
1852.97869712,8.39516954078,0.304682538497
1854.69906419,8.31350279287,0.275251413501
1856.41943126,8.23174884656,0.164115704781
1858.13979832,8.3183434899,0.225196867702
1859.86016539,8.47563336901,0.29430077071
1861.58053246,8.63284701838,0.301301539841
1863.30089953,8.78999507404,0.25144339407
1865.0212666,8.93549707687,0.107329945811
1866.74163367,8.86797426868,0.259954424483
1868.46200074,8.80040177389,0.303243523859
1870.18236781,8.73277502103,0.290976478223
1871.90273488,8.6650894349,0.213790454739
1873.62310194,8.59223973973,0.184369768016
1875.34346901,8.51164250767,0.281488211082
1877.06383608,8.43097148201,0.304461306439
1878.78420315,8.35022120509,0.272725276763
1880.50457022,8.26938621389,0.155813427883
1882.22493729,8.29033061935,0.230137493931
1883.94530436,8.34575676188,0.29561293
1885.66567143,8.40109788811,0.300052105661
1887.3860385,8.45635774202,0.246772702872
1889.10640556,8.49698355669,0.117784870833
1890.82677263,8.39744476421,0.26225868396
1892.5471397,8.29782445229,0.303081387874
1894.26750677,8.19811588127,0.288297853605
1895.98787384,8.09831230555,0.206274636209
1897.70824091,8.05750957657,0.189038205631
1899.42860798,8.09132723503,0.282824561544
1901.14897505,8.12504266419,0.303961261323
1902.86934212,8.15865814501,0.270086924713
1904.58970918,8.19217595169,0.147132477255
1906.31007625,8.19307928311,0.234986610968
1908.03044332,8.18519772526,0.296942560828
1909.75081039,8.17722028875,0.29889500727
1911.47117746,8.16914643388,0.242299494376
1913.19154453,8.15741879394,0.128441584418
1914.9119116,8.12311872563,0.264971996503
1916.63227867,8.08871857882,0.303463912127
1918.35264574,8.05421602622,0.286607262418
1920.0730128,8.01960873362,0.200916893071
1921.79337987,7.98182094106,0.196247966448
1923.51374694,7.94064873629,0.285031214497
1925.23411401,7.89936410833,0.303463258326
1926.95448108,7.85796426413,0.26656644109
1928.67484815,7.81644640285,0.134685769905
1930.39521522,7.89945452037,0.238335150739
1932.11558229,8.00758019926,0.297623973877
1933.83594936,8.11559798308,0.297460077942
1935.55631642,8.2235151796,0.237720470541
1937.27668349,8.28808708324,0.138568492454
1938.99705056,8.15439142569,0.267603881757
1940.71741763,8.02059780535,0.303512637419
1942.4377847,7.88669717062,0.284132060098
1944.15815177,7.7526804627,0.193499547812
1945.87851884,7.72610533424,0.201378758236
1947.59888591,7.79608411933,0.286595771265
1949.31925298,7.86594070095,0.303012915759
1951.03962004,7.93567980513,0.263808826222
1952.75998711,8.00530614996,0.124362098497
1954.48035418,8.0661163957,0.242920320992
1956.20072125,8.125569068,0.298948810997
1957.92108832,8.18492182758,0.296483764901
1959.64145539,8.24417868982,0.233680506049
1961.36182246,8.28633708274,0.14925976227
1963.08218953,8.26868809398,0.270772753253
1964.8025566,8.25094887496,0.304223270388
1966.52292366,8.23311822556,0.282816945556
1968.24329073,8.21519493948,0.18872032897
1969.9636578,8.26514852411,0.208952029202
1971.68402487,8.36646325856,0.289307409827
1973.40439194,8.46769437756,0.303302048769
1975.12475901,8.56884872973,0.261807679521
1976.84512608,8.66993315848,0.115524094925
1978.56549315,8.6852947908,0.277638750513
1980.28586022,8.69280720432,0.389880038575
1982.00622728,8.70025808062,0.475086506407
1983.72659435,8.70764792378,0.546081910322
1985.44696142,8.71497723376,0.607882271847
1987.16732849,8.7222465064,0.663078199545
1988.88769556,8.72945623348,0.713218033962
1990.60806263,8.73660690278,0.759316354874
1992.3284297,8.74369899807,0.802081764562
1994.04879677,8.75073299913,0.842032971407
1995.76916384,8.75770938185,0.879563645117
1997.4895309,8.7646286182,0.914981248442
1999.20989797,8.77149117629,0.948531582263
2000.93026504,8.77829752039,0.980414992685
2002.65063211,8.78504811098,1.01079746456
2004.37099918,8.79174340476,1.03981844751
2006.09136625,8.79838385468,1.06759652064
2007.81173332,8.80496991,1.09423358455
2009.53210039,8.81150201627,1.1198180242
2011.25246746,8.81798061542,1.14442713588
2012.97283452,8.82440614575,1.16812901802
2014.69320159,8.83077904196,1.19098406396
2016.41356866,8.83709973521,1.21304615493
2018.13393573,8.84336865311,1.23436362385
2019.8543028,8.84958621976,1.25498004173
2021.57466987,8.85575285582,1.27493486508
2023.29503694,8.86186897847,1.29426397344
2025.01540401,8.86793500149,1.31300011893
2026.73577108,8.87395133527,1.33117330502
2028.45613814,8.87991838682,1.34881110762
2030.17650521,8.88583655985,1.36593894895
2031.89687228,8.89170625473,1.38258033248
2033.61723935,8.89752786856,1.39875704553
2035.33760642,8.90330179521,1.41448933473
2037.05797349,8.90902842529,1.42979605885
2038.77834056,8.91470814623,1.44469482237
2040.49870763,8.92034134228,1.45920209266
2042.2190747,8.92592839455,1.47333330335
2043.93944176,8.93146968101,1.4871029456
2045.65980883,8.93696557656,1.50052464921
2047.3801759,8.94241645301,1.51361125475
2049.10054297,8.94782267913,1.52637487798
2050.82091004,8.95318462067,1.53882696755
2052.54127711,8.95850264037,1.55097835681
2054.26164418,8.96377709803,1.56283931044
2055.98201125,8.96900835048,1.57441956658
2057.70237832,8.97419675163,1.58572837493
2059.42274538,8.97934265248,1.59677453127
2061.14311245,8.98444640118,1.6075664089
2062.86347952,8.98950834302,1.61811198721
2064.58384659,8.99452882044,1.62841887782
2066.30421366,8.99950817311,1.63849434841
2068.02458073,9.00444673789,1.64834534461
2069.7449478,9.00934484888,1.65797851008
2071.46531487,9.01420283747,1.66740020494
2073.18568194,9.01902103232,1.67661652274
2074.906049,9.02379975939,1.68563330617
2076.62641607,9.02853934197,1.69445616152
2078.34678314,9.03324010071,1.70309047207
2080.06715021,9.03790235364,1.71154141047
2081.78751728,9.04252641618,1.71981395029
2083.50788435,9.04711260115,1.72791287666
2085.22825142,9.05166121883,1.73584279628
2086.94861849,9.05617257694,1.74360814662
2088.66898556,9.06064698069,1.75121320455
2090.38935262,9.0650847328,1.75866209448
2092.10971969,9.06948613349,1.76595879578
2093.83008676,9.07385148053,1.77310714993
2095.55045383,9.07818106924,1.78011086704
2097.2708209,9.08247519254,1.78697353209
2098.99118797,9.08673414095,1.79369861071
2100.71155504,9.09095820259,1.80028945466
2102.43192211,9.09514766324,1.80674930694
2104.15228918,9.09930280632,1.8130813066
2105.87265624,9.10342391294,1.81928849335
2107.59302331,9.10751126192,1.82537381178
2109.31339038,9.11156512977,1.83134011545
2111.03375745,9.11558579075,1.83719017069
2112.75412452,9.11957351687,1.84292666023
2114.47449159,9.12352857791,1.84855218659
2116.19485866,9.12745124146,1.85406927533
2117.91522573,9.13134177288,1.85948037814
2119.6355928,9.13520043539,1.86478787567
2121.35595986,9.13902749003,1.86999408038
2123.07632693,9.14282319572,1.87510123907
2124.796694,9.14658780926,1.88011153542
2126.51706107,9.15032158532,1.88502709234
2128.23742814,9.15402477652,1.8898499742
2129.95779521,9.15769763338,1.89458218898
2131.67816228,9.16134040439,1.89922569031
2133.39852935,9.16495333599,1.90378237941
2135.11889642,9.16853667261,1.90825410692
2136.83926348,9.17209065666,1.91264267471
2138.55963055,9.1756155286,1.91694983751
2140.27999762,9.17911152689,1.92117730456
2142.00036469,9.18257888805,1.92532674114
2143.72073176,9.18601784665,1.92939977003
2145.44109883,9.18942863535,1.93339797291
2147.1614659,9.19281148491,1.93732289174
2148.88183297,9.19616662417,1.94117603001
2150.60220004,9.19949428014,1.944958854
2152.3225671,9.20279467793,1.94867279395
2154.04293417,9.20606804083,1.95231924521
2155.76330124,9.20931459029,1.95589956931
2157.48366831,9.21253454595,1.95941509502
2159.20403538,9.21572812566,1.96286711934
2160.92440245,9.21889554546,1.96625690847
2162.64476952,9.22203701965,1.96958569875
2164.36513659,9.22515276075,1.97285469752
2166.08550366,9.22824297956,1.976065084
2167.80587072,9.23130788515,1.97921801011
2169.52623779,9.23434768485,1.98231460124
2171.24660486,9.23736258432,1.98535595706
2172.96697193,9.24035278753,1.98834315221
2174.687339,9.24331849679,1.99127723701
