#time,light curve,error
54545.562,2.9675732872506875,0.6531826479874392
54550.45752952953,2.9663304439528746,0.6499510156607795
54555.35305905906,2.9650850344728816,0.6466897752660118
54560.24858858858,2.963837053512141,0.6433984206494917
54565.144118118114,2.9625864957611405,0.6400764308111415
54570.039647647645,2.9613333558994093,0.6367232692712049
54574.935177177176,2.9600776285954895,0.6333383834014423
54579.83070670671,2.9588193085069148,0.6299212037183757
54584.72623623623,2.957558390280191,0.6264711431359079
54589.62176576576,2.9562948685507626,0.6229875961743602
54594.51729529529,2.9550287379430054,0.6194699381228385
54599.41282482482,2.953759993070192,0.6159175241514442
54604.308354354354,2.952488628534474,0.6123296883696431
54609.203883883885,2.9512146389268565,0.6087057428266873
54614.09941341341,2.9499380188271798,0.6050449764497251
54618.99494294294,2.948658762804085,0.6013466539146463
54623.89047247247,2.9473768654150065,0.5976100144445575
54628.786002002,2.9460923212061374,0.5938342705299021
54633.68153153153,2.9448051247124116,0.5900186065639903
54638.577061061056,2.943515270457479,0.5861621773869996
54643.47259059059,2.942222752953679,0.5822641067306988
54648.36812012012,2.9409275667020225,0.5783234855555981
54653.26364964965,2.939629706192168,0.5743393702711523
54658.15917917918,2.938329165902393,0.5703107808288215
54663.0547087087,2.937025940299579,0.56623669867671
54667.950238238234,2.9357200238391745,0.5621160645631397
54672.845767767765,2.934411410965187,0.5579477761754866
54677.741297297296,2.933100096110151,0.5537306855985864
54682.63682682683,2.9317860736951027,0.5494635965757632
54687.53235635636,2.930469338129562,0.5451452615532187
54692.42788588588,2.929149883811506,0.5407743784865242
54697.32341541541,2.92782770512734,0.5363495873851535
54702.21894494494,2.9265027964518833,0.5318694665684908
54707.114474474474,2.9251751521483396,0.5273325286029397
54712.010004004005,2.923844766568273,0.5227372158864426
54716.90553353353,2.922511634051588,0.5180818958421087
54721.80106306306,2.921175748926496,0.5133648556776197
54726.69659259259,2.9198371055095023,0.5085842966615345
54731.59212212212,2.9184956981053767,0.5037383278606502
54736.48765165165,2.917151521007129,0.49882495927499193
54741.383181181176,2.915804568495987,0.4938420942979171
54746.27871071071,2.914454834841365,0.48878752141819876
54751.17424024024,2.9131023143008514,0.483658905068699
54756.06976976977,2.911747001120175,0.47845377551153817
54760.9652992993,2.9103888895331838,0.47316951763257586
54765.86082882883,2.9090279737618197,0.4678033584976353
54770.756358358354,2.9076642480160975,0.4623523534986969
54775.651887887885,2.906297706494069,0.45681337088927
54780.547417417416,2.904928343381814,0.4511830744736955
54785.44294694695,2.903556152853405,0.4454579041729155
54790.33847647648,2.902181129070886,0.4396340541390557
54795.234006006,2.9008032661842487,0.43370744802920075
54800.12953553553,2.8994225583313993,0.4276737109735608
54805.02506506506,2.898038999638146,0.4215281376803903
54809.920594594594,2.8966525842181685,0.415265656005244
54814.816124124125,2.89526330617299,0.4088807851691043
54819.71165365365,2.893871159591958,0.4023675876308654
54824.60718318318,2.8924761385522086,0.39571961339293066
54829.50271271271,2.8910782371186565,0.3889298352312184
54834.39824224224,2.8896774493439583,0.38199057297086564
54839.29377177177,2.8882737692684914,0.3748934044515096
54844.1893013013,2.8868671909203276,0.3676290602021036
54849.08483083083,2.8854577083152106,0.36018729802207056
54853.98036036036,2.8840453154565213,0.352556752569171
54858.87588988989,2.8826300063352654,0.3447247535758849
54863.77141941942,2.8812117749300397,0.3366771042960319
54868.66694894895,2.879790615207008,0.32839780898898735
54873.562478478474,2.8783665211198763,0.3198687343208729
54878.458008008005,2.8769394866098628,0.3110691839524826
54883.353537537536,2.87550950560568,0.30197535742536724
54888.24906706707,2.8740765720235038,0.292559652352035
54893.1445965966,2.872640679766947,0.2827897505489125
54898.04012612612,2.8712018227270377,0.2726274001748111
54902.93565565565,2.8697599947821844,0.2620267602000324
54907.83118518518,2.8683151897981616,0.2509320979227642
54912.726714714714,2.8668674016280766,0.2392745005139313
54917.622244244245,2.8654166241123438,0.22696702909127037
54922.517773773776,2.8639628510786608,0.21389730528844061
54927.4133033033,2.8625060763419814,0.19991564042038776
54932.30883283283,2.861046293704484,0.18481491297332922
54937.20436236236,2.859583496955555,0.16829386399484694
54942.09989189189,2.8581176798717562,0.149883227245791
54946.99542142142,2.8566488362167988,0.12877470179679737
54951.89095095095,2.8551769597415193,0.10332739519383746
54952.562,2.8549749672759073,0.09932291185183681
54956.78648048048,2.836361950399135,0.11263917429708034
54961.68201001001,2.814789389160048,0.12223441492027352
54966.57753953954,2.7932136170104838,0.12689712618033575
54971.47306906907,2.771634542156758,0.12717110002128382
54976.368598598594,2.7500520727911772,0.12308565114942242
54981.264128128125,2.728466117091503,0.11417368238019608
54986.159657657656,2.706876583220763,0.0991418649473037
54991.05518718719,2.6852833793267306,0.07436707511684051
54993.39,2.6749836666288185,0.05563863440344221
54994.341,2.656124342117042,0.056814670919975586
54995.95071671672,2.6560274096654233,0.071607722416034
55000.84624624624,2.6557300328270195,0.10359912659386392
55005.74177577577,2.655428768363376,0.12680035368886686
55010.6373053053,2.65512361499277,0.1454799260161575
55015.532834834834,2.6548145714169324,0.1612175645508894
55020.428364364365,2.6545016363210445,0.1748098812257354
55025.323893893896,2.654184808373729,0.18672616572011377
55030.21942342342,2.6538640862270495,0.19727056447165645
55035.11495295295,2.653539468516499,0.2066533508253084
55040.01048248248,2.6532109538609987,0.21502679103412056
55044.90601201201,2.652878540862889,0.2225050023283346
55049.80154154154,2.6525422281079267,0.22917575937552817
55054.69707107107,2.652202014165276,0.23510791141735043
55059.5926006006,2.6518578975875027,0.2403562499894438
55064.48813013013,2.651509876910571,0.24496481756720853
55069.38365965966,2.6511579506538334,0.2489692207566436
55074.27918918919,2.650802117320027,0.25239828383779367
55079.174718718714,2.650442375395267,0.25527525047210325
55084.070248248245,2.6500787233490373,0.2576186662450842
55088.965777777776,2.6497111596341885,0.2594430288549197
55093.86130730731,2.6493396826869287,0.26075926374206687
55098.75683683684,2.6489642909268163,0.2615750639260102
55103.65236636637,2.6485849827567547,0.26189511983784336
55108.54789589589,2.6482017565629867,0.2617212556507895
55113.44342542542,2.647814610715082,0.2610524815286517
55118.338954954954,2.647423543565938,0.25988496532816696
55123.234484484485,2.647028553451767,0.2582119218454835
55128.130014014016,2.646629638692091,0.25602341201478657
55133.02554354354,2.646226797589738,0.2533060378300219
55137.92107307307,2.645820028430826,0.2500425102537782
55142.8166026026,2.6454093294847647,0.24621105568815602
55147.71213213213,2.6449946990042448,0.24178460966505527
55152.60766166166,2.6445761352252286,0.2367297208996465
55157.50319119119,2.644153636366946,0.23100504894590007
55162.39872072072,2.643727200631883,0.22455927401688772
55167.29425025025,2.6432968262057783,0.2173281286675487
55172.18977977978,2.6428625112576127,0.20923006989827403
55177.08530930931,2.642424253939602,0.20015975789489363
55181.98083883884,2.6419820523871893,0.18997781952183176
55186.876368368365,2.6415359047190385,0.17849393333532054
55191.771897897896,2.641085809037022,0.16543697788303874
55196.66742742743,2.6406317634262173,0.1503975522695399
55201.56295695696,2.640173765954897,0.13270302798213443
55206.45848648649,2.6397118146745204,0.11109148537795996
55211.35401601601,2.6392459076197254,0.08254094455816569
55213.644,2.6390266115372687,0.06432655065767734
55216.24954554554,2.660250470607282,0.06596854224638045
55221.145075075074,2.700124791710136,0.04079336614309476
55221.639,2.704147625502283,0.03418984868585442
55221.651,2.704068129938943,0.03415074203680827
55222.639,2.7316145719393314,0.04010274714555389
55226.040604604605,2.7594091305824704,0.05957544820367253
55230.653,2.797094430641122,0.04953421930303934
55230.666,2.7971416446940296,0.04947538420314851
55230.936134134136,2.7951901266341515,0.04939889036149626
55231.61,2.7903219035330067,0.048218418938259754
55234.59,2.78869656143811,0.04855466725211845
55235.83166366366,2.783933566557113,0.04147734190995444
55236.626,2.7808863969155717,0.03282192223472235
55236.642,2.7805953778633064,0.03277403289547376
55237.654,2.7649805521727013,0.035651251436343255
55239.612,2.7554318444699484,0.030433359725510405
55239.626,2.755446729929125,0.030424933855503777
55240.6,2.768402650965933,0.036817769595438254
55240.72719319319,2.772454672628697,0.03766887820016545
55242.648,2.8336459678840806,0.03874728065966062
55243.576,2.87399413583892,0.04223812071663842
55245.62272272272,2.908038193888426,0.051760011008715544
55246.55,2.923461849770525,0.052051364552514245
55250.51825225225,2.9116409118118005,0.07216226683713113
55255.41378178178,2.897055190958929,0.07409049114099397
55258.602,2.8875546921093695,0.06332589658229479
55260.309311311314,2.89647334178072,0.07068443518407803
55265.20484084084,2.9220446848175983,0.07603546162743538
55270.10037037037,2.9476132732594817,0.05947923325861516
55272.6,2.960667422390976,0.03498811482405289
55272.614,2.9609728776570807,0.034944681128432874
55274.9958998999,3.0163277370395956,0.03934840794338184
55275.547,3.0291351076033872,0.035695246959850546
55275.559,3.0296915060103298,0.035680939820915865
55276.58,3.0462659774414784,0.041644541941349714
55279.89142942943,3.065923665070351,0.06273779539566822
55281.456,3.07521110521856,0.06579447708860182
55284.78695895896,3.096955351657306,0.07692833275677502
55288.504,3.1212188156653986,0.07833149845595058
55289.682488488485,3.1217181961390006,0.08187795317235878
55294.578018018015,3.123791479601676,0.08728966007741336
55299.473547547546,3.1258628667969077,0.07877872311008674
55303.588,3.127602306008573,0.056718701329838264
55304.36907707708,3.130587830063106,0.058817007335714266
55305.463,3.134769070223926,0.0598907491384492
55309.26460660661,3.14682332654084,0.07943837564321515
55314.16013613613,3.1623446357993883,0.08832171788139506
55319.05566566566,3.177864212814126,0.08378739350514451
55323.95119519519,3.1933821236127504,0.06300195732399896
55326.519,3.2015209394589057,0.03822316720670536
55326.532,3.2015605533439357,0.038162617300791055
55327.453,3.1888535440016272,0.03935084160129957
55328.846724724724,3.2001020380961758,0.04307125892648284
55329.517,3.2055116600888787,0.04155316644135123
55330.403,3.1941578880302965,0.04183299204456295
55332.341,3.1760203544563494,0.03442929684043942
55332.358,3.1756790929552383,0.03449698227566393
55333.742254254255,3.176210516208286,0.05038905735362047
55338.63778378378,3.17808886648271,0.07175666598157722
55343.53331331331,3.179965551496808,0.0662555422556656
55347.403,3.181447809917932,0.03749012178021258
55347.417,3.1815165892442514,0.03739604659671403
55348.39,3.1982532928443415,0.03617059677590388
55348.42884284284,3.197898802086136,0.036331960849365456
55350.323,3.180612066105478,0.030340084580050622
55350.336,3.1804633198195744,0.030355784657548082
55353.32437237237,3.1591412374249344,0.0316461996288033
55353.378,3.1587585976440873,0.031030010773535024
55353.394,3.159294229292747,0.031031831754740502
55354.291,3.1851111205141716,0.037395823027089485
55358.2199019019,3.2085526834683464,0.05574807598064089
55362.292,3.2328475751378494,0.03153698729496639
55362.305,3.2328288282491453,0.03149626325622746
55363.11543143143,3.2301700541645806,0.03458645722219267
55363.3,3.2295645364346943,0.03443536562773376
55365.293,3.2124577642985748,0.030595534281822403
55365.305,3.212437145354561,0.030574764254600893
55366.309,3.227418409899513,0.03555786475532224
55368.01096096096,3.238869464402074,0.0396638479329204
55368.368,3.241271656071563,0.038337589764881705
55368.382,3.2412582851775085,0.038384541570980396
55372.90649049049,3.233011632355949,0.06009000065093847
55377.362,3.2248895142552305,0.04007996413833548
55377.377,3.2250530658807004,0.040051482948694136
55377.80202002002,3.227513530747237,0.04208816334719233
55378.328,3.2305584433409558,0.04336500301792846
55382.69754954955,3.250746547455163,0.06491232313485483
55387.59307907908,3.2733634935677745,0.05385718945961854
55389.272,3.281119675945631,0.038660766725333265
55389.284,3.2809975831538867,0.03868897027196044
55392.488608608604,3.2944536273543537,0.07275407566550562
55397.384138138135,3.315008832093255,0.10421080834646554
55402.279667667666,3.3355629540950056,0.12706459550809035
55407.1751971972,3.3561160808066934,0.14542971512309796
55412.07072672673,3.376668299671173,0.1608513275297712
55416.96625625626,3.3972196981274396,0.17411356752178667
55421.86178578578,3.4177703636109604,0.18567991846783202
55426.75731531531,3.4383203835541827,0.19585125368345233
55431.652844844844,3.458869845386712,0.20483565309246404
55436.548374374375,3.4794188365358107,0.21278366246243866
55441.443903903906,3.4999674444267392,0.2198078632701252
55446.33943343343,3.5205157564830967,0.22599452586736465
55451.23496296296,3.5410638601273168,0.2314109350199375
55456.13049249249,3.56161184278085,0.23611019523012267
55461.02602202202,3.5821597918646675,0.24013449032756523
55465.92155155155,3.602707794799595,0.2435173524049941
55470.81708108108,3.623255939006659,0.24628527070753956
55475.71261061061,3.643804311907576,0.24845884458420628
55480.60814014014,3.664353000924946,0.250053610005313
55485.50366966967,3.684902093482744,0.251080623248059
55490.3991991992,3.705451677006661,0.2515468558591144
55495.294728728724,3.726001838924447,0.25145543507866636
55500.190258258255,3.7465526666664046,0.2508057495394671
55505.085787787786,3.7671042476655745,0.24959342870720624
55509.98131731732,3.7876566693582387,0.24781019442720734
55514.87684684685,3.808210019184251,0.24544357260288208
55519.77237637638,3.8287643845874144,0.24247644091345188
55524.6679059059,3.849319853015825,0.2388863726183805
55529.56343543543,3.8698765119223597,0.23464471397640999
55534.458964964964,3.890434448764871,0.2297152988798837
55539.354494494495,3.910993751006679,0.22405265072191183
55544.250024024026,3.9315545061169117,0.21759943321879002
55549.14555355355,3.9521168015708468,0.21028276002067323
55554.04108308308,3.972680724850411,0.2020086990508758
55558.93661261261,3.9932463634443587,0.19265378603696126
55563.83214214214,4.01381380484878,0.18205130232319675
55568.72767167167,4.034383136567429,0.1699677413301789
55573.6232012012,4.054954446112074,0.1560592135443706
55578.51873073073,4.075527821002989,0.13978173924517423
55583.41426026026,4.0961033487691445,0.12017620656864278
55588.30978978979,4.116681116948701,0.09520792716319673
55593.20531931932,4.137261213089348,0.058356914040114886
55593.614,4.138979355430983,0.05404063180464285
55594.598,4.12780610998627,0.04863437664071257
55596.65,4.1397295481787815,0.03521164336942402
55596.664,4.139470080118635,0.0351703423177625
55597.64,4.123755605742147,0.04185515635007209
55598.10084884885,4.1195643358367615,0.04564291818108816
55602.588,4.078756220219489,0.05022916701122225
55602.996378378375,4.076719524807617,0.05423606556318535
55607.891907907906,4.052305322943441,0.08325653326317244
55612.78743743744,4.0278931751548654,0.09499773124624221
55617.68296696697,4.003482977580909,0.09602261326227829
55622.5784964965,3.9790746263688885,0.08671201537281817
55627.47402602602,3.9546680176740128,0.0626133695392325
55629.622,3.943959840380782,0.041745632626838516
55629.635,3.9438485581115414,0.041749835208115836
55632.36955555555,3.938397184137753,0.05268642609240352
55633.593,3.9359583898583796,0.050902379022504
55635.596,3.970556253660859,0.04904683683037536
55636.557,3.9716322753588718,0.054330204809717286
55637.265085085084,3.96187627497715,0.05935418207890403
55642.160614614615,3.8944265494876897,0.07557630215334547
55647.056144144146,3.826978206381838,0.06946646848641914
55650.605,3.7780844120324413,0.04754594156093272
55651.566,3.7732808993305818,0.04443968365930797
55651.95167367367,3.7790108913923883,0.04517062701790025
55653.544,3.8026683019596095,0.04173981814172472
55653.557,3.8030421962625875,0.04173183374467854
55654.628,3.800228085711253,0.05100869666374268
55656.8472032032,3.782693040252892,0.06366207115555317
55661.74273273273,3.744011625937483,0.0675795048413586
55665.448,3.7147354225152944,0.049979149044098455
55666.562,3.7034055096980985,0.05110778439743838
55666.63826226226,3.702708352894479,0.05153551296176184
55671.53379179179,3.6579557833984686,0.05303780216042583
55672.486,3.64925120493287,0.04727312602436185
55674.431,3.63982044861574,0.037230526514040484
55674.439,3.6397098523224503,0.037181989267944984
55675.407,3.6317240311963963,0.03831004317756329
55676.429321321324,3.618321860832443,0.03956540802750039
55677.434,3.605150986376404,0.034434089172980256
55677.447,3.6051120668787786,0.034490828195593785
55681.32485085085,3.5854166012327338,0.07088692998504566
55686.22038038038,3.5605524361115886,0.09054964392563376
55691.11590990991,3.5356882329135044,0.09753232379429723
55696.01143943944,3.5108238858542378,0.09468330212662256
55700.90696896897,3.4859592891489357,0.08097128655414246
55705.315,3.4635704163563,0.05287132633469424
55705.802498498495,3.463357028374234,0.05397036451914971
55710.336,3.4613724071510905,0.034205438026651214
55710.348,3.461345655641738,0.03419720814075837
55710.698028028026,3.454490310947118,0.0377865013645508
55711.343,3.4418584438858413,0.04228988715320309
55715.59355755756,3.4264068962065273,0.057450869583208455
55719.351,3.412747530834537,0.035886467121250994
55719.363,3.412582095866085,0.03589290825348681
55720.48908708709,3.410846075613965,0.046586431049593965
55723.324,3.406475503087411,0.0548593948301418
55725.38461661662,3.413380464054979,0.06768178582829236
55730.28014614614,3.4297845284325885,0.07951705707115843
55732.363,3.4367636235901062,0.07883181072498195
55735.17567567567,3.4217635344178876,0.07670483314730174
55740.071205205204,3.395655011907214,0.05531431136496039
55741.294,3.3891335704233474,0.043687410252394115
55743.298,3.403210687213018,0.031371943126673484
55743.31,3.4033267686346007,0.031346952986898984
55744.3,3.4037231670315875,0.03463046606025361
55744.966734734735,3.392381301335987,0.03720299755844747
55746.308,3.369564911925884,0.03223326302049207
55746.319,3.369440841063303,0.032226606318453435
55747.321,3.3966334498963344,0.039482907293609815
55749.862264264266,3.4031661786554115,0.05055576644592251
55752.285,3.409394033090163,0.041975942556043415
55752.297,3.4093285106199693,0.04193662703336321
55753.312,3.397154722362717,0.04353569608849935
55754.75779379379,3.396169914857922,0.05391515015101603
55759.65332332332,3.3928348280066682,0.05646411428076249
55761.309,3.3917067264034384,0.04674392309573606
55761.323,3.391852931866189,0.04681107076534094
55764.54885285285,3.389559318577734,0.07741229630788997
55769.44438238238,3.386077912247729,0.10738838514107746
55774.33991191191,3.3825957255425125,0.1295972320730448
55779.235441441444,3.3791127436471915,0.1475882281262243
55784.13097097097,3.375628951743497,0.1627663284905933
55789.0265005005,3.3721443350096987,0.1758615948755093
55793.92203003003,3.36865887862057,0.1873115830153819
55798.81755955956,3.3651725677473086,0.19740297412952146
55803.71308908909,3.3616853875574773,0.2063353624838111
55808.608618618615,3.3581973232149447,0.2142538992708314
55813.504148148146,3.3547083598798024,0.22126758799447677
55818.39967767768,3.351218482708333,0.22746026076420656
55823.29520720721,3.3477276768529256,0.232897520022662
55828.19073673674,3.3442359274620186,0.23763131509037755
55833.08626626627,3.3407432196800357,0.24170306032210295
55837.98179579579,3.3372495386473298,0.24514581460745566
55842.877325325324,3.3337548695000954,0.247985833439745
55847.772854854855,3.3302591973703395,0.2502436866426441
55852.668384384386,3.326762507385798,0.2519350648810424
55857.56391391392,3.323264784669875,0.2530713549134736
55862.45944344344,3.3197660143415852,0.2536600357828123
55867.35497297297,3.3162661815154735,0.25370492943560424
55872.2505025025,3.3127652713015774,0.25320632587892966
55877.14603203203,3.3092632688053465,0.25216099259729924
55882.041561561564,3.3057601591275834,0.25056206895173583
55886.93709109109,3.302255927364385,0.2483988373865301
55891.83262062062,3.2987505586070593,0.24565635320882043
55896.72815015015,3.2952440379420924,0.24231490195558825
55901.62367967968,3.291736350451063,0.2383492357452742
55906.51920920921,3.2882274812105887,0.23372751409470968
55911.414738738735,3.2847174152922616,0.22840983466895048
55916.310268268266,3.2812061377625685,0.22234617501684484
55921.2057977978,3.2776936336828557,0.21547345832911322
55926.10132732733,3.2741798881092476,0.20771126706421253
55930.99685685686,3.2706648860925864,0.19895538019051184
55935.89238638639,3.2671486126783673,0.18906763121187314
55940.78791591591,3.2636310529066836,0.17785916554708625
55945.683445445444,3.260112191812138,0.1650609405898985
55950.578974974975,3.256592014423815,0.15026705727547976
55955.474504504506,3.253070505765191,0.13281199706025928
55960.37003403404,3.249547650854081,0.111451981600852
55965.26556356356,3.246023434702576,0.08323252147040656
55968.575,3.243640243767399,0.055290893183544854
55970.16109309309,3.2514992834418526,0.04962435715565174
55970.653,3.2539366371459066,0.046444766772661523
55970.657,3.253965001868058,0.04643761438495616
55971.653,3.2619958380388385,0.05052452829544749
55975.05662262262,3.2775487790687046,0.06193644596934149
55979.65,3.298537389032552,0.04497288660451706
55979.95215215215,3.2970886819618523,0.044832656030974596
55981.615,3.2891158660147872,0.036627857815388465
55981.626,3.289087726944589,0.03666861436195107
55984.847681681684,3.269217130630698,0.06510293041614294
55989.74321121121,3.2390215520526096,0.07968625013583092
55994.63874074074,3.2088245674510056,0.07552672736267524
55999.53427027027,3.178626048353483,0.04797441837057589
56000.545,3.1723910672221742,0.03543488222456117
56000.559,3.172637773323412,0.035378970334112005
56001.62,3.2272740607291435,0.039056944193417424
56004.4297997998,3.280547149686029,0.04448764884427319
56004.622,3.284191200910928,0.043701998951607646
56006.553,3.2723086063592803,0.03455991969050846
56006.565,3.272451586656947,0.03459896803678582
56009.32532932933,3.2774479964549355,0.054594532976873666
56014.22085885886,3.2863083166433404,0.042629835913242
56014.595,3.286985417114965,0.03874036631958409
56014.608,3.287105022914433,0.038739625189500894
56015.573,3.2686042893240237,0.0419840410642724
56019.116388388386,3.2692867748367043,0.052584666379478465
56019.593,3.2693785230328203,0.051465907001140294
56024.01191791792,3.260671945664456,0.06136299016550416
56027.482,3.253834107082054,0.0447313740890078
56028.90744744745,3.2306210994484377,0.040034563485680554
56029.551,3.2201409889983377,0.03429673960838969
56029.56,3.2201200967527486,0.034270536620566366
56030.535,3.2250993060022926,0.03665522517843106
56032.576,3.2847811212699436,0.032570635500826645
56032.588,3.2852076647306414,0.03259707842669242
56033.548,3.3389582250072176,0.039254656154595675
56033.80297697698,3.3334359734978807,0.04157001603851579
56038.384,3.2342203673651,0.043514362810634644
56038.69850650651,3.235236587725104,0.04341175029470706
56040.473,3.240970147928515,0.033297952311062674
56040.486,3.2409533197762936,0.033294307484022435
56041.472,3.2187489302350367,0.03892594205556475
56043.59403603603,3.224995034334331,0.04946558658611426
56046.519,3.233604065181125,0.03892805211454438
56046.531,3.2336359999246045,0.03890521645451328
56048.424,3.2147922927305124,0.04567206584227511
56048.489565565564,3.214845349116294,0.046286762604585766
56053.385095095095,3.2188061043915357,0.0650963461491558
56057.449,3.2220928950630197,0.05282191848899641
56058.280624624625,3.214363648015371,0.05417521303990893
56062.457,3.1755470950097062,0.03205991268867983
56062.468,3.1756163793753704,0.0320297020523571
56063.17615415416,3.1714100888252124,0.035182031749840866
56063.523,3.169349882675228,0.035106763575333946
56065.417,3.1209685409415324,0.029291226250489792
56065.429,3.1205318575111884,0.02928794854483752
56066.37,3.1093260115009307,0.03383938192988762
56067.455,3.099769108719927,0.036365265282661915
56068.07168368368,3.0958849917592146,0.041173202372173506
56068.327,3.0942768995991146,0.042530063251855786
56072.96721321321,3.116989025577857,0.07360185455912324
56077.86274274274,3.140948957133063,0.08127004546561212
56082.75827227227,3.1649070654169607,0.07143465196791515
56086.442,3.1829336269874706,0.046898498000415
56087.653801801804,3.1820756557493457,0.040150006017815223
56088.307,3.1816131411587256,0.033193158200820166
56088.321,3.181701057259956,0.03318000375570708
56089.309,3.1511898571552943,0.03676079799974042
56091.298,3.1360593739354434,0.03702029273810848
56092.305,3.127517704609296,0.038531480599460884
56092.549331331335,3.1277037042602958,0.03960461455756994
56094.33,3.129059114682479,0.03708020061244675
56094.341,3.129054223503937,0.03717192682803583
56097.44486086086,3.125719389187081,0.07132001366606855
56102.34039039039,3.1204580145814536,0.10369516801898941
56107.23591991992,3.115194729526225,0.12728719293376983
56112.13144944945,3.109929511628856,0.14640581248467788
56117.02697897898,3.104662338488586,0.16263663256505423
56121.922508508505,3.099393187696342,0.17677712469529827
56126.818038038036,3.0941220368346167,0.1892965300707503
56131.71356756757,3.0888488634774136,0.20049894186646508
56136.6090970971,3.0835736451901252,0.2105948107269898
56141.50462662663,3.0782963595294444,0.21973687167583317
56146.40015615615,3.0730169840432753,0.22804001413433414
56151.29568568568,3.0677354962706085,0.23559308859680028
56156.191215215214,3.06245187374147,0.24246632428608172
56161.086744744745,3.0571660939767966,0.24871620176187142
56165.982274274276,3.0518781344883474,0.2543887722657969
56170.8778038038,3.046587972778615,0.2595219880634644
56175.77333333333,3.0412955863407,0.26414738009859917
56180.66886286286,3.0360009526582608,0.26829129141470026
56185.56439239239,3.030704049205387,0.27197579992427995
56190.45992192192,3.025404853446512,0.2752194186020314
56195.355451451454,3.020103342836317,0.27803763261030484
56200.25098098098,3.0147994948196413,0.28044331440499576
56205.14651051051,3.0094932868313578,0.2824470456217413
56210.04204004004,3.0041846962963206,0.28405736621277133
56214.93756956957,2.9988737006292414,0.28528096550066195
56219.8330990991,2.9935602772345975,0.28612282566690467
56224.728628628625,2.9882444035065467,0.2865863251412267
56229.624158158156,2.982926056828798,0.28667330703332466
56234.51968768769,2.977605214574563,0.28638411589785023
56239.41521721722,2.972281854106427,0.2857176045629833
56244.31074674675,2.966955952776263,0.2846711113409791
56249.20627627628,2.9616274879251328,0.28324040655449534
56254.1018058058,2.956296436883201,0.28141960583628034
56258.997335335334,2.9509627769696047,0.27920104596341794
56263.892864864865,2.945626485492405,0.27657511690826775
56268.788394394396,2.94028753974846,0.2735300411103555
56273.68392392393,2.934945917023334,0.27005158738870866
56278.57945345345,2.9296015945912117,0.2661227019607756
56283.47498298298,2.9242545497147674,0.26172303200827696
56288.37051251251,2.9189047596451165,0.2568283070141106
56293.26604204204,2.9135522016216875,0.25140952787222876
56298.161571571574,2.9081968528721323,0.24543189051003317
56303.0571011011,2.902838690612237,0.23885333421308255
56307.95263063063,2.8974776920457956,0.23162254562900078
56312.84816016016,2.892113834364557,0.2236761500980283
56317.74368968969,2.8867470947481,0.21493464851238386
56322.63921921922,2.8813774503637415,0.20529634049419707
56327.534748748745,2.8760048783664467,0.1946278604469619
56332.430278278276,2.8706293558987026,0.18274868111222872
56337.32580780781,2.8652508600904687,0.1694040740020369
56342.22133733734,2.8598693680590452,0.15421382431475514
56347.11686686687,2.854484856908984,0.13656312370017018
56352.0123963964,2.849097303731993,0.11532737047315489
56356.90792592592,2.8437066856068474,0.08794634418738219
56358.597,2.841846078869886,0.07592034777986092
56361.803455455454,2.852533321569335,0.08926048551723943
56366.698984984985,2.868847797376939,0.09945336739034709
56371.594514514516,2.885159292264448,0.10036639160900218
56376.49004404405,2.901467875628782,0.09227544753359554
56381.38557357357,2.91777361685445,0.07221483724933112
56384.502,2.928152177570583,0.046982893387479456
56384.514,2.928215373689975,0.046927933210678785
56385.537,2.9264232585630063,0.04715505031840667
56386.2811031031,2.93159511393767,0.05103446044434925
56390.549,2.961257744993485,0.04585860314458294
56390.559,2.961375680831407,0.045837349672919664
56391.17663263263,2.9648714798192866,0.04856567630579598
56393.581,2.9784798046805814,0.04796981607561475
56396.07216216216,3.0039456282217425,0.051591565928673956
56396.518,3.0085031243626292,0.05048153888158072
56399.401,2.977619916202712,0.045881901226472524
56400.967691691694,2.9845209776411843,0.039802011429616264
56401.492,2.9868304265588708,0.034887607887629256
56401.503,2.9867693479298514,0.03489783605237208
56403.378,2.976227942980486,0.04573510074059776
56405.86322122122,2.972570703285635,0.06248352080943093
56410.75875075075,2.96536454714877,0.06867226937815046
56414.495,2.9598631088411533,0.05360136106392484
56415.65428028028,2.949195594414318,0.05625535622735399
56420.396,2.905561469014843,0.0332924318832801
56420.414,2.9056885790889324,0.03325924628676807
56420.54980980981,2.9095340808643892,0.03385880841853392
56421.487,2.9360708872762156,0.03336143845995201
56422.458,2.953986889283058,0.03592936661544041
56424.495,2.9885644484126526,0.03151434504155996
56424.508,2.9885497861019843,0.03152745857320359
56425.44533933934,2.9915602261574215,0.038582631815026566
56427.425,2.9979179798197033,0.034458430599077355
56427.439,2.997775543413581,0.034502466371036336
56430.34086886887,2.962814548598064,0.05283050387582688
56432.443,2.9374880318080314,0.05080689296478653
56435.236398398396,2.9501531899190376,0.06438052343143809
56440.13192792793,2.972347268968688,0.06132782191455225
56443.422,2.9872615091351338,0.03561142510856796
56443.435,2.9874946215575977,0.035609081769133376
56444.449,2.996441874992841,0.039087404739209394
56445.02745745746,2.999014952863574,0.04281295937585356
56447.332,3.0092656179826975,0.043216753524529895
56449.92298698699,3.0534575958078274,0.04037400117017462
56450.351,3.0607577423035752,0.036857056522760764
56450.363,3.0607678683906134,0.036868176703721806
56451.338,3.0424239153306654,0.038851748015569225
56454.81851651652,2.9885856324699307,0.05641620754655669
56458.323,2.934375354730594,0.04501887441350303
56459.71404604604,2.915887720789962,0.040505828855103
56460.325,2.9077677945851064,0.03531941128950635
56460.338,2.9075782013356206,0.03532000332404341
56462.307,2.8648536673627016,0.04398297778392751
56464.609575575574,2.885502453775229,0.05829454785552794
56469.505105105105,2.929401935037356,0.055746110041152305
56470.389,2.9373277538216285,0.05061497189605773
56473.303,2.943550331699888,0.04422729710678343
56474.400634634636,2.9320025914769423,0.0423030958036023
56475.305,2.9224880514764737,0.036191426531267536
56476.317,2.920827242475432,0.03786492804877618
56478.31,2.9177922917132237,0.03171714804702142
56478.322,2.9179261299730306,0.03172591732659744
56479.29616416417,2.8977338945125015,0.038672776740130047
56479.311,2.8974263800859705,0.03872435074357154
56484.19169369369,2.9059929792399157,0.05064629735487224
56486.305,2.9097013842956225,0.03360564797281626
56486.318,2.90982264691282,0.03359787032601547
56487.322,2.9058687302181085,0.037128463551625523
56489.08722322322,2.889857641466969,0.04297663384191561
56489.304,2.887891387225682,0.04264613280304568
56491.297,2.86366745585113,0.049573993182769636
56493.98275275275,2.871906001207318,0.06796861389021921
56498.87828228228,2.886920745199787,0.08020428362862803
56503.773811811814,2.9019325851631463,0.07414387891695536
56508.279,2.915744956428084,0.046989824869585965
56508.301,2.9156003620037843,0.046948246057813066
56508.669341341345,2.9156537701738463,0.05139391967639624
56513.56487087087,2.916362109309615,0.09084928235408189
56518.4604004004,2.917067669673952,0.11617593586633057
56523.35592992993,2.9177704542686493,0.1355403708109701
56528.25145945946,2.9184704660836895,0.15125047831662947
56533.14698898899,2.9191677080972585,0.16435774993376362
56538.042518518516,2.9198621832757565,0.17544671793898883
56542.93804804805,2.9205538945738163,0.18488108051609656
56547.83357757758,2.9212428449343086,0.19290390640640084
56552.72910710711,2.9219290372883577,0.19968553261920458
56557.62463663664,2.922612474555356,0.2053490777504654
56562.52016616616,2.9232931596429714,0.20998512216698773
56567.415695695694,2.9239710954471674,0.2136606376971446
56572.311225225225,2.924646284852206,0.21642462877607285
56577.206754754756,2.925318730730667,0.21831176624432863
56582.10228428429,2.925988435943458,0.21934471519135199
56586.99781381381,2.9266554033398244,0.21953555074116582
56591.89334334334,2.927319635757368,0.2188864787432191
56596.78887287287,2.92798113602205,0.2173899649288269
56601.6844024024,2.9286399069482103,0.21502829058934214
56606.579931931934,2.929295951338576,0.21177247201518065
56611.475461461465,2.929949271984275,0.20758038359345038
56616.37099099099,2.930599871664845,0.20239378222911886
56621.26652052052,2.9312477531482513,0.19613369423319202
56626.16205005005,2.931892919190891,0.18869319537762727
56631.05757957958,2.9325353725376093,0.17992576875551514
56635.95310910911,2.9331751159217117,0.16962562263895167
56640.848638638636,2.933812152064972,0.15749212516854574
56645.74416816817,2.9344464836776494,0.14305931504101393
56650.6396976977,2.935078113458493,0.1255363390614016
56655.53522722723,2.93570704409476,0.10336297116645538
56660.209,2.9363049694951857,0.07412203015136898
56660.43075675676,2.936410520779504,0.07411710899590288
56664.513,2.938352591415907,0.06552883161990428
56665.32628628629,2.9311006467345027,0.06600808119032243
56669.5,2.893883106365594,0.0539352542661943
56670.221815815814,2.88352693422221,0.05048543995321011
56671.536,2.864671659204386,0.039899327717993927
56672.496,2.861506647942717,0.0392896237909061
56673.484,2.8488711694380284,0.039687156308283796
56674.484,2.8449152457079516,0.03893778362978901
56675.117345345345,2.8438495831776263,0.040081290028329365
56675.432,2.8433201282077665,0.03978116560713149
56677.499,2.857832514523879,0.03818827044722241
56678.508,2.8594707781275748,0.039938200834839954
56680.012874874876,2.8638127685230237,0.04244485916564675
56680.399,2.864926803106288,0.04131660203384074
56683.421,2.870740664984896,0.0386521162270652
56683.48,2.8711287878584932,0.03865304963254792
56684.90840440441,2.883538803468278,0.039205655729936235
56685.462,2.888348389733554,0.036117711359615466
56686.426,2.8864888391800685,0.0384384946193491
56686.473,2.886357573629125,0.03883801076217917
56689.80393393394,2.9080972850568974,0.0627666392496833
56694.69946346346,2.9400461518502987,0.06531243827779831
56696.778,2.95361013570345,0.05688019918835757
56699.59499299299,2.95626421501696,0.05424948137147137
56701.479,2.9580387829240693,0.041979913941887964
56702.425,2.9687722919514825,0.04090082664549169
56703.452,2.9687179866947644,0.04224467568832754
56704.49052252252,2.9761804142899133,0.043143395521174736
56705.485,2.983326244462505,0.039200100365481334
56706.395,2.9852170510486085,0.038669384588496725
56707.388,2.984102230940239,0.04299516673248698
56709.386052052054,2.9970156797819967,0.05288834748397437
56712.482,3.0170240528526784,0.04736309920798946
56712.523,3.0174663069299146,0.04738143081866356
56713.426,3.032524597930926,0.04853443002409668
56714.281581581585,3.040251007073875,0.04765115029042291
56715.388,3.050242519798999,0.04265307560312088
56715.553,3.0517795502291025,0.042356024954709026
56715.595,3.051981511884924,0.042508167207386705
56717.334,3.0570764589546235,0.04690170020000712
56719.17711111111,3.0545309843527733,0.04998973260851479
56720.446,3.052778373281308,0.0460828847538071
56722.387,3.029456916040368,0.04048367283835547
56722.45,3.0291080994348305,0.04038753288282072
56722.493,3.028704052985439,0.0405261009988838
56723.492,3.023052623216961,0.042734326373647075
56723.533,3.022701303974928,0.04290387666952779
56724.07264064064,3.0226673009798812,0.045464559647477705
56726.457,3.022516723026091,0.04367565548045496
56728.463,3.0238807940671943,0.03504765565145091
56728.96817017017,3.0232349017588867,0.03550602879591253
56729.406,3.0226750883563254,0.034173458767182176
56730.447,3.030209976762064,0.03415522902967747
56731.363,3.041293193025973,0.03650295492838727
56732.381,3.0620161426350374,0.04105940680183833
56733.33,3.0722764790052817,0.04399716219170743
56733.8636996997,3.0722602347175263,0.04826979147945777
56738.75922922923,3.0721100556718257,0.055091129904648144
56739.41,3.0720899327906213,0.05228231002883893
56741.533,3.0643625134253054,0.04944202665132218
56741.615,3.0644877948346503,0.04918498420594229
56743.538,3.0800002166060554,0.042903479202079715
56743.654758758756,3.0818516342058824,0.04296860220628319
56744.517,3.0955239650423105,0.04145006082875262
56744.572,3.0961555580914975,0.04155584183082766
56745.281,3.1042074982074577,0.042890498113350696
56747.416,3.13000843687541,0.04719691434907515
56748.55028828829,3.136302108065857,0.04849718591539301
56749.373,3.1408669146824963,0.04678843719449742
56751.34,3.146126072024041,0.043455908881967036
56751.346,3.1460505006248467,0.0434533889633741
56751.387,3.1460713985009057,0.043694019570937284
56753.44581781782,3.1437359675559424,0.054160545803238445
56755.341,3.1415858744173133,0.054479602411612774
56758.34134734735,3.1490711546957226,0.0545485131871718
56760.376,3.154146832407252,0.04247887010323043
56761.358,3.1485753616335743,0.03803489866876795
56762.319,3.1481615569555275,0.03344289647340742
56762.432,3.147177746124059,0.03382181291574819
56763.23687687688,3.1461850443657022,0.035865115921232836
56763.383,3.146004816947971,0.03566753174562159
56764.399,3.158287657284679,0.038426345544774476
56768.13240640641,3.201641390906056,0.047346779407059274
56768.227,3.2027398353778014,0.04697237398634249
56771.351,3.2298442372165836,0.03356937567001921
56772.234,3.2382035285777895,0.031078167630410006
56772.314,3.238476851185236,0.030747021626778497
56772.539,3.2422050980054915,0.03143375154389869
56773.027935935934,3.2486597157343264,0.03192186701900691
56773.315,3.2524493444990816,0.0309320044392417
56774.371,3.264044370550866,0.032445904804348856
56775.379,3.2796854986809794,0.03725597142118586
56776.462,3.2969957790271596,0.03951140882773226
56776.503,3.297686853838744,0.03965855980880687
56777.923465465465,3.3280816931340023,0.042273596829954616
56778.299,3.33611729198607,0.041298702886494065
56778.341,3.3369770458808996,0.04137836875505486
56780.234,3.3781928849381546,0.03975134126685983
56780.309,3.3792855203396814,0.039644295359593976
56780.351,3.379839398929682,0.0397160768701664
56781.351,3.3954169231302695,0.04027700554358095
56781.393,3.396380468466663,0.04038496999054483
56782.247,3.4155025687534777,0.041940009663110435
56782.818994994996,3.4202485059174736,0.043501158018061585
56783.248,3.4238080257592407,0.04369301743326126
56783.344,3.4238201571162543,0.04406242452157361
56787.71452452453,3.4670532148151856,0.053469413194639805
56789.363,3.4833597716286877,0.0447866982596784
56791.306,3.5065266714699184,0.04290218366219742
56792.347,3.5342396451383453,0.03915283412846883
56792.61005405406,3.5385577538020203,0.0387504119121914
56793.304,3.5499490762766643,0.035476213095472164
56794.156,3.5605374571722535,0.031494713739754134
56795.173,3.5694762061556626,0.03035704660455127
56795.175,3.56952225203409,0.030368737982688705
56795.355,3.572854196938301,0.03168364164498037
56797.50558358358,3.593271901497175,0.04397202247579044
56798.424,3.6019913792642746,0.042309392196709344
56798.469,3.6025008024382177,0.04241772514236137
56799.212,3.6161045286167233,0.044203233568115216
56801.347,3.6269157466758712,0.04651354440586355
56801.401,3.6276559417381544,0.04662686154061557
56802.40111311311,3.637736968589141,0.04845816364261997
56803.465,3.648460841194147,0.04676199881173422
56804.187,3.6534639685491697,0.04610395394567192
56805.412,3.6463670694401826,0.04510068205157976
56805.456,3.6461190718613152,0.04518538901925887
56807.292,3.6281329949579653,0.0451206550157512
56807.29664264264,3.628117084805162,0.0451231508615213
56807.333,3.627992489586522,0.045139688739035816
56808.259,3.6234137599651057,0.04573954386847946
56809.458,3.607332775894695,0.04564751645745442
56811.435,3.589357334261876,0.04452003317579327
56811.478,3.5888195403565333,0.04464714186380101
56812.192172172174,3.58220458770519,0.04737641270833467
56813.227,3.572619594049113,0.04817503674675713
56817.087701701705,3.5589693399007367,0.03889334625652541
56817.384,3.5579217195299955,0.03564520952637444
56818.37,3.5625732755804687,0.03525715918767955
56819.331,3.562788682690169,0.03907703881937837
56821.31,3.5765984066117364,0.04537261665931887
56821.983231231236,3.5840985569922768,0.04980780574688369
56825.186,3.619779113806929,0.054837625194879155
56826.87876076076,3.632982128176033,0.0575426784799401
56829.211,3.6511729326775355,0.05175578881494704
56831.318,3.6590693680956456,0.04431201084023089
56831.36,3.6598324076327162,0.04429772887255292
56831.77429029029,3.6561046500896217,0.044815147645244226
56833.21,3.643186245612657,0.04096498679281351
56833.327,3.641134101309184,0.04063954562158697
56833.378,3.6407824726840974,0.0407639684997224
56835.321,3.6341537571126064,0.03992678950467615
56835.363,3.634117605947046,0.03994466909770826
56836.66981981982,3.6273896927577405,0.039183720416841386
56837.189,3.6247167973710366,0.036055972335538054
56837.323,3.623145297842377,0.03537851332842988
56837.374,3.622719923115072,0.035315447185862804
56838.258,3.6093502614962847,0.0320500079568166
56839.242,3.6143882885077843,0.0323907263815013
56839.315,3.6148199758141737,0.032573204611428104
56839.358,3.6147683687987926,0.03280222708681189
56840.273,3.607058763266511,0.03454321006887284
56841.32,3.6086300534593185,0.04410496110706903
56841.56534934935,3.6087058802462004,0.04667672607918628
56846.460878878876,3.6102189636283732,0.07123617834501321
56851.35640840841,3.611732220238828,0.06792294577467807
56855.23,3.612929712728008,0.04324070439748677
56856.202,3.6132102421752235,0.04236226648566208
56856.25193793794,3.6131677447571824,0.043062217106991194
56861.14746746747,3.6090017171809516,0.0868950354586813
56866.042996997,3.6048358576542503,0.11366641814818174
56870.93852652653,3.600670148453515,0.1340237598282697
56875.834056056054,3.5965045718558275,0.15059141326364314
56880.729585585585,3.5923391101388162,0.16451854458336337
56885.625115115115,3.5881737455806153,0.17643178900719467
56890.52064464465,3.584008460459767,0.18671721092064872
56895.41617417418,3.5798432370551527,0.19563189188196564
56900.3117037037,3.57567805764592,0.2033563251542836
56905.20723323323,3.571512904511387,0.21002200570265994
56910.10276276276,3.567347759931001,0.21572720670023532
56914.99829229229,3.563182606184241,0.2205465728831773
56919.893821821825,3.5590174255505453,0.22453723067710732
56924.789351351355,3.554852200309239,0.2277428141268981
56929.68488088088,3.550686912739463,0.23019617668928538
56934.58041041041,3.5465215451200747,0.23192123276537288
56939.47593993994,3.542356079729609,0.23293419304155039
56944.37146946947,3.5381904988461796,0.23324435259461357
56949.266998999,3.534024784747409,0.232854525092639
56954.162528528526,3.529858919710357,0.23176117170981422
56959.05805805806,3.5256928860114254,0.22995423879747576
56963.95358758759,3.5215266659263147,0.22741668659993422
56968.84911711712,3.517360241729928,0.22412365598202597
56973.74464664665,3.513193595696299,0.2200411736841785
56978.64017617617,3.5090267100985244,0.21512422765055675
56983.535705705704,3.504859567208662,0.2093139325881884
56988.431235235235,3.5006921492976946,0.20253331406966588
56993.326764764766,3.496524438635429,0.19468088913875434
56998.2222942943,3.4923564174904254,0.1856205407771934
57003.11782382382,3.4881880681299298,0.1751647634590084
57008.01335335335,3.4840193728197733,0.1630451225794377
57012.90888288288,3.479850313824334,0.14885552834905802
57017.80441241241,3.4756808734064357,0.1319294812012993
57022.699941941944,3.47151103382728,0.11102202568733584
57027.595471471475,3.4673407773463705,0.08318286127894013
57031.393,3.4641055545044317,0.0500021837020816
57032.486,3.4817321044060736,0.04615170965083935
57032.491001001,3.481777279596954,0.04620169873487398
57037.38653053053,3.5259995669932453,0.06984514047179213
57038.487,3.5359402933971924,0.07075850854313867
57042.28206006006,3.5299403574639503,0.08140291252723411
57047.17758958959,3.522200443376805,0.08008353218457713
57050.294,3.517273243628706,0.07018924715533023
57052.07311911912,3.516628112270098,0.06966554864742687
57056.968648648646,3.514852776174116,0.0469681514811747
57057.511,3.51465608135586,0.041133690942510515
57058.451,3.5300293435712926,0.042073195036714445
57061.86417817818,3.554202914085113,0.045456248620834715
57062.344,3.5576012113498634,0.04262922932968186
57063.408,3.5520143687738766,0.04564638739180471
57066.75970770771,3.518837325573329,0.06189835774398959
57067.372,3.5127765113075404,0.06262993576706387
57071.65523723724,3.490833816170769,0.07700446472694679
57076.55076676677,3.4657540767509665,0.07413421228558563
57078.469,3.4559268763018554,0.06732327457272204
57081.4462962963,3.442433486195838,0.06541712109056635
57082.473,3.437780322029053,0.062138571044153164
57086.341825825824,3.478885326253875,0.05764655927369776
57087.466,3.4908292577877655,0.05143252061190901
57088.425,3.484886599934638,0.05030815434813677
57091.237355355355,3.4718146070754288,0.06686683182277575
57096.132884884886,3.449059560317519,0.0723614012441551
57097.48,3.4427979113422453,0.06974567972081977
57101.02841441442,3.4353686523045073,0.06843979587330047
57104.466,3.4281711480796724,0.05228324185653494
57105.564,3.4274023481857268,0.05329992851782277
57105.92394394395,3.4249616579328808,0.054621429919844124
57106.472,3.4212454198872577,0.05607190813662123
57110.81947347347,3.4097536962954726,0.07127270925538742
57115.715003003,3.396812646667644,0.06320292671775754
57117.375,3.39242437641261,0.05330515417202998
57117.408,3.392709506210172,0.05332961873604983
57120.61053253253,3.3749538325214394,0.06906998668960848
57123.543,3.358695159958693,0.07259365372743289
57125.506062062064,3.347158027944715,0.07228948855314865
57127.217,3.3371025334053983,0.06891227587781912
57130.401591591595,3.350618983171,0.07144493164742535
57133.6,3.3641936794353895,0.06318181367662186
57134.473,3.3593033457547556,0.0616541425675428
57135.173,3.3489481881845786,0.06241733712642841
57135.29712112112,3.348901246074504,0.06310175529588836
57140.19265065065,3.347049293964342,0.07618203093570117
57145.08818018018,3.3451963954325143,0.0676028033037476
57148.217,3.3440116757283396,0.04670460526126317
57149.155,3.3332105991793877,0.040358490593218735
57149.98370970971,3.3234036211703333,0.04469737008188296
57150.366,3.318879575239087,0.04568813433753193
57154.87923923924,3.347236329285398,0.061744956161621345
57157.445,3.3633566801225308,0.05504545922604798
57157.493,3.3634972792285174,0.055030647226342815
57159.165,3.3659474824170887,0.053269481963762445
57159.774768768766,3.366758799820886,0.05312983600973708
57160.368,3.3675481006439565,0.052108013277374444
57160.534,3.367688665646292,0.05287258618713529
57164.6702982983,3.3684677810724026,0.057944281812242
57166.165,3.36874917359911,0.05181942001754381
57166.33,3.3693532619774706,0.05144118211927359
57169.56582782783,3.375392804214616,0.043242842041624166
57170.306,3.3767742546354724,0.03593315117207888
57170.389,3.375568425961642,0.03547319098706522
57171.296,3.382012674509983,0.04104829618712104
57174.46135735736,3.399587887555731,0.06571334152781345
57179.35688688689,3.4267690606007117,0.07693518657838877
57184.25241641642,3.4539496263901346,0.06721182589552521
57185.171,3.4590496541057214,0.06260914870384596
57185.463,3.4620354551030537,0.062417809445319127
57189.147945945944,3.496394666428468,0.06753488311527904
57191.431,3.5176822491067905,0.06225100321157904
57194.043475475475,3.5248551708269846,0.05985732383097997
57194.411,3.525864256963436,0.05863663205173211
57195.598,3.5196568425392916,0.061099073366004376
57198.939005005006,3.5155682742778507,0.07560522437521827
57203.83453453454,3.509577155101785,0.07929860016576372
57208.73006406407,3.5035857809754942,0.06392441936886215
57211.209,3.5005518398430837,0.043741774048636994
57213.289,3.5322564309192113,0.04640267422417552
57213.33,3.5325990525564186,0.046551074549018086
57213.62559359359,3.535005303392207,0.04831897367800192
57216.278,3.5565969396978576,0.053218696492876943
57217.316,3.558960600338181,0.055186366674037986
57218.52112312312,3.5549591371094476,0.05694027639072153
57220.265,3.549168801339998,0.05421049276302107
57221.276,3.5456284747194604,0.05499825363139302
57223.317,3.541024813348202,0.0575077456196829
57223.364,3.541104849714316,0.05765349104481547
57223.41665265265,3.5413005896994147,0.05819145284379677
57228.312182182184,3.5595000215531596,0.09503535095854367
57233.207711711715,3.5776994108524893,0.11992740811193675
57238.103241241246,3.5958988350263303,0.13942357081440596
57242.99877077077,3.6140983715037316,0.15556622585578694
57247.8943003003,3.6322980977143007,0.1693175119106418
57252.78982982983,3.650498091088371,0.1812228345579518
57257.68535935936,3.668698429057439,0.19162674506636823
57262.580888888886,3.6868991890544422,0.20076296180396955
57267.47641841842,3.705100448514195,0.20879810582599811
57272.37194794795,3.7233022848735504,0.2158553032042598
57277.26747747748,3.7415047755718507,0.2220279410510513
57282.16300700701,3.759707998051217,0.22738816823244595
57287.05853653654,3.7779120297568842,0.23199239265837063
57291.954066066064,3.7961169481375028,0.23588496391164512
57296.849595595595,3.8143228306455774,0.2391007065875933
57301.745125125126,3.8325297547376374,0.241666694681643
57306.64065465466,3.8507377978746633,0.24360350464772865
57311.53618418419,3.8689470375223993,0.2449260957112563
57316.43171371371,3.8871575511516565,0.24564441163025116
57321.32724324324,3.905369416238743,0.24576376317094525
57326.22277277277,3.9235827102656367,0.24528502670727664
57331.118302302304,3.941797510720424,0.24420467661591663
57336.013831831835,3.9600138950975974,0.24251465430235264
57340.909361361366,3.97823194089839,0.2402020623128126
57345.80489089089,3.996451725631075,0.23724865573345214
57350.70042042042,4.0146733268114065,0.23363008213473666
57355.59594994995,4.032896821962785,0.2293147915751997
57360.49147947948,4.051122288616694,0.22426249289743216
57365.38700900901,4.06934980431301,0.21842195983010576
57370.28253853854,4.087579446600293,0.2117278679849518
57375.17806806807,4.105811293036236,0.20409612772988878
57380.0735975976,4.124045421187828,0.19541677601712742
57384.96912712713,4.142281908631793,0.18554269604408904
57389.86465665666,4.160520832954891,0.1742707447003278
57394.760186186184,4.17876227175422,0.16130793079352265
57399.655715715715,4.197006302637666,0.1462049460927227
57404.551245245246,4.215253003224051,0.12820735780836884
57409.44677477478,4.2335024511435915,0.10584840807536322
57414.34230430431,4.251754724038184,0.07533972319215024
57417.384,4.263096703010088,0.04575060013179328
57417.475,4.262754699180073,0.045703123940518724
57419.23783383383,4.256052639345734,0.0539307204541201
57420.556,4.2510413945463945,0.055003713686955905
57420.631,4.249927180232042,0.055338073827474264
57424.13336336336,4.223606789134681,0.06923193863916216
57428.45,4.19116905752645,0.06641047843259178
57429.02889289289,4.182212163631707,0.06626552322533395
57433.529,4.11258566354579,0.048166325789627255
57433.602,4.113853043691499,0.04808354530582637
57433.924422422424,4.123206954121194,0.04896703813794369
57435.404,4.1661316339025944,0.04890841654326443
57435.455,4.167488543270501,0.048898148494835716
57438.819951951955,4.201681119168002,0.07045829467562001
57443.715481481486,4.251428772497061,0.07965159077846594
57448.61101101101,4.3011793270682634,0.07016094793130996
57451.456,4.330092790679943,0.05300027375589168
57451.476,4.330449053096043,0.05288085285431863
57453.50654054054,4.332685634135187,0.0643900555980153
57458.40207007007,4.33808021679834,0.07007700025241596
57459.549,4.3393445373627735,0.06768413772239015
57463.2975995996,4.2753379659490705,0.062090158611814966
57463.401,4.273572450948954,0.061669850913040065
57467.399,4.214042570273566,0.044419081502292845
57467.457,4.213131500528885,0.044213294827726554
57468.19312912913,4.212663637271549,0.051148966680058465
57473.08865865866,4.2095537462128645,0.07060104649869732
57477.98418818819,4.206446578239956,0.06183073792714563
57479.548,4.205454606451538,0.05204006193904736
57479.599,4.20536468269375,0.051890391922070137
57480.472,4.204141146189055,0.04928194655115031
57480.602,4.203576747627441,0.05006165602688727
57482.87971771772,4.208281450907245,0.06390652526965186
57487.77524724725,4.218395330038578,0.06983759751284602
57490.225,4.223457410365816,0.06279293356078432
57492.342,4.2311186138851085,0.05397721397896765
57492.46,4.232366461591889,0.05358450679685868
57492.546,4.233203013530751,0.05338999718416004
57492.67077677678,4.232091567137687,0.05341059716261226
57494.48,4.215976155324144,0.04929202991002576
57497.56630630631,4.239831176058205,0.06834665423397483
57502.461835835835,4.277672586515733,0.07553660721215577
57507.357365365366,4.315517009869305,0.0603969090163846
57508.411,4.323662441309072,0.05291918586373781
57508.458,4.323982963803402,0.052748338540587476
57509.395,4.3322879967454835,0.049727591302315216
57510.319,4.337498977041353,0.05443758315121484
57512.2528948949,4.309752381885886,0.06392529532279723
57517.14842442443,4.239515830095058,0.06532579047872981
57518.313,4.222808002510799,0.06122623887377153
57520.314,4.242692980853537,0.0566703140018204
57520.366,4.243190885235473,0.05665520961361127
57522.04395395396,4.267597344776231,0.05677797338234046
57522.161,4.269299835591074,0.05657800519681359
57523.4,4.270907149109243,0.06271791361171901
57526.93948348348,4.306829838866527,0.07537977989031507
57531.83501301301,4.356517940030807,0.07444873463484507
57535.303,4.391718942353833,0.0603910539888017
57536.730542542544,4.407694979157345,0.06551657211516215
57541.626072072075,4.4624845885309945,0.06353996012980967
57542.362,4.470721242731313,0.060568373692281775
57543.436,4.469864773915514,0.05932077856764831
57543.453,4.46979076839478,0.05931437950484356
57546.521601601606,4.480406039973149,0.06050099273999984
57547.396,4.483431140878879,0.05802102303434374
57550.163,4.529126937035819,0.0578068048264762
57551.18,4.544761581514955,0.055089626243356636
57551.41713113113,4.547281411250761,0.057063229187282925
57556.31266066066,4.599305060215459,0.08126270141257781
57561.20819019019,4.651333090454884,0.08729016384532004
57566.10371971972,4.703365723321225,0.07939815869662314
57567.297,4.716049346755694,0.07503338314910211
57570.201,4.745861493492955,0.07539001472447679
57570.99924924925,4.747859093579091,0.07662712188299546
57575.89477877878,4.760112965616669,0.07284064926072191
57576.163,4.760784489039452,0.07203694739691485
57578.262,4.75758820201622,0.06809907286456535
57580.79030830831,4.744920897590012,0.08698910689798708
57585.68583783784,4.720397144594287,0.11415091834698135
57590.58136736737,4.695878288057072,0.1349735266663494
57595.4768968969,4.671364223663399,0.15208371123160597
57600.37242642643,4.64685484711868,0.16662929726933903
57605.267955955955,4.622350054148317,0.1792359736579801
57610.163485485486,4.5978497404971,0.19028968458050863
57615.05901501502,4.573353801928979,0.20004819827807585
57619.95454454455,4.548862134226496,0.20869343977736968
57624.85007407408,4.52437463319035,0.2163590411998948
57629.7456036036,4.499891194639009,0.22314610861951037
57634.64113313313,4.475411714408114,0.2291328344412287
57639.536662662664,4.450936088350254,0.23438065378569023
57644.432192192195,4.426464212334386,0.23893834421639062
57649.327721721726,4.401995982245415,0.24284484127616301
57654.22325125126,4.377531293983761,0.2461312184403424
57659.11878078078,4.353070043464944,0.24882210302435037
57664.01431031031,4.328612126619008,0.2509366979690116
57668.90983983984,4.304157439390282,0.2524895185500952
57673.80536936937,4.279705877736802,0.2534909150780431
57678.7008988989,4.255257337629944,0.25394742794266917
57683.59642842843,4.23081171505382,0.25386200447226326
57688.49195795796,4.2063689060050695,0.2532340947756098
57693.38748748749,4.181928806492261,0.25205963394888725
57698.28301701702,4.157491312535496,0.25033090928667584
57703.17854654655,4.133056320165961,0.2480363022026649
57708.074076076075,4.1086237254255185,0.2451598841648197
57712.969605605605,4.084193424366125,0.24168083246710795
57717.86513513514,4.059765313049603,0.23757261273390357
57722.76066466467,4.035339287547053,0.23280184688940553
57727.6561941942,4.010915243938456,0.2273267414420548
57732.55172372372,3.986493078312256,0.22109487969506933
57737.44725325325,3.9620726867647797,0.214040061008705
57742.34278278278,3.9376539654000076,0.20607765720895252
57747.238312312315,3.913236810328994,0.1970975599855351
57752.133841841845,3.8888211176694534,0.18695301055834904
57757.029371371376,3.8644067835453284,0.17544194057367637
57761.9249009009,3.8399937040863663,0.16227358450253537
57766.82043043043,3.8155817754275545,0.14700298507342116
57771.71595995996,3.79117089370888,0.12888474820121992
57776.61148948949,3.7667609550747483,0.10647456624301375
57780.773,3.7460116234769587,0.08146315886845071
57781.50701901902,3.743716942925846,0.0807113491536236
57786.40254854855,3.7284130187999938,0.06463265606883821
57788.505,3.7218407526643253,0.04858257300510277
57789.442,3.7249778633351096,0.05349480167910912
57791.29807807808,3.738777784008995,0.06397751241484222
57796.19360760761,3.77517651245299,0.07004616356964513
57798.283,3.790711601362783,0.06464209464978209
57801.08913713714,3.78378578234555,0.06826568333010767
57805.348,3.773275064224737,0.05478050477185443
57805.98466666667,3.7731545664182318,0.051996348203510644
57806.485,3.773059881828746,0.04906267757056235
57810.880196196194,3.768140311333805,0.06938824560836888
57815.775725725725,3.762661515782837,0.0640908204355309
57817.317,3.7609367813074686,0.05608790315521272
57818.392,3.764086082952398,0.0510842411853008
57820.671255255256,3.770180252283329,0.06452316138203984
57825.56678478479,3.7832703300243113,0.07021794834509663
57830.46231431432,3.7963613172370514,0.04680997364986033
57830.475,3.796395240874532,0.04668532836465187
57831.443,3.8075597571641704,0.0455986127390378
57831.769,3.8059793100802373,0.048223727641048146
57835.35784384384,3.782657917158985,0.06954700787703802
57840.25337337337,3.7508460607839544,0.07443848943193458
57843.264,3.7312829668562757,0.06644355554868177
57845.1489029029,3.7214961239429427,0.06336491658962844
57847.335,3.7101455321875414,0.052966781988298024
57848.315,3.707779053047836,0.05520579619112133
57850.044432432434,3.687911745273618,0.06270367679964647
57854.939961961965,3.6316733742870553,0.06038314301930844
57855.258,3.6280198606803853,0.05903408547076088
57859.22,3.5797307655440362,0.07140929971022886
57859.835491491496,3.575141508632121,0.07453423892943475
57864.73102102102,3.53863921671002,0.08944688564647005
57869.62655055055,3.502136793481579,0.09135667015683634
57874.208,3.4679759816607425,0.0822610069093138
57874.52208008008,3.4663998891180605,0.08336143209916337
57879.41760960961,3.44183326797125,0.09340233462832936
57884.31313913914,3.4172661036592387,0.09217137533369982
57889.20866866867,3.392698291661573,0.07914432023079547
57892.294,3.3772144305232303,0.06187213471556107
57894.1041981982,3.3966523807042104,0.05585277028834065
57895.269,3.409159995556258,0.04836311968121785
57898.99972772773,3.3799536769508545,0.06003066555972065
57901.209,3.3626579853266576,0.054807737954905816
57903.89525725726,3.39002231944797,0.04677562982996765
57904.195,3.393075720424173,0.04456984790032169
57905.306,3.4066322219123744,0.04419197604864262
57907.21,3.4188037345702473,0.05221059070612664
57908.79078678679,3.412384022861135,0.06232179393819968
57913.68631631632,3.3925023997258514,0.07231694360394629
57918.164,3.3743170662188873,0.05911428061141906
57918.581845845845,3.3758118047049686,0.058311671145445186
57920.325,3.3820474363088286,0.05114923766522702
57921.306,3.372930511695413,0.05542683198068996
57923.477375375376,3.33564243395088,0.0688022113781993
57928.37290490491,3.2515728847301655,0.08076948030910985
57933.26843443444,3.1675019828853723,0.07485539862569857
57933.421,3.164881949637404,0.07437135651245988
57938.16396396397,3.1541654413626414,0.0937381871392981
57943.05949349349,3.143102478241604,0.10258337451661913
57947.95502302302,3.1320377010113525,0.10300581736281357
57952.850552552554,3.120971062597037,0.09511781250770952
57957.746082082085,3.1099025159158713,0.07638665896996968
57960.221,3.104306109477525,0.05985854186547546
57962.641611611616,3.105659332149864,0.07994645377614175
57967.53714114114,3.1083946638618767,0.10874332086144949
57972.43267067067,3.1111280338010134,0.1301133829932734
57977.3282002002,3.1138594535963375,0.14732504927321263
57982.22372972973,3.1165889348686178,0.1617118555451225
57987.11925925926,3.1193164892303757,0.17397623498076475
57992.01478878879,3.1220421282859316,0.1845420238022115
57996.91031831832,3.124765863631469,0.19368756625316955
58001.80584784785,3.1274877068550593,0.20160638264015765
58006.70137737738,3.130207669536729,0.20843846195004032
58011.59690690691,3.1329257632485032,0.21428788508143717
58016.49243643644,3.1356419995544558,0.21923341766099735
58021.387965965965,3.138356390010754,0.22333519670302343
58026.283495495496,3.141068946165724,0.22663910648170532
58031.17902502503,3.1437796795598767,0.22917971162561893
58036.07455455456,3.1464886017259714,0.2309822432482845
58040.97008408409,3.1491957241890614,0.2320639311226559
58045.86561361361,3.1519010584665397,0.23243485762867253
58050.76114314314,3.1546046160682035,0.23209843680300618
58055.656672672674,3.1573064084962787,0.23105157312854677
58060.552202202205,3.1600064472454856,0.2292845176324814
58065.447731731736,3.162704743803084,0.22678040538302077
58070.34326126127,3.165401309648921,0.2235144217477666
58075.23879079079,3.1680961562554755,0.21945249688507432
58080.13432032032,3.1707892950879266,0.21454935708341435
58085.02984984985,3.1734807376041725,0.20874564719529362
58089.92537937938,3.176170495254901,0.20196364122208718
58094.820908908914,3.1788585794836304,0.19410069726998014
58099.71643843844,3.1815450017267555,0.18501891022329603
58104.61196796797,3.1842297734136125,0.17452794377999797
58109.5074974975,3.186912905966504,0.16235465668934757
58114.40302702703,3.1895944108007614,0.148084508022007
58119.29855655656,3.1922742993247923,0.1310339218393947
58124.194086086085,3.194952582940123,0.10991612724064509
58127.033,3.196504986900773,0.09476284230101782
58129.089615615616,3.1939697274008205,0.10058168308522344
58133.98514514515,3.187933704910085,0.10851877464621744
58138.88067467468,3.1818960590436838,0.10937434411990224
58143.77620420421,3.1758567641145774,0.10332447071055029
58146.422,3.172592123193908,0.09678444115797355
58148.67173373373,3.163925803029365,0.1035933516359722
58153.56726326326,3.1450662009697568,0.11284094088019658
58158.462792792794,3.1262047931555705,0.11579713022220094
58163.358322322325,3.107341499341333,0.11295701081588484
58168.253851851856,3.088476239273549,0.10384603823282117
58173.14938138139,3.069608932690359,0.08650480821878077
58174.079,3.0660259569050354,0.08189321521238242
58178.04491091091,3.0731944804689437,0.0965949019309657
58182.94044044044,3.0820414135128082,0.10572343085571324
58187.83596996997,3.0908862726644304,0.10717267994804479
58192.7314994995,3.0997290955540855,0.10127289279851573
58197.627029029034,3.1085699198033767,0.08653363143380438
58198.389,3.109945783910934,0.08317971506444305
58201.269,3.147137699544453,0.07209499977733369
58202.352,3.1560111546391876,0.06882748144801504
58202.52255855856,3.1583616488401236,0.068603843307944
58203.387,3.170274619298904,0.06694766471025305
58204.383,3.1830183878713956,0.06604339703955828
58205.389,3.1973084957056446,0.06602596804894803
58206.321,3.2080648226491326,0.06615686697030985
58207.349,3.222779882162271,0.06840160082861738
58207.41808808809,3.2231625782586604,0.06859535998891389
58210.421,3.23979617476466,0.072128412949805
58211.37,3.2379601091786143,0.07195137127763668
58212.31361761762,3.2262933603823476,0.07139794692052112
58216.243,3.1777104529886997,0.05827424826029071
58216.413,3.174889448584867,0.05727440667144951
58217.20914714715,3.1686215607449433,0.056749186157042594
58217.357,3.1674575434662944,0.05651169147647073
58218.353,3.1668947950591244,0.056620088884857665
58219.34,3.1697549303882346,0.05761058397058283
58222.10467667668,3.146239188200773,0.05980578131219529
58222.325,3.1443651413521034,0.05941955281098643
58223.321,3.1313738811032183,0.05964339642914285
58223.353,3.131054496378217,0.05964764369631972
58224.358,3.122077287816404,0.05977568510474905
58226.325,3.0899155855212466,0.05651718889803359
58227.000206206205,3.083543632488238,0.055786653564667
58227.288,3.0808276968647657,0.05518192189362679
58227.335,3.08025792924694,0.05508504113063688
58227.386,3.079709598536105,0.05504164732407524
58229.308,3.058216231949588,0.04934790691370799
58229.371,3.0585246250347544,0.049144302281924776
58230.265,3.0653013196758443,0.046103141920512444
58230.276,3.065392188976261,0.04605223527583705
58230.37,3.067366670399323,0.04604558022965243
58231.332,3.0939273652025316,0.0460804084219453
58231.392,3.0952701062749273,0.046062778139187424
58231.895735735736,3.1059748421623143,0.04590330420980374
58232.267,3.1138644534508155,0.045162540033145356
58232.345,3.1159791645175967,0.04509403670242069
58232.363,3.1165011933075415,0.045078110001430687
58233.268,3.14497569147651,0.04286026631544065
58233.303,3.145779600594732,0.042991527320881594
58234.279,3.1700792191953435,0.045495066904634826
58236.262,3.194924113275412,0.053222712352568306
58236.79126526527,3.190056227026131,0.055950345289663986
58241.6867947948,3.14502895518507,0.057379239441405994
58242.272,3.139646336846958,0.054759828993423264
58242.299,3.1395348170409787,0.05469790694897269
58243.249,3.1350433735141316,0.053226933475152186
58243.301,3.1347155120600223,0.05319955704038419
58243.344,3.1345535697419753,0.05323662911448718
58244.261,3.132136655143683,0.05315914531253501
58244.32,3.132469106538854,0.053224689833488444
58246.251,3.1445408934241104,0.053038821606816056
58246.32,3.144643569502488,0.052968925162926575
58246.58232432433,3.1445434059064747,0.0531680098248635
58247.161,3.1443224311546327,0.053006548762694776
58247.265,3.144042218778031,0.0529099372199424
58247.325,3.143813342715465,0.052930900382881736
58248.285,3.140264911943165,0.05421841817757665
58248.302,3.1400616398339536,0.0542524901932412
58249.212,3.1368150649668745,0.05778288000112681
58251.47785385385,3.121675594919879,0.06434247894919783
58255.258,3.096417353667649,0.05883649263615641
58255.284,3.0964216135075713,0.058791315784972126
58256.266,3.0946979536125037,0.05778890684789084
58256.37338338338,3.0943930516958167,0.057661130975687785
58257.273,3.091838662637676,0.05569280575048408
58258.24,3.0896760369152663,0.054407003395903035
58258.285,3.0894146423220596,0.05438017943132608
58258.3,3.089470472961809,0.0544516802989719
58261.202,3.0997109047405633,0.06758455161354834
58261.268912912914,3.0996494117197364,0.0677569041311651
58262.305,3.098697199163056,0.0697654681880618
58263.333,3.093640532090793,0.07111201195673798
58266.164442442445,3.081670345900761,0.070065636863998
58266.302,3.0810887909897864,0.06980353304718975
58267.244,3.0836308236759473,0.0689331867326339
58269.234,3.091503209800846,0.06426472823825119
58269.287,3.091230955536044,0.06416383476493166
58270.328,3.0775434372400663,0.061948065101107855
58271.059971971976,3.064763265641154,0.060367761827347925
58271.173,3.062789801138933,0.060045197548202596
58272.245,3.0422127924679034,0.05632595041674414
58272.256,3.0419845207699647,0.05629690579612545
58273.262,3.0312426052637025,0.05414463132253214
58273.327,3.0311418255894744,0.05406049153060365
58274.263,3.032299497852177,0.05213183043184209
58274.281,3.032333085595794,0.05210553031002455
58274.302,3.0324205015801335,0.052097860431735254
58275.95550150151,3.037658848949713,0.05356727662419813
58276.249,3.0385886348382574,0.05313989327009282
58276.285,3.038664858344411,0.05315526298755615
58277.18,3.039860529149442,0.05287577289382977
58277.249,3.0401167425818403,0.052786556043426976
58277.259,3.0401129860751643,0.05278977753640017
58278.246,3.0419213784863945,0.05267144004014689
58278.267,3.0419045123544945,0.052678819777777566
58279.248,3.0446373905869737,0.05293478180585034
58279.265,3.0445092286168847,0.05295410295182723
58280.244,3.0427643008591305,0.05437359071386238
58280.272,3.0427558628047495,0.05443388600731472
58280.85103103103,3.041909428240394,0.05597545383897204
58282.179,3.0399680684664308,0.05687126872960266
58282.225,3.039745502038192,0.05684749858910765
58283.246,3.034216760457357,0.05565260403986819
58283.275,3.034065558279496,0.0556221046908535
58284.224,3.0290873429745795,0.0554271917589691
58284.246,3.0289997408811558,0.055426218130327436
58285.74656056056,3.0247394770348235,0.05582037355327746
58286.208,3.02342935374954,0.05498370259558998
58286.248,3.0232945723250295,0.05489829154286554
58286.306,3.0232840478385836,0.05484845302732864
58288.25,3.0263439240682706,0.05100385623637226
58288.255,3.0263811267319585,0.050993477700892825
58289.206,3.0315349650776544,0.04908457601115022
58289.239,3.0316522792407716,0.04917865457472734
58289.246,3.031690362282649,0.049205751446678186
58290.183,3.036113333001406,0.05312966431066958
58290.64209009009,3.038531815866056,0.05433305438661335
58291.262,3.041797464727939,0.055186633926386286
58292.226,3.0484569156696044,0.05636167775921451
58292.259,3.0486593255516854,0.05638973830795434
58293.183,3.0462959911811716,0.057349398373838005
58293.268,3.0460204220798532,0.057411464264271905
58294.211,3.0446394284842615,0.05835816259617135
58294.266,3.044605284332352,0.05847163791121494
58294.347,3.0447376446602163,0.05873264178942573
58295.202,3.0448099159432567,0.060982893258778446
58295.26,3.0447700316053634,0.06113346551495043
58295.53761961962,3.0446868162614322,0.062150093301822695
58296.26,3.0444702520478835,0.06424927532098847
58297.262,3.046110423659715,0.06694726556097019
58298.215,3.04646618587602,0.0688408289016894
58298.273,3.0461300256018897,0.06900618815634398
58300.188,3.0363812888348733,0.07448736365433827
58300.2,3.0363160762975823,0.0745175386735736
58300.433149149154,3.035268168335515,0.07530424229093259
58303.207,3.022800469979367,0.08134384619660917
58305.32867867868,3.01811579962497,0.0847325152671942
58306.18,3.0162359569513306,0.08530453892887611
58306.226,3.0160726675810503,0.08535283585992268
58310.22420820821,3.006773227240151,0.08960127593647745
58312.202,3.002172488715113,0.08860082177836687
58313.226,3.00130122215012,0.08799388488906552
58313.321,3.001433648161461,0.08797629843528278
58315.11973773774,3.013474805468379,0.0892030986674791
58316.237,3.0209538505580986,0.08910952466597125
58319.235,3.0361960684636498,0.08763868411203027
58320.01526726727,3.0344837733726355,0.08836545040917701
58320.216,3.0340432564138635,0.08849920840844486
58321.199,3.0320387346207607,0.08921027646120944
58321.238,3.0316810451693033,0.0892604937508923
58324.9107967968,2.9946986414565404,0.0977448793567798
58329.80632632633,2.945402049320863,0.10068848433058286
58334.161,2.9015494971486464,0.0958529128102
58334.183,2.9014107838883105,0.09582719105421177
58334.701855855856,2.898646490221233,0.0958616764076066
58336.163,2.8908618211962813,0.09534846641236312
58337.175,2.8881301711986986,0.09482949792333913
58337.199,2.8881264640777022,0.09484606383918763
58339.59738538539,2.8935233491970322,0.09714228633738926
58344.166,2.903801813638263,0.09503875055618705
58344.182,2.903917118703814,0.09504094650449237
58344.49291491492,2.9064158466965977,0.09529778195781226
58347.203,2.92819549371498,0.09580280674686562
58349.38844444445,2.946351195733118,0.09678550085961574
58351.149,2.9609767245518728,0.09615021185589308
58352.175,2.9705941051072933,0.0959724198983454
58352.224,2.970206377371564,0.09608587085476704
58354.28397397398,2.9588748724071325,0.10160533837093724
58359.1795035035,2.9319436820196283,0.10896369790279019
58362.144,2.915634141152753,0.10998716015476674
58363.138,2.9107543416709114,0.11064943288543463
58364.075033033034,2.906860242823957,0.11146101613062406
58366.206,2.898004037192783,0.11243633925029736
58367.133,2.897752160520158,0.11413010876837928
58368.970562562565,2.896818933476669,0.11774442529652085
58369.132,2.8967369263780336,0.11802430229276933
58373.866092092096,2.9012012800780145,0.12835328592226744
58377.14,2.9042870915058794,0.133128596140932
58378.76162162163,2.9079465918232223,0.13659924729945783
58382.12,2.9155244368499065,0.14259706893785895
58383.65715115115,2.9217600133287127,0.14662534338498961
58388.55268068068,2.9416173222096673,0.15769466626938136
58393.44821021021,2.9614719597669743,0.16648084372439606
58398.34373973974,2.9813240104717784,0.17333156223393772
58403.239269269274,3.0011735587842234,0.1784699549075032
58408.1347987988,3.0210206891537754,0.18204116321616765
58413.03032832833,3.040865486019698,0.1841364528755959
58417.92585785786,3.060708033811243,0.18480606694367993
58422.82138738739,3.080548416948124,0.18406557693965162
58427.71691691692,3.10038671984084,0.181897749667313
58432.61244644645,3.1202230268910447,0.17825047836626912
58437.507975975976,3.1400574224918665,0.1730301689630828
58442.40350550551,3.159889991028393,0.1660884677737075
58447.29903503504,3.179720816877851,0.15719736716825802
58448.555,3.1848082128945303,0.15456296889031015
58452.19456456457,3.2063290829080153,0.15042763291808484
58457.0900940941,3.235275179076585,0.14255218379619564
58461.98562362362,3.2642198532827753,0.1315787848751873
58465.513,3.285074550074324,0.12128931364663809
58466.881153153154,3.2950431573074357,0.11791156468848718
58468.537,3.3071078302943735,0.11325225523304161
58468.547,3.3071925216856033,0.11323071496069982
58471.512,3.3369843399299053,0.10960697294368481
58471.776682682685,3.3402011266481284,0.10950849426297532
58474.49,3.373176920057611,0.10734240701933376
58476.672212212216,3.394597315931129,0.10568195234154248
58480.536,3.4325235529006277,0.09896899007723281
58480.55,3.4325377281556646,0.09894556970919213
58481.512,3.4367388742727534,0.09789472949361354
58481.56774174175,3.437121655833866,0.09786424709803272
58482.536,3.4437707262953494,0.09713740185973523
58486.46327127128,3.4448755993444755,0.09584566537582725
58486.515,3.444890150086305,0.09578654752922112
58486.551,3.444927880061908,0.09577043683967432
58491.3588008008,3.454652432100377,0.09371223980555292
58491.508,3.454954203783096,0.0934891937284102
58491.553,3.45508893845441,0.09346537654829452
58494.513,3.4626585847080156,0.0918831715031289
58494.558,3.462806640043876,0.09187180322340294
58496.25433033033,3.468323108901529,0.0918829133397749
58501.14985985986,3.4842430986242436,0.08388035324197864
58502.473,3.4885458116664285,0.07934492411954404
58502.474,3.4885534826217746,0.07934734551991295
58502.556,3.4891187431357085,0.07960870499823106
58505.556,3.4973739886481567,0.08774780447862049
58506.045389389394,3.496622868467683,0.08886391731567073
58508.508,3.4928431791263463,0.09263312027816539
58510.940918918925,3.488910810127746,0.09522335420665147
58511.51,3.4879909824488764,0.09545636208901062
58511.553,3.4876738660542865,0.09550285182613866
58515.83644844845,3.469358698594623,0.09956460452764031
58520.73197797798,3.448425992147271,0.09559447304330271
58522.486,3.440925880300353,0.09178535123823194
58525.62750750751,3.436316802640107,0.08975381902824443
58526.463,3.435090966914139,0.08838234206163523
58526.517,3.4348882384585377,0.08832726474296801
58530.52303703704,3.4170178417558987,0.08224379869109141
58531.501,3.4126552154448286,0.07924506623818343
58534.45,3.386262567789609,0.08054142601264316
58535.41856656657,3.3729072445952606,0.08015153353560538
58538.482,3.3306660977454032,0.07429670326740219
58539.346,3.3223656618883655,0.07217537014682124
58539.395,3.322141537489243,0.07206224255792384
58540.314096096095,3.3133219629944946,0.07076323779329297
58540.412,3.3123824825234283,0.07057373469371334
58541.435,3.3044033032353037,0.07146678781530862
58541.504,3.3040720012947262,0.07154917714890316
58543.488,3.299328084363087,0.0750249932219295
58545.209625625626,3.2984398883979336,0.07675600006566509
58547.347,3.2973370069082946,0.07549272113517519
58547.45,3.2979343512405825,0.07552017958778674
58547.484,3.298180432614037,0.07553800643477321
58550.10515515516,3.3183392940744674,0.07966479291467315
58555.00068468469,3.355989183292784,0.07351672784942646
58556.425,3.3669429409149383,0.06788014221072398
58556.473,3.367369778206782,0.06769946308984608
58557.417,3.378585687509362,0.0655744181471221
58557.445,3.378960846752649,0.06552099909968996
58558.313,3.3937322902598512,0.06403594144265651
58558.417,3.393903155110191,0.06394291144549502
58559.285,3.3939999872339794,0.0636851691001499
58559.89621421422,3.3948305503893934,0.06315029531648846
58560.309,3.395391467739163,0.0624785710964479
58560.383,3.395656927620846,0.062350487430312775
58560.572,3.396374164740601,0.06230486114463616
58561.384,3.3926968342571713,0.06502893209173748
58564.79174374374,3.346080811067718,0.07052380021101805
58567.371,3.3107977310012617,0.06623363687674323
58567.417,3.3101352085766,0.06615097359140602
58568.238,3.301489057657681,0.06577453617361066
58568.305,3.300786562011275,0.06584226193912333
58569.68727327327,3.283050410656729,0.06661815270992485
58572.351,3.248871462596767,0.06112640729086112
58572.431,3.247559348085374,0.060997064253874085
58573.336,3.2317477890746917,0.05959801564042899
58573.362,3.2313447336542818,0.05958743647030205
58574.38,3.227215016595069,0.05959064136489174
58574.435,3.22714955530373,0.059615102151546875
58574.582802802805,3.227378980264153,0.059724245464191465
58575.33,3.2285387870157476,0.059695488534988454
58575.381,3.228847833357418,0.05978700343381647
58579.478332332335,3.2446261054889898,0.060857885575427303
58580.36,3.2480211601273976,0.05768299947624058
58580.384,3.2482962664286865,0.05762464930637072
58581.316,3.2597151731783067,0.05668454851598425
58582.31,3.271758289163422,0.05495394541666202
58582.343,3.2721501899424665,0.05489878655217913
58583.315,3.2862300012681476,0.05388607056723628
58583.392,3.2863762376459693,0.05379223671137564
58584.264,3.2855910002849242,0.05315868817329182
58584.336,3.2859300350158374,0.053150632743255495
58584.373861861866,3.28622447120267,0.05318475871466143
58585.275,3.293232232178125,0.052959068751782606
58585.313,3.293696747096097,0.052952137126107066
58586.345,3.3100185950650913,0.05220151619633126
58586.416,3.311443826664948,0.052154135337033856
58587.123,3.3270290734546495,0.05213076515688456
58587.301,3.330815988984614,0.05281599609237369
58587.345,3.3317167146321114,0.052990074993868236
58588.372,3.3509843504422103,0.05690291646905869
58589.269,3.3720045287001557,0.05933068778097752
58589.2693913914,3.372013067243173,0.059331591793103364
58589.41,3.3750805657286373,0.059638852360587344
58591.228,3.4055351910097253,0.06162168893408006
58591.391,3.4070350415875317,0.061720586573331106
58592.307,3.413505153002528,0.06268420555902607
58592.45,3.413464580176163,0.06276843150049964
58593.342,3.407556803242034,0.06307880474093698
58594.16492092092,3.398022406804935,0.06300449178178322
58594.329,3.3961213772582286,0.06287007727018085
58596.224,3.3757474138899286,0.05920070718148302
58596.298,3.3751434876922057,0.059112474434375305
58596.385,3.375276018671682,0.059140902094354825
58597.286,3.3785338627856336,0.05886255191156497
58597.367,3.378862568050773,0.058911027224290737
58598.356,3.3802686740567474,0.059779987987121634
58598.379,3.3804392322244072,0.05985813393779299
58599.06045045045,3.3873194362625934,0.06265626301721625
58600.22,3.399026691239484,0.06583826412270175
58602.293,3.4143624754323016,0.0685879908725535
58603.95597997998,3.422144379823202,0.06876224471322143
58605.39,3.4288548092879823,0.06635994882896751
58606.296,3.4299688969658577,0.06393173109582113
58606.443,3.4302525452674897,0.06374539442457619
58607.316,3.4318346194986495,0.06313486648185417
58607.356,3.4318147735584947,0.06313278015830237
58608.288,3.432974737469534,0.06366185720328503
58608.308,3.4330357635574904,0.06368655281956669
58608.85150950951,3.4375620245490555,0.0652300838527815
58612.27,3.4660305221415117,0.06639707781679784
58612.287,3.4662334920323743,0.06639128860538668
58613.747039039044,3.4898975934204866,0.06840248665990428
58616.243,3.5303517024958597,0.06604786633641972
58616.272,3.530924747295017,0.06600426732160453
58617.26,3.5479485056035,0.06568217260427991
58617.276,3.5482097083790722,0.06569622885300708
58617.376,3.5503071617843527,0.06591585563233286
58618.207,3.569743338717149,0.06875728044471563
58618.64256856857,3.5801408832324344,0.07013297877504596
58619.334,3.596646182256005,0.07190156090408802
58623.5380980981,3.6840320538766593,0.07750309695399128
58626.784,3.7515012075075442,0.07185742066816762
58627.366,3.7583996796364256,0.07219946569505328
58627.429,3.7591319532430023,0.07224845119133548
58628.217,3.767226799235384,0.07271894303163251
58628.295,3.7679066231349263,0.0728805640325013
58628.43362762763,3.7692260002706734,0.07322583903840804
58632.267,3.8057100948331466,0.07611458969301534
58633.32915715716,3.8184093765997527,0.07532184826776032
58635.229,3.8411242575702462,0.07140673258570346
58635.259,3.8414818744366737,0.07133696113750539
58636.218,3.853092117130703,0.06908914743226198
58636.262,3.8535971482213127,0.06898304903118738
58638.223,3.8738918058940466,0.06539229852457802
58638.22468668669,3.8739086439013994,0.06539080127283742
58638.237,3.8740315663556273,0.0653797565516578
58639.202,3.884088968586329,0.06551980251492891
58640.221,3.8946049256412887,0.0645664449040269
58640.254,3.894955286636987,0.06458567702878419
58641.208,3.9038490836024535,0.06532538634690443
58641.288,3.904548606213774,0.06537847165539248
58643.12021621622,3.9207550593748652,0.06513113549710545
58643.186,3.9213369387555086,0.065040097947625
58643.217,3.921785216411148,0.06505659576637644
58644.2,3.9366478782156693,0.06514968151324602
58644.263,3.937523651178306,0.06514698773425626
58646.231,3.969840472660891,0.06328711719210368
58646.27,3.970345570826733,0.06324725339026908
58647.264,3.9864731383951155,0.062280912013804174
58647.345,3.9878973297362807,0.06223521121358932
58648.015745745746,4.001275407826043,0.06186403784651054
58648.179,4.00453153229391,0.06166775025461439
58648.242,4.0056801045239965,0.06161316205194467
58648.294,4.006574483157866,0.06158492522752091
58649.198,4.0224058472024105,0.06059764012054827
58649.254,4.023462893480001,0.06052354087346557
58650.217,4.04009926873136,0.05917114262484168
58650.252,4.040410021113882,0.05912029513785381
58651.205,4.047186280606905,0.05793330392387178
58651.266,4.0471009921067225,0.05787448008234264
58652.206,4.0482706181702595,0.057703300219637245
58652.242,4.048319802326024,0.05769799551959296
58652.302,4.048335274661318,0.057693780192628004
58652.91127527528,4.047237579329241,0.05791988494284079
58653.207,4.0467048008857915,0.057773926573370694
58653.281,4.0463175091302634,0.05776446162728939
58654.204,4.036806077160749,0.058322377620752326
58654.269,4.036358732292491,0.05837657604597914
58655.205,4.031127040840481,0.05965556054718995
58655.276,4.030493516633582,0.05976819300097167
58656.686,4.0179658851193825,0.06242866874287406
58657.201,4.017511139743806,0.0647272907230485
58657.80680480481,4.016629549434596,0.0673069580640669
58660.19,4.013161714847451,0.07344391101688252
58660.231,4.013121747421838,0.07355117651768929
58661.177,4.017598664943076,0.07702338312073932
58662.70233433434,4.023405324161667,0.08148360034367576
58663.201,4.025303690549979,0.08258339340073216
58663.228,4.0254455689103725,0.08265385950219421
58667.326,4.049183781402007,0.09147147892322349
58667.59786386386,4.0505311469568035,0.09195822341617538
58670.309,4.063967968064484,0.09495308881286056
58672.49339339339,4.074630717689793,0.096452007676288
58673.301,4.078573021613151,0.09650319010090551
58676.215,4.107860751261713,0.09730499410905656
58676.297,4.1085453827068825,0.0973303327496043
58677.388922922924,4.113366761204041,0.09821106300949511
58679.22,4.121452128903366,0.09864228486326859
58679.283,4.121928187459854,0.09867846003805393
58682.176,4.141711482191052,0.10112292888154507
58682.243,4.142118378614743,0.1011995834568115
58682.284452452455,4.142396477949468,0.10127484689610082
58685.195,4.16192342031791,0.10509053801010802
58687.179981981986,4.178089029061512,0.10796754889819205
58689.18,4.194377521199462,0.1096886207917226
58692.07551151152,4.216168468227961,0.1123100632705452
58692.222,4.2172709318688675,0.11238332406013944
58696.97104104104,4.255185575995805,0.11635413937924191
58698.183,4.264861856253846,0.11650190876709232
58701.86657057057,4.3023657238982,0.11783079947573692
58705.157,4.335868358347852,0.1164020727115768
58705.26,4.336522034569144,0.11638890353585744
58706.7621001001,4.3488280680436375,0.11740649441543205
58711.65762962963,4.388937141486796,0.117153915524653
58712.242,4.393725117497693,0.116758865075056
58715.159,4.417430840150553,0.11581170408335913
58716.553159159164,4.428921257368502,0.11593197656849547
58718.161,4.4421731702725715,0.11549555443161592
58721.44868868869,4.473531455256145,0.11579023685755056
58723.145,4.489711707229057,0.11493248731842959
58723.159,4.4898769046488916,0.11493334743312707
58726.142,4.522020493204993,0.11662572823366969
58726.153,4.522138325327209,0.11663628621346735
58726.34421821822,4.52371376640613,0.11697479036815234
58731.23974774775,4.564050022850038,0.12291810634893377
58734.13,4.58786596069049,0.12413509975321264
58734.176,4.588074897258732,0.12417428219003114
58736.13527727728,4.588864607862831,0.12708319822227218
58737.18,4.589285980017585,0.1283477236396603
58741.03080680681,4.559455260312371,0.13384281754743432
58745.92633633634,4.521535227450864,0.13752362629689924
58749.121,4.496792038953513,0.1380647953349277
58749.137,4.496716906994701,0.1380789577434991
58750.821865865866,4.506673012633463,0.14178856059892125
58755.7173953954,4.535604072106651,0.15055578147764095
58760.61292492493,4.564539241840027,0.1567013472460509
58761.104,4.567441986947859,0.15718615978581982
58765.50845445446,4.570172480962375,0.16496704847708157
58770.40398398398,4.573211455883525,0.17173566699363554
58775.29951351351,4.576254701064706,0.17674362189333157
58780.195043043044,4.5793022294533365,0.18013789848078238
58785.090572572575,4.582354054015063,0.1820088561026808
58789.986102102106,4.58541018773381,0.18240340759663276
58794.88163163164,4.588470643611838,0.18133119732983782
58799.77716116116,4.591535434669787,0.17876581644554543
58804.67269069069,4.594604573946755,0.17464143092358483
58805.534,4.595145002729472,0.17374683604723956
58809.56822022022,4.576573919747371,0.17330969797656745
58814.46374974975,4.554041797921595,0.17121733893565316
58819.359279279284,4.531513864798928,0.16734976868643348
58824.25480880881,4.5089900245347785,0.1615794940903684
58828.557,4.4891993773673065,0.1547709125334761
58829.15033833834,4.487709940181796,0.15445316052904937
58831.558,4.48166665634872,0.15279752726831816
58834.04586786787,4.478333625335676,0.15353350403827717
58838.9413973974,4.47177792901516,0.15312958766904847
58843.83692692693,4.465226071407818,0.1502406089803725
58848.73245645646,4.458678024638903,0.14471776618140286
58853.627985985986,4.452133760849898,0.13624102422745657
58858.52351551552,4.4455932521983454,0.12420690221827208
58859.494,4.444297112401266,0.1213121034003323
58862.491,4.428861366052425,0.11322741130384621
58863.41904504505,4.428020952687834,0.11121912736587249
58867.438,4.424383005387954,0.0996273413114867
58868.31457457458,4.419689957535688,0.09991530270036299
58872.431,4.397652778115882,0.09741644135212456
58872.551,4.397298867022302,0.09734543195978651
58873.21010410411,4.395257833978452,0.09726898679516084
58875.464,4.388278724864914,0.09567360578430396
58875.549,4.388193808214667,0.09564119872032543
58878.10563363363,4.389831935919367,0.09488259035159456
58878.531,4.390104575853234,0.09448444362061403
58878.55,4.390057018026119,0.09447775971992609
58881.512,4.37399287731224,0.09319434092978969
58881.559,4.373823286518543,0.09317930977980705
58883.001163163164,4.37049537708525,0.09312855827358935
58884.448,4.367156979941807,0.09211552167727549
58884.548,4.366848913273753,0.09208134636297305
58887.471,4.366622692280085,0.09084201922254805
58887.527,4.366664718175015,0.09081984212307626
58887.896692692695,4.36775953877545,0.09086385798242219
58890.465,4.37536594807827,0.08929091863333337
58892.792222222226,4.36702673203502,0.08603745012635462
58893.493,4.3645157613124175,0.08445854444250173
58893.535,4.364407860012124,0.08438384543919673
58895.415,4.360754383453566,0.08093781295443858
58897.68775175176,4.351208355452375,0.08257483099867993
58898.453,4.347994316082861,0.08235465154820744
58898.492,4.347949558507053,0.08236130831438632
58899.486,4.346919603149457,0.08273028220321832
58899.53,4.346903563156228,0.0827558456133139
58900.471,4.347006686417934,0.0836404132202331
58902.58328128129,4.346893275110979,0.0847622453613529
58903.465,4.3468461165709975,0.08442315809586133
58903.54,4.346816629020443,0.08441355965184205
58904.453,4.349087270432298,0.08469493467031891
58904.517,4.349362291552124,0.08474158831074163
58906.462,4.3602383220181995,0.0861034897359641
58906.537,4.360537888346379,0.08615241775142649
58907.47881081081,4.362497844098753,0.08710477675112373
58908.465,4.364550287328262,0.08756790345804236
58908.534,4.364657948179052,0.08761925787903806
58911.42,4.371894605716339,0.08958262955903909
58912.37434034034,4.374674531400684,0.08997507393911824
58912.471,4.374956101382349,0.08998888914201864
58912.517,4.375208532860652,0.09002221769729155
58913.466,4.381748539392909,0.09118595030256385
58913.511,4.382161817123217,0.09125808862176779
58914.499,4.39499803192316,0.09340245901918454
58914.513,4.395192773113465,0.0934402995610996
58915.494,4.408897493775392,0.09647534115014836
58917.26986986987,4.435211435248995,0.10238365075857289
58922.165399399404,4.50775346986968,0.11340317959556376
58927.06092892893,4.580299496260629,0.11821388174434291
58931.95645845846,4.652849823067633,0.1175804107356931
58936.45,4.719446854042545,0.1121419486678079
58936.472,4.719813924268895,0.11211899129901251
58936.85198798799,4.726817447133666,0.11203321150044776
58940.389,4.792009229861929,0.10938091525739561
58941.428,4.8145014920926705,0.10885066373928706
58941.451,4.814996513309488,0.10885075432226583
58941.74751751752,4.821399843118407,0.1090721458188234
58944.374,4.8781198981593334,0.10994810218146518
58944.499,4.88052200575979,0.11002026229731476
58946.64304704705,4.920266047271884,0.1122410456914023
58951.53857657658,5.011018299867562,0.11282740823495867
58954.39,5.063880163442327,0.11031353846711266
58954.447,5.064727722634657,0.11027881363213847
58955.327,5.080945286255712,0.11025144129745419
58956.434106106106,5.10303422984131,0.1107864568348137
58961.32963563564,5.200713735082875,0.10914178846080425
58961.412,5.202357192694411,0.1090573324155589
58964.279,5.259770873515041,0.10670536427452583
58964.347,5.2610555413585764,0.10666041063657604
58966.22516516517,5.298251221219033,0.10621179786808305
58967.343,5.320389630443287,0.1054274509880133
58970.284,5.378794742177824,0.10322854452920267
58970.366,5.380230436357326,0.10317641377190927
58971.1206946947,5.395817343151105,0.10306522219219856
58973.261,5.440022637730419,0.101693441199841
58973.292,5.44063136365401,0.10168112006033692
58974.269,5.457812804156561,0.10207016061946429
58976.01622422423,5.490538342551641,0.10296690626715735
58976.199,5.4939617956747,0.10300046306929563
58976.267,5.495232059524241,0.10305365218649039
58979.238,5.548610624431976,0.10687579447250552
58980.91175375375,5.5795625367734765,0.10895798028779737
58985.3,5.660717021238199,0.11066049423521687
58985.807283283284,5.670541524582898,0.1108645488759735
58990.702812812815,5.765357742180562,0.10923411499334233
58991.257,5.776091775658113,0.10863093750605238
58991.312,5.777141199842713,0.10859766269375448
58994.245,5.832151084494242,0.10740411817099339
58994.3,5.833207107233591,0.10739247134584741
58995.598342342346,5.860376871647873,0.10762608342354016
58997.218,5.894271603794046,0.10721347816254007
58997.289,5.895712886789418,0.10722019324908875
59000.27,5.956691307695127,0.10781961080678042
59000.316,5.957600649562547,0.10783572410014167
59000.49387187188,5.960547153398359,0.10798036995758531
59004.201,6.021959985240525,0.10890926547417502
59004.263,6.022840520611513,0.1089256124318593
59005.38940140141,6.035782976821762,0.10960053118470135
59009.216,6.0797551147668845,0.1092331050458957
59010.28493093093,6.094975637530517,0.10903236567859309
59010.299,6.095175970614255,0.10902754951585605
59012.205,6.1140872896879905,0.1103949780395517
59012.246,6.114508054519851,0.1104384826798782
59015.18046046046,6.1442950050931895,0.11401400582466364
59016.242,6.1550713859655275,0.114767164642673
59019.221,6.1845506059725395,0.11712015204953072
59019.262,6.18503163461809,0.1171632442792242
59020.07598998999,6.194899714659597,0.11846369118087251
59022.228,6.220990232370298,0.12120052010724336
59024.971519519524,6.255255154826926,0.12496423028188815
59025.207,6.258196332155967,0.1252189209912444
59025.225,6.258414279138192,0.12524888386651697
59028.227,6.285504061475848,0.13119280446472167
59029.196,6.290825518381258,0.13332828814445433
59029.867049049055,6.29005621708536,0.13632120094599914
59034.76257857858,6.2844504808694035,0.15638827323856694
59039.65810810811,6.27885629534469,0.17408886510250687
59044.55363763764,6.273273636710879,0.19008548659633948
59049.44916716717,6.267702481216666,0.20477809680531048
59054.3446966967,6.262142805159685,0.21843022188664774
59059.24022622623,6.256594584886406,0.23122644581820231
59064.13575575576,6.25105779679205,0.24330205319235246
59069.03128528529,6.245532417320451,0.2547597277351348
59073.92681481482,6.240018422964001,0.26567961104488536
59078.82234434435,6.234515790263526,0.2761256894074056
59083.71787387387,6.229024495808195,0.28615002545873464
59088.613403403404,6.223544516235395,0.2957956622459694
59093.508932932935,6.218075828230672,0.30509867596712664
59098.404462462466,6.212618408527607,0.3140896639855659
59103.299991992,6.207172233907718,0.32279484720383567
59108.19552152153,6.201737281200368,0.3312369023886455
59113.09105105105,6.196313527282671,0.3394356011866515
59117.98658058058,6.190900949079362,0.34740830805213796
59122.88211011011,6.185499523562745,0.35517037340752583
59127.777639639644,6.180109227752565,0.3627354477963031
59132.673169169175,6.174730038715924,0.37011573561909955
59137.5686986987,6.169361933567177,0.37732220208356104
59142.46422822823,6.164004889467816,0.3843647435056196
59147.35975775776,6.158658883626416,0.39125232860078407
59152.25528728729,6.153323893298504,0.3979931165904328
59157.15081681682,6.147999895786475,0.4045945566136186
59162.04634634635,6.142686868439489,0.4110634719414628
59166.94187587588,6.137384788653389,0.41740613174313645
59171.83740540541,6.13209363387057,0.4236283125832715
59176.73293493494,6.126813381579932,0.42973535139283664
59181.62846446447,6.121544009316748,0.4357321913169766
59186.52399399399,6.116285494662593,0.44162342157763335
59191.419523523524,6.111037815245206,0.44741331228018966
59196.315053053055,6.105800948738452,0.4531058449272447
59201.210582582586,6.10057487286219,0.4587047392702363
59206.10611211212,6.095359565382187,0.46421347702274784
59211.00164164165,6.090155004110025,0.4696353228730687
59215.89717117117,6.084961166903014,0.47497334316310047
59220.7927007007,6.079778031664064,0.4802304225432984
59225.68823023023,6.074605576341641,0.48540927886557156
59230.583759759764,6.06944377892964,0.4905124765372597
59235.479289289295,6.0642926174672995,0.4955424385263869
59240.37481881882,6.059152070039117,0.5005014571812422
59245.27034834835,6.054022114774725,0.5053917040046683
59250.16587787788,6.048902729848841,0.5102152385039008
59255.06140740741,6.043793893481147,0.5149740162210334
59259.95693693694,6.038695583936203,0.5196698960349252
59264.85246646647,6.033607779523359,0.5243046468139435
59269.747995996,6.028530458596661,0.5288799534888665
59274.64352552553,6.023463599554736,0.5333974226066182
59279.53905505506,6.018407180840745,0.5378585874181445
59284.43458458459,6.013361180942258,0.5422649125474732
59289.33011411412,6.008325578391174,0.5466177982833718
59294.225643643644,6.003300351763631,0.5509185845302964
59299.121173173175,5.998285479679892,0.5551685544512465
59304.016702702706,5.9932809408042935,0.5593689378313412
59308.91223223224,5.988286713845128,0.5635209141880155
59313.80776176177,5.9833027775545595,0.5676256156507795
59318.7032912913,5.978329110728535,0.5716841296310728
59323.59882082082,5.973365692206697,0.5756975013007566
59328.49435035035,5.96841250087227,0.5796667358957207
59333.389879879884,5.96346951565201,0.583592800859446
59338.285409409415,5.958536715516087,0.5874766278400543
59343.18093893894,5.9536140794780135,0.5913191145528298
59348.07646846847,5.94870158659452,0.5951211265192241
59352.971997998,5.943799215965515,0.5988834986921405
59357.86752752753,5.938906946733963,0.6026070369766157
59362.76305705706,5.934024758085805,0.6062925196538956
59367.65858658659,5.929152629249869,0.6099406987164229
59372.554116116116,5.924290539497792,0.6135523011204227
59377.44964564565,5.919438468143898,0.617128029962254
59382.34517517518,5.914596394545156,0.6206685655840983
59387.24070470471,5.909764298101065,0.6241745666142074
59392.13623423424,5.904942158253569,0.6276466709462978
59397.03176376376,5.900129954486978,0.6310854966624446
59401.927293293294,5.89532766632786,0.6344916429034869
59406.822822822825,5.890535273344984,0.6378656906903861
59411.718352352356,5.8857527551492135,0.641208203700055
59416.61388188189,5.880980091393422,0.6445197289986496
59421.50941141142,5.87621726177241,0.6478007977351251
59426.40494094094,5.871464246022825,0.6510519257976928
59431.30047047047,5.866721023923043,0.6542736144356
59436.196,5.861987575293133,0.6574663508483864
