-197.698849,4.105892881276782,1.1359208621101087
-195.97848193110949,4.099425860814255,1.1337503036752516
-194.258114862219,4.092916991780053,1.1315473176118942
-192.5377477933285,4.086366003369108,1.1293113464338236
-190.81738072443798,4.079772623023327,1.127041820582992
-189.0970136555475,4.073136576419776,1.124738158078777
-187.376646586657,4.0664575874666395,1.122399764153675
-185.6562795177665,4.059735378275731,1.1200260308747736
-183.935912448876,4.05296966916763,1.1176163367502998
-182.21554537998549,4.0461601786511245,1.1151700463204934
-180.495178311095,4.039306623412278,1.1126865097320195
-178.7748112422045,4.032408718307589,1.1101650622950845
-177.05444417331398,4.0254661763433255,1.1076050240223605
-175.3340771044235,4.018478708673531,1.1050056991487829
-173.613710035533,4.011446024579188,1.1023663756312034
-171.89334296664248,4.004367831458722,1.0996863246268473
-170.172975897752,3.9972438348225827,1.0969647999494256
-168.4526088288615,3.9900737382758136,1.094201037501701
-166.73224175997098,3.982857243496295,1.0913942546832167
-165.0118746910805,3.975594050240101,1.0885436497718146
-163.29150762218998,3.968283856321083,1.0856484012774759
-161.57114055329947,3.9609263575909512,1.0827076672669265
-159.850773484409,3.9535212479374273,1.0797205846573275
-158.13040641551848,3.9460682192657695,1.076686268477272
-156.41003934662797,3.938566961489956,1.073603811093174
-154.6896722777375,3.9310171625150825,1.0704722813990057
-152.96930520884698,3.9234185082276687,1.06729072396719
-151.2489381399565,3.915770682481977,1.0640581581583008
-149.52857107106598,3.908073367085942,1.0607735771870483
-147.8082040021755,3.900326241786656,1.0574359471418449
-146.087836933285,3.892528984260088,1.054044205955036
-144.36746986439448,3.8846812701005895,1.0505972623206745
-142.647102795504,3.8767827727953663,1.047093994556464
-140.9267357266135,3.8688331637244207,1.0435332494062377
-139.20636865772298,3.8608321121432687,1.0399138407790676
-137.4860015888325,3.8527792851582197,1.036234548420763
-135.76563451994198,3.8446743477280743,1.0324941165132089
-134.04526745105147,3.8365169626436604,1.0286912521965859
-132.324900382161,3.8283067905107115,1.02482462400914
-130.60453331327048,3.8200434897422637,1.0208928602387002
-128.88416624437997,3.811726716537706,1.0168945471796584
-127.16379917548947,3.8033561248746772,1.0128282272885853
-125.44343210659898,3.794931366487552,1.0086923972310624
-123.72306503770848,3.786452090860304,1.0044855058116513
-122.00269796881798,3.777917945205867,1.0002059517781945
-120.28233089992747,3.7693285744603253,0.9958520814908549
-118.56196383103698,3.76068362125413,0.9914221864454003
-116.84159676214648,3.751982725911658,0.9869145006392593
-115.12122969325597,3.743225526425945,0.9823271977678024
-113.40086262436547,3.73441165844945,0.9776583882370662
-111.68049555547498,3.7255407552757513,0.9729061159778065
-109.96012848658448,3.7166124478233717,0.9680683550442573
-108.23976141769397,3.7076263646298067,0.9631430059792871
-106.51939434880347,3.698582131818998,0.9581278919257822
-104.79902727991298,3.689479373105237,0.953020754461949
-103.07866021102248,3.6803177097591484,0.9478192491358952
-101.35829314213197,3.671096760607435,0.9425209406721637
-99.63792607324147,3.661816142004792,0.9371232978199086
-97.91755900435098,3.6524754678242246,0.9316236878090062
-96.19719193546047,3.6430743494473434,0.9260193703765648
-94.47682486656997,3.633612395731487,0.9203074913219582
-92.75645779767947,3.6240892130054485,0.914485075543553
-91.03609072878898,3.6145044050545634,0.9085490195046854
-89.31572365989847,3.604857573096249,0.9024960830700224
-87.59535659100797,3.59514831576967,0.8963228806460822
-85.87498952211747,3.585376229112115,0.8900258715512656
-84.15462245322696,3.5755409065531816,0.8836013495310419
-82.43425538433647,3.565641938887581,0.8770454313227509
-80.71388831544597,3.5556789142657452,0.870354044161538
-78.99352124655547,3.5456514181669307,0.8635229121039306
-77.27315417766496,3.535559033392839,0.8565475410280886
-75.55278710877447,3.5254013400436524,0.8494232021493924
-73.83242003988397,3.5151779155015195,0.8421449138661234
-72.11205297099346,3.504888334419306,0.834707421721969
-70.39168590210296,3.494532168686332,0.8271051762389637
-68.67131883321247,3.4841089874348175,0.8193323083353119
-66.95095176432196,3.4736183569989407,0.8113826019959798
-65.23058469543147,3.4630598409109994,0.803249463808376
-63.510217626540964,3.4524329998777876,0.7949258889088352
-61.78985055765045,3.441737391762421,0.7864044228054393
-60.06948348875997,3.43097257156895,0.777677118445695
-58.34911641986946,3.420138091421305,0.7687354877796232
-56.62874935097895,3.40923350054448,0.7595704469246484
-54.90838228208847,3.3982583452441313,0.7501722538614265
-53.18801521319796,3.3872121688975287,0.7405304373706268
-51.467648144307475,3.376094511917382,0.730633715647968
-49.747281075416964,3.364904911750709,0.7204699026933252
-48.026914006526454,3.353642902848298,0.7100258001388358
-46.30654693763597,3.342308016641467,0.6992870716333965
-44.58617986874546,3.3308997815440864,0.6882380961993906
-42.86581279985495,3.3194177229043467,0.676861796070939
-41.14544573096447,3.3078613630064098,0.6651394333406503
-39.42507866207396,3.296230221039939,0.6530503681846188
-37.70471159318345,3.284523813089714,0.6405717693623223
-35.984344524292965,3.272741652097593,0.6276782648963884
-34.263977455402454,3.260883247862877,0.6143415170304471
-32.54361038651194,3.2489481070098085,0.6005297003014902
-30.82324331762146,3.236935732967868,0.5862068541812506
-29.10287624873095,3.224845625958884,0.5713320712148624
-27.38250917984047,3.2126772829629857,0.55585846630299
-25.662142110949958,3.200430197716588,0.5397318501414394
-23.941775042059447,3.188103860662701,0.5228889955628698
-22.221407973168965,3.1756977589650868,0.5052553323283697
-20.501040904278454,3.163211376456612,0.4867418209833502
-18.780673835387944,3.150644193634256,0.46724061637336933
-17.06030676649746,3.137995687633773,0.44661889190915144
-15.339939697606951,3.1252653322087514,0.42470976800308907
-13.61957262871644,3.112452597703636,0.40129848470634744
-11.899205559825958,3.0995569510364747,0.37610035454369983
-10.178838490935448,3.0865778556783776,0.3487235804162159
-8.458471422044965,3.0735147716258333,0.3186018643543962
-6.738104353154455,3.060367155381147,0.2848599106507955
-5.017737284263944,3.0471344599319536,0.24600570926986257
-3.297370215373462,3.0338161347204147,0.199059378428699
-1.5770031464829515,3.020411625635199,0.1358645385843973
0.14336392240755913,3.0005522503872357,0.03652466210401228
1.8637309912980413,2.9250636697907515,0.1294893088772073
3.584098060188552,2.8483683790497865,0.15376267235203694
5.3044651290790625,2.771579188770508,0.14564505544823023
7.024832197969545,2.6946929040923298,0.09734292437936976
8.745199266860055,2.632684714605684,0.08436047601715418
10.465566335750566,2.5903610025930233,0.14181826665053618
12.185933404641048,2.5479326564974523,0.1541768010262745
13.906300473531559,2.505397911064058,0.13450462579624495
15.626667542422041,2.4628030710814564,0.055698199139549195
17.34703461131255,2.475786684274327,0.11218027419967941
19.067401680203062,2.504595323271617,0.14964391735742444
20.787768749093544,2.533295759857801,0.15118626463823612
22.508135817984055,2.5618891881333146,0.11822201562002797
24.228502886874566,2.6020228053644554,0.039923066221105835
25.948869955765048,2.7160500363888653,0.1308164682625999
27.66923702465556,2.8307493272707434,0.15394037197997726
29.38960409354607,2.945353985563877,0.14481844192760546
31.10997116243655,3.0598687794610875,0.09453424676524101
32.83033823132706,3.1373201196329643,0.08965471942689718
34.550705300217544,3.1735466674464674,0.14355375399211487
36.271072369108055,3.2096928449505695,0.15461510021229788
37.991439437998565,3.2457601560297493,0.13391401865388544
39.71180650688905,3.281509154517797,0.05294796341717406
41.43217357577956,3.24670757607674,0.11634768474783173
43.15254064467007,3.196101575640281,0.15110182873302444
44.87290771356055,3.14541614330265,0.15118089621823377
46.59327478245106,3.0946491702776537,0.11665543248597011
48.31364185134157,3.061661107455226,0.050127440309850585
50.034008920232054,3.1141822360627094,0.13326139437265103
51.754375989122565,3.1670015679901082,0.154553721035328
53.474743058013075,3.2197402572955403,0.14403439118475092
55.19511012690356,3.2724004982043677,0.09129751352261385
56.91547719579407,3.3270158471646676,0.0942089597345753
58.63584426468458,3.3834636743542017,0.14499286791343136
60.35621133357506,3.439839864943533,0.15469742115395563
62.07657840246554,3.4961467645131297,0.13266835799498353
63.79694547135608,3.5522298407238493,0.04831101422062184
65.51731254024656,3.589992334109326,0.11947466770683277
67.23767960913705,3.624595927192143,0.15221159644298682
68.95804667802759,3.659137916127157,0.15116853847157935
70.67841374691807,3.6936197380634566,0.11543315968844826
72.39878081580855,3.7377220339201713,0.060455026664576
74.11914788469909,3.817720674300001,0.1359822410232659
75.83951495358957,3.897712874404473,0.15553767574856017
77.55988202248005,3.977654833547333,0.14393050286956496
79.28024909137059,4.057549877766586,0.08979228599587591
81.00061616026107,4.067451088744597,0.10007719564438841
82.72098322915156,4.021982940678281,0.14701514606409039
84.4413502980421,3.9764697219812843,0.15507751674717943
86.16171736693258,3.930909539057119,0.1316153467961135
87.88208443582306,3.885209346565358,0.04540955312675388
89.60245150471354,3.8341702792245487,0.122553698163846
91.32281857360408,3.7824187532896385,0.15307126210825633
93.04318564249456,3.730612189520367,0.15050637637001277
94.76355271138505,3.6787484324747997,0.11262039550081482
96.48391978027558,3.627141034384561,0.0662155014812581
98.20428684916607,3.57640177037395,0.13731287967490577
99.92465391805655,3.5255990334653227,0.15525083714980675
101.64502098694709,3.474730573588061,0.14186231020009038
103.36538805583757,3.423794274333951,0.08318919860188137
105.08575512472805,3.3327770956548104,0.10158235607498302
106.80612219361859,3.2151093404629614,0.14700584491181118
108.52648926250907,3.097362944202442,0.15372027151491002
110.24685633139956,2.9795330079690734,0.12797234630519397
111.9672234002901,2.865824324176737,0.031674670803409716
113.68759046918058,2.8909796119071145,0.12284062221274665
115.40795753807106,2.9282742011356735,0.152534630626089
117.1283246069616,2.9654782153568173,0.14882333521109195
118.84869167585208,3.0025932024606488,0.10832519107573903
120.56905874474256,3.0066038286827528,0.06935622021135363
122.2894258136331,2.9319564819895576,0.13788336340134283
124.00979288252358,2.8572187134900413,0.15462051426341508
125.73015995141407,2.7823874136823674,0.13963575697393438
127.4505270203046,2.707459469157058,0.07604611537366351
129.1708940891951,2.6876869127711376,0.10327147212744475
130.89126115808557,2.698440053780627,0.1472897294018439
132.6116282269761,2.709093057398925,0.15298054554637805
134.3319952958666,2.7196463668511086,0.12566475290671617
136.05236236475707,2.7332791412385493,0.027434709880664772
137.77272943364756,2.811737369511523,0.12480541417456018
139.4930965025381,2.893934029229687,0.15293130656730738
141.21346357142858,2.9760386851986005,0.14798633355713064
142.93383064031906,3.0580547534260587,0.10541373220459703
144.6541977092096,3.129460111108551,0.07508716793424206
146.37456477810008,3.180204150935176,0.1394970829948238
148.09493184699056,3.230868097447218,0.15496193555043625
149.8152989158811,3.2814540585468404,0.13892493138652304
151.53566598477158,3.3319641388811387,0.07293460818067246
153.25603305366207,3.2819843139030187,0.10769072822699238
154.9764001225526,3.1859435075446445,0.148727187406917
156.6967671914431,3.089822846661822,0.15285516250240055
158.41713426033357,2.9936183320860317,0.12382355761480217
160.1375013292241,2.9013739029632437,0.030100954378492095
161.8578683981146,2.863246144183603,0.1270449676137649
163.57823546700507,2.827059315675781,0.15330323157790188
165.2986025358956,2.7907777010554056,0.14680739278337224
167.0189696047861,2.75439979080461,0.10144796029573482
168.73933667367658,2.7275848643689486,0.0789644723902577
170.45970374256711,2.716372972240334,0.14036663276213454
172.1800708114576,2.7050616888316985,0.15441991635302707
173.90043788034808,2.6936505435329847,0.1366171082563758
175.62080494923862,2.6821392145492995,0.06448830738614143
177.3411720181291,2.677616936114598,0.11337253680466328
179.06153908701958,2.6756373962449,0.16569822874999018
180.78190615591006,2.6735567702680587,0.19059864066693188
182.5022732248006,2.671374971610129,0.19867215467893345
184.2226402936911,2.669091909508444,0.19205409578431604
185.94300736258157,2.6667074889706868,0.16902622123500385
187.6633744314721,2.664221610787133,0.12051765230112023
189.3837415003626,2.6429005163800396,0.08722877078390319
191.10410856925307,2.580800652442556,0.144418224886776
192.8244756381436,2.518595756646673,0.1590101175871803
194.5448427070341,2.456283240941152,0.14454195500661338
196.26520977592457,2.393860512773677,0.08763772337438433
197.9855768448151,2.3064300143732774,0.11372942369791021
199.7059439137056,2.2062196667522334,0.1523109634461745
201.42631098259608,2.1058887026318627,0.15679317258848097
203.14667805148662,2.0054329476818147,0.13073262998804136
204.8670451203771,1.9108697393103116,0.049386528640529004
206.58741218926758,1.9496660610075747,0.13160842539596943
208.30777925815812,1.9928634597039587,0.15681330230216503
210.0281463270486,2.035931365089464,0.151514613382292
211.74851339593909,2.078871569031061,0.1114419338095743
213.46888046482962,2.0940170035869845,0.0882972810576527
215.1892475337201,2.059383349546989,0.1444166955748738
216.9096146026106,2.0246229697936897,0.1581205898526857
218.62998167150113,1.9897344181018024,0.14224948769716506
220.3503487403916,1.9547162429180043,0.08095539529742751
222.0707158092821,1.947577700399695,0.1151028759002439
223.79108287817257,1.952009317438733,0.1525071009188043
225.5114499470631,1.9563097414164763,0.15603426625957878
227.2318170159536,1.9604791512440545,0.12850557344100064
228.95218408484408,1.9692658707465491,0.050567231587968726
230.67255115373462,2.042309198103009,0.1333654837954216
232.3929182226251,2.1162648068357828,0.1572731857139778
234.11328529151558,2.1900960564428376,0.15098891722013114
235.83365236040612,2.2638060187164477,0.10942771315858216
237.5540194292966,2.2964142637684315,0.09358076219175933
239.27438649818708,2.267519975291366,0.1461806406085782
240.99475356707762,2.238507620740003,0.15846388405126605
242.7151206359681,2.209375993045527,0.141364954618942
244.4354877048586,2.180123880171952,0.0773800362589521
246.15585477374913,2.084531763784511,0.1183862746815228
247.8762218426396,1.9664880252695314,0.15343326050807446
249.5965889115301,1.8483136960797282,0.1553870290628074
251.31695598042063,1.7300038595096865,0.12579944578389146
253.0373230493111,1.6227504514445137,0.05231168785019211
254.7576901182016,1.6159516212563227,0.13443157771144448
256.47805718709213,1.6094976225763498,0.1569054175655528
258.1984242559826,1.6028981804303895,0.1490027242492326
259.9187913248731,1.5961530202385101,0.1040141916920621
261.63915839376364,1.6032271317155566,0.09459200995174968
263.3595254626541,1.627724695053415,0.14614700787283522
265.0798925315446,1.6520775732683468,0.1575068868441356
266.8002596004351,1.676286779585475,0.138912335310176
268.5206266693256,1.7003533212360682,0.06944554061189379
270.2409937382161,1.645170645246099,0.1196261172709717
271.9613608071066,1.568861448776036,0.15345166737828925
273.6817278759971,1.4924051181527411,0.15427084625144782
275.4020949448876,1.4157984723642194,0.12274644284484545
277.1224620137781,1.3687127359822666,0.05599631658362706
278.84282908266863,1.506845564680062,0.1356028290688259
280.5631961515591,1.6448518996892831,0.15710455381549057
282.2835632204496,1.7827142621602245,0.14836906083733578
284.00393028934013,1.9204383879406146,0.10189354890256018
285.7242973582306,2.0103821774267128,0.09958846347567932
287.4446644271211,2.0496773069425904,0.14792764975448391
289.16503149601164,2.0888453069147808,0.15795829676574294
290.8853985649021,2.1278878069581038,0.13828620520825763
292.6057656337926,2.1668064314574425,0.06632022908578565
294.32613270268314,2.196985839435325,0.12331048772352453
296.0464997715736,2.225315115250427,0.15509445711663047
297.7668668404641,2.253524569047325,0.15504826920983647
299.48723390935464,2.281615374489868,0.12313610140222973
301.2076009782451,2.2900145820043445,0.06958785611497302
302.9279680471356,2.209351321409193,0.1391816385895116
304.64833511602615,2.1285675746044714,0.15817062343003685
306.36870218491663,2.047659980539776,0.14758950574179364
308.0890692538071,1.9666251730013005,0.09831143554106272
309.8094363226976,2.019845658823522,0.10285639988879426
311.52980339158813,2.193128677869646,0.1490980016048121
313.2501704604786,2.366290535760749,0.1581907911761131
314.97053752936915,2.539338436984176,0.13770345310420498
316.69090459825964,2.712238745199773,0.06382484092308245
318.4112716671501,2.838674249332334,0.12701208313113996
320.1316387360406,2.9583626597398096,0.15678685091573255
321.8520058049311,3.077961746987623,0.15587192569262248
323.5723728738217,3.197476487069233,0.12358739195978743
325.29273994271216,3.2699690024821564,0.08069124011514833
327.01310701160264,3.1787160320104917,0.14277586925227456
328.7334740804931,3.0873829063102303,0.15978908872857675
330.4538411493836,2.995965825406135,0.14817133671600335
332.1742082182741,2.90446098584172,0.09823914621961423
333.89457528716457,2.8985565300010623,0.10912754129688046
335.61494235605517,2.957102942727327,0.1515724993596167
337.33530942494565,3.0155599798727177,0.1590771725711781
339.05567649383613,3.073930073582237,0.1374888398048929
340.7760435627266,3.1336048542595343,0.06357916373273656
342.4964106316171,3.373728705315787,0.13073399928389146
344.2167777005076,3.6315672272196924,0.15854173397385574
345.9371447693982,3.88934443502348,0.15677232379587744
347.65751183828866,4.147071053701358,0.1241673306819675
349.37787890717914,4.373292777443021,0.09036524830886679
351.0982459760696,4.512390127197487,0.14658314937903233
352.8186130449601,4.6514628099975655,0.16226925638432937
354.5389801138506,4.79051661204033,0.1506677139666705
356.2593471827412,4.9295573187332025,0.10292891170200319
357.97971425163166,5.186798358218086,0.10167742883493999
359.70008132052214,5.51869916245973,0.07566047521982756
361.4204483894126,5.532022525689084,0.10926872031760418
363.1408154583031,5.422067398562796,0.12310339472694916
364.8611825271936,5.319627823110203,0.07159531417258812
366.5815495960842,5.574728232094533,0.10514722305764179
368.30191666497467,5.8381890948718,0.0596141783758214
370.02228373386515,5.9588318462582786,0.1351608635754916
371.74265080275563,6.076008053848796,0.15822914145162167
373.4630178716461,6.193224649692793,0.1516868337652543
375.1833849405366,6.310486510672801,0.11038761074712997
376.9037520094271,6.4056903994342385,0.09753897966977337
378.6241190783177,6.469911169248961,0.1479485968745558
380.34448614720816,6.534188715894652,0.15980382745668825
382.06485321609864,6.5985257136723305,0.14303806349027706
383.7852202849891,6.662917402196401,0.08166044260156512
385.5055873538796,6.710068392483423,0.12265040807969771
387.2259544227701,6.75191339012316,0.1559954562654913
388.9463214916607,6.79382689746035,0.15799005382302153
390.66668856055117,6.835810658329832,0.13008478398277337
392.38705562944165,6.854042396853096,0.07158576041606336
394.10742269833213,6.704002982524457,0.13936950084146038
395.8277897672226,6.551785212281125,0.15959533008456636
397.5481568361131,6.399627625275161,0.15104391110464982
399.2685239050037,6.247523890914621,0.10702428119789176
400.9888909738942,6.196276397951588,0.10056085643857765
402.70925804278465,6.264131243958167,0.14881111357684723
404.42962511167514,6.3320343052055,0.1594591051657518
406.1499921805656,6.399988406829676,0.14128130880090703
407.8703592494561,6.467757702776541,0.07625213056128088
409.5907263183467,6.430527658337051,0.12442845705239199
411.3110933872372,6.367713838727921,0.15601588181928905
413.03146045612766,6.304952543983509,0.15635834933550372
414.75182752501814,6.242241162865972,0.12571154604638587
416.4721945939086,6.191510293328891,0.06986825131054664
418.1925616627991,6.203710170662095,0.13916039179114462
419.9129287316896,6.216343936752503,0.15897545597873083
421.6332958005802,6.2290239298609045,0.14967099606979817
423.35366286947067,6.241750677546929,0.10368110286592194
425.07402993836115,6.207098287979277,0.10380362012494183
426.79439700725163,6.12525640841613,0.14955953081507498
428.5147640761421,6.043456966127279,0.15857123911369642
430.2351311450326,5.9616965577952765,0.13822448236114057
431.9554982139232,5.880741237080974,0.06682378544998428
433.6758652828137,5.919366328270439,0.12464141676439597
435.39623235170416,5.98041245868006,0.15570120650015304
437.11659942059464,6.04149500004039,0.15534733284040547
438.8369664894851,6.102616493737917,0.12330956491490666
440.5573335583756,6.145702748704514,0.07439833136379091
442.2777006272662,6.115643984126648,0.1406193548845875
443.9980676961567,6.085470764061088,0.1590022404360934
445.71843476504716,6.055338325953663,0.14829941290104087
447.43880183393765,6.025245416136599,0.09953022560705323
449.1591689028281,6.01045905665239,0.10631510457698974
450.8795359717186,6.008533393273625,0.1503199163284826
452.5999030406092,6.00664531083599,0.1583299499613206
454.3202701094997,6.0047947307892136,0.13682178313374044
456.04063717839017,6.001844390760173,0.06347084290666838
457.76100424728065,5.91633987685343,0.1270516461452541
459.48137131617113,5.819352888149747,0.15601685121476544
461.2017383850616,5.72239560943092,0.15385839635640822
462.9221054539522,5.625464006720834,0.11889261656808957
464.6424725228427,5.5289751968837955,0.07499208567232807
466.3628395917332,5.433845820413065,0.1404354811166309
468.08320666062366,5.3387306315659275,0.15774983504473447
469.80357372951414,5.243625156124548,0.14526457548378435
471.5239407984046,5.148525437182712,0.09149783626049374
473.2443078672951,5.132255611355208,0.10580551496764254
474.9646749361857,5.171670638995369,0.14953198286886238
476.6850420050762,5.2110884294233655,0.15670467754930167
478.40540907396667,5.250510622641425,0.13335965938151068
480.12577614285715,5.289569383989751,0.05438774685506825
481.84614321174763,5.313954192817412,0.12735349378824457
483.5665102806381,5.336880318249409,0.15559884787076964
485.2868773495287,5.359816080113191,0.1524914081899073
487.0072444184192,5.382762432666972,0.11552764772761902
488.7276114873097,5.3764627769097,0.07866778035316305
490.44797855620016,5.2953281361063755,0.1414022527241134
492.16834562509064,5.214201162435753,0.15756491618390295
493.8887126939811,5.133078721057806,0.14382506942764
495.6090797628717,5.051957436822385,0.08701006410951227
497.3294468317622,4.948437335145789,0.1085469133428383
499.0498139006527,4.831674837238445,0.15001773215862108
500.77018096954316,4.714900956400927,0.1555117596734966
502.49054803843364,4.598110834190549,0.1296860596121845
504.2109151073241,4.48792646116572,0.04445988558135563
505.9312821762147,4.5365814301338885,0.12737874285029446
507.6516492451052,4.5960642318329485,0.15487304346116396
509.3720163139957,4.655525847887999,0.15058761173055724
511.09238338288617,4.714968752235079,0.11089650095162941
512.8127504517767,4.781657580929155,0.0804604957854634
514.5331175206671,4.863516250912515,0.14178264930209913
516.2534845895576,4.945364862742378,0.15721397715907537
517.9738516584482,5.027206821779956,0.1425356241839501
519.6942187273387,5.1090455330999145,0.08307885439521658
521.4145857962292,5.195503367888766,0.11190691464199569
523.1349528651197,5.284229157071083,0.1514339010766429
524.8553199340101,5.372962392100871,0.15617462066783433
526.5756870029006,5.461706764781563,0.12999329780734503
528.2960540717912,5.5453057048742265,0.05348371397017226
530.0164211406817,5.549330426167622,0.13176228862275569
531.7367882095722,5.549851431290354,0.15680337250897297
533.4571552784627,5.550390933638167,0.15133985286355803
535.1775223473531,5.550948955642731,0.11095215556369518
536.8978894162436,5.5968987806836425,0.09116533794643261
538.6182564851342,5.721445919113342,0.15682654834326296
540.3386235540247,5.846018694045492,0.1881426217812627
542.0589906229152,5.9706222883927556,0.2017973149757217
543.7793576918057,6.095261886374825,0.20141743468122073
545.4997247606962,6.219942673693007,0.18691736309290913
547.2200918295866,6.344669837758298,0.15436506118099877
548.9404588984772,6.464234919517932,0.08871934348063469
550.6608259673677,6.297329038351749,0.14255450963370467
552.3811930362582,6.110607574615642,0.16452835941765578
554.1015601051487,5.923927938675646,0.16026901860284395
555.8219271740392,5.737282363617054,0.1271663862672401
557.5422942429296,5.592089542074223,0.10041757386967941
559.2626613118201,5.543356133382089,0.15057684431818802
560.9830283807107,5.494640951672167,0.16424408418661798
562.7033954496012,5.445941970113965,0.15163312519335068
564.4237625184917,5.3972571625586685,0.10354795743826221
566.1441295873822,5.388478171779973,0.12336063135831943
567.8644966562726,5.401382557276961,0.15823017994968575
569.5848637251631,5.414299262866882,0.16300354698665462
571.3052307940537,5.427228825937515,0.14077712885442362
573.0255978629442,5.44034720987876,0.07801013486055318
574.7459649318347,5.458230555504537,0.14052622414833352
576.4663320007252,5.476327134880378,0.16321112319116515
578.1866990696157,5.494439152454909,0.15899124772001255
579.9070661385061,5.512567361779995,0.12517360643836076
581.6274332073967,5.461793912120861,0.10456593203352968
583.3478002762872,5.279020450855389,0.1517678256179795
585.0681673451777,5.096254218737086,0.16369019172243598
586.7885344140682,4.913487611667018,0.1490559558829169
588.5089014829587,4.7307130255258265,0.09644847617764335
590.2292685518491,4.6773772973198025,0.1231500494998657
591.9496356207397,4.682049206746313,0.1573550794183287
593.6700026896302,4.686703507974936,0.1609863851897673
595.3903697585207,4.691340394663582,0.13650682279968365
597.1107368274112,4.697650490534125,0.07194540669607641
598.8311038963017,4.730853642849837,0.13962433452161885
600.5514709651922,4.764622690552114,0.16174348373507338
602.2718380340826,4.798377565580081,0.15621294978252248
603.9922051029732,4.832119672324654,0.11924452015167157
605.7125721718637,4.938433165463045,0.10355130984376655
607.4329392407542,5.160436193293839,0.15157913395865077
609.1533063096447,5.382441516497931,0.16410042637993166
610.8736733785352,5.6044583717246415,0.1502720195405524
612.5940404474256,5.826495996125915,0.09966794929891948
614.3144075163162,5.872334862783328,0.13002550426506676
616.0347745852067,5.854015015045418,0.16070899708642405
617.7551416540972,5.835726319422095,0.16290646165067624
619.4755087229877,5.817468015009344,0.1379860522583236
621.1958757918782,5.807408125326304,0.08180229810775352
622.9162428607686,5.881547242051831,0.14436794150866483
624.6366099296592,5.956398601982718,0.16462341819792742
626.3569769985497,6.031285373755418,0.1587254625803351
628.0773440674402,6.106210673082668,0.12296541426531035
629.7977111363307,6.1796189843004985,0.11410296824855741
631.5180782052212,6.250989079054817,0.1561515822719133
633.2384452741117,6.322406842263658,0.16634330404162054
634.9588123430023,6.39387524529492,0.15126258236019927
636.6791794118927,6.465397261644374,0.10006668571005274
638.3995464807832,6.463578370884082,0.13457253506552624
640.1199135496737,6.440570450918224,0.1629268524039772
641.8402806185642,6.417618087043521,0.16405980475949425
643.5606476874547,6.394720324317012,0.13864057760185017
645.2810147563451,6.3510247990968,0.09007662033920913
647.0013818252357,6.160106610985063,0.1474880061726678
648.7217488941262,5.969082591736488,0.16508526064862425
650.4421159630167,5.778094512059217,0.1567910201377738
652.1624830319072,5.5871344257733035,0.11723101038852023
653.8828501007977,5.500297279583253,0.11325574902020272
655.6032171696882,5.5306236038299454,0.1550402703338785
657.3235842385787,5.560967625307679,0.1642851142470873
659.0439513074692,5.591330606496946,0.14725384885486364
660.7643183763597,5.621713810668882,0.09010490615972633
662.4846854452502,5.556061724042337,0.1329905266170838
664.2050525141407,5.469060220921495,0.16109772346609716
665.9254195830312,5.382073853655706,0.16103474548537727
667.6457866519218,5.29509900312231,0.13276149681492885
669.3661537208122,5.23292628765655,0.08626968277370335
671.0865207897027,5.295751420686476,0.14589505463411603
672.8068878585932,5.358584478960794,0.16380907840754966
674.5272549274837,5.421428076674842,0.1552015563710363
676.2476219963742,5.4842848284720676,0.11422450165461843
677.9679890652648,5.612948393228194,0.11610911269398447
679.6883561341552,5.804080828916464,0.15650647767180745
681.4087232030457,5.995242339176226,0.1653998824372178
683.1290902719362,6.186440877393305,0.14856087360949824
684.8494573408267,6.377671473849121,0.09292758819567992
686.5698244097172,6.407721730757919,0.13864187795202892
688.2901914786077,6.411679542780775,0.1642543672945968
690.0105585474982,6.415691708882635,0.16340509601846034
691.7309256163887,6.419758395979313,0.13559759842769215
693.4512926852792,6.407976034021631,0.09904396303732019
695.1716597541697,6.335705276855565,0.15087002970199975
696.8920268230602,6.263485712806472,0.16621063119512858
698.6123938919507,6.191314337139133,0.1562150450984196
700.3327609608413,6.119188147116241,0.11442346212184105
702.0531280297317,6.097322948746813,0.1213783442331621
703.7734950986222,6.115676058343185,0.1583684113019277
705.4938621675127,6.134071206608953,0.1652124723721964
707.2142292364032,6.152509158892345,0.14620838895237157
708.9345963052937,6.170479293580631,0.08646531762331534
710.6549633741843,6.0766516903265275,0.13868388514123517
712.3753304430747,5.970235869858052,0.1630829581241771
714.0956975119652,5.863856036937032,0.16046876541588445
715.8160645808557,5.757507765582553,0.12921145290887406
717.5364316497462,5.578659440167097,0.08887505561450995
719.2567987186367,5.182887873101058,0.0969249870575046
720.9771657875273,4.981219179840218,0.08243847221826975
722.6975328564178,5.126662452785168,0.1241849695827089
724.4178999253082,5.272106615916973,0.10011948933127653
726.1382669941987,5.045192297248984,0.10110716412243491
727.8586340630892,4.5680156567073205,0.0714427059938
729.5790011319797,4.429280003796615,0.11199581246136939
731.2993682008702,4.431366819467812,0.15076238778536258
733.0197352697608,4.43342559716448,0.15432438424048636
734.7401023386512,4.4354564225354665,0.12571156218204738
736.4604694075417,4.436489417699363,0.045403734807285476
738.1808364764322,4.426668314418532,0.1307461213790049
739.9012035453227,4.416498989294113,0.1553041037555429
741.6215706142132,4.406301007594653,0.14845097277619487
743.3419376831038,4.396073945051696,0.10415940591157145
745.0623047519942,4.371629436911095,0.08693160738053246
746.7826718208847,4.325973612965994,0.1432861018882471
748.5030388897752,4.280285366094066,0.1561449241620416
750.2234059586657,4.234562795418219,0.1382343524271931
751.9437730275562,4.188824483662777,0.06868528708152413
753.6641400964468,4.262972779783629,0.11411903398254122
755.3845071653373,4.377383721259752,0.15141906865445567
757.1048742342277,4.491764378768256,0.1540939409332097
758.8252413031182,4.606119511163553,0.12439821043983759
760.5456083720087,4.717571539650045,0.05255749643677608
762.2659754408992,4.806253591866571,0.13349275224838142
763.9863425097898,4.894542459983038,0.15641397428196316
765.7067095786803,4.9828225607891845,0.14865164796543132
767.4270766475707,5.071097567257455,0.10351745787105607
769.1474437164612,5.143460476420195,0.09420244177781834
770.8678107853517,5.19587311365226,0.1460036963372517
772.5881778542422,5.248289520638686,0.15745318284419457
774.3085449231327,5.300711878180512,0.1389170781281312
776.0289119920233,5.353120611640872,0.0698551167415692
777.7492790609138,5.390094568620159,0.11983899080411857
779.4696461298042,5.422970209541888,0.15378166273371205
781.1900131986947,5.455859068709019,0.15492887561032315
782.9103802675852,5.488762514487074,0.12419304638881372
784.6307473364757,5.500902204857638,0.06280076486327263
786.3511144053663,5.392191451193016,0.13667004560296778
788.0714814742568,5.282492364579495,0.15727458954445128
789.7918485431472,5.172800651547374,0.14775933595351243
791.5122156120377,5.063111748322161,0.09985385750513869
793.2325826809282,5.096624578412001,0.09757168566091776
794.9529497498187,5.281490818155801,0.14719164585126182
796.6733168187093,5.466364389818386,0.1577476069315944
798.3936838875998,5.651252985178283,0.13848303218160385
800.1140509564902,5.835413925382235,0.06853539010446201
801.8344180253807,5.858766309644663,0.12384076801063575
803.5547850942712,5.8490104984842946,0.15534094143980373
805.2751521631617,5.839285631218739,0.1551806559319011
806.9955192320523,5.829591303249092,0.12323640372203207
808.7158863009428,5.836840887010959,0.07073568031099173
810.4362533698333,5.9189803711690505,0.13951233311124628
812.1566204387237,6.001396588965271,0.15881383797461235
813.8769875076142,6.083850090775979,0.14891121958866205
815.5973545765047,6.166344307122525,0.10159395902498411
817.3177216453952,6.214279689079774,0.1060464237765909
819.0380887142858,6.231412405129112,0.15043314626455132
820.7584557831763,6.248591975130651,0.15887006956240238
822.4788228520667,6.265819113849957,0.13811220371014482
824.1991899209572,6.282978374445065,0.06710008541732637
825.9195569898477,6.289424694505494,0.1272491164484871
827.6399240587383,6.294250403027581,0.1566170451170406
829.3602911276288,6.299125579903898,0.15521044908920711
831.0806581965193,6.304050427981153,0.12196892512699985
832.8010252654097,6.30349912396754,0.07773778311331793
834.5213923343002,6.283901577163639,0.1417164180992612
836.2417594031907,6.264337936143652,0.15928685283251448
837.9621264720812,6.244822518963231,0.1479405814402919
839.6824935409717,6.225354513676373,0.09810864120219545
841.4028606098622,6.217696859462022,0.10911780292410876
843.1232276787526,6.218917012940524,0.15138700245464212
844.8435947476434,6.220183500483747,0.15860020455566146
846.5639618165338,6.221496374797273,0.13643704833312226
848.2843288854243,6.224109172119833,0.06347434450805534
850.0046959543148,6.287435504363698,0.12936428855935223
851.7250630232053,6.357655693671653,0.15728338571806533
853.4454300920958,6.427927989347561,0.15488640413116658
855.1657971609862,6.498255315132015,0.12037524209901691
856.8861642298767,6.550849849375483,0.08395579460315393
858.6065312987672,6.554471985957807,0.1437713860621429
860.3268983676577,6.558152268661418,0.15992089856872294
862.0472654365482,6.561892999527094,0.14751815297576895
863.7676325054387,6.5656943341779,0.09607451189455993
865.4879995743291,6.524506306263518,0.11330653025814381
867.2083666432198,6.4550194166271755,0.1528209632680037
868.9287337121103,6.385588684244543,0.15851259423600045
870.6491007810008,6.316211220401327,0.13473919939499743
872.3694678498913,6.248797377682347,0.0609346783005701
874.0898349187818,6.235677752566614,0.13126786382057082
875.8102019876723,6.226862647479386,0.1575944357992221
877.5305690565627,6.218094207056545,0.15384616259332232
879.2509361254532,6.2093720664682435,0.11717066375151619
880.9713031943437,6.221897968969839,0.08722451320460292
882.6916702632342,6.28194950060548,0.14467279031234417
884.4120373321247,6.342049988816606,0.15970878114441775
886.1324044010152,6.40220193412394,0.14607844785141266
887.8527714699059,6.46240783917825,0.09179094214878428
889.5731385387963,6.528545394812715,0.11582719382112218
891.2935056076868,6.597820212219542,0.15383851223014522
893.0138726765773,6.66715712819582,0.1588232793386563
894.7342397454678,6.736559027529317,0.1345058989491428
896.4546068143583,6.804295599145866,0.06565926017663615
898.1749738832488,6.841107639265705,0.14275582558426905
899.8953409521392,6.876386165434127,0.18147709086189667
901.6157080210297,6.911738380054652,0.2002096769509933
903.3360750899202,6.947165753977812,0.20452470847869705
905.0564421588107,6.982669761184719,0.19538052630142877
906.7768092277012,7.018251878838409,0.1706249899721875
908.4971762965916,7.053913587350033,0.12102421204804936
910.2175433654824,7.0809528530623265,0.12884226052821174
911.9379104343728,7.102041898582944,0.16218623373356755
913.6582775032633,7.123214021100095,0.16770526933143598
915.3786445721538,7.144470101487017,0.14853511352466067
917.0990116410443,7.165916509450542,0.09248648885065816
918.8193787099348,7.195429128962067,0.14408789326121724
920.5397457788252,7.2256743632827245,0.1667092509000973
922.2601128477157,7.256007818403665,0.16412104537802277
923.9804799166062,7.286430756347656,0.13487923518462205
925.7008469854967,7.272612342485832,0.1096421220999024
927.4212140543872,7.148013626581548,0.15523071107278189
929.1415811232777,7.023499900354244,0.16805882140082765
930.8619481921684,6.8990659833346175,0.15640865226375586
932.5823152610589,6.77470669836917,0.11294087708681697
934.3026823299493,6.78573262185798,0.12899966062846815
936.0230493988398,6.875234406040921,0.1619092562395419
937.7434164677303,6.964809830758931,0.16687005436107585
939.4637835366208,7.0544626228553025,0.14674538234802428
941.1841506055113,7.142286214397371,0.09098475183823015
942.9045176744017,7.165682831998589,0.14547382880528487
944.6248847432922,7.185906143024256,0.16688343885688955
946.3452518121827,7.206216020263774,0.16318985566477134
948.0656188810732,7.226613308718286,0.13230635832283064
949.7859859499637,7.231785790800963,0.11199493961460512
951.5063530188542,7.205694704943234,0.15617399232661847
953.2267200877449,7.179691008615206,0.16832544698742707
954.9470871566353,7.153773619910224,0.15611836344716878
956.6674542255258,7.127941460524262,0.11183970073357018
958.3878212944163,7.167983438667589,0.1326145819952569
960.1081883633068,7.239693600267886,0.16341347139265272
961.8285554321973,7.311492565935867,0.16713971039772021
963.5489225010878,7.38338332291145,0.14588349057807343
965.2692895699782,7.4539216870056215,0.09233277181303512
966.9896566388687,7.497202314894858,0.1476755648152144
968.7100237077592,7.539819941487981,0.16788194560513175
970.4303907766497,7.5825388590727325,0.16346187858275446
972.1507578455402,7.625360845002529,0.13196265749896183
973.8711249144309,7.654214974419633,0.11722256013876452
975.5914919833214,7.659280829355978,0.15854237607939148
977.3118590522118,7.664452945533405,0.1695105133339773
979.0322261211023,7.669731538135034,0.15664008035714502
980.7525931899928,7.675116826778975,0.1119905725725877
982.4729602588833,7.743163038457815,0.13703082282269285
984.1933273277738,7.835867970898127,0.16580550850637943
985.9136943966643,7.928686511588209,0.1687628380367754
987.6340614655547,8.021622522285499,0.14746490301570284
989.3544285344452,8.10804588448507,0.10006781381795529
991.0747956033357,8.115661591883434,0.15205266573937729
992.7951626722262,8.122449858700778,0.17009101966460352
994.5155297411167,8.129363657168806,0.16450110394058168
996.2358968100074,8.136403274951778,0.13232035584197074
997.9562638788979,8.128762346231905,0.12271060143182792
999.6766309477883,8.100217119020934,0.16093704890281596
1001.3969980166788,8.07179649845853,0.17038697532862335
1003.1173650855693,8.043499302079375,0.15636935675558208
1004.8377321544598,8.015324352566116,0.11026755887867466
1006.5580992233503,8.055836099270309,0.13984408688837677
1008.2784662922408,8.118042833909806,0.16702451074792315
1009.9988333611312,8.180374916837469,0.16901379732500652
1011.7192004300217,8.242834941419789,0.14683974044823903
1013.4395674989122,8.292280968395627,0.10390328778879626
1015.1599345678027,8.236445716921288,0.1541079048683799
1016.8803016366934,8.180452196725486,0.17067859889726145
1018.6006687055839,8.124586621404102,0.16388582026083312
1020.3210357744744,8.068846666638143,0.1301191838542334
1022.0414028433648,7.961230101435884,0.12504052976457278
1023.7617699122553,7.791616689645588,0.16137108311395915
1025.4821369811457,7.622115045003959,0.16927885083621286
1027.2025040500362,7.452718115302407,0.15323079931304173
1028.9228711189267,7.283418852669151,0.10253199825314871
1030.6432381878171,7.032393303646949,0.1383618143737006
1032.3636052567076,6.761398994866054,0.16422670106519108
1034.083972325598,6.490473590435551,0.16360846089704992
1035.8043393944886,6.219605818341304,0.13614666851839335
1037.524706463379,5.982445380401442,0.08949956892422108
1039.24507353227,5.935045090086859,0.14728073810735984
1040.9654406011605,5.887679323191919,0.16486198705010766
1042.685807670051,5.840346109039764,0.15644380147080253
1044.4061747389414,5.793043478304396,0.11651922762245882
1046.126541807832,5.749064912493529,0.11623992162878498
1047.8469088767224,5.7084325103197475,0.15617091847117054
1049.567275945613,5.667825203218268,0.16442599737564179
1051.2876430145034,5.627241301696093,0.14646439274022785
1053.0080100833939,5.586679117242988,0.08738509960366497
1054.7283771522843,5.7150717156950375,0.13455830058431256
1056.4487442211748,5.874314446694825,0.16228598662744906
1058.1691112900653,6.033589174377597,0.16248493943241601
1059.8894783589558,6.19290252546043,0.13527671370263966
1061.6098454278463,6.3041923659528285,0.0963828765047114
1063.3302124967367,6.214789859607861,0.14984912839083803
1065.0505795656272,6.1254335156175586,0.1658380366531266
1066.7709466345177,6.036119616267551,0.15631051874963584
1068.4913137034082,5.946844445609249,0.11509310183923002
1070.2116807722987,5.908748975027417,0.12014383294343407
1071.9320478411892,5.914132149757127,0.15764406073093376
1073.6524149100796,5.919548977814181,0.16453818450851895
1075.3727819789701,5.924999684569573,0.14525289354185705
1077.0931490478606,5.931014292223384,0.08363699304624594
1078.813516116751,6.173325104778166,0.10779629075138977
1080.5338831856416,6.42539737986012,0.061024675186422336
1082.2542502545325,6.278269137278408,0.12134656202876737
1083.974617323423,6.108864027036006,0.11876493090660409
1085.6949843923135,5.99894904227838,0.08816526725685378
1087.415351461204,6.081835369294339,0.10049766104342622
1089.1357185300944,6.148517042791872,0.08956184949403781
1090.856085598985,6.184234110786641,0.14525442723910673
1092.5764526678754,6.219996069844175,0.15935040928414398
1094.2968197367659,6.255804407873015,0.144579225270252
1096.0171868056564,6.291660614696607,0.08734929771100955
1097.7375538745468,6.307927172555549,0.11726952709963548
1099.4579209434373,6.315473851311484,0.15391612793502277
1101.1782880123278,6.323070881436326,0.15768349146054786
1102.8986550812183,6.330718579022444,0.13143083532747685
1104.6190221501088,6.329370237637216,0.06143227725944015
1106.3393892189993,6.2127943585920375,0.13468533073368072
1108.0597562878897,6.092198498512618,0.15798845752284088
1109.7801233567802,5.971643700316017,0.1515355988417907
1111.5004904256707,5.851124948246863,0.11021733498556753
1113.2208574945612,5.779889802211295,0.0919359774925319
1114.9412245634517,5.786928582337701,0.14568933574144766
1116.6615916323422,5.7939957234100765,0.15853274295735822
1118.3819587012326,5.801091519462155,0.14203738359972354
1120.1023257701231,5.808215361627856,0.07969800784258613
1121.8226928390136,5.794738978869246,0.1179745087053549
1123.5430599079045,5.7738061771183755,0.1536033934552026
1125.263426976795,5.7529011903446845,0.1562145795443469
1126.9837940456855,5.732023148797491,0.12784794282206446
1128.704161114576,5.718538314318847,0.0592648483068177
1130.4245281834665,5.770376727682123,0.13516686376391143
1132.144895252357,5.823591974221466,0.15783620769475212
1133.8652623212474,5.87683710711614,0.15067586197402913
1135.585629390138,5.930114341648977,0.10790066814772432
1137.3059964590284,5.946278555747415,0.09668809336043498
1139.0263635279189,5.912996837966077,0.14722323863169418
1140.7467305968094,5.8797487262730055,0.15859968950687478
1142.4670976656998,5.846532837355794,0.14066522303739099
1144.1874647345903,5.813383107391637,0.07480941017281201
1145.9078318034808,5.82484407311681,0.12049776458115655
1147.6281988723713,5.849236311687301,0.1543988969409506
1149.3485659412618,5.8736595035499315,0.15590915807448544
1151.0689330101523,5.898114664856159,0.1261971784461893
1152.7893000790427,5.9204502959857015,0.06445719307879598
1154.5096671479332,5.928946857497392,0.13724727147398036
1156.2300342168237,5.937327929885148,0.15827799794438435
1157.9504012857142,5.9457436206756835,0.14976957460514911
1159.6707683546047,5.95419428000157,0.10475390141753109
1161.3911354234951,5.907486251032998,0.10021223097441283
1163.1115024923856,5.798900704577894,0.14822086307425292
1164.831869561276,5.690344017169063,0.15819374155609817
1166.552236630167,5.58181167226143,0.13860197203668795
1168.2726036990575,5.47403371252651,0.06803981339762315
1169.992970767948,5.59267551921156,0.12214754087719296
1171.7133378368385,5.7624915042763725,0.1548225687618541
1173.433704905729,5.932334833571112,0.15544779531702138
1175.1540719746195,6.102212573524367,0.12450711561806899
1176.87443904351,6.226237321906522,0.07033206513719457
1178.5948061124004,6.127565243321584,0.13920771927404493
1180.315173181291,6.027896517801178,0.15849646275106596
1182.0355402501814,5.928266178835464,0.14839952057963351
1183.7559073190719,5.828670081249006,0.10040986214770109
1185.4762743879623,5.811196830233101,0.10261507267223537
1187.1966414568528,5.87142687586216,0.1490534283031449
1188.9170085257433,5.931688798047355,0.15828682914626624
1190.6373755946338,5.991985104004722,0.13799895939356524
1192.3577426635243,6.052115558066049,0.06679666921221815
1194.0781097324148,6.087784287312523,0.12584063164975764
1195.7984768013052,6.119281441169652,0.1561543760874054
1197.5188438701957,6.150820783701652,0.15536956795497056
1199.2392109390862,6.182403627125618,0.12289167714446243
1200.9595780079767,6.199407160056314,0.07636303678141683
1202.6799450768672,6.161502015611195,0.14121881784493254
1204.4003121457577,6.123563408773406,0.15905935644460115
1206.1206792146481,6.0856671687760455,0.14785212450342985
1207.8410462835386,6.047811718913133,0.09809840783405332
1209.5614133524296,5.999482165909942,0.10691092623903396
1211.28178042132,5.942805937811147,0.15036904100155282
1213.0021474902105,5.886164556030845,0.15792245765774832
1214.722514559101,5.829555663965347,0.13570665464926204
1216.4428816279915,5.774846029805436,0.06025503083940248
1218.163248696882,5.831866039517526,0.12710806165552666
1219.8836157657724,5.9030660709074265,0.15623860182839658
1221.603982834663,5.974299295209544,0.15437451456279389
1223.3243499035534,6.045568676127397,0.12008052761489568
1225.044716972444,6.112159922671587,0.08036136454357433
1226.7650840413344,6.164754217826346,0.1425022305246604
1228.4854511102249,6.217390194485679,0.1593175166160736
1230.2058181791153,6.2700724416987885,0.14723924234621386
1231.9261852480058,6.3228031513357195,0.09590745355851522
1233.6465523168963,6.347690291606612,0.11120450825176761
1235.3669193857868,6.353943743626758,0.1520946455675841
1237.0872864546773,6.36024914758805,0.1585488521229227
1238.8076535235678,6.366606765824164,0.13557893725090647
1240.5280205924582,6.374178619643299,0.06262174370958871
1242.2483876613487,6.421109372128157,0.13098739463257258
1243.9687547302392,6.47161643752995,0.15783618406223437
1245.6891217991297,6.52218035070705,0.1547340003731916
1247.4094888680202,6.57280321540323,0.11936744026760927
1249.1298559369106,6.600938343447462,0.08781855529401436
1250.8502230058011,6.574951048672711,0.14494095313310051
1252.570590074692,6.549024900973725,0.15994841817127922
1254.2909571435825,6.523158821677522,0.14642305107994077
1256.011324212473,6.4973517346110325,0.09260578008783017
1257.7316912813635,6.450880308758951,0.11855488000324023
1259.452058350254,6.3928774743665215,0.1691390842807646
1261.1724254191445,6.334928211767316,0.1941224264808948
1262.892792488035,6.277030109962695,0.20318274987357574
1264.6131595569254,6.2191807600605316,0.19851390142801575
1266.333526625816,6.16137775520091,0.1790441900286443
1268.0538936947064,6.10361869046022,0.1386692656659299
1269.7742607635969,6.089125752328735,0.09843536508345478
1271.4946278324874,6.220796065588997,0.1506980344203817
1273.2149949013778,6.352512791097649,0.16628994222607796
1274.9353619702683,6.484281409014011,0.15658124269294926
1276.6557290391588,6.616107401641788,0.11534902656093138
1278.3760961080493,6.718609121399332,0.124758140375497
1280.0964631769398,6.799526983111517,0.16032598010453503
1281.8168302458303,6.88051533551006,0.16694617704134015
1283.5371973147207,6.961577548157161,0.14854215752401176
1285.2575643836112,7.041110990232334,0.09263097955964338
1286.9779314525017,6.942792868966576,0.14307206068656028
1288.6982985213922,6.8278956999263976,0.16583566036446112
1290.4186655902827,6.713070201873734,0.16297755151234136
1292.1390326591732,6.5983115974173865,0.13285370259070184
1293.8593997280636,6.525855806635283,0.10438248403995092
1295.5797667969546,6.56720883763621,0.15306649077774145
1297.300133865845,6.608622693589571,0.16721932892169186
1299.0205009347355,6.650099097541677,0.15650979989835695
1300.740868003626,6.69163977514722,0.11413945026675922
1302.4612350725165,6.682623373742425,0.12826726713853104
1304.181602141407,6.642420507533753,0.1612114795894846
1305.9019692102975,6.6022815955151275,0.16583344962581734
1307.622336279188,6.5622049676733365,0.14487069743168457
1309.3427033480784,6.524511725867264,0.08511050434532501
1311.063070416969,6.587276498804728,0.1423377618725844
1312.7834374858594,6.656145416399168,0.16537040231576872
1314.5038045547499,6.725078859207654,0.1625534925989637
1316.2241716236404,6.794079695240548,0.13224480596921032
1317.9445386925308,6.859261046366984,0.11006121764925328
1319.6649057614213,6.915989866863519,0.1553869443257164
1321.3852728303118,6.972794023546696,0.16807823396108745
1323.1056398992023,7.029675879793843,0.15630011396719834
1324.8260069680928,7.086637802198844,0.11261778419464334
1326.5463740369833,7.194459188633745,0.13182489380228896
1328.2667411058737,7.328431106536783,0.16352530824497152
1329.9871081747642,7.4624955204842855,0.16816952696779267
1331.7074752436547,7.596658008304956,0.148322112604768
1333.4278423125452,7.724550891000037,0.09668932353771237
1335.1482093814357,7.707494822815052,0.14909060719860967
1336.8685764503261,7.685473956294348,0.16881587456662495
1338.588943519217,7.663560440796829,0.16433746721044862
1340.3093105881076,7.641753364586021,0.1332357749306169
1342.029677656998,7.59872395815879,0.11672323962778552
1343.7500447258885,7.5171847498718645,0.1581953095923347
1345.470411794779,7.435745890832914,0.16909959695891458
1347.1907788636695,7.354403992728717,0.15598609478814374
1348.91114593256,7.273155671287337,0.11061650299949782
1350.6315130014505,7.2459392458449585,0.1343979301690949
1352.351880070341,7.241566279802971,0.1639063656252606
1354.0722471392314,7.237282195750028,0.1666437673206531
1355.792614208122,7.233086815439093,0.14414402417415714
1357.5129812770124,7.233725556284049,0.09123605023765258
1359.2333483459029,7.3001887449821385,0.14787421395734127
1360.9537154147934,7.367850623157368,0.1676070725687278
1362.6740824836838,7.435606637449746,0.16259754126887788
1364.3944495525743,7.503459606884448,0.13001537145533398
1366.1148166214648,7.60811087731949,0.11849434630408195
1367.8351836903553,7.768299741017168,0.15932125194845187
1369.5555507592458,7.9285994017474835,0.17028530136584533
1371.2759178281362,8.089016528868271,0.15774339653186845
1372.9962848970267,8.249557796623092,0.11419396875817904
1374.7166519659172,8.235892244308495,0.14097807560385647
1376.4370190348077,8.162943257418188,0.1674446552511977
1378.1573861036982,8.090121486927451,0.16893536369797768
1379.8777531725887,8.017423903054073,0.14621639737009365
1381.5981202414796,7.946510466495276,0.10033172450779504
1383.31848731037,7.890932796088265,0.15229476428553976
1385.0388543792606,7.835551098804402,0.1695161854306883
1386.759221448151,7.780282996575509,0.1628729337372444
1388.4795885170415,7.725126189950309,0.12872021598742056
1390.199955585932,7.644827503109141,0.12185292675007692
1391.9203226548225,7.53260549110413,0.15996392742276547
1393.640689723713,7.420484469929286,0.16876752793396474
1395.3610567926034,7.308459774736313,0.1533971271496541
1397.081423861494,7.1965267446674925,0.1035964978964316
1398.8017909303844,7.054704474541102,0.13778407376144206
1400.522157999275,6.904914986903732,0.16441132664669328
1402.2425250681654,6.755200374679637,0.16462221061929339
1403.9628921370559,6.605554408904371,0.13853745424328737
1405.6832592059463,6.472850586573263,0.09172126229410398
1407.4036262748368,6.447407311256009,0.14844711557558843
1409.1239933437273,6.422040984687615,0.16613411216242893
1410.8443604126178,6.396729443291366,0.15842819857922869
1412.5647274815083,6.371471633949845,0.12055282050223859
1414.2850945503988,6.332728259388761,0.11845954382791278
1416.0054616192892,6.279564500837642,0.15755897192810683
1417.7258286881797,6.226449599635577,0.1658905510801539
1419.4461957570702,6.173381345902211,0.14872003200278486
1421.1665628259607,6.12035753170314,0.09283237340318899
1422.8869298948512,6.077374451405491,0.13571871396633844
1424.607296963742,6.0364674271655305,0.1626710622045364
1426.3276640326326,5.995599146082909,0.16232100897997054
1428.048031101523,5.954767907806219,0.13445540829810923
1429.7683981704135,5.919873838623766,0.09187856191265543
1431.488765239304,5.912203123490731,0.1479578433521256
1433.2091323081945,5.9045659814236,0.16467379761248943
1434.929499377085,5.896962094673809,0.15530727121500096
1436.6498664459755,5.889391146875033,0.11357680764594835
1438.370233514866,5.935393718715741,0.10223348938586337
1440.0906005837564,6.029706757605192,0.08471678085253516
1441.810967652647,6.034375482854598,0.10608115341128417
1443.5313347215374,5.9872966262393135,0.12552022518140443
1445.251701790428,5.940369449043063,0.08133985050149369
1446.9720688593184,6.052751324566734,0.10674363399912348
1448.6924359282089,6.184136329208238,0.05828808273911593
1450.4128029970993,6.21885178990015,0.13179380062101298
1452.1331700659898,6.247343246311402,0.1575944339928029
1453.8535371348803,6.275882219492751,0.15333749996844806
1455.5739042037708,6.3044698968128845,0.11575204280568234
1457.2942712726613,6.342261584822378,0.0890184269024181
1459.0146383415517,6.398779130230412,0.14520513994469883
1460.7350054104422,6.45535049297366,0.15967016764925782
1462.4553724793327,6.511978026748222,0.14544794111792803
1464.1757395482232,6.56866408756392,0.0898077607506672
1465.8961066171137,6.623161602648039,0.11705560429041406
1467.6164736860046,6.676646340880701,0.15419659612331005
1469.336840754895,6.7301964572749995,0.15860796503260322
1471.0572078237856,6.783814179818982,0.1335736990990584
1472.777574892676,6.83308787769748,0.06551702406600725
1474.4979419615665,6.817811270416235,0.1356887676071615
1476.218309030457,6.799910110170002,0.15924884781993032
1477.9386760993475,6.782079456550507,0.15376773640794197
1479.659043168238,6.7643185677014825,0.11516996053106611
1481.3794102371285,6.769708717372599,0.09589440019501429
1483.099777306019,6.81422550775305,0.1476782594902415
1484.8201443749094,6.858813400353967,0.16050455707976377
1486.5405114438,6.903474250287493,0.14510316119566094
1488.2608785126904,6.94820957793447,0.08768019204821917
1489.9812455815809,6.887739671925026,0.12081331723762642
1491.7016126504714,6.786189021587353,0.1553316003115953
1493.4219797193618,6.684708307008378,0.1580175075407664
1495.1423467882523,6.583293306020175,0.13084677141968235
1496.8627138571428,6.491415483367368,0.06458664289571302
1498.5830809260333,6.494403581717172,0.13652213771563862
1500.3034479949238,6.499835402140079,0.158960848477225
1502.0238150638143,6.505325244414417,0.15222264032389113
1503.7441821327047,6.510873336937374,0.11111925018239767
1505.4645492015952,6.457171058748819,0.0979540137172189
1507.1849162704857,6.319563057187505,0.14781957598526152
1508.9052833393762,6.182005577132487,0.15909809866015942
1510.6256504082671,6.0444928954341,0.14135168464331116
1512.3460174771576,5.907063864683537,0.07658656646583695
1514.066384546048,5.885419997258714,0.1196564506867561
1515.7867516149386,5.900140527862372,0.15417234196351
1517.507118683829,5.9148941296639945,0.15611381699311255
1519.2274857527195,5.929681416486151,0.12698427042693866
1520.94785282161,5.944068689511657,0.06314595331161585
1522.6682198905005,5.955376068471094,0.13669505434285897
1524.388586959391,5.96667592977844,0.1581912301093721
1526.1089540282815,5.97801163052839,0.15008924331878698
1527.829321097172,5.989383642342989,0.10579257647199544
1529.5496881660624,5.920594128485954,0.09887869029091469
1531.270055234953,5.75634712063635,0.1476843607622041
1532.9904223038434,5.5921272013713335,0.15792904766704632
1534.7107893727339,5.427927538230481,0.13845669901722638
1536.4311564416244,5.263888523728065,0.0675589343330261
1538.1515235105148,5.168709643191765,0.12016766124462479
1539.8718905794053,5.0905394934142265,0.15350930216624373
1541.5922576482958,5.012368730920241,0.15391090660050624
1543.3126247171863,4.934194103366117,0.12169910152913146
1545.0329917860768,4.875841385941166,0.05930241748144252
1546.7533588549672,4.923370753896306,0.13580499689210163
1548.4737259238577,4.9715741930716275,0.15676564796048123
1550.1940929927482,5.019772069911403,0.14729579427132908
1551.9144600616387,5.067966389711555,0.09901649289530921
1553.6348271305296,5.077116254444543,0.09885809302536022
1555.35519419942,5.047063186537126,0.14729613733985433
1557.0755612683106,5.017007697049129,0.15690534849984766
1558.795928337201,4.986948535512714,0.1361720161214611
1560.5162954060916,4.957017878668697,0.06062038475937011
1562.236662474982,4.948695984861352,0.12192548917597362
1563.9570295438725,4.944469241712545,0.15390419843053538
1565.677396612763,4.940235808511726,0.1532774530556123
1567.3977636816535,4.935995509115477,0.11953333774339964
1569.118130750544,4.94716098307444,0.06543475880222034
1570.8384978194345,5.021474238853341,0.13766866939280833
1572.558864888325,5.0959274870818865,0.15719889734396028
1574.2792319572154,5.170380346756158,0.146580471021705
1575.999599026106,5.244835915536522,0.09630757593054709
1577.7199660949964,5.251582138567143,0.10310832508969703
1579.4403331638869,5.2009982092796925,0.14866322985546665
1581.1607002327773,5.150418262966463,0.1568097283149657
1582.8810673016678,5.09984019522116,0.1345263758683599
1584.6014343705583,5.048986582068857,0.05563559278263803
1586.3218014394488,4.977482372124818,0.12415691038553907
1588.0421685083393,4.903050581591625,0.15436096310532205
1589.7625355772298,4.828610377755392,0.15234388636664348
1591.4829026461202,4.754158663486336,0.11644266308440256
1593.2032697150107,4.712366482307672,0.06966016088013927
1594.9236367839012,4.77580371034546,0.1387530650810339
1596.6440038527921,4.839272474105359,0.15696437450636702
1598.3643709216826,4.902730171030055,0.1449017543123027
1600.084737990573,4.966179441318363,0.09125742537451988
1601.8051050594636,5.000128851259927,0.10532504250034243
1603.525472128354,5.01306497173419,0.1492572561468918
1605.2458391972445,5.0259972561084085,0.15640730819667806
1606.966206266135,5.038926242448844,0.13285435986383323
1608.6865733350255,5.05026178267212,0.052263693938716646
1610.406940403916,4.996711090205329,0.12651543071150392
1612.1273074728065,4.936560722965986,0.15498806077727345
1613.847674541697,4.87640333663257,0.1517155174770269
1615.5680416105874,4.816236428321078,0.11399510931467575
1617.288408679478,4.78593244977779,0.0766853098613867
1619.0087757483684,4.832811377271334,0.15090863906442703
1620.729142817259,4.879679388335025,0.18464451876966279
1622.4495098861494,4.92653801371806,0.1996068739031654
1624.1698769550399,4.97338920300276,0.20005572113786294
1625.8902440239303,5.020234905465826,0.1860961861991771
1627.6106110928208,5.067077070145533,0.15385221439487742
1629.3309781617113,5.113897500621826,0.08453246195074549
1631.0513452306018,5.086904570105543,0.13445348480387628
1632.7717122994923,5.048456588939465,0.1612129409747786
1634.4920793683827,5.010006244160424,0.15991216789561982
1636.2124464372732,4.97155193603215,0.12970943438649762
1637.9328135061637,4.954151039970649,0.08974853918212827
1639.6531805750546,5.014350214917034,0.14684954381949913
1641.3735476439451,5.074545607241883,0.16350025796466924
1643.0939147128356,5.134739721414598,0.1534871258225574
1644.814281781726,5.194935061837642,0.10973673313823522
1646.5346488506166,5.202390970736489,0.11786857552857233
1648.255015919507,5.16856833933393,0.15618978663315564
1649.9753829883975,5.134748341645483,0.16296547278765675
1651.695750057288,5.100929570572481,0.14276150953820327
1653.4161171261785,5.067726573749955,0.07782021803253318
1655.136484195069,5.144196857274137,0.13550046297818266
1656.8568512639595,5.2324624261724635,0.16155590303550058
1658.57721833285,5.32073328713507,0.15975674848780294
1660.2975854017404,5.409013112717334,0.12894187025186604
1662.017952470631,5.484204601724889,0.09627321373649292
1663.7383195395214,5.521326400490703,0.14928256365640494
1665.4586866084119,5.5584655096747415,0.16443994466153786
1667.1790536773024,5.595623474464947,0.1534110746643416
1668.8994207461928,5.632801840849043,0.10848081717310651
1670.6197878150833,5.518266108570236,0.12184536503603066
1672.3401548839738,5.30403674754956,0.15739112209899758
1674.0605219528643,5.089815656489825,0.16230528327825572
1675.7808890217548,4.87559392259477,0.13985590238897042
1677.5012560906453,4.666616424112425,0.07103292700902233
1679.2216231595357,4.758344672850187,0.13569636876662775
1680.9419902284262,4.871363472027628,0.16105573799433062
1682.6623572973172,4.984372539539306,0.15831578721167366
1684.3827243662076,5.097376577189317,0.12565099316563857
1686.1030914350981,5.176202932039807,0.09839364143688632
1687.8234585039886,5.174697199837774,0.14969844347387365
1689.543825572879,5.173194356342909,0.16370240564625302
1691.2641926417696,5.171694339027209,0.1511575336964328
1692.98455971066,5.17019708549108,0.10275861891081195
1694.7049267795505,5.158651308028096,0.12249866298424548
1696.425293848441,5.1415988324315025,0.15763909378480326
1698.1456609173315,5.124547868469555,0.16231991387812159
1699.866027986222,5.107497706719016,0.1396394762873291
1701.5863950551125,5.088514564475837,0.07472858003595034
1703.306762124003,5.015648916446738,0.13901132205974104
1705.0271291928934,4.940466527311607,0.16190050204105516
1706.747496261784,4.86527728157727,0.15720491825927305
1708.4678633306744,4.7900780509629985,0.12177331228228928
1710.1882303995649,4.713628360440547,0.09958254025994803
1711.9085974684554,4.634770796952264,0.14963996774145244
1713.6289645373458,4.555893658230575,0.16251172933160932
1715.3493316062363,4.476993662528213,0.14822677787902458
1717.0696986751268,4.398067527192217,0.095261365406336
1718.7900657440173,4.362846262319564,0.122117003420641
1720.5104328129078,4.347383400684132,0.15671748597516014
1722.2307998817982,4.331889006897605,0.16033774135299853
1723.9511669506887,4.316362436300593,0.13548511440121894
1725.6715340195797,4.303384641962296,0.06882691434417267
1727.3919010884701,4.33241390564946,0.13844661054769883
1729.1122681573606,4.362353340816543,0.16094777728159568
1730.832635226251,4.3922618666559,0.15536754825048807
1732.5530022951416,4.422140727537315,0.11777875159564319
1734.273369364032,4.4063945280361425,0.10126115300227187
1735.9937364329226,4.317312270766314,0.1499269592824918
1737.714103501813,4.228197230209392,0.1617952492946048
1739.4344705707035,4.139045698692745,0.14612756596572546
1741.154837639594,4.0498539670074285,0.08946495816471725
1742.8752047084845,3.92556648123458,0.12327429959492031
1744.595571777375,3.7883299824641137,0.15649461180099863
1746.3159388462655,3.651038691808007,0.15867767443881375
1748.036305915156,3.5136868971754707,0.1313803256757679
1749.7566729840464,3.393256888414168,0.06485458085530986
1751.477040052937,3.4511888155723787,0.1379805925892445
1753.1974071218274,3.5105822578386725,0.15977070245978484
1754.9177741907179,3.5699093523581276,0.1528521077365036
1756.6381412596083,3.6291725674687085,0.11202478473802356
1758.3585083284988,3.6299214967819076,0.10104678700463227
1760.0788753973893,3.5518451630173855,0.1492778034764661
1761.7992424662798,3.4737041982718493,0.1602692447503445
1763.5196095351703,3.3954953514438433,0.14289200119878703
1765.2399766040608,3.3172153686168047,0.08049015748651916
1766.9603436729512,3.28671874588571,0.12314767501777835
1768.6807107418422,3.2701608178562083,0.15594544285761813
1770.4010778107327,3.2535265392043153,0.1573918176290362
1772.1214448796231,3.2368152178517438,0.12854973594512648
1773.8418119485136,3.24460003554774,0.06722610696782574
1775.562179017404,3.428867641277825,0.13920555205686325
1777.2825460862946,3.613277997957067,0.16016114325653652
1779.002913155185,3.7976262796040228,0.1526398987028383
1780.7232802240756,3.9819201561366535,0.11099475116548459
1782.443647292966,4.0859660798149635,0.10656113297724926
1784.1640143618565,4.098982574766854,0.1515588776185469
1785.884381430747,4.111957202709047,0.1613602351035227
1787.6047484996375,4.124890503448145,0.14337671272624342
1789.325115568528,4.137783015088313,0.08079882535898697
1791.0454826374184,4.184753181739804,0.12803465631754826
1792.765849706309,4.239378173923659,0.1582137853536944
1794.4862167751994,4.293967140333465,0.1585289069013636
1796.20658384409,4.348522352177842,0.12919878935995416
1797.9269509129804,4.395283469123732,0.07504905379259193
1799.6473179818709,4.402301592228598,0.09798057522033342
1801.3676850507613,4.401748350730081,0.07076478891924885
1803.0880521196518,4.380939736151475,0.1218854853711991
1804.8084191885423,4.360100549235157,0.10159921607073417
1806.5287862574328,4.379673258657789,0.09578787805919672
1808.2491533263233,4.437915798936662,0.07908014284132701
1809.9695203952137,4.45010895145283,0.10580408969930692
1811.6898874641047,4.433959566038011,0.14892600454390992
1813.4102545329952,4.417782250511681,0.15509437693041725
1815.1306216018857,4.401576331819312,0.12969483517843103
1816.8509886707761,4.388570300552525,0.04344684358757687
1818.5713557396666,4.461586364208887,0.1266053147749439
1820.291722808557,4.541001466394882,0.15465609431826
1822.0120898774476,4.620393092013322,0.1507675873141776
1823.732456946338,4.699764544203007,0.11165026511994117
1825.4528240152285,4.726602027593593,0.0795872738986209
1827.173191084119,4.6387408877902,0.14133992849918797
1828.8935581530095,4.550860337928661,0.15666728980497385
1830.6139252219,4.462956721688638,0.14155524453633508
1832.3342922907905,4.3750263817822175,0.08034903881807424
1834.054659359681,4.360368732316509,0.10876391142247115
1835.7750264285714,4.383173159093636,0.1497834885459521
1837.495393497462,4.405947542774718,0.15469314927019157
1839.2157605663524,4.4286928308866695,0.12772810255293146
1840.9361276352429,4.449763773455857,0.0427301194457862
1842.6564947041334,4.442930056682288,0.1286095098303695
1844.3768617730238,4.434703891208543,0.15493943489294362
1846.0972288419143,4.426449826590147,0.149573361179571
1847.8175959108048,4.418167519420973,0.107879653987387
1849.5379629796953,4.416897977202962,0.08295236520735312
1851.2583300485862,4.428303621278148,0.14224133574691725
1852.9786971174767,4.439681099930005,0.15649847125404787
1854.6990641863672,4.451030886529199,0.14021171652800907
1856.4194312552577,4.462353453276842,0.07572618569931357
1858.1397983241482,4.433548855696547,0.11185422468312409
1859.8601653930386,4.387865356883348,0.15065556813530478
1861.5805324619291,4.342152010192117,0.15417254836215186
1863.3008995308196,4.296406913684738,0.12541040376833343
1865.02126659971,4.250425714268333,0.04354452037188379
1866.7416336686006,4.202108866835264,0.13023187996403762
1868.462000737491,4.153684757319711,0.15494737762977148
1870.1823678063815,4.105221056697108,0.14802249520081234
1871.902734875272,4.056715748622503,0.10327584978900359
1873.6231019441625,4.040246250880381,0.08537034403503893
1875.343469013053,4.072028602096477,0.1427527371757069
1877.0638360819435,4.103767964861513,0.1559533822134991
1878.784203150834,4.1354656597126365,0.13826818949960595
1880.5045702197244,4.167109734129682,0.06907809291416608
1882.224937288615,4.108258819182317,0.11394502230735686
1883.9453043575054,4.018646907078581,0.15099034610556655
1885.6656714263959,3.9289897855427602,0.15312493760498416
1887.3860384952868,3.8392837243452815,0.12219272418238418
1889.1064055641773,3.7606888230777455,0.04368578313384252
1890.8267726330678,3.771543661208261,0.13121494161915895
1892.5471397019583,3.78388579404874,0.1547995097726469
1894.2675067708487,3.7961729500936956,0.14668033076401238
1895.9878738397392,3.808405640552599,0.09936622745253026
1897.7082409086297,3.804922675384978,0.08896517039189897
1899.4286079775202,3.781584139664382,0.1436121460088282
1901.1489750464107,3.758190531388039,0.1553541029093857
1902.8693421153012,3.73474087725145,0.1358187475809087
1904.5897091841916,3.711367954323425,0.060010071901815586
1906.3100762530821,3.78999517083163,0.11531961135168273
1908.0304433219726,3.896044310115295,0.15133257486345486
1909.750810390863,4.002043139013998,0.15275035151459027
1911.4711774597536,4.107996067680073,0.12079755597854874
1913.191544528644,4.2101346800452815,0.05278309548986343
1914.9119115975345,4.289987184740112,0.1339337882841948
1916.632278666425,4.369614562669883,0.1558422352134301
1918.3526457353155,4.449211333377063,0.14673868413735572
1920.073012804206,4.528780808547239,0.09835709764517385
1921.7933798730965,4.565943506313115,0.09567409127205333
1923.513746941987,4.55792426000647,0.146059678199262
1925.2341140108774,4.549882241216318,0.15633828178309425
1926.954481079768,4.541817115355164,0.13593651198385365
1928.6748481486584,4.533712915660451,0.059940406875252844
1930.3952152175493,4.522073690948809,0.12009328756788755
1932.1155822864398,4.5096774442170915,0.15301856340772685
1933.8359493553303,4.497256417664753,0.1527005608853376
1935.5563164242208,4.484810094505895,0.11887271840589368
1937.2766834931112,4.477889084693632,0.05966993711878729
1938.9970505620017,4.495817134779861,0.1358697745479407
1940.7174176308922,4.513804874366403,0.1561245326701038
1942.4377846997827,4.531768005866259,0.14557035813258767
1944.1581517686732,4.549707276634988,0.094380316350353
1945.8785188375637,4.512973680692869,0.09894143761535312
1947.5988859064541,4.427096292232122,0.14687156574978386
1949.3192529753446,4.341190688120267,0.15568902169172794
1951.039620044235,4.255253294199358,0.1333915140271225
1952.7599871131256,4.170105253882511,0.05100603534486652
1954.480354182016,4.164032108877594,0.12134854123871568
1956.2007212509066,4.1703714973559185,0.15307392816906212
1957.921088319797,4.1766719890010195,0.1516581457441385
1959.6414553886875,4.182933845939554,0.11589259560499297
1961.361822457578,4.21092809047647,0.06459654560766172
1963.0821895264685,4.314970623626213,0.13722613759617416
1964.802556595359,4.4190459584846575,0.15625778975774915
1966.5229236642494,4.5230927427502925,0.1445784614165962
1968.24329073314,4.6271153053507685,0.09104796557150983
1969.9636578020304,4.6403342526463405,0.1028601524317836
1971.684024870921,4.584813496718354,0.14817075610256808
1973.4043919398118,4.529271087057615,0.15571535484328058
1975.1247590087023,4.473704712780823,0.1321313317435763
1976.8451260775928,4.416490178475109,0.048211564964446015
1978.5654931464833,4.278528368624473,0.1304257831991482
1980.2858602153738,4.131277372143952,0.17404755814544917
1982.0062272842642,3.983985852291031,0.19469548527425617
1983.7265943531547,3.836647680919117,0.19963339026405513
1985.4469614220452,3.6892567279373623,0.1900903788118741
1987.1673284909357,3.5418068610610396,0.16354906865417312
1988.8876955598262,3.394291945553519,0.10813771620391413
1990.6080626287167,3.337381415956421,0.10585719581410115
1992.3284296976071,3.369781517509564,0.15076980423697756
1994.0487967664976,3.4021094132224117,0.15992555994862906
1995.769163835388,3.4343664481074194,0.14049972202607505
1997.4895309042786,3.4665539642449943,0.07226703335820428
1999.209897973169,3.571127256908918,0.12791975609918185
2000.9302650420595,3.6883134326360754,0.15780529542559837
2002.65063211095,3.8054406552220996,0.1576016399948555
2004.3709991798405,3.922513797814748,0.12716426504465964
2006.091366248731,4.044003675395326,0.08244340090894071
2007.8117333176215,4.18347122209691,0.14411039587716448
2009.532100386512,4.32290041698007,0.16206134590843743
2011.2524674554024,4.46229706107842,0.15259767346128503
2012.972834524293,4.601666954068396,0.10878336702704505
2014.6932015931834,4.660778166996424,0.11514173597666558
2016.4135686620743,4.653178340718949,0.1548849753107314
2018.1339357309648,4.645559705058682,0.16215337398578936
2019.8543027998553,4.63792194303966,0.1420249492827489
2021.5746698687458,4.630230684266014,0.07564901400773759
2023.2950369376363,4.611156013415695,0.1332965578402669
2025.0154040065268,4.590665548136148,0.16015652754665502
2026.7357710754172,4.57015367259837,0.15838044200675744
2028.4561381443077,4.549619533384317,0.1267699943244779
2030.1765052131982,4.51051965813622,0.08989056717419809
2031.8968722820887,4.413029929792943,0.14640774258808323
2033.6172393509792,4.315511400555642,0.16219471315073564
2035.3376064198696,4.2179600131093995,0.15065463325456258
2037.0579734887601,4.120371708773071,0.10297430207899647
2038.7783405576506,4.04481836020422,0.11549934158947371
2040.498707626541,3.984650304332545,0.1543371267554291
2042.2190746954316,3.924435624587047,0.16041428246278785
2043.939441764322,3.864171815696806,0.13812601569247432
2045.6598088332125,3.8058589374254916,0.06566063735391577
2047.380175902103,3.906425117379622,0.13274158681638001
2049.1005429709935,4.020064200321145,0.15935178382349524
2050.820910039884,4.133658132803858,0.15688759606536312
2052.5412771087745,4.2472116409659195,0.12362192182274952
2054.261644177665,4.314826479541632,0.09271093611438155
2055.9820112465554,4.266458943059743,0.1471696356724832
2057.702378315446,4.218056507513905,0.1618655162197722
2059.422745384337,4.16961715909388,0.14906610791322744
2061.1431124532273,4.12113888244723,0.09858507443590021
2062.863479522118,4.065563996424355,0.11748709969025954
2064.5838465910083,4.005821845742703,0.1549006606695044
2066.304213659899,3.946033952038402,0.16002074139867667
2068.0245807287893,3.8861978278065816,0.13653115375428662
2069.7449477976797,3.828919730264647,0.06440256239638656
2071.46531486657,3.862549637604043,0.13472856718448906
2073.1856819354607,3.900837836244758,0.15963991047350803
2074.906049004351,3.939075923943456,0.15569178460528058
2076.6264160732417,3.9772654916225894,0.12006944638721995
2078.346783142132,3.979361993740636,0.09480195496680842
2080.0671502110226,3.906928736162919,0.1475491606722709
2081.787517279913,3.834445621056788,0.16109835865720898
2083.5078843488036,3.7619096327238135,0.1467442866984977
2085.228251417694,3.6893177532613244,0.09226935012140183
2086.9486184865846,3.6815502589949256,0.1183431671653045
2088.668985555475,3.7051592405275118,0.15498123988187784
2090.3893526243655,3.7287099698024497,0.15943034398965228
2092.109719693256,3.7522034266545115,0.13491437145480437
2093.8300867621465,3.774243042269551,0.0653190161499976
2095.550453831037,3.7691544221474262,0.1367570863760988
2097.2708208999275,3.763230638556843,0.1600175314186592
2098.991187968818,3.7572510187979264,0.15467228755436863
2100.7115550377084,3.751215314084287,0.11685862938257932
2102.4319221065994,3.7377986535282934,0.09762870665450661
2104.15228917549,3.7117799574421397,0.14844318661074377
2105.8726562443803,3.6857032845540596,0.1610440179282532
2107.593023313271,3.6595675499292755,0.14570999128602263
2109.3133903821613,3.6333716661749693,0.08901277650192908
2111.0337574510518,3.6047112633487908,0.12133098847484677
2112.7541245199423,3.575035815128207,0.15579115328916027
2114.4744915888327,3.545296700787767,0.1587101476550634
2116.194858657723,3.5154926830116118,0.13219472047949027
2117.9152257266137,3.493722984597899,0.06440304230824281
2119.635592795504,3.5702361947332224,0.13761973310259776
2121.3559598643947,3.6479320965880166,0.1598744870130546
2123.076326933285,3.7255673652157455,0.15346810472449343
2124.7966940021756,3.803145230672496,0.11365157091308921
2126.517061071066,3.809024900327005,0.10060587833185244
2128.2374281399566,3.7122398718430363,0.1492543596249186
2129.957795208847,3.6153968856923573,0.1605952685203998
2131.6781622777376,3.5184919126668452,0.14374998009450948
2133.398529346628,3.421520920978516,0.08304011178624825
2135.1188964155185,3.436859404339604,0.12286566804335831
2136.839263484409,3.487880872926312,0.15617532610902515
2138.5596305532995,3.538835049260422,0.15824736126485614
2140.27999762219,3.589724053319024,0.13057781356104867
2142.0003646910804,3.639889764984271,0.06910696592021918
2143.720731759971,3.684605215324384,0.13964883470312142
2145.441098828862,3.7292452038806188,0.16040151005603429
2147.1614658977524,3.7738279422853096,0.15281262421690564
2148.881832966643,3.8183552854337517,0.1112230305666534
2150.6022000355333,3.837789296489291,0.10449670146631108
2152.322567104424,3.82701446810248,0.15071326618787342
2154.0429341733143,3.8161864573106707,0.1609946220162309
2155.7633012422048,3.8053048136104284,0.14329840581524086
2157.4836683110952,3.7943690842619358,0.08098818933572763
2159.2040353799857,3.8519927410646355,0.1265837646729043
2160.924402448876,3.9265937179679664,0.15773597775412423
2162.6447695177667,4.001145655519544,0.15870015030993634
2164.365136586657,4.075651655491855,0.1301491350154427
2166.0855036555477,4.139973609453274,0.07981526518253726
2167.805870724438,4.146179929422821,0.16640579294494298
2169.5262377933286,4.152346346045839,0.2207668969522356
2171.246604862219,4.158473115886663,0.2636577021402551
2172.9669719311096,4.164560493849744,0.30004404526987355
2174.687339,4.170608733203418,0.33207615381492406
