   -106.95816004
    -36.99082702
    -10.59041020
    -10.59041020
    -10.59041020
    -10.59041020
    -10.59041020
    -10.59041020
    -10.59041020
    -10.59041020
    -10.59041020
    -10.59041020
    -10.59041020
    -10.59041020
    -10.59041020
    -10.59041020
    -10.59041020
    -10.59041020
    -10.59041020
    -10.59041020
    -10.59041020
    -10.59041020
    -10.59041020
    -10.59041020
    -10.59041020
    -10.59041020
    -10.59041020
    -10.59041020
    -10.59041020
    -10.59041020
    -10.59041020
    -10.59041020
    -10.59041020
    -10.59041020
    -10.59041020
    -10.59041020
    -10.59041020
     -9.55647549
     -9.55647549
     -9.55647549
     -9.55647549
     -9.55647549
     -9.55647549
     -9.55647549
     -9.55647549
     -9.55647549
     -9.55647549
     -9.55647549
     -9.55647549
     -9.55647549
     -9.55647549
     -9.55647549
     -9.55647549
     -9.55647549
     -9.55647549
     -9.55647549
     -9.55647549
     -9.55647549
     -9.55647549
     -9.55647549
      6.95626163
      6.95626163
      6.95626163
      6.95626163
      6.95626163
      6.95626163
     32.16450438
     32.16450438
     32.16450438
     32.16450438
     32.16450438
     32.16450438
     32.16450438
     32.16450438
     32.16450438
     32.16450438
     32.16450438
     32.16450438
     32.16450438
     32.16450438
     32.16450438
     32.16450438
     32.16450438
     32.16450438
     32.16450438
     32.16450438
     32.16450438
     32.16450438
     32.16450438
     32.16450438
     32.16450438
     32.16450438
     32.16450438
     32.16450438
     32.16450438
     32.16450438
     32.16450438
     32.16450438
     32.16450438
     32.16450438
    -22.00727663
    -22.00727663
    -22.00727663
    -22.00727663
    -22.00727663
    -22.00727663
    -22.00727663
    -22.00727663
    -23.19428424
    -23.19428424
    -23.19428424
    -23.19428424
    -23.19428424
    -23.19428424
    -23.19428424
    -23.19428424
    -23.19428424
    -23.19428424
    -23.19428424
    -23.19428424
    -23.19428424
    -23.19428424
    -19.08276663
     22.28854082
     22.28854082
     22.28854082
     22.28854082
     22.28854082
     22.28854082
     22.28854082
     22.28854082
     28.28460938
     37.62376693
     37.62376693
     44.60271239
     44.60271239
     44.60271239
     40.48486929
     40.48486929
     40.48486929
     40.48486929
     40.48486929
     40.48486929
     40.48486929
     40.48486929
     40.48486929
     40.48486929
     40.48486929
     40.48486929
     40.48486929
     40.48486929
     39.29786793
     39.29786793
     39.29786793
     39.29786793
     39.29786793
     39.29786793
     39.29786793
     39.29786793
     39.29786793
     41.49881774
     41.49881774
     41.49881774
     41.49881774
     41.42819849
     41.42819849
     41.42819849
     41.42819849
     41.42819849
     41.42819849
     41.42819849
     41.42819849
     41.42819849
     41.42819849
     41.42819849
     41.42819849
     41.42819849
     41.31850835
     42.40869316
     46.70491746
     46.70491746
     46.70491746
     46.70491746
     47.79499602
     47.79499602
     47.79499602
     47.79499602
     47.79499602
     47.79499602
     47.79499602
     47.79499602
     48.80744286
     48.80744286
     49.11230463
     49.11230463
     49.11230463
     49.11230463
     49.11230463
     49.11230463
     49.11230463
     55.90481163
     55.90481163
     55.90481163
     55.90481163
     55.90481163
     55.90481163
     55.90481163
     55.90481163
     55.90481163
     55.90481163
     55.90481163
     55.90481163
     55.90481163
     55.90481163
     55.90481163
     55.90481163
     55.90481163
     55.90481163
     55.90481163
     55.90481163
     55.90481163
     55.90481163
     55.90481163
     55.90481163
     55.90481163
     55.90481163
     55.90481163
     55.90481163
     55.90481163
     55.90481163
     55.90481163
     55.90481163
     55.90481163
     55.90481163
     55.90481163
     55.90481163
     55.90481163
     55.90481163
     55.90481163
     55.90481163
     55.90481163
     55.90481163
     55.90481163
     55.90481163
     55.90481163
     55.90481163
     55.90481163
     55.90481163
     55.90481163
     55.90481163
     55.90481163
     55.90481163
     55.90481163
     55.90481163
     55.90481163
     55.90481163
     55.90481163
     55.90481163
     55.90481163
     55.90481163
     55.90481163
     55.90481163
     55.90481163
     55.90481163
     55.90481163
     55.90481163
     55.90481163
     55.90481163
     55.90481163
     55.90481163
     55.90481163
     55.90481163
     55.90481163
     55.90481163
     55.90481163
     55.90481163
     55.90481163
     55.90481163
     55.90481163
     55.90481163
     55.90481163
     55.90481163
     55.90481163
     55.90481163
     55.90481163
     55.90481163
     55.90481163
     55.90481163
     55.90481163
     55.90481163
     55.90481163
     55.90481163
     55.90481163
     55.90481163
     55.90481163
     55.90481163
     55.90481163
     55.90481163
     55.90481163
     55.90481163
    -40.19153095
    -37.81102459
    -37.81102459
    -37.81102459
    -37.81102459
     21.12783056
     21.12783056
     21.12783056
     21.12783056
     21.12783056
     21.12783056
     21.12783056
     21.12783056
     21.12783056
     21.12783056
     21.12783056
     21.12783056
     21.12783056
     21.12783056
     21.12783056
     21.12783056
     21.12783056
     21.12783056
     21.12783056
     21.12783056
     21.12783056
     21.12783056
     21.12783056
     33.70710270
     33.70710270
     33.70710270
     33.70710270
     33.70710270
     33.70710270
     33.70710270
     33.70710270
     33.70710270
     33.70710270
     33.70710270
     33.70710270
     33.70710270
     33.70710270
     33.70710270
     33.70710270
     33.70710270
     33.70710270
     33.70710270
     33.70710270
     33.70710270
     33.70710270
     33.70710270
     33.70710270
     33.70710270
     33.70710270
     33.70710270
     33.70710270
     33.70710270
     33.70710270
     33.70710270
     33.70710270
     33.70710270
     34.98427843
     34.98427843
     34.98427843
     34.98427843
     34.98427843
     34.98427843
     34.98427843
     34.98427843
     34.98427843
     34.98427843
     34.98427843
     34.98427843
     34.98427843
     34.98427843
     34.98427843
     34.98427843
     34.98427843
     34.98427843
     34.98427843
     34.98427843
     34.98427843
     34.98427843
     34.98427843
     34.98427843
     34.98427843
     34.98427843
     34.98427843
     34.98427843
     34.98427843
     34.98427843
     34.98427843
     34.98427843
     34.98427843
     34.98427843
     34.98427843
     34.98427843
     34.98427843
     34.98427843
     34.98427843
    -36.87091827
    -36.87091827
    -36.87091827
    -36.87091827
    -36.87091827
    -36.87091827
    -36.87091827
    -36.87091827
    -36.87091827
    -36.87091827
    -36.87091827
    -36.87091827
    -36.87091827
    -36.87091827
    -36.87091827
    -36.87091827
    -36.87091827
    -36.87091827
    -36.87091827
    -36.87091827
    -36.87091827
    -36.87091827
    -36.87091827
    -36.87091827
    -36.87091827
    -36.87091827
    -36.87091827
    -36.87091827
    -36.87091827
    -36.87091827
    -36.87091827
    -36.87091827
    -36.87091827
    -36.87091827
    -36.87091827
    -36.87091827
    -36.87091827
    -36.87091827
    -36.87091827
    -36.87091827
    -36.87091827
    -36.87091827
    -36.87091827
    -36.87091827
    -36.87091827
    -36.87091827
    -36.87091827
    -36.87091827
    -36.87091827
    -36.87091827
    -36.87091827
    -36.87091827
    -36.87091827
    -36.87091827
    -36.87091827
    -36.87091827
    -36.87091827
    -36.87091827
    -36.87091827
    -36.87091827
    -36.87091827
    -36.87091827
    -36.87091827
    -36.87091827
    -36.87091827
    -36.87091827
    -36.87091827
    -36.87091827
    -36.87091827
    -36.87091827
    -36.87091827
    -36.87091827
    -36.87091827
    -36.87091827
    -36.87091827
    -36.87091827
    -36.87091827
    -36.87091827
     37.91930678
     37.91930678
     37.91930678
     37.91930678
     37.91930678
     37.91930678
     37.91930678
     37.91930678
     37.91930678
     37.91930678
     37.91930678
     37.91930678
     37.91930678
     37.91930678
     37.91930678
     37.91930678
     37.91930678
     37.91930678
     37.91930678
     37.91930678
     37.91930678
     37.91930678
    -32.51652415
    -32.51652415
    -32.51652415
    -32.51652415
    -32.51652415
    -32.51652415
    -32.51652415
    -32.51652415
    -32.51652415
    -32.51652415
     31.02544008
     31.02544008
     31.02544008
     31.02544008
     31.02544008
     31.02544008
     31.02544008
     31.02544008
     31.02544008
     31.02544008
     31.02544008
     31.02544008
     31.02544008
     31.02544008
     31.02544008
     31.02544008
     31.02544008
     31.02544008
     31.02544008
     31.02544008
     31.02544008
     31.02544008
     31.02544008
     31.02544008
     31.02544008
     31.02544008
     31.02544008
     31.02544008
     31.02544008
     31.02544008
     31.02544008
     31.02544008
     45.59551365
     45.59551365
     45.59551365
     45.59551365
     45.59551365
     45.59551365
     45.59551365
     45.59551365
     45.59551365
     45.59551365
     45.59551365
     45.59551365
     45.59551365
     45.59551365
     45.59551365
     45.59551365
     45.59551365
     45.59551365
     45.59551365
     45.59551365
     45.59551365
     45.59551365
     45.59551365
     45.59551365
     45.59551365
     45.59551365
     45.59551365
     45.59551365
     45.59551365
     45.59551365
     45.59551365
     45.59551365
     45.59551365
     45.59551365
     45.59551365
     45.59551365
     45.59551365
     45.59551365
     45.59551365
     45.59551365
     45.59551365
     45.59551365
     45.59551365
     45.59551365
     45.59551365
     45.59551365
     45.59551365
     45.59551365
     45.59551365
     45.59551365
     45.59551365
     45.89226240
     45.89226240
     45.89226240
     45.89226240
     45.89226240
     45.89226240
     45.89226240
     18.01788423
     18.01788423
     18.01788423
     18.01788423
     18.01788423
     18.01788423
     18.01788423
     18.01788423
     18.01788423
     18.01788423
     18.01788423
     18.01788423
     18.01788423
     18.01788423
     18.01788423
     18.01788423
     18.01788423
     18.01788423
     18.01788423
     18.01788423
     18.01788423
     18.01788423
     18.01788423
     18.01788423
     18.01788423
     18.01788423
     18.01788423
     18.01788423
     18.01788423
     18.01788423
     18.01788423
     18.01788423
     18.01788423
     18.01788423
     18.01788423
     18.01788423
     18.01788423
     18.01788423
     18.01788423
     18.01788423
     18.01788423
     18.01788423
     18.01788423
     18.01788423
     18.01788423
     18.01788423
     18.01788423
     24.45687315
     24.45687315
     24.45687315
     24.45687315
     24.45687315
     24.45687315
     24.45687315
     30.97691269
     30.97691269
     30.97691269
     30.97691269
     46.27073311
     46.27073311
     46.27073311
     46.27073311
     46.27073311
     46.27073311
     46.27073311
     46.27073311
     46.27073311
     46.27073311
     46.27073311
     46.27073311
     46.27073311
     46.27073311
     46.27073311
     46.27073311
     48.85678283
     48.85678283
     48.85678283
     48.85678283
     48.85678283
     48.85678283
     48.85678283
     48.85678283
     50.72951317
     50.72951317
     50.72951317
     50.72951317
     50.72951317
     49.17913326
     49.17913326
     49.17913326
     49.17913326
     49.90405649
     49.90405649
     49.90405649
     49.90405649
     49.90405649
     49.90405649
     49.90405649
     52.04781904
     52.04781904
   -212.10510315
   -158.74057636
   -158.74057636
   -158.74057636
   -158.74057636
   -158.74057636
   -158.74057636
    -25.10444096
    -25.10444096
    -25.10444096
    -25.10444096
    -25.10444096
    -25.10444096
    -25.10444096
    -14.83303704
     45.14529463
     45.14529463
     45.14529463
     45.14529463
     45.14529463
     45.14529463
     45.14529463
     45.14529463
     45.14529463
     45.14529463
     45.14529463
     45.14529463
     45.14529463
     45.14529463
     45.14529463
     45.14529463
     45.14529463
     45.14529463
     45.14529463
     45.14529463
     45.14529463
     45.14529463
     45.14529463
     45.14529463
     45.14529463
     45.14529463
     45.14529463
     48.08688829
     48.08688829
     48.08688829
     48.08688829
     48.08688829
     48.08688829
     48.08688829
     48.56113659
     48.56113659
     48.56113659
     48.56113659
     48.56113659
     48.80628825
     48.80628825
     48.80628825
     48.80628825
     48.80628825
     48.80628825
     48.80628825
     48.80628825
     48.80628825
     48.80628825
     48.80628825
     48.80628825
     48.80628825
     48.80628825
     48.80628825
     48.79604671
     48.79604671
     48.79604671
     48.79604671
     48.79604671
     48.79604671
     48.79604671
     48.79604671
     48.79604671
     48.79604671
     48.79604671
     48.79604671
     48.79604671
     48.79604671
     48.79604671
     48.79604671
     48.79604671
     48.79604671
     48.79604671
     48.79604671
     48.79604671
     48.79604671
     48.69459570
     48.69459570
     48.69459570
     48.69459570
     48.69459570
     48.69459570
     48.69459570
     48.69459570
     48.69459570
     35.71171301
     35.71171301
     35.71171301
     35.71171301
     35.71171301
     54.54504842
     54.54504842
     54.54504842
     54.54504842
     54.54504842
     54.54504842
     54.54504842
     54.54504842
     54.54504842
     54.54504842
     54.54504842
     54.54504842
     54.54504842
     54.54504842
     54.54504842
     54.54504842
     54.54504842
     54.54504842
     54.54504842
     54.54504842
     54.54504842
     54.54504842
     54.54504842
     54.54504842
     54.54504842
     54.54504842
     54.54504842
     54.54504842
     54.54504842
     54.54504842
     54.54504842
     54.54504842
     54.54504842
     54.54504842
     54.54504842
     54.54504842
     54.54504842
     54.54504842
     54.54504842
     54.54504842
     54.54504842
     54.54504842
     54.54504842
     54.54504842
     54.54504842
     54.54504842
     54.54504842
     54.54504842
     54.54504842
     54.54504842
     54.54504842
     54.54504842
     54.54504842
     54.54504842
     54.54504842
     54.54504842
     54.54504842
     54.54504842
     54.54504842
     54.54504842
     54.54504842
     54.54504842
     54.54504842
     54.54504842
     54.54504842
     54.54504842
     54.54504842
     54.54504842
     54.54504842
     54.54504842
     54.54504842
     54.54504842
     54.54504842
     54.54504842
     54.54504842
     54.54504842
     54.54504842
     54.54504842
     54.54504842
     54.54504842
     54.54504842
     54.54504842
     54.54504842
     54.54504842
     54.54504842
     54.54504842
     54.54504842
     54.54504842
     54.54504842
     54.54504842
     54.54504842
     54.54504842
     54.54504842
     54.54504842
     54.54504842
     50.24108994
     50.51653472
     50.51653472
     50.51653472
     50.51653472
     50.51653472
     50.51653472
     50.51653472
     50.51653472
     50.51653472
     50.51653472
     50.51653472
     50.51653472
     50.51653472
     50.51653472
     50.51653472
     50.78563091
     49.71334199
     49.71334199
     49.71334199
     49.71334199
     49.71334199
     50.29306521
     50.77478291
     50.77478291
     50.77478291
     48.91043903
     48.91043903
     48.91043903
     48.91043903
     48.91043903
     48.91043903
     50.59778313
     50.39129783
     50.39129783
     50.39129783
     50.39129783
     50.63587514
     50.63587514
     50.63587514
     50.63587514
     50.63587514
     50.63587514
     50.63587514
     50.63587514
     50.63587514
     50.63587514
     50.63587514
     53.42677500
     53.42677500
     53.42677500
     53.42677500
     53.42677500
     53.42677500
     53.42677500
     53.42677500
     53.42677500
     53.42677500
     54.04484057
     53.04114225
     53.04114225
     53.04114225
     53.04114225
     53.04114225
     53.04114225
     53.04114225
     53.04114225
     53.04114225
     53.04114225
     53.04114225
     54.94251511
     54.94251511
     54.94251511
     54.04061741
     54.04061741
     54.04061741
     54.04061741
     54.04061741
     54.04061741
     54.04061741
     54.04061741
     54.04061741
     54.59992499
     54.59992499
     54.59992499
     54.59992499
     54.59992499
     54.56911495
     54.56911495
     54.56911495
     54.56911495
     54.56911495
     54.56911495
     54.40825843
     54.40825843
     54.40825843
     54.40825843
     54.40825843
     54.40825843
     54.40825843
     31.46693746
     31.46693746
     31.46693746
     31.46693746
     31.46693746
     31.46693746
     31.46693746
     31.46693746
     31.46693746
     31.46693746
     31.46693746
     31.46693746
     31.46693746
     31.46693746
     31.46693746
     31.46693746
     31.46693746
     31.46693746
     31.46693746
     31.46693746
     31.46693746
     31.46693746
     31.46693746
     31.46693746
     31.46693746
     31.46693746
     31.46693746
     31.46693746
     31.46693746
     31.46693746
     31.46693746
     31.46693746
     31.46693746
     31.46693746
     31.46693746
     31.46693746
     31.46693746
     31.46693746
     31.46693746
     31.46693746
     31.46693746
     31.46693746
     31.46693746
     31.46693746
     31.46693746
     31.46693746
     31.46693746
     31.46693746
     31.46693746
     31.46693746
     31.46693746
     29.90313861
     29.90313861
     29.90313861
     29.90313861
     29.90313861
     29.90313861
     29.90313861
     29.90313861
     29.90313861
     29.90313861
     29.90313861
     29.90313861
     29.90313861
     29.90313861
     29.90313861
     29.90313861
     29.90313861
     29.90313861
     29.90313861
     29.90313861
     29.90313861
     29.90313861
     29.90313861
     29.90313861
     29.90313861
     29.90313861
     29.90313861
     29.90313861
     29.90313861
     29.90313861
     29.90313861
     29.90313861
     29.90313861
     29.90313861
     29.90313861
     29.90313861
     29.90313861
     29.90313861
     29.90313861
     29.90313861
     29.90313861
     29.90313861
     29.90313861
     29.90313861
     29.90313861
     29.90313861
     29.90313861
     29.90313861
     29.90313861
   -109.91696348
    -39.62818856
    -39.62818856
    -39.62818856
    -39.62818856
    -39.62818856
    -39.62818856
    -39.62818856
    -39.62818856
    -17.70243303
    -17.70243303
     -9.04506314
     -9.04506314
     -9.04506314
     -9.04506314
     -9.04506314
     -0.66099492
     -0.66099492
     -0.66099492
     -0.66099492
     -0.66099492
     -0.66099492
     -0.66099492
     -0.66099492
     -0.66099492
      3.29509753
      3.29509753
      3.29509753
      3.29509753
      3.29509753
      3.29509753
      3.29509753
      3.29509753
      3.29509753
      3.29509753
      3.29509753
      3.29509753
      3.29509753
      3.29509753
      3.29509753
      3.29509753
      3.29509753
      3.29509753
      3.29509753
      3.29509753
      3.29509753
      3.29509753
      3.29509753
      3.29509753
      3.29509753
      3.29509753
      3.29509753
      3.29509753
      3.29509753
      3.29509753
      3.29509753
      3.29509753
      3.29509753
      3.29509753
      3.29509753
      3.29509753
      3.29509753
      3.29509753
      3.29509753
      3.29509753
      3.29509753
      3.29509753
      3.29509753
      3.29509753
      3.29509753
      3.29509753
      3.29509753
      3.29509753
      3.29509753
      3.29509753
      3.29509753
      3.29509753
      3.29509753
      3.29509753
     35.72681017
     35.72681017
     35.72681017
     35.72681017
     35.72681017
     39.08557255
     39.08557255
     43.27360383
     43.27360383
     43.27360383
     43.27360383
     43.27360383
     43.27360383
     43.27360383
     43.27360383
     42.04923814
     42.04923814
     42.04923814
     42.04923814
     42.04923814
     42.04923814
   -125.30161054
   -125.30161054
   -125.30161054
   -125.30161054
   -125.30161054
   -125.30161054
   -125.30161054
   -125.30161054
   -125.30161054
   -125.30161054
   -125.30161054
   -125.30161054
   -125.30161054
   -125.30161054
   -125.30161054
   -125.30161054
   -125.30161054
   -125.30161054
   -125.30161054
   -125.30161054
   -125.30161054
   -125.30161054
   -125.30161054
   -125.30161054
   -125.30161054
   -125.30161054
   -125.30161054
   -125.30161054
   -125.30161054
   -125.30161054
   -125.30161054
   -125.30161054
   -125.30161054
   -125.30161054
   -125.30161054
   -125.30161054
   -125.30161054
   -125.30161054
   -125.30161054
   -125.30161054
   -125.30161054
   -125.30161054
   -125.30161054
   -125.30161054
   -125.30161054
   -125.30161054
   -125.30161054
   -125.30161054
   -125.30161054
   -125.30161054
   -125.30161054
   -125.30161054
   -125.30161054
   -125.30161054
   -125.30161054
   -125.30161054
   -125.30161054
   -125.30161054
   -125.30161054
   -125.30161054
   -125.30161054
   -125.30161054
   -125.30161054
   -125.30161054
   -125.30161054
   -125.30161054
   -125.30161054
   -125.30161054
   -125.30161054
   -125.30161054
   -125.30161054
   -125.30161054
   -125.30161054
   -125.30161054
   -125.30161054
   -125.30161054
   -125.30161054
   -125.30161054
   -125.30161054
   -125.30161054
   -125.30161054
   -125.30161054
   -125.30161054
   -125.30161054
   -125.30161054
   -125.30161054
   -125.30161054
   -125.30161054
   -125.30161054
   -125.30161054
   -125.30161054
   -125.30161054
   -125.30161054
   -125.30161054
   -125.30161054
   -125.30161054
   -125.30161054
   -125.30161054
   -125.30161054
   -125.30161054
     20.74193292
     20.74193292
     20.74193292
     20.74193292
     20.74193292
     20.74193292
     20.74193292
     20.74193292
     20.74193292
     20.74193292
     20.74193292
     20.74193292
     20.74193292
     20.74193292
     20.74193292
     20.74193292
     20.74193292
     20.74193292
     20.74193292
     20.74193292
     20.74193292
     20.74193292
     20.74193292
     33.60949583
     36.11891159
     36.11891159
     36.11891159
     36.11891159
     36.11891159
     36.11891159
     36.11891159
     36.11891159
     36.11891159
     36.11891159
     36.11891159
     36.11891159
     36.11891159
     36.11891159
     36.11891159
     36.11891159
     52.53315235
     52.53315235
     52.53315235
     52.53315235
     52.53315235
     52.53315235
     52.53315235
     52.53315235
     52.53315235
     52.53315235
     52.53315235
     52.49554637
     52.49554637
     52.49554637
     54.07305548
     54.07305548
     54.07305548
     54.07305548
     54.07305548
     54.07305548
     54.07305548
     54.07305548
     54.07305548
     54.07305548
     54.07305548
     54.07305548
     54.07305548
     54.07305548
     54.07305548
     54.21052094
     54.21052094
     54.21052094
     54.20579051
     54.20579051
     54.20579051
     54.20579051
     54.20579051
     54.20579051
     54.20579051
     54.20579051
     54.20579051
     54.20579051
     54.20579051
     53.68237699
     53.68237699
     53.68237699
     53.68237699
     53.68237699
     53.68237699
     53.68237699
     53.68237699
     53.68237699
     53.68237699
     53.68237699
     53.68237699
     53.68237699
     53.68237699
     53.68237699
     53.68237699
     53.68237699
     49.51895536
     49.51895536
     50.66022208
     50.66022208
     50.66022208
     50.66022208
     50.66022208
     50.66022208
     50.66022208
     50.66022208
     50.66022208
     50.66022208
     50.66022208
     50.66022208
     50.66022208
     50.66022208
     50.66022208
     51.02168904
     51.02168904
     51.02168904
     51.02168347
     51.02168347
     51.02168347
     51.02168347
     51.02168347
     50.67525295
     50.67525295
     50.67525295
     50.67525295
     50.67525295
     50.67525295
     50.67525295
     50.67525295
     50.67525295
     50.67525295
     50.67525295
     50.44809296
     50.44809296
     50.44809296
     50.44809296
     50.44809296
     50.44809296
     50.44809296
     50.44809296
     50.44809296
     53.99763421
     53.99763421
     53.99763421
     53.99763421
     53.99763421
     53.99763421
     53.99763421
     53.99763421
     53.99763421
     53.99763421
     53.99763421
     53.99763421
     55.03977945
     55.03977945
     55.03977945
     53.77367665
     53.77367665
     53.77367665
     53.77367665
     53.77367665
     53.77367665
     53.77367665
     53.77367665
     53.77367665
     53.77367665
     52.33240337
     52.33240337
     52.33240337
     52.33240337
     52.33240337
     52.33240337
     52.33240337
     52.33240337
     52.33240337
     52.33240337
     52.33240337
     52.33240337
     51.95193913
     51.95193913
     51.95193913
     51.95193913
     51.95193913
     51.95193913
     54.97396478
     54.97396478
     54.97396478
     54.97396478
     54.97396478
     54.97396478
     54.97396478
     54.97396478
     54.97396478
     54.97396478
     54.97396478
     54.97396478
    -28.75382827
    -28.75382827
    -28.75382827
    -28.75382827
    -28.75382827
    -28.75382827
    -28.75382827
    -28.75382827
    -28.75382827
    -28.75382827
    -28.75382827
    -28.75382827
    -28.75382827
    -28.75382827
    -28.75382827
    -28.75382827
    -28.75382827
    -28.75382827
    -28.75382827
    -28.75382827
    -28.75382827
    -28.75382827
    -28.75382827
    -28.75382827
    -28.75382827
    -28.75382827
    -28.75382827
    -28.75382827
    -28.75382827
    -28.75382827
    -28.75382827
    -28.75382827
    -28.75382827
    -28.75382827
    -28.75382827
    -28.75382827
    -28.75382827
    -28.75382827
    -28.75382827
    -28.75382827
    -28.75382827
    -28.75382827
    -28.75382827
    -28.75382827
    -28.75382827
    -28.75382827
    -28.75382827
    -28.75382827
    -28.75382827
    -28.75382827
    -28.75382827
    -28.75382827
    -28.75382827
    -28.75382827
    -28.75382827
    -28.75382827
    -28.75382827
    -28.75382827
    -28.75382827
    -28.75382827
    -28.75382827
    -28.75382827
    -28.75382827
    -28.75382827
    -28.75382827
    -28.75382827
    -28.75382827
    -28.75382827
    -28.75382827
    -20.77667863
    -20.77667863
    -20.77667863
    -20.77667863
    -20.77667863
    -20.77667863
    -20.77667863
    -20.77667863
    -20.77667863
    -20.77667863
    -20.77667863
    -20.77667863
    -20.77667863
    -20.77667863
    -20.77667863
    -20.77667863
    -20.77667863
    -20.77667863
    -20.77667863
      2.56648423
      2.56648423
      2.56648423
      2.56648423
      2.56648423
      2.56648423
      2.56648423
      2.56648423
      2.56648423
      2.56648423
      2.56648423
      2.56648423
     53.94005071
     53.94005071
     53.94005071
     53.94005071
     53.94005071
     53.94005071
     53.94005071
     53.94005071
     53.94005071
     53.94005071
     53.94005071
     53.94005071
     53.94005071
     53.94005071
     53.94005071
     53.94005071
     53.94005071
     53.94005071
     53.94005071
     53.94005071
     53.94005071
     53.94005071
     53.94005071
     53.94005071
     53.94005071
     53.94005071
     53.94005071
     53.94005071
     53.94005071
     53.94005071
     53.94005071
     53.94005071
     53.94005071
     53.94005071
     53.94005071
     53.94005071
     53.94005071
     53.94005071
     53.94005071
     53.94005071
     53.94005071
     53.94005071
     53.94005071
     53.94005071
     53.94005071
     53.94005071
     53.94005071
     53.94005071
     53.94005071
     53.94005071
     53.94005071
     53.94005071
     53.94005071
     54.72001244
     54.72001244
     56.86891230
     56.86891230
     56.86891230
     56.86891230
     56.86891230
     56.86891230
     54.59778905
     54.59778905
     54.59778905
     54.59778905
     54.59778905
     54.59778905
     54.59778905
     55.78684845
     55.78684845
     55.78684845
     53.90141615
     53.90141615
     53.90141615
     53.90141615
     53.90141615
     53.90141615
     53.90141615
     53.90141615
     53.90141615
     53.90141615
     53.90141615
     53.90141615
     53.90141615
     53.74819456
     53.74819456
     53.74819456
     53.74819456
     53.74819456
     53.74819456
     53.74819456
     53.74819456
     54.10115234
     54.10115234
     54.10115234
     54.10115234
     54.10115234
     54.10115234
     54.10115234
     54.10115234
     45.04062523
     45.04062523
     45.04062523
     45.04062523
     45.04062523
     45.04062523
     45.04062523
     45.04062523
     45.04062523
     45.04062523
     45.04062523
     45.04062523
     45.04062523
     45.04062523
     45.73560249
     45.73560249
     45.73560249
     45.73560249
     45.73560249
     45.73560249
     45.73560249
     45.73560249
     45.73560249
     45.73560249
     45.73560249
     45.73560249
     45.73560249
     45.73560249
     45.73560249
     45.73560249
     45.73560249
     45.73560249
     45.73560249
     45.73560249
     45.73560249
     45.73560249
     45.73560249
     45.73560249
     45.73560249
     45.73560249
     45.73560249
     45.73560249
     45.73560249
     45.73560249
     45.73560249
     45.73560249
     45.73560249
     48.00479507
     48.00479507
     48.00479507
     48.00479507
     48.00479507
     48.00479507
     48.00479507
     48.00479507
     48.00479507
     48.00479507
     48.00479507
     48.00479507
     48.00479507
     48.00479507
     48.00479507
     48.00479507
     48.00479507
     48.00479507
     48.00479507
     48.00479507
     48.00479507
     48.00479507
     48.00479507
     48.00479507
     48.00479507
     48.00479507
     48.00479507
     48.00479507
     48.00479507
     48.00479507
     48.00479507
     48.00479507
     48.00479507
     48.00479507
     48.00479507
     48.00479507
     48.00479507
     48.81180502
     48.81180502
     48.81180502
     48.81180502
     48.81180502
     48.81180502
     48.81180502
     48.81180502
     47.06941019
     47.06941019
     48.06406218
     48.06406218
     48.06406218
     48.06406218
     48.06406218
     48.06406218
     47.18668868
     47.18668868
     47.18668868
     47.18668868
     47.18668868
     47.18668868
     47.18668868
     47.18668868
     47.18668868
     47.18668868
     50.52143068
     50.52143068
     50.52143068
     50.52143068
     50.52143068
     50.52143068
     50.52143068
     50.52143068
     50.52143068
     50.52143068
     50.52143068
     50.52143068
     50.52143068
     50.52143068
     50.52143068
     50.52143068
     50.52143068
     50.52143068
     50.52143068
     50.52143068
     51.26360491
     51.26360491
     51.26360491
     51.26360491
     51.26360491
     51.26360491
     50.71590465
     50.71590465
     50.71590465
     50.71590465
     50.71590465
     50.71590465
     50.71590465
     50.71590465
     50.71590465
     50.71590465
     50.71590465
     50.71590465
     50.71590465
     50.71590465
     50.71590465
     50.71590465
     50.71590465
     50.71590465
     50.71590465
     50.71590465
     50.71590465
     50.71590465
     50.71590465
     50.71590465
     50.71590465
     50.71590465
     50.71590465
     50.71590465
     50.71590465
     50.71590465
     50.13379681
     50.13379681
     50.13379681
     50.13379681
     50.13379681
     50.13379681
     50.13379681
     50.13379681
     49.34127302
     50.87454477
     50.60892511
     50.60892511
     50.60892511
     50.60892511
     50.60892511
     46.42805848
     46.16699693
     46.16699693
     46.16699693
     46.16699693
     46.16699693
     46.16699693
     46.16699693
     46.16699693
     46.16699693
     46.16699693
     46.16699693
     46.16699693
     46.16699693
     46.16699693
     46.16699693
     46.16699693
     46.16699693
     46.16699693
     52.78244580
     52.78244580
     52.78244580
     52.78244580
     52.78244580
     52.78244580
     52.78244580
     54.79784593
     54.79784593
     54.79784593
     54.79784593
     54.79784593
     54.79784593
     54.79784593
     54.79784593
     54.79784593
     54.79784593
     54.79784593
     54.79784593
     54.79784593
     54.79784593
     54.79784593
     54.77985314
     54.77985314
     54.77985314
     54.77985314
     54.77985314
     54.77985314
     54.77985314
     54.77985314
     54.77985314
     54.77985314
     54.77985314
     54.77985314
     54.77985314
     54.77985314
     54.77985314
     54.74643248
     54.74643248
     54.74643248
     54.74643248
     54.74643248
     54.74643248
     54.74643248
     54.74643248
     54.74643248
     54.74643248
     54.74643248
     54.06491353
     54.06491353
     54.06491353
     54.06491353
     54.06491353
     53.70105251
     53.70105251
     53.70105251
     53.70105251
     53.70105251
     53.70105251
     53.70105251
     53.91675431
     53.91675431
     53.91675431
     53.91675431
     53.91675431
     53.91675431
     53.91675431
     53.91675431
     53.40098927
     53.40098927
     53.40098927
     54.09206523
     54.09206523
     54.09206523
     54.09206523
     54.09206523
     54.09206523
     54.09206523
     54.09206523
     54.71583832
     54.71583832
     54.71583832
     54.71583832
     54.71583832
     54.71583832
     54.71583832
     54.71583832
     54.71583832
     54.71583832
     54.71583832
     54.71583832
     54.71583832
     54.71583832
     54.71583832
     54.71583832
     54.71583832
     54.71583832
     54.71583832
     54.71583832
     54.71583832
     32.01420808
     32.01420808
     32.01420808
     32.01420808
     32.01420808
     32.01420808
     32.01420808
     32.01420808
     39.21748697
     39.21748697
     39.21748697
     39.21748697
     39.21748697
     40.04484866
     40.04484866
     40.04484866
     40.04484866
     40.04484866
     40.04484866
     40.04484866
     40.04484866
     40.04484866
     40.04484866
     40.04484866
     40.04484866
     40.04484866
     40.04484866
     40.04484866
     40.04484866
     40.04484866
     40.04484866
     40.04484866
     40.07206282
     40.07206282
     40.07206282
     42.37636680
     42.37636680
     42.37636680
     43.14420280
     43.14420280
     43.14420280
     43.14420280
     43.14420280
     43.14420280
     43.14420280
     43.14420280
     43.14420280
     48.76248851
     48.76248851
     48.76248851
     48.76248851
     48.76248851
     48.76248851
     48.76248851
     48.76248851
     48.76248851
     48.76248851
     48.76248851
     48.76248851
     48.76248851
     48.76248851
     48.99281798
     48.99281798
     48.99281798
     48.99281798
     48.99281798
     48.99281798
     48.99281798
     48.99281798
     48.99281798
     48.99281798
     48.99281798
     48.99281798
     48.99281798
     48.99281798
     48.99281798
     48.99281798
     48.99281798
     48.99281798
     48.99281798
     49.88489672
     49.88489672
     49.88489672
     49.88489672
     49.88489672
     51.86463582
     51.86463582
     51.86463582
     51.86463582
     52.11526184
     52.11526184
     52.25078385
     52.25078385
     52.25078385
     52.25078385
     51.67718152
     51.67718152
     53.52099714
     53.52099714
     53.52099714
     32.13193976
     32.13193976
     32.13193976
     32.13193976
     32.13193976
     32.13193976
     32.13193976
     32.13193976
     32.13193976
     31.55416691
     31.55416691
     31.55416691
     31.55416691
     31.55416691
     31.55416691
     31.55416691
     31.55416691
     31.55416691
     31.55416691
     31.55416691
     31.55416691
     31.55416691
     31.55416691
     31.55416691
     31.55416691
     31.55416691
     31.55416691
     31.55416691
     31.55416691
     31.55416691
     31.55416691
     31.55416691
     31.55416691
     31.55416691
     31.55416691
     31.55416691
     31.55416691
     31.55416691
     31.55416691
     31.55416691
     31.55416691
     31.55416691
     31.55416691
     31.55416691
     31.55416691
     39.36193290
     39.36193290
     39.36193290
     39.36193290
     39.36193290
     39.36193290
     39.36193290
     39.36193290
     39.36193290
     39.51472870
     39.51472870
     39.51472870
     39.51472870
     39.51472870
     39.51472870
     39.51472870
     39.51472870
     39.51472870
     38.50702637
     38.50702637
     38.50702637
     38.50702637
     38.50702637
     38.50702637
     38.50702637
     38.50702637
     38.50702637
     38.50702637
     38.50702637
     38.50702637
     38.50702637
     38.50702637
     38.50702637
     38.50702637
     38.50702637
     38.50702637
     38.50702637
     38.50702637
     38.50702637
     38.50702637
     38.50702637
     38.50702637
     38.50702637
     38.50702637
     38.50702637
     38.50702637
     38.50702637
     38.50702637
     38.50702637
     38.50702637
     38.50702637
     38.50702637
     38.50702637
     38.50702637
     38.50702637
     50.69326698
     50.69326698
     50.69326698
     50.69326698
     50.69326698
     50.69326698
     50.69326698
     50.69326698
     50.69326698
     50.69326698
     50.69326698
     50.69326698
     50.69326698
     53.72179209
     53.72179209
     53.72179209
     53.72179209
     53.72179209
     53.72179209
     53.72179209
     53.72179209
     53.72179209
     53.72179209
     53.72179209
     53.72179209
     53.72179209
     53.72179209
     53.72179209
     53.72179209
     53.72179209
     53.72179209
     53.72179209
     53.72179209
     53.72179209
     53.72179209
     53.72179209
     53.72179209
     53.72179209
     53.72179209
     53.72179209
     53.72179209
     53.72179209
     53.72179209
     53.72179209
     53.72179209
     53.72179209
     53.72179209
     53.72179209
     53.72179209
     53.72179209
     53.72179209
     53.72179209
     54.52207888
     54.49755180
     54.49755180
     54.49755180
     54.49755180
     54.49755180
     54.49755180
     52.00516417
     52.00516417
     52.00516417
     51.20447981
     51.20447981
     51.20447981
     51.20447981
     51.20447981
     51.20447981
     53.94492341
     53.94492341
     53.94492341
     53.94492341
     53.94492341
     53.94492341
     53.94492341
     53.94492341
     53.94492341
     53.94492341
     53.94492341
     53.94492341
     53.94492341
     53.94492341
     52.52774965
     52.52774965
     52.52774965
     52.52774965
     52.52774965
     52.52774965
     52.52774965
     52.52774965
     52.52774965
     53.53015791
     53.53015791
     53.53015791
     53.53015791
     53.53015791
     53.53015791
     53.53015791
     53.53015791
     53.53015791
    -99.52407072
    -99.52407072
    -99.52407072
    -99.52407072
    -99.52407072
    -99.52407072
    -99.52407072
    -99.52407072
    -34.98636795
    -34.98636795
    -34.98636795
    -34.98636795
    -34.98636795
    -34.98636795
    -34.98636795
    -34.98636795
    -34.98636795
    -34.98636795
    -34.98636795
    -34.98636795
    -34.98636795
    -34.98636795
    -34.98636795
    -34.98636795
    -34.98636795
    -34.98636795
    -34.98636795
    -34.98636795
    -34.98636795
    -14.47277690
    -14.47277690
    -14.47277690
    -14.47277690
    -14.47277690
    -14.47277690
    -14.47277690
    -14.47277690
    -14.47277690
    -14.47277690
    -14.47277690
    -14.47277690
    -18.02057874
    -18.02057874
    -18.02057874
    -18.02057874
    -18.02057874
    -18.02057874
    -18.02057874
    -18.02057874
    -18.02057874
    -18.02057874
      9.56277233
      9.56277233
      9.56277233
      9.56277233
      9.56277233
      9.56277233
      9.56277233
      9.56277233
      9.56277233
      9.56277233
      9.56277233
      9.56277233
      9.56277233
      9.56277233
      9.56277233
      9.56277233
      9.56277233
      9.56277233
      9.56277233
      9.56277233
     12.50108144
     12.50108144
     12.50108144
     12.50108144
     29.51096076
     29.51096076
     29.51096076
     29.51096076
     29.51096076
     29.51096076
     29.51096076
     29.51096076
     29.51096076
     29.51096076
     29.51096076
     29.51096076
     29.51096076
     29.51096076
     35.57562597
     39.27096672
     39.27096672
     39.27096672
     39.27096672
     39.27096672
     46.30366319
     46.30366319
     46.30366319
     46.30366319
     46.30366319
    -53.82670371
    -53.82670371
    -53.82670371
    -53.82670371
    -53.82670371
    -53.82670371
    -53.82670371
     11.05291833
     11.05291833
     11.05291833
     11.05291833
     11.05291833
     11.05291833
     11.05291833
     11.05291833
     11.05291833
     11.05291833
     11.05291833
     11.05291833
     11.05291833
     11.05291833
     11.05291833
     11.05291833
     34.84931078
     34.84931078
     34.84931078
     34.84931078
     34.84931078
     34.84931078
     34.84931078
     34.84931078
     34.84931078
     34.84931078
     34.84931078
     34.84931078
     34.84931078
     34.84931078
     46.33224121
     46.33224121
     46.33224121
     46.33224121
     46.33224121
     46.33224121
     46.33224121
     46.33224121
     50.43963251
     50.43963251
     50.43963251
     50.43963251
     50.43963251
     50.43963251
     50.43963251
     48.13512029
     48.13512029
     48.13512029
     48.24569187
     48.24569187
     48.24569187
     48.24569187
     48.24569187
     48.24569187
     48.24569187
     48.24569187
     48.24569187
     48.24569187
     48.24569187
     48.24569187
     48.24569187
     48.24569187
     48.24569187
     48.24569187
     48.24569187
     48.24569187
     48.24569187
     48.24569187
     48.24569187
     48.24569187
     48.24569187
     48.24569187
     48.24569187
     48.24569187
     51.44619055
     51.44619055
     55.73285597
     55.73285597
     55.73285597
     55.73285597
     55.73285597
     55.73285597
     55.73285597
     55.73285597
     55.73285597
     55.73285597
     55.73285597
     55.73285597
     55.73285597
     55.73285597
     55.73285597
     55.73285597
     55.73285597
     54.95808597
     54.95808597
     54.95808597
     54.95808597
     54.95808597
     54.95808597
     54.95808597
     54.95808597
     54.95808597
     54.95808597
     54.95808597
     54.95808597
     54.95808597
     54.95808597
     54.96949820
     54.96949820
     54.96949820
     54.96949820
     54.96949820
     54.96949820
     54.96949820
     54.96949820
     54.96949820
     54.96949820
     54.96949820
     54.78175678
     54.78175678
     54.78175678
     54.78175678
     54.78175678
     54.78175678
     54.78175678
     54.78175678
     54.78175678
     54.78175678
     54.78175678
     54.78175678
     54.78175678
     54.78175678
     54.78175678
     54.75733092
     54.75733092
     54.75733092
     54.75733092
     54.75932212
     54.75932212
     54.75932212
     54.75932212
     54.75932212
     54.75932212
     54.75932212
     54.75932212
     54.75932212
     54.75932212
     54.75932212
     54.75932212
     54.75932212
     54.75932212
     54.75932212
     54.75932212
     54.75932212
     54.75932212
     54.75932212
     54.75932212
     54.75932212
     54.75932212
     54.75932212
     54.75932212
     54.75932212
     54.75932212
     54.75932212
     54.75932212
     54.75932212
     54.75932212
     54.75932212
     54.75932212
     54.75932212
     54.75932212
     54.75932212
     54.75932212
     54.75932212
     54.75932212
     54.75932212
     54.75932212
     54.75932212
     54.75932212
     54.75932212
     54.75932212
     54.75932212
     54.75932212
     54.75932212
     54.88045997
     54.88045997
     55.07634022
     55.07634022
     55.07634022
     55.07634022
     55.07634022
     55.22500305
     55.22500305
    -16.16236829
    -16.16236829
    -16.16236829
    -16.16236829
    -16.16236829
    -16.16236829
    -16.16236829
    -16.16236829
    -16.16236829
    -16.16236829
    -16.16236829
    -16.16236829
    -16.16236829
    -16.16236829
    -16.16236829
    -16.16236829
    -14.39468974
    -14.39468974
    -14.39468974
    -14.39468974
    -14.39468974
    -14.39468974
    -14.39468974
     -9.45524203
     -9.45524203
     -9.45524203
     -9.45524203
     -9.45524203
     -9.45524203
     -9.45524203
     -9.45524203
     -9.45524203
     -9.45524203
     -9.45524203
     -9.45524203
     -9.45524203
     -9.45524203
     -9.45524203
     -9.45524203
     -9.45524203
     -9.45524203
     -9.45524203
     -9.45524203
     -9.45524203
     -9.45524203
     -9.45524203
     -9.45524203
     -9.45524203
     -9.45524203
     -9.45524203
     -9.45524203
     -9.45524203
     -9.45524203
     -9.45524203
     -9.45524203
     11.97067902
     11.97067902
     11.97067902
     11.97067902
     25.82984338
     25.82984338
     25.82984338
     25.82984338
     25.82984338
     25.82984338
     25.82984338
     25.82984338
     25.82984338
     45.82497846
     45.82497846
     45.82497846
     45.82497846
     45.82497846
     45.82497846
     45.82497846
     45.82497846
     45.82497846
     45.82497846
     45.82497846
     45.82497846
     45.82497846
     45.82497846
     45.82497846
     45.82497846
     45.82497846
     45.82497846
     45.82497846
     45.82497846
     45.82497846
     45.82497846
     45.82497846
     45.82497846
     45.82497846
     45.82497846
     45.82497846
     48.37195155
     48.37195155
     48.37195155
     48.37195155
     48.37195155
     50.97773378
     50.97773378
     50.97773378
     50.97773378
     50.97773378
     50.97773378
     50.97773378
     50.97773378
     50.97773378
     50.97773378
     50.97773378
     50.97773378
     50.83222927
     50.38781586
     50.38781586
     50.38781586
     50.38781586
     50.38781586
     50.38781586
     50.38781586
     50.38781586
     53.77293105
     53.77293105
     53.77293105
     53.77293105
     53.77293105
     53.77293105
     53.77293105
     53.77293105
     53.77293105
     53.77293105
     53.77293105
     53.77293105
     53.77293105
     54.04221022
     54.04221022
     54.04221022
     54.04221022
     54.04221022
     54.04221022
     54.04221022
     54.04221022
     54.04221022
     54.04221022
     54.04221022
     54.04221022
     52.14609376
     52.14609376
     52.14609376
     52.14609376
     52.14609376
     52.14609376
     54.02226244
     54.02226244
     54.02226244
     54.02226244
     54.02226244
     52.03188268
     52.03188268
     52.03188268
     52.03188268
     52.03188268
     52.03188268
     52.03188268
     52.03188268
     52.03188268
     52.03188268
     52.03188268
     52.03188268
     52.03188268
     52.03188268
     53.23351094
     53.23351094
     53.23351094
     53.23351094
     53.23351094
     53.23351094
     53.23351094
     53.23351094
     53.23351094
     53.23351094
     53.23351094
     53.23351094
     53.23351094
     53.23351094
     53.23351094
     53.23351094
     53.23351094
     53.23351094
     53.23351094
     53.23351094
     53.23351094
     53.23351094
     53.23351094
     53.23351094
     53.23351094
     53.23351094
     53.23351094
     53.23351094
     53.23351094
     54.92555231
     57.64644316
     57.64644316
     57.64644316
     57.53811211
     57.53811211
     57.53811211
     57.53811211
     57.53811211
     57.41172678
     57.41172678
     57.41172678
     57.41172678
     57.41172678
     57.41172678
     57.41172678
     57.41172678
     57.41172678
     57.41172678
     57.41172678
     57.41172678
     57.41172678
     57.41172678
     57.41172678
     57.41172678
     57.41172678
     57.41172678
     57.41172678
     57.41172678
     57.41172678
     57.41172678
     57.41172678
     57.41172678
     57.41172678
     57.41172678
     57.41172678
     57.60913712
     57.60913712
     57.60913712
     57.60913712
     57.60913712
     57.60913712
     57.60913712
     57.60913712
     57.60913712
     57.60913712
     57.60913712
     57.60913712
     57.60913712
     57.60913712
     57.60913712
     57.60913712
     57.60913712
     57.60913712
     57.60913712
     57.60913712
     57.60913712
     57.60913712
     57.60913712
     57.60913712
     57.60913712
     57.60913712
     57.60913712
     57.60913712
     57.60913712
     57.60913712
     57.60913712
     57.60913712
     57.60913712
     57.60913712
     57.60913712
     57.60913712
     57.60913712
     57.60913712
     57.60913712
     57.60913712
     57.60913712
     57.60913712
     57.60913712
     57.60913712
     57.60913712
     57.60913712
     57.60913712
     57.60913712
     57.60913712
     57.60913712
     57.60913712
     57.60913712
     56.49008542
     56.49008542
     56.49008542
     56.49008542
     56.49008542
     56.49008542
     56.49008542
     56.49008542
     56.49008542
     56.49008542
     56.49008542
     56.49008542
     -7.05098398
     -7.05098398
     -7.05098398
     -7.05098398
     -7.05098398
     -7.05098398
     -7.05098398
     -7.05098398
     -7.05098398
     -7.05098398
     -7.05098398
     -7.05098398
     -7.05098398
     -7.05098398
     -7.05098398
     -7.05098398
     -7.05098398
     -7.05098398
     -7.05098398
     -7.05098398
     -7.05098398
     -7.05098398
     -7.05098398
     -7.05098398
     -7.05098398
     -7.05098398
     -7.05098398
     -7.05098398
     -7.05098398
     -7.05098398
     -7.05098398
     -7.05098398
     -7.05098398
     -7.05098398
     -7.05098398
     -7.05098398
     -4.87189112
     -4.87189112
     -4.87189112
     -4.87189112
     -4.87189112
     -4.87189112
     -4.87189112
     -4.87189112
     -4.87189112
     -4.87189112
     -4.87189112
     -4.87189112
     -4.87189112
     -4.87189112
     -4.87189112
     -4.87189112
     -4.87189112
     -4.87189112
     -4.87189112
     -4.87189112
     -4.87189112
     -4.87189112
     -4.87189112
     -4.87189112
     -4.87189112
     -4.87189112
     -4.87189112
     -4.87189112
     -4.87189112
     -4.87189112
     -4.87189112
     -4.87189112
     -4.87189112
     -4.87189112
     -4.87189112
     -4.87189112
     30.95795957
     30.95795957
     30.95795957
     30.95795957
     30.95795957
     30.95795957
     30.95795957
     30.95795957
     30.95795957
     30.95795957
     30.95795957
     30.95795957
     30.95795957
     30.95795957
     30.95795957
     30.95795957
     30.95795957
     30.95795957
     30.95795957
     30.95795957
     30.95795957
     36.21567849
     36.21567849
     36.21567849
     36.21567849
     36.21567849
     36.21567849
     36.21567849
     -7.66487841
     -7.66487841
     -7.66487841
     -7.66487841
     -7.66487841
     -7.66487841
     -7.66487841
     -7.66487841
     -7.66487841
     -7.66487841
     -7.66487841
     -7.66487841
     -7.66487841
     -7.66487841
     -7.66487841
     -7.66487841
     -7.66487841
     -7.66487841
     -7.66487841
     -7.66487841
     -7.66487841
     -7.66487841
     -7.66487841
     -7.66487841
     -7.66487841
     -7.66487841
     -7.66487841
     -7.66487841
     54.84081625
     54.84081625
     54.27146576
     54.27146576
     53.44772056
     53.44772056
     53.44772056
     53.44772056
     53.44772056
     53.44772056
     54.91023424
     54.91023424
     54.91023424
     54.65113250
     54.65113250
     54.65113250
     54.65113250
     54.65113250
     54.65113250
     54.65113250
     54.65113250
     54.65113250
     54.65113250
     54.65113250
     54.65113250
     54.25680408
     54.25680408
     54.25680408
     53.32666859
     54.22175980
     54.22175980
     54.22175980
     54.22175980
     54.22175980
     53.80491393
     53.80491393
     53.80491393
     53.80491393
     53.80491393
     53.80491393
     53.80491393
     53.80491393
     53.80491393
     53.80491393
     54.61459494
     54.61459494
     54.22598480
     54.22598480
     54.22598480
     54.22598480
     54.22598480
     54.22598480
     54.22598480
     54.22598480
     54.22598480
     54.22598480
     54.22598480
     54.22598480
     54.22598480
     54.22598480
     54.22598480
     54.22598480
     54.22598480
     54.22598480
     54.22598480
     54.22598480
     54.22598480
     54.16397132
     54.71785095
     54.71785095
     54.25994531
     54.25994531
     48.63963685
     48.63963685
     48.63963685
     48.63963685
     48.63963685
     48.63963685
     48.63963685
     48.63963685
     48.63963685
     48.63963685
     48.63963685
     48.63963685
     48.63963685
     48.63963685
     48.63963685
     48.63963685
     48.63963685
     48.63963685
     48.63963685
     48.63963685
     48.63963685
     48.63963685
     48.63963685
     48.63963685
     48.63963685
     48.63963685
     48.63963685
     47.53175818
     47.53175818
     47.53175818
     47.53175818
     47.53175818
     47.53175818
     47.53175818
     44.19945632
     44.19945632
     44.19945632
     44.19945632
     44.19945632
     44.19945632
     44.19945632
     44.19945632
     44.19945632
     44.19945632
     43.56841321
     43.56841321
     43.56841321
     43.56841321
     43.56841321
     43.56841321
     43.56841321
     43.56841321
     43.56841321
     43.56841321
     43.56841321
     43.56841321
     43.56841321
     43.56841321
     43.56841321
     43.56841321
     43.56841321
     43.56841321
     43.65974663
     42.79036426
     42.79036426
     42.79036426
     42.79036426
     42.79036426
     42.79036426
     42.79036426
     42.79036426
     42.79036426
     44.17657786
     44.17657786
     44.17657786
     44.17657786
     47.58899932
     47.58899932
     48.01096229
     48.01096229
     48.01096229
     45.50879877
     45.50879877
     45.50879877
     45.50879877
     45.50879877
     45.50879877
     45.50879877
     45.50879877
     45.50879877
     45.50879877
     49.93402341
     49.93402341
     49.93402341
     49.93402341
     49.93402341
     49.93402341
     49.93402341
     49.93402341
     49.93402341
     41.41335110
     41.41335110
     41.41335110
     41.41335110
     41.41335110
     41.41335110
     41.41335110
     41.41335110
     41.41335110
     42.87581133
     42.87581133
     42.87581133
     42.87581133
     42.87581133
     42.87581133
     42.87581133
     43.12160227
     43.12160227
     43.12160227
     43.12160227
     43.12160227
     43.12160227
     43.12160227
     43.12160227
     43.12160227
     43.12160227
     43.12160227
     43.12160227
     43.12160227
     43.12160227
     43.12160227
     43.12160227
     43.12160227
     43.12160227
     43.12160227
     43.12160227
     43.12160227
     43.12160227
     43.12160227
     43.12160227
     43.12160227
     43.12160227
     43.12160227
     43.12160227
     43.12160227
     43.12160227
     42.77086393
     42.77086393
     42.77086393
     42.77086393
     42.77086393
     42.77086393
     42.77086393
     42.77086393
     42.77086393
     42.77086393
     42.77086393
     42.77086393
     42.77605156
     42.77605156
     42.77605156
     42.77605156
     42.77605156
     42.77605156
     42.77605156
     42.77605156
     42.77605156
     42.77605156
     42.77605156
     42.77605156
     42.77605156
     42.77605156
     42.77605156
     42.77605156
     42.77605156
     42.77605156
     42.77605156
     42.77605156
     42.77605156
     42.77605156
     42.77605156
     42.77605156
     42.77605156
     42.77605156
     42.77605156
     42.77605156
     42.77605156
     42.77605156
     42.77605156
     42.77605156
     42.77605156
     42.77605156
     42.77605156
     42.77605156
     42.77605156
     42.77605156
     42.77605156
     42.77605156
     42.77605156
     42.77605156
     45.12965758
     45.12965758
     45.12965758
     45.12965758
     45.12965758
     45.12965758
     47.10606169
     47.10606169
     47.10606169
     47.10606169
     47.10606169
     47.10606169
     47.10606169
     47.10606169
     47.10606169
     47.10606169
     47.10606169
     47.10606169
     47.10606169
     47.10606169
     47.10606169
     48.59869536
     48.59869536
     48.59869536
     48.59869536
     48.59869536
     48.59869536
     48.59869536
     48.59869536
     48.59869536
     53.58470263
     53.58470263
     53.58470263
     53.58470263
     53.58470263
     53.58470263
     53.58470263
     53.58470263
     53.58470263
     53.58470263
     53.58470263
     53.58470263
     53.58470263
     53.58470263
     53.58470263
     52.19925117
     52.19925117
     52.19925117
     52.19925117
     52.19925117
     52.19925117
     52.19925117
     52.19925117
     52.19925117
     52.19925117
     52.19925117
     52.19925117
     52.19925117
     52.19925117
     52.19925117
     52.19925117
     52.19925117
     52.19925117
     52.19925117
     52.19925117
     52.19925117
     52.19925117
     52.19925117
     52.19925117
     52.19925117
     52.19925117
     52.19925117
     52.19925117
     52.19925117
     52.19925117
     52.19925117
     52.19925117
     52.19925117
     52.19925117
     52.19925117
     52.19925117
     52.19925117
     52.19925117
     52.19925117
     52.19925117
     52.40195897
     52.40195897
     52.40195897
     52.40195897
     52.40195897
     52.40195897
     52.40195897
     52.40195897
     52.40195897
     52.40195897
     52.40195897
     51.39699641
     51.39699641
     52.17688766
     52.17688766
      7.66393717
      7.66393717
      7.66393717
      7.66393717
      7.66393717
      7.66393717
      7.66393717
     41.89141860
     41.89141860
     41.89141860
     41.89141860
     41.89141860
     41.89141860
     41.89141860
     41.89141860
     41.89141860
     41.89141860
     41.89141860
     41.89141860
     41.89141860
     41.89141860
     41.89141860
     41.89141860
     41.89141860
     41.89141860
     41.89141860
     41.89141860
     41.89141860
     41.89141860
     41.89141860
     41.89141860
     41.89141860
     41.89141860
     41.89141860
     41.89141860
     41.89141860
     41.89141860
     41.89141860
     41.89141860
     41.89141860
     41.89141860
     41.89141860
     41.89141860
     41.89141860
     41.89141860
     41.89141860
     41.89141860
     41.89141860
     41.89141860
     41.89141860
     41.89141860
     41.89141860
     41.89141860
     41.89141860
     41.89141860
     41.89141860
     41.89141860
     41.89141860
     41.89141860
     41.89141860
     41.89141860
     41.89141860
     41.89141860
     41.89141860
     41.89141860
     41.89141860
     41.89141860
     41.89141860
     41.89141860
     41.89141860
     41.89141860
     41.89141860
     41.89141860
     41.89141860
     41.89141860
     41.89141860
     41.89141860
     41.89141860
     41.89141860
     41.89141860
     41.89141860
     41.89141860
     41.89141860
     41.89141860
     41.89141860
     41.89141860
     41.89141860
     41.89141860
     41.89141860
     41.89141860
     41.89141860
     41.89141860
     41.89141860
     41.89141860
     41.89141860
     41.89141860
     41.89141860
     41.89141860
     41.89141860
     41.89141860
     25.76385532
     25.76385532
     25.76385532
     25.76385532
     25.76385532
     25.76385532
     25.76385532
     25.76385532
     25.76385532
     25.76385532
     25.76385532
     25.76385532
     25.76385532
     25.76385532
     25.76385532
     25.76385532
     35.62095246
     35.62095246
     35.62095246
     35.62095246
     35.62095246
     35.62095246
     35.62095246
     35.62095246
     35.62095246
     35.62095246
     35.62095246
     35.62095246
     35.62095246
     35.62095246
     35.62095246
     35.62095246
     35.62095246
     35.62095246
     35.62095246
     35.62095246
     35.62095246
     35.62095246
     35.62095246
     35.62095246
     35.20311638
     37.97682936
     37.97682936
     37.97682936
     37.97682936
     37.97682936
     37.97682936
     37.97682936
     37.97682936
     37.97682936
     37.97682936
     37.97682936
     37.97682936
     37.97682936
     37.97682936
     37.97682936
     37.97682936
     37.97682936
     37.97682936
     37.97682936
     37.90684431
     37.90684431
     37.90684431
     37.90684431
     37.90684431
     37.90684431
     37.90684431
     53.50370081
     53.50370081
     53.50370081
     53.50370081
     53.50370081
     53.50370081
     53.50370081
     53.50370081
     53.50370081
     53.50370081
     53.50370081
     53.50370081
     53.50370081
     53.50370081
     53.50370081
     53.50370081
     53.50370081
     53.50370081
     53.50370081
     54.93835160
     54.93835160
     54.93835160
     54.93835160
     54.84094568
     54.84094568
     54.84094568
     54.84094568
     54.84094568
     54.84094568
     54.84094568
     54.29320555
     54.29320555
     54.29320555
     43.08476363
     43.08476363
     43.08476363
     43.08476363
     43.08476363
     43.08476363
     43.08476363
     43.08476363
     43.08476363
     43.08476363
     43.08476363
     43.08476363
     43.08476363
     43.08476363
     43.08476363
     44.28742669
     44.28742669
     44.28742669
     44.28742669
     44.28742669
     44.28742669
     44.28742669
     44.28742669
     44.28742669
     44.28742669
     44.28742669
     44.45604393
     44.45604393
     44.45604393
     44.45604393
     44.45604393
     44.45604393
     44.45604393
     44.45604393
     44.45604393
     44.45604393
     44.45604393
     44.45604393
     44.45604393
     44.45604393
     44.45604393
     44.45604393
     46.48884608
     46.48884608
     46.48884608
     46.48884608
     51.28713296
     51.28713296
     51.28713296
     51.28713296
     51.28713296
     51.28713296
     51.28713296
     51.28713296
     51.28713296
     51.28713296
     51.28713296
     51.28713296
     51.28713296
     51.28713296
     51.28713296
     51.28713296
     51.28713296
     51.28713296
     51.28713296
     51.28713296
     51.28713296
     51.28713296
     51.28713296
     51.28713296
     51.28713296
     51.28713296
     51.28713296
     51.28713296
     51.28713296
     51.28713296
     51.28713296
     51.28713296
     51.28713296
     55.00106433
     55.00106433
     55.00106433
     54.92352993
     54.92352993
     55.05165440
     55.05165440
     55.05165440
     55.05165440
     55.05165440
     55.05165440
     55.05165440
     55.05165440
     57.49376160
     57.49376160
     57.49376160
     57.49376160
     57.49376160
     57.49376160
     57.49376160
     57.50843492
     51.19450960
     51.19450960
     51.19450960
     51.19450960
     51.19450960
     51.19450960
     51.19450960
     51.19450960
     51.19450960
     51.19450960
     51.19450960
     51.20878148
     51.20878148
     51.20878148
     51.20878148
     51.20878148
     51.20878148
     51.20878148
     51.20878148
     51.20878148
     51.20878148
     51.20878148
     51.20878148
     51.20878148
     51.20878148
     51.20878148
     51.20878148
     47.93556651
     47.93556651
     47.93556651
     47.93556651
     47.93556651
     47.93556651
     47.93556651
     51.01943679
     51.01943679
     51.01943679
     51.01943679
     51.01943679
     51.01943679
     55.81735333
     55.81735333
     55.81735333
     55.81735333
     55.81735333
     55.81735333
     55.27113592
     55.27113592
     55.27113592
     55.27113592
     55.27113592
     55.27113592
     55.27113592
     55.27113592
     55.27113592
     55.27113592
     55.27113592
     55.27113592
     55.27113592
     55.27113592
     55.27113592
     55.27113592
     55.27113592
     55.27113592
     55.27113592
     55.27113592
     55.27113592
     55.27113592
     55.27113592
     55.27113592
     55.27113592
     55.27113592
     55.27113592
     55.33445366
     55.33445366
     55.33445366
     55.33445366
     55.33445366
     55.33445366
     55.33445366
     55.33445366
     55.33445366
     55.33445366
     55.46960705
     55.46960705
     55.46960705
     55.46960705
     55.46960705
     55.46960705
     55.46960705
     55.46960705
     55.46960705
     55.46960705
     55.46960705
     55.46960705
     55.46960705
     55.46960705
     55.46960705
     55.46960705
     55.46960705
     50.32385315
     56.46558630
     56.46558630
     55.91195289
     55.91195289
     55.81503755
     55.63365447
     55.63365447
     55.63365447
     55.63365447
     55.63365447
     55.63365447
     55.63365447
     55.63365447
     55.63365447
     55.63365447
     55.63365447
     55.63365447
     55.63365447
     55.63365447
     55.63365447
     55.63365447
     55.63365447
     55.63365447
     55.63365447
     55.63365447
     55.63365447
     55.63365447
     55.63365447
     55.63365447
     55.63365447
     55.63365447
     55.63365447
     55.63365447
     55.63365447
     55.63365447
     55.63365447
     55.63365447
     55.63365447
     55.63365447
     55.63365447
     55.63365447
     55.63365447
     55.63365447
     55.63365447
     55.63365447
     55.63365447
     55.63365447
     55.63365447
     55.01725055
     55.01725055
     55.01725055
     55.01725055
     55.01725055
     55.13445758
     54.62041982
     54.62041982
     54.62041982
     54.62041982
     54.62041982
     54.62041982
     54.62041982
     54.62041982
     54.62041982
     54.62041982
     54.62041982
     54.62041982
     54.62041982
     54.62041982
     54.62041982
     54.62041982
     54.62041982
     54.62041982
     54.62041982
     54.62041982
     54.62041982
     54.62041982
     54.62041982
     54.62041982
     54.62041982
     54.62041982
     54.62041982
     54.62041982
     54.62041982
     54.62041982
     54.62041982
     54.62041982
     54.62041982
     54.62041982
     54.62041982
     54.62041982
     54.62041982
     54.62041982
     54.62041982
     54.62041982
     54.62041982
     54.62041982
     54.62041982
     54.62041982
     54.62041982
     -8.63652209
     -8.63652209
     -8.63652209
     -8.63652209
     -8.63652209
     -8.63652209
     -8.63652209
     -8.63652209
     -8.63652209
     -8.63652209
     -8.63652209
     -8.63652209
     -8.63652209
     -8.63652209
     -8.63652209
     -8.63652209
     -8.63652209
     15.95386222
     15.95386222
     15.95386222
     15.95386222
     15.95386222
     26.71413401
     26.71413401
     26.71413401
     26.19892693
     26.19892693
     26.19892693
     40.20699507
     40.20699507
     40.20699507
     51.40338865
     50.39999428
     50.39999428
     50.39999428
     50.39999428
     50.39999428
     50.39999428
     50.39999428
     50.39999428
     50.39999428
     53.39730105
     53.39730105
     53.39730105
     53.39730105
     53.39730105
     53.39730105
     51.37831437
     49.25143460
     49.92532974
     49.92532974
     49.92532974
     49.92532974
     49.92532974
     49.92532974
     49.92532974
     49.92532974
     49.92532974
     49.92532974
     49.92532974
     49.92532974
     53.18772381
     53.18772381
     53.18772381
     53.18772381
     53.18772381
     53.18772381
     53.18772381
     53.18772381
     53.18772381
     51.33625905
     51.33625905
     51.33625905
     51.33625905
     51.33625905
     51.33625905
     51.33625905
     51.33625905
     51.33625905
     51.33625905
     51.33625905
     51.33625905
     51.33625905
     51.33625905
     51.33625905
     51.33625905
     51.33625905
     51.33625905
     51.33625905
     51.33625905
     51.33625905
     51.33625905
     51.44360876
     53.93388452
     53.93388452
     53.93388452
     53.93388452
     53.93388452
     53.96216574
     53.96216574
     53.14818005
     53.14818005
     53.14818005
     53.14818005
     53.14818005
     53.14818005
     53.14818005
     53.14818005
     53.14818005
     53.14818005
     53.14818005
     53.14818005
     53.14818005
     53.14818005
     53.14818005
     53.14818005
     53.14818005
     53.14818005
     53.14818005
     53.14818005
     53.14818005
     53.14818005
     53.14818005
     53.14818005
     53.14818005
     53.14818005
     53.14818005
     53.14818005
     53.14818005
     53.14818005
     53.14818005
     53.14818005
     53.14818005
     53.14818005
     53.14818005
     53.14818005
     53.14818005
     53.14818005
     53.14818005
     53.14818005
     53.14818005
     53.14818005
     53.14818005
     53.14818005
     53.14818005
     53.14818005
     53.14818005
     53.14818005
     53.14818005
     53.14818005
     53.14818005
     53.14818005
     53.14818005
     56.26827317
     56.26827317
     56.26827317
     53.32236617
     53.32236617
     53.32236617
     53.32236617
     53.32236617
     53.32236617
     53.32236617
     53.32236617
     53.32236617
     53.32236617
     53.32236617
     53.32236617
     53.32236617
     53.32236617
     53.32236617
     53.32236617
     53.32236617
     53.32236617
     53.32236617
     53.32236617
     53.32236617
     53.32236617
     53.32236617
     53.32236617
     53.32236617
     53.32236617
     53.32236617
     53.32236617
     53.32236617
     53.32236617
     53.32236617
     53.32236617
     53.32236617
     54.33931140
     54.33931140
     54.33931140
     54.33931140
     54.33931140
     54.33931140
     54.33931140
     54.33931140
     54.33931140
     54.33931140
     54.33931140
     51.07625097
     51.07625097
     51.07625097
     50.02507519
     50.02507519
     50.02507519
     50.02507519
     50.02507519
     50.02507519
     50.02507519
     50.02507519
     50.02507519
     50.02507519
     50.02507519
     50.02507519
     53.74208096
     53.74208096
     53.74208096
     53.74208096
     53.74208096
     53.74208096
     53.70416561
     53.70416561
     53.70416561
     53.70416561
     53.70416561
     53.70416561
     53.70416561
     53.70416561
     53.70416561
     53.70416561
     53.70416561
     53.70416561
     53.70416561
     53.70416561
     53.70416561
     53.70416561
     53.60870974
     53.60870974
     52.36069675
     52.36069675
     52.36069675
     52.36069675
     52.36069675
     52.36069675
     52.36069675
     52.36069675
     52.36069675
     52.36069675
     53.08700003
     53.08700003
     52.81791905
     52.81791905
     52.81791905
     52.81791905
     52.81791905
     52.81791905
     52.81791905
     52.81791905
     52.81791905
     52.81791905
     52.81791905
     52.81791905
     52.25381917
     52.25381917
     52.25381917
     52.25381917
     52.25381917
     52.25381917
     52.25381917
     52.25381917
     52.25381917
     52.25381917
     52.25381917
     51.60376697
     52.53253903
     52.53253903
     52.53253903
     52.53253903
     52.53253903
     52.53253903
     52.53253903
     52.53253903
     52.53253903
     54.03998142
     54.03998142
     54.03998142
     54.03998142
     54.03998142
     54.03998142
     54.03998142
     54.03998142
     54.03998142
     53.64957746
     53.64957746
     53.64957746
     53.64957746
     53.64957746
     53.64957746
     54.36694731
   -284.37987329
   -284.37987329
   -194.61207976
   -194.61207976
   -194.61207976
   -194.61207976
   -194.61207976
   -194.61207976
   -194.61207976
   -194.61207976
   -194.61207976
   -194.61207976
   -194.61207976
   -194.61207976
   -194.61207976
   -194.61207976
   -194.61207976
   -194.61207976
   -194.61207976
   -194.61207976
   -181.00688345
   -181.00688345
   -181.00688345
   -181.00688345
   -181.00688345
   -181.00688345
   -181.00688345
   -181.00688345
   -181.00688345
   -181.00688345
   -181.00688345
   -181.00688345
   -181.00688345
   -181.00688345
   -181.00688345
   -181.00688345
   -181.00688345
   -181.00688345
   -181.00688345
   -181.00688345
   -181.00688345
   -181.00688345
   -181.00688345
   -181.00688345
   -180.73537483
   -180.73537483
   -180.73537483
   -180.73537483
   -180.73537483
   -180.73537483
   -180.73537483
   -180.73537483
   -180.73537483
   -180.73537483
   -180.73537483
   -180.73537483
   -180.73537483
   -180.73537483
   -180.73537483
   -180.73537483
   -180.73537483
   -180.73537483
   -180.73537483
   -180.73537483
   -180.73537483
   -180.73537483
    -17.23983010
    -17.23983010
    -17.23983010
    -17.23983010
    -17.23983010
    -17.23983010
    -17.23983010
     15.89428965
     15.89428965
     15.89428965
     15.89428965
     15.89428965
     33.24039239
     33.24039239
     33.24039239
     33.24039239
     33.24039239
     33.24039239
     33.24039239
     35.12006492
     35.12006492
     35.12006492
     35.12006492
     45.00752152
     45.00752152
     45.00752152
     45.00752152
     45.00752152
     45.00752152
     45.00752152
     45.00752152
     45.00752152
     45.00752152
     45.20749850
     54.93725947
     54.93725947
     54.93725947
     54.93725947
     54.93725947
     54.93725947
     54.93725947
     54.93725947
     54.93725947
     54.93725947
     54.93725947
     54.93725947
     54.93725947
     54.93725947
     54.93725947
     54.93725947
     54.93725947
     55.07787478
     55.07787478
     55.07787478
     55.07986300
     55.07986300
     55.07986300
     55.07986300
     55.07986300
     55.07986300
     55.07986300
     55.07986300
     55.07986300
     55.23555209
     55.23555209
     55.23555209
     55.23555209
     55.23555209
     55.23555209
     55.23555209
     54.94083568
     54.94083568
     54.94083568
     54.94083568
     54.94083568
     54.94083568
     54.94083568
     54.94083568
     54.94083568
     54.94083568
     54.94083568
     54.94083568
     54.94083568
     54.94083568
     54.94083568
     54.94083568
     54.94083568
     54.94083568
     54.94083568
     54.94083568
     54.94083568
     54.94083568
     54.94083568
     54.94083568
     54.94083568
     54.94083568
     54.94083568
     53.82900641
     53.82900641
     53.82900641
     54.55897016
     54.55897016
     54.55897016
     54.66401886
     54.66401886
     54.66401886
     54.66401886
     54.66401886
     54.66401886
     54.66401886
     54.66401886
     54.66401886
     54.66401886
     54.66401886
     54.66401886
     54.66401886
     54.66401886
     54.66401886
     54.66401886
     54.66401886
     54.66401886
     54.66401886
     54.66401886
     54.66401886
     54.66401886
     54.66401886
     54.66401886
     54.66401886
     54.66401886
     54.66401886
     54.66401886
     54.47221914
     54.47221914
     54.47221914
     18.49163596
     18.49163596
     18.49163596
     18.49163596
     18.49163596
     18.49163596
     18.49163596
     18.49163596
     18.49163596
     18.49163596
     18.49163596
     18.49163596
     18.49163596
     32.83779093
     32.83779093
     32.83779093
     32.83779093
     32.83779093
     32.83779093
     32.83779093
     32.83779093
     32.83779093
     32.83779093
     32.83779093
     32.83779093
     32.83779093
     32.83779093
     32.83779093
     32.83779093
     32.83779093
     32.83779093
     32.83779093
     32.83779093
     32.83779093
     32.83779093
     32.83779093
     32.83779093
     32.83779093
     32.83779093
     32.83779093
     32.83779093
     32.83779093
     32.83779093
     32.83779093
     32.83779093
     32.83779093
     33.72186984
     33.72186984
     33.58695128
     33.58695128
     33.58695128
     33.58695128
     33.58695128
     33.58695128
     33.58695128
     33.58695128
     33.58695128
     33.58695128
     33.58695128
     38.15248112
     38.15248112
     38.15248112
     38.15248112
     38.15248112
     38.15248112
     38.15248112
     38.15248112
     38.15248112
     38.15248112
     38.15248112
     38.15248112
     38.15248112
     38.15248112
     38.15248112
     38.15248112
     38.15248112
     38.15248112
     38.15248112
     38.15248112
     38.15248112
     38.15248112
     38.15248112
     38.15248112
     38.15248112
     38.15248112
     38.15248112
     38.15248112
     38.15248112
     38.15248112
     38.15248112
     38.15248112
     38.15248112
     38.15248112
     38.15248112
     38.15248112
     38.15248112
     38.15248112
     38.15248112
     38.15248112
     38.15248112
     37.65475598
     37.65475598
     37.65475598
     37.65475598
     37.65475598
     37.65475598
     37.65475598
     37.65475598
     37.65475598
     37.65475598
     37.65475598
     37.65475598
     37.65475598
     37.65475598
     37.65475598
     37.65475598
     37.65475598
     37.65475598
     37.65475598
     37.65475598
     37.65475598
     37.65475598
     37.65475598
     37.65475598
     37.65475598
     37.65475598
     54.34727688
     54.48565366
     52.36131731
     52.36131731
     52.36131731
     52.36131731
     52.36131731
     52.54909550
     52.54909550
     52.54909550
     52.54909550
     52.54909550
     52.54909550
     52.54909550
     52.54909550
     52.54909550
     52.54909550
     52.54909550
     52.54909550
     52.54909550
     52.54909550
     52.54909550
     52.54098106
     52.54098106
     52.54098106
     52.54098106
     52.54098106
     52.54098106
     52.54098106
     52.97700677
     52.97700677
     52.97700677
     54.36921219
     54.36921219
     54.36921219
     54.36921219
     54.36921219
     54.36921219
     54.36921219
     54.36921219
     54.36921219
     54.36921219
     54.36921219
     54.36921219
     54.36921219
     54.36921219
     54.36921219
     54.36921219
     54.36921219
     54.36921219
     54.36921219
     54.36921219
     54.36921219
     54.36921219
     54.36921219
     54.36921219
     54.36921219
     54.36921219
     54.36921219
     54.36921219
     54.36921219
     54.36921219
     54.36921219
     54.36921219
     54.36921219
     54.36921219
     54.36921219
     54.36921219
     56.37798911
     56.37798911
     56.37798911
     56.37798911
     56.37798911
     56.37798911
     57.05104451
     57.05104451
     57.05104451
     57.05104451
     57.05104451
     57.05104451
     57.05104451
     57.05104451
     57.05104451
     57.05104451
     57.05104451
     57.05104451
     57.05104451
     57.05104451
     57.05104451
     57.05104451
     57.05104451
     57.06190574
     57.06190574
     57.06190574
     57.06190574
     57.06190574
     57.06190574
     57.06190574
     57.06190574
     57.06190574
     57.06190574
     57.06190574
     57.06190574
     57.06190574
     57.06190574
     56.71202738
     56.71202738
     56.71202738
     56.71202738
     56.71202738
     56.92334562
     56.92334562
     56.92334562
     56.92334562
     56.92334562
     56.92334562
     56.92334562
     54.52938325
     54.52938325
     54.52938325
     54.52938325
     54.52938325
     54.52938325
     54.52938325
     54.52938325
     54.52938325
     54.52938325
     54.52938325
     54.52938325
     54.52938325
     54.52938325
     54.52938325
     54.52938325
     54.52938325
     54.64303471
     54.64303471
     54.64303471
     54.64303471
     54.64303471
     54.64303471
     54.64303471
     54.64303471
     54.64303471
     54.64303471
     54.64303471
     54.64303471
     54.64303471
     54.64303471
     54.64303471
     54.64303471
     54.64303471
     54.64303471
     54.64303471
     56.14684209
     56.14684209
     56.14684209
     56.14684209
     56.14684209
     56.14684209
     56.14684209
     56.14684209
     56.14684209
     56.14684209
     56.14684209
     56.14684209
     56.14684209
     56.14684209
     56.15017567
     56.15017567
     55.19966202
     55.34338339
     55.34338339
     55.34338339
     55.34338339
     29.76882133
     29.76882133
     29.76882133
     29.76882133
     29.76882133
     29.76882133
     29.76882133
     29.76882133
     29.76882133
     29.76882133
     29.76882133
     29.76882133
     29.76882133
     29.76882133
     29.76882133
     29.10683805
     29.10683805
     29.10683805
     29.10683805
     29.10683805
     29.10683805
     29.10683805
     29.10683805
     29.10683805
     29.10683805
     29.10683805
     29.10683805
     29.10683805
     29.10683805
     33.96492643
     33.96492643
     33.96492643
     33.96492643
     33.96492643
     33.96492643
     38.35671519
     38.35671519
     38.35671519
     38.35671519
     38.35671519
     38.35671519
     38.35671519
     38.35671519
     38.35671519
     38.35671519
     38.35671519
     38.35671519
     38.35671519
     38.35671519
     38.35671519
     53.83449702
     53.83449702
     53.83449702
     53.83449702
     53.83449702
     53.83449702
     53.83449702
     53.83449702
     53.83449702
     53.83449702
     53.83449702
     53.83449702
     53.83449702
     55.74193611
     55.74193611
     55.74193611
     55.74193611
     55.74193611
     55.74193611
     55.74193611
     55.74193611
     55.74193611
     55.74193611
     55.74193611
     55.96648874
     55.96648874
     55.96648874
     55.96648874
     55.96648874
     57.14435280
     57.14435280
     57.46421089
     57.46421089
     57.46421089
     57.46421089
     57.46421089
     57.46421089
     57.46421089
     57.46421089
     57.46421089
     57.46421089
     57.46421089
     57.46421089
     57.46421089
     57.46421089
     54.96233675
     54.96233675
     54.96233675
     54.96233675
     54.96233675
     36.28405344
     36.28405344
     36.28405344
     36.28405344
     44.35667471
     44.35667471
     44.35667471
     44.35667471
     44.35667471
     44.35667471
     46.17303675
     46.17303675
     46.17303675
     46.17303675
     46.17303675
     46.17303675
     46.17303675
     46.17303675
     46.17303675
     46.17303675
     49.65638473
     49.65638473
     49.65638473
     49.65638473
     49.65638473
     49.65638473
     49.65638473
     49.65638473
     49.65638473
     49.65638473
     49.65638473
     49.65638473
     49.65638473
     49.65638473
     49.65638473
     52.51228962
     52.51228962
     52.51228962
     52.90550063
     52.90550063
     52.90550063
     52.90550063
     52.90550063
     52.90550063
     52.90550063
     52.90550063
     52.90550063
     52.90550063
     52.90550063
     52.90550063
     52.90550063
     52.90550063
     52.90550063
     52.90550063
     52.90550063
     52.90550063
     52.90550063
     52.90550063
     52.90550063
     52.90550063
     52.90550063
     52.90550063
     52.90550063
     52.90550063
     52.90550063
     52.90550063
     52.90550063
     52.90550063
     52.90550063
     52.90550063
     52.90550063
     52.90550063
     52.90550063
     52.46077823
     52.46077823
     52.46077823
     52.46077823
     52.46077823
     52.46077823
     52.26082273
     52.26082273
     52.26082273
     52.26082273
     52.09906450
     52.09906450
     51.56950197
     51.56950197
     51.56950197
     51.56950197
     51.56950197
     51.56950197
     51.56950197
     51.56950197
     51.56950197
     51.56950197
     51.56950197
     51.56950197
     51.56950197
     51.56950197
     51.56950197
     20.99856848
     20.99856848
     20.99856848
     20.99856848
     20.99856848
     20.99856848
     20.99856848
     20.99856848
     20.99856848
     20.99856848
     20.99856848
     20.99856848
     20.99856848
     20.99856848
     20.99856848
     29.70478318
     29.70478318
     29.70478318
     29.70478318
     29.70478318
     29.70478318
     29.70478318
     29.70478318
     29.70478318
     29.70478318
     29.70478318
     29.70478318
     29.70478318
     29.70478318
     29.70478318
     29.70478318
     29.70478318
     29.70478318
     29.70478318
     29.70478318
     29.70478318
     29.70478318
     29.70478318
     29.70478318
     29.36346862
     29.36346862
     29.36346862
     29.36346862
     29.36346862
     35.62049107
     35.62049107
     35.62049107
     35.62049107
     35.62049107
     35.62049107
     35.62049107
     35.62049107
     42.45109417
     47.16671454
     47.16671454
     47.16671454
     47.16671454
     47.16671454
     47.16671454
     47.16671454
     47.16671454
     47.16671454
     47.16671454
     47.16671454
     47.16671454
     50.49715528
     50.49715528
     50.49715528
     50.49715528
     50.49715528
     50.49715528
     50.49715528
     50.49715528
     50.49715528
     50.49715528
     50.49715528
     50.49715528
     50.49715528
     50.49715528
     50.49715528
     50.49715528
     50.48287963
     50.48287963
     51.01641152
     51.01641152
     51.01641152
     51.01641152
     51.01641152
     51.01641152
     51.01641152
     51.01641152
     51.01641152
     51.01641152
     51.01641152
     51.01641152
     51.01641152
     51.01641152
     51.01641152
     51.01641152
     51.01641152
