# level assignment, log likelihood, tiebreaker, ID.
0 -4.291927e+04 0.464197 0
1 1.173353e+02 0.882837 0
1 -2.186445e+02 0.584218 0
2 3.129502e+02 0.130639 1
0 -9.741249e+02 0.089207 0
2 3.193378e+02 0.474061 0
4 4.971121e+02 0.795995 0
2 4.793649e+02 0.654654 0
2 4.418285e+02 0.866558 0
3 3.866962e+02 0.645067 0
2 3.295145e+02 0.438881 1
0 -1.671426e+04 0.829718 1
4 4.806268e+02 0.099590 0
5 6.002605e+02 0.621691 0
7 6.171579e+02 0.532647 1
1 -1.235560e+02 0.840324 0
3 3.875664e+02 0.273022 1
4 4.756366e+02 0.520957 1
7 6.166606e+02 0.630734 1
9 6.206196e+02 0.199276 0
4 4.808241e+02 0.993995 1
10 6.190262e+02 0.846773 1
9 6.172553e+02 0.436962 0
10 6.191050e+02 0.954781 0
9 6.173750e+02 0.627682 0
8 6.189143e+02 0.347531 0
6 5.972428e+02 0.061825 1
12 6.201238e+02 0.341279 0
9 6.184479e+02 0.659123 0
3 3.961555e+02 0.047239 1
12 6.199884e+02 0.850701 0
6 6.022577e+02 0.354712 1
11 6.195706e+02 0.120031 1
13 6.205403e+02 0.192056 1
10 6.191440e+02 0.058214 1
15 6.208630e+02 0.385283 0
14 6.205071e+02 0.945343 1
10 6.197133e+02 0.174907 1
11 6.196791e+02 0.374857 0
14 6.205433e+02 0.687461 0
7 6.153368e+02 0.827537 1
13 6.201106e+02 0.412482 1
13 6.207788e+02 0.507735 0
12 6.202079e+02 0.417538 1
8 6.152452e+02 0.351884 0
4 6.178844e+02 0.724696 1
14 6.204700e+02 0.378630 0
13 6.202727e+02 0.995586 1
6 5.911096e+02 0.953023 0
12 6.198515e+02 0.635420 1
10 6.190656e+02 0.136881 0
4 5.365732e+02 0.051000 1
1 2.526749e+00 0.461551 0
5 5.699469e+02 0.182441 0
12 6.200675e+02 0.713733 1
17 6.208649e+02 0.780988 1
4 4.691186e+02 0.248560 0
14 6.206895e+02 0.608440 1
9 6.195543e+02 0.102934 1
19 6.209263e+02 0.172590 0
17 6.209259e+02 0.196063 1
16 6.207727e+02 0.193856 1
20 6.209364e+02 0.861827 0
14 6.206674e+02 0.885747 1
17 6.208629e+02 0.418649 0
15 6.206871e+02 0.657678 1
17 6.208721e+02 0.619517 0
15 6.206264e+02 0.624868 0
16 6.207436e+02 0.683165 0
19 6.209499e+02 0.853158 1
20 6.209499e+02 0.797026 0
17 6.209485e+02 0.824183 1
19 6.209476e+02 0.284073 0
13 6.203782e+02 0.288802 1
7 6.065858e+02 0.226196 1
19 6.209267e+02 0.993066 1
17 6.209258e+02 0.360618 0
19 6.209479e+02 0.452897 1
23 6.209589e+02 0.568678 1
18 6.208828e+02 0.726914 1
23 6.209612e+02 0.486376 1
22 6.209623e+02 0.245795 0
21 6.209496e+02 0.391945 1
24 6.209629e+02 0.730968 0
24 6.209615e+02 0.941391 0
25 6.209632e+02 0.883634 1
27 6.209638e+02 0.953521 1
27 6.209638e+02 0.172727 1
22 6.209539e+02 0.004093 1
17 6.209153e+02 0.046553 0
24 6.209612e+02 0.197557 1
19 6.209234e+02 0.564982 1
18 6.209078e+02 0.962109 1
19 6.209211e+02 0.165513 1
27 6.209643e+02 0.298110 1
28 6.209643e+02 0.878396 0
27 6.209640e+02 0.051873 0
17 6.208493e+02 0.053031 1
25 6.209627e+02 0.831298 0
18 6.208875e+02 0.480537 1
27 6.209640e+02 0.617803 0
26 6.209641e+02 0.712252 0
29 6.209642e+02 0.144065 0
12 6.199420e+02 0.175645 1
11 6.195413e+02 0.518586 0
28 6.209641e+02 0.002213 0
28 6.209643e+02 0.436312 0
29 6.209641e+02 0.483565 1
31 6.209644e+02 0.732215 1
28 6.209642e+02 0.462053 1
29 6.209643e+02 0.295493 1
27 6.209642e+02 0.866212 0
29 6.209642e+02 0.350693 1
20 6.209407e+02 0.672199 1
16 6.209065e+02 0.454242 1
23 6.209597e+02 0.797612 1
25 6.209627e+02 0.719224 0
28 6.209640e+02 0.807084 0
15 6.207772e+02 0.436877 1
9 6.173241e+02 0.431652 1
34 6.209644e+02 0.890992 0
5 6.048074e+02 0.747413 1
7 6.171430e+02 0.470067 1
11 6.197639e+02 0.056051 1
25 6.209637e+02 0.569295 1
26 6.209633e+02 0.448496 1
31 6.209644e+02 0.924142 0
35 6.209644e+02 0.843791 0
36 6.209644e+02 0.725426 1
36 6.209644e+02 0.551062 0
36 6.209644e+02 0.352297 0
35 6.209644e+02 0.752510 0
35 6.209644e+02 0.964971 0
31 6.209644e+02 0.401655 1
36 6.209644e+02 0.921871 1
29 6.209641e+02 0.989888 1
32 6.209644e+02 0.040435 1
33 6.209644e+02 0.198975 0
24 6.209611e+02 0.037519 0
29 6.209642e+02 0.273011 0
2 2.571412e+02 0.831101 1
32 6.209644e+02 0.146246 0
32 6.209644e+02 0.647588 0
8 6.164672e+02 0.722798 1
27 6.209636e+02 0.306781 0
14 6.205353e+02 0.148378 1
28 6.209640e+02 0.225919 0
30 6.209643e+02 0.339405 0
27 6.209637e+02 0.597130 0
22 6.209522e+02 0.026478 0
21 6.209558e+02 0.003070 0
9 6.176379e+02 0.590763 1
7 6.094079e+02 0.008072 1
3 4.115368e+02 0.520331 0
26 6.209630e+02 0.861074 1
25 6.209634e+02 0.468012 1
12 6.199533e+02 0.756428 0
34 6.209644e+02 0.446820 1
32 6.209644e+02 0.466789 1
29 6.209642e+02 0.358920 1
32 6.209644e+02 0.899327 1
29 6.209642e+02 0.819112 1
35 6.209644e+02 0.300409 0
21 6.209602e+02 0.449416 1
33 6.209644e+02 0.938540 1
32 6.209644e+02 0.450065 0
4 5.358497e+02 0.659981 1
5 5.653337e+02 0.739543 1
11 6.198259e+02 0.984583 1
15 6.207203e+02 0.304560 0
22 6.209551e+02 0.027661 1
19 6.209375e+02 0.239300 1
0 6.017189e+02 0.564731 1
12 6.202350e+02 0.875389 1
18 6.209180e+02 0.449977 1
16 6.208071e+02 0.471430 1
19 6.209279e+02 0.410449 0
4 5.706044e+02 0.081134 1
6 5.985686e+02 0.761593 0
13 6.202577e+02 0.160001 0
20 6.209449e+02 0.597897 0
33 6.209644e+02 0.427120 1
0 -5.063423e+03 0.448923 0
17 6.208320e+02 0.579195 0
32 6.209644e+02 0.990788 1
3 4.523996e+02 0.327711 0
26 6.209631e+02 0.155525 1
15 6.207451e+02 0.707424 0
28 6.209639e+02 0.100371 1
27 6.209640e+02 0.559893 0
24 6.209629e+02 0.707952 0
34 6.209644e+02 0.019766 0
21 6.209576e+02 0.374528 1
34 6.209644e+02 0.322001 0
32 6.209644e+02 0.366849 0
14 6.205743e+02 0.072973 1
10 6.194116e+02 0.929591 0
14 6.204354e+02 0.963579 0
0 -1.905206e+03 0.491358 0
12 6.209366e+02 0.932604 1
14 6.205247e+02 0.762880 0
5 5.698700e+02 0.109653 0
0 -5.795962e+03 0.749106 1
25 6.209642e+02 0.261132 0
7 6.071991e+02 0.743091 1
34 6.209644e+02 0.020268 0
34 6.209644e+02 0.740304 0
18 6.208913e+02 0.817325 1
21 6.209512e+02 0.194103 0
31 6.209644e+02 0.157283 0
9 6.174258e+02 0.700345 1
6 6.128385e+02 0.422448 1
20 6.209480e+02 0.428867 0
13 6.204073e+02 0.176768 0
6 6.151644e+02 0.476148 1
27 6.209636e+02 0.801360 0
29 6.209642e+02 0.501067 0
13 6.201115e+02 0.268539 1
29 6.209642e+02 0.464988 1
36 6.209644e+02 0.862281 1
11 6.195214e+02 0.972146 0
36 6.209644e+02 0.785766 1
34 6.209644e+02 0.910121 1
29 6.209644e+02 0.095615 0
33 6.209644e+02 0.246988 0
22 6.209575e+02 0.911936 0
30 6.209643e+02 0.282392 0
17 6.208524e+02 0.613550 0
23 6.209591e+02 0.958169 1
9 6.185922e+02 0.454596 1
3 4.198393e+02 0.278771 0
20 6.209432e+02 0.687244 1
15 6.207654e+02 0.171605 0
29 6.209643e+02 0.625836 0
32 6.209644e+02 0.214990 0
32 6.209644e+02 0.881178 0
36 6.209644e+02 0.910376 0
33 6.209644e+02 0.259173 0
25 6.209626e+02 0.480830 1
7 6.203705e+02 0.420271 1
5 5.998151e+02 0.276193 0
0 -4.576509e+04 0.340425 0
1 -1.001281e+02 0.602559 1
8 6.146351e+02 0.146907 0
11 6.196972e+02 0.295511 0
2 5.447440e+02 0.120013 0
16 6.207548e+02 0.676336 1
26 6.209640e+02 0.908195 1
20 6.209416e+02 0.376828 0
5 5.978239e+02 0.193109 0
0 1.172498e+02 0.166957 0
10 6.190015e+02 0.134575 0
10 6.194723e+02 0.822065 0
24 6.209611e+02 0.546235 1
32 6.209644e+02 0.876483 0
34 6.209644e+02 0.448215 0
21 6.209560e+02 0.407130 0
18 6.209487e+02 0.985488 0
29 6.209643e+02 0.552005 1
32 6.209644e+02 0.270663 1
26 6.209635e+02 0.942534 1
9 6.177685e+02 0.623029 0
20 6.209409e+02 0.989022 0
17 6.208312e+02 0.493826 0
2 3.160080e+02 0.758641 1
14 6.204188e+02 0.271513 0
2 5.335114e+02 0.230279 1
2 2.346396e+02 0.310920 1
0 -7.773398e+03 0.213748 1
8 6.168627e+02 0.524144 1
22 6.209543e+02 0.702899 1
34 6.209644e+02 0.127328 1
2 2.910945e+02 0.448843 0
2 1.698594e+02 0.706356 0
30 6.209643e+02 0.938715 1
21 6.209581e+02 0.000654 0
23 6.209635e+02 0.091331 1
23 6.209625e+02 0.170842 1
19 6.209161e+02 0.139519 1
30 6.209643e+02 0.756965 1
29 6.209643e+02 0.663324 0
26 6.209632e+02 0.168645 0
34 6.209644e+02 0.761072 0
11 6.198982e+02 0.832231 1
4 5.111339e+02 0.715369 1
22 6.209550e+02 0.560559 0
15 6.206999e+02 0.871645 1
20 6.209420e+02 0.484269 1
27 6.209639e+02 0.632022 1
0 -1.716404e+03 0.221267 0
1 -1.952990e+02 0.711931 0
26 6.209631e+02 0.856652 1
16 6.208725e+02 0.731810 0
12 6.199769e+02 0.602116 0
30 6.209643e+02 0.978063 1
2 1.239526e+02 0.264616 0
10 6.196001e+02 0.747486 0
26 6.209633e+02 0.249380 1
21 6.209464e+02 0.399277 1
19 6.209213e+02 0.613347 1
29 6.209642e+02 0.564509 1
34 6.209644e+02 0.189685 1
30 6.209643e+02 0.588426 1
5 6.121827e+02 0.823098 0
15 6.206536e+02 0.412900 0
32 6.209644e+02 0.763043 1
35 6.209644e+02 0.192795 1
26 6.209637e+02 0.382987 1
22 6.209525e+02 0.777701 1
15 6.208779e+02 0.349695 0
20 6.209507e+02 0.154371 0
16 6.208924e+02 0.209281 0
30 6.209644e+02 0.425085 1
6 6.143954e+02 0.220864 0
11 6.195884e+02 0.185138 1
1 5.644394e+02 0.285881 0
23 6.209603e+02 0.560196 1
29 6.209641e+02 0.071821 1
2 2.966328e+02 0.582702 0
1 4.716486e+01 0.057788 0
4 4.938180e+02 0.261301 0
14 6.204394e+02 0.871906 1
12 6.200473e+02 0.134564 0
9 6.187581e+02 0.973040 0
21 6.209509e+02 0.925891 1
21 6.209588e+02 0.804457 0
19 6.209590e+02 0.471109 0
35 6.209644e+02 0.727809 1
35 6.209644e+02 0.699265 1
31 6.209644e+02 0.757904 1
35 6.209644e+02 0.176601 1
9 6.177598e+02 0.204536 0
1 -2.127569e+02 0.598459 0
18 6.209476e+02 0.456829 1
3 3.435059e+02 0.035694 0
28 6.209640e+02 0.382457 1
32 6.209644e+02 0.512091 1
30 6.209644e+02 0.619035 1
33 6.209644e+02 0.726688 1
35 6.209644e+02 0.541437 1
29 6.209643e+02 0.188318 0
30 6.209643e+02 0.663662 1
26 6.209639e+02 0.768627 1
20 6.209496e+02 0.992239 1
12 6.202574e+02 0.177325 1
36 6.209644e+02 0.543645 0
21 6.209507e+02 0.454787 1
23 6.209585e+02 0.570408 1
30 6.209643e+02 0.797709 1
9 6.179212e+02 0.051328 0
23 6.209626e+02 0.031185 1
7 6.136840e+02 0.284223 0
19 6.209201e+02 0.313082 0
1 -1.666016e+02 0.756729 1
14 6.206911e+02 0.688458 1
1 -2.723550e+01 0.472752 1
2 3.585731e+02 0.051962 0
0 -1.535597e+04 0.712140 1
14 6.204041e+02 0.162350 1
17 6.208570e+02 0.371958 1
13 6.202119e+02 0.493254 0
18 6.209302e+02 0.483436 0
5 5.446390e+02 0.009582 1
23 6.209614e+02 0.463062 0
2 5.689561e+02 0.425820 1
31 6.209644e+02 0.597976 0
36 6.209644e+02 0.142068 0
17 6.208784e+02 0.374444 1
30 6.209644e+02 0.729886 1
25 6.209621e+02 0.990855 0
31 6.209644e+02 0.849975 1
23 6.209604e+02 0.266908 0
30 6.209643e+02 0.464967 1
27 6.209637e+02 0.097672 1
33 6.209644e+02 0.823059 0
34 6.209644e+02 0.174243 1
21 6.209543e+02 0.179090 1
10 6.190449e+02 0.743316 1
4 6.039318e+02 0.420212 1
5 5.448545e+02 0.830332 1
33 6.209644e+02 0.727522 0
20 6.209464e+02 0.036488 0
6 6.057910e+02 0.190361 1
6 6.009897e+02 0.557056 1
14 6.204993e+02 0.365327 0
17 6.208702e+02 0.690815 0
24 6.209635e+02 0.479929 0
34 6.209644e+02 0.755442 0
27 6.209637e+02 0.209703 0
24 6.209625e+02 0.549329 0
15 6.206046e+02 0.544266 1
11 6.198130e+02 0.868657 1
1 4.077503e+02 0.994990 1
0 -2.830360e+03 0.106089 1
2 2.553676e+02 0.522815 1
1 7.718667e+01 0.898133 1
7 6.072127e+02 0.458412 1
11 6.197158e+02 0.766799 1
11 6.196032e+02 0.508278 0
2 4.767972e+02 0.546715 0
10 6.207306e+02 0.586197 1
21 6.209507e+02 0.257429 0
25 6.209626e+02 0.561083 0
1 1.159884e+02 0.698235 1
21 6.209514e+02 0.694944 0
1 2.722887e+02 0.990771 1
6 5.919906e+02 0.309815 1
18 6.208855e+02 0.077941 1
10 6.192350e+02 0.351731 0
13 6.204433e+02 0.223421 0
25 6.209634e+02 0.280096 0
20 6.209436e+02 0.285779 0
24 6.209620e+02 0.749687 0
28 6.209640e+02 0.041367 0
32 6.209644e+02 0.557502 0
36 6.209644e+02 0.884702 1
27 6.209636e+02 0.591253 0
24 6.209611e+02 0.472715 1
15 6.206659e+02 0.888933 1
19 6.209366e+02 0.398028 0
17 6.208979e+02 0.760067 1
4 5.153191e+02 0.119429 0
9 6.185513e+02 0.145897 1
15 6.207836e+02 0.051322 0
12 6.202950e+02 0.596657 0
19 6.209157e+02 0.146971 1
8 6.191373e+02 0.002237 0
4 4.661720e+02 0.488261 0
8 6.192729e+02 0.541684 1
8 6.139243e+02 0.597600 0
4 5.555754e+02 0.643023 1
4 5.418786e+02 0.675407 1
14 6.204479e+02 0.156492 1
11 6.200336e+02 0.780997 1
5 5.520496e+02 0.807791 1
11 6.196301e+02 0.547444 1
28 6.209639e+02 0.751636 0
31 6.209644e+02 0.801777 0
35 6.209644e+02 0.517648 0
31 6.209644e+02 0.875338 0
22 6.209554e+02 0.344193 0
20 6.209464e+02 0.809060 0
12 6.198247e+02 0.956833 1
32 6.209644e+02 0.884575 0
34 6.209644e+02 0.132236 0
32 6.209644e+02 0.318460 0
34 6.209644e+02 0.628873 0
24 6.209616e+02 0.842695 0
22 6.209557e+02 0.987979 0
27 6.209638e+02 0.727706 1
27 6.209640e+02 0.113231 1
29 6.209644e+02 0.593373 1
34 6.209644e+02 0.825707 1
34 6.209644e+02 0.345984 0
34 6.209644e+02 0.291490 0
35 6.209644e+02 0.014524 0
28 6.209643e+02 0.763381 1
23 6.209599e+02 0.587129 1
18 6.208897e+02 0.479076 1
8 6.155923e+02 0.791829 1
15 6.208037e+02 0.343783 0
24 6.209616e+02 0.932803 0
1 4.267702e+00 0.946445 1
3 5.209870e+02 0.487407 1
13 6.201436e+02 0.010406 0
6 6.096770e+02 0.760594 0
1 3.408083e+01 0.399588 1
3 4.479365e+02 0.450068 1
10 6.204316e+02 0.827608 0
15 6.208020e+02 0.242727 0
9 6.174858e+02 0.973899 0
12 6.200704e+02 0.689272 1
4 5.071282e+02 0.054716 0
5 5.719813e+02 0.814449 0
20 6.209502e+02 0.081879 1
27 6.209640e+02 0.941879 1
36 6.209644e+02 0.517699 1
25 6.209639e+02 0.947497 1
19 6.209269e+02 0.526318 0
9 6.172435e+02 0.284149 1
11 6.201452e+02 0.823100 1
6 6.027324e+02 0.311483 1
1 -1.440969e+02 0.822969 1
12 6.198280e+02 0.286031 0
5 5.381951e+02 0.770726 0
0 -5.095227e+02 0.385586 0
6 6.137608e+02 0.592125 0
13 6.207584e+02 0.390716 1
16 6.208194e+02 0.333106 0
21 6.209500e+02 0.420808 1
17 6.208336e+02 0.779311 0
27 6.209638e+02 0.907211 1
27 6.209637e+02 0.265840 1
30 6.209643e+02 0.244178 1
36 6.209644e+02 0.174692 1
30 6.209644e+02 0.517601 0
33 6.209644e+02 0.376695 0
18 6.209501e+02 0.812872 1
27 6.209640e+02 0.784370 0
22 6.209524e+02 0.224628 1
35 6.209644e+02 0.945327 0
31 6.209644e+02 0.082062 0
6 5.917073e+02 0.139715 1
21 6.209507e+02 0.761499 0
7 6.120884e+02 0.824547 1
2 4.039050e+02 0.206299 1
30 6.209643e+02 0.508973 0
0 -5.737360e+04 0.752416 1
8 6.176926e+02 0.917887 1
27 6.209638e+02 0.969367 0
0 -4.597690e+03 0.575145 1
9 6.186928e+02 0.896508 1
16 6.208045e+02 0.770781 1
21 6.209579e+02 0.305488 1
23 6.209624e+02 0.233876 1
7 6.156201e+02 0.759382 0
11 6.197510e+02 0.031141 0
18 6.208870e+02 0.492603 0
30 6.209643e+02 0.668591 1
32 6.209644e+02 0.248733 1
25 6.209634e+02 0.454271 1
35 6.209644e+02 0.230993 1
11 6.196502e+02 0.957649 0
11 6.200618e+02 0.444041 1
13 6.202941e+02 0.529199 1
0 -4.075869e+04 0.814571 0
23 6.209595e+02 0.766631 1
10 6.190146e+02 0.411871 0
23 6.209582e+02 0.614441 1
4 5.068045e+02 0.823865 0
19 6.209287e+02 0.465533 0
0 -3.792620e+04 0.719945 1
5 5.742107e+02 0.639293 1
29 6.209643e+02 0.202507 0
10 6.192063e+02 0.857240 1
12 6.198062e+02 0.437752 1
35 6.209644e+02 0.956506 0
24 6.209621e+02 0.236675 0
6 6.093902e+02 0.817113 1
27 6.209637e+02 0.195732 0
10 6.198733e+02 0.033320 1
9 6.174340e+02 0.695165 1
14 6.204264e+02 0.893494 0
2 1.625148e+02 0.453406 1
15 6.206425e+02 0.765245 1
20 6.209415e+02 0.007213 0
27 6.209637e+02 0.256001 0
5 5.918365e+02 0.540072 1
34 6.209644e+02 0.360543 0
32 6.209644e+02 0.196078 0
1 -3.360134e+02 0.247334 1
9 6.194650e+02 0.743771 1
11 6.195027e+02 0.171035 1
8 6.167179e+02 0.993569 1
30 6.209644e+02 0.937386 0
31 6.209644e+02 0.744403 0
20 6.209459e+02 0.981086 1
27 6.209639e+02 0.847718 0
18 6.208990e+02 0.897387 1
23 6.209588e+02 0.278406 0
24 6.209611e+02 0.652243 1
25 6.209622e+02 0.839528 1
33 6.209644e+02 0.132028 0
32 6.209644e+02 0.575443 0
24 6.209621e+02 0.208232 1
18 6.209490e+02 0.372768 0
25 6.209633e+02 0.104223 0
33 6.209644e+02 0.764104 1
23 6.209626e+02 0.150480 1
19 6.209311e+02 0.790110 1
10 6.195420e+02 0.391141 1
10 6.192654e+02 0.179429 1
3 4.132830e+02 0.540279 0
4 4.984559e+02 0.250143 1
10 6.194634e+02 0.498306 0
17 6.208610e+02 0.685727 1
2 1.939455e+02 0.940410 0
6 5.928708e+02 0.676922 0
29 6.209642e+02 0.165653 1
7 6.074301e+02 0.504232 0
25 6.209626e+02 0.945754 1
19 6.209574e+02 0.811905 1
20 6.209351e+02 0.013859 1
19 6.209270e+02 0.926731 1
15 6.208691e+02 0.670102 1
1 2.449795e+02 0.964217 1
2 2.198041e+02 0.258298 1
35 6.209644e+02 0.019746 0
9 6.186540e+02 0.146419 1
33 6.209644e+02 0.802297 0
2 1.334067e+02 0.001274 1
5 5.513608e+02 0.754987 1
5 5.542138e+02 0.300550 1
24 6.209636e+02 0.346999 0
22 6.209611e+02 0.787712 0
17 6.208430e+02 0.677709 0
20 6.209390e+02 0.077285 0
27 6.209641e+02 0.649574 1
25 6.209631e+02 0.666284 1
36 6.209644e+02 0.819361 0
33 6.209644e+02 0.428899 0
6 5.935310e+02 0.172273 1
3 5.401131e+02 0.351630 1
28 6.209639e+02 0.076686 0
26 6.209639e+02 0.397766 0
22 6.209533e+02 0.681306 0
22 6.209598e+02 0.793528 1
18 6.209458e+02 0.747816 0
24 6.209625e+02 0.650306 1
13 6.201373e+02 0.013699 1
8 6.147321e+02 0.619388 0
17 6.208381e+02 0.791256 1
17 6.208703e+02 0.424343 0
19 6.209485e+02 0.653677 0
31 6.209644e+02 0.282338 1
10 6.192296e+02 0.405224 0
23 6.209596e+02 0.188040 1
19 6.209459e+02 0.780775 1
0 -1.008695e+04 0.560746 0
4 5.359347e+02 0.821527 0
14 6.205789e+02 0.306275 0
10 6.192015e+02 0.720718 1
18 6.209265e+02 0.143547 1
2 1.216101e+02 0.160032 0
1 3.726959e+02 0.212142 0
35 6.209644e+02 0.693407 1
34 6.209644e+02 0.510970 1
36 6.209644e+02 0.579385 1
33 6.209644e+02 0.727997 1
4 6.143718e+02 0.233659 0
29 6.209643e+02 0.702433 1
30 6.209643e+02 0.542799 1
27 6.209637e+02 0.556630 1
20 6.209487e+02 0.004450 1
18 6.209032e+02 0.626168 1
10 6.190906e+02 0.897131 0
7 6.190247e+02 0.585793 0
7 6.092991e+02 0.309568 0
1 2.476741e+02 0.730665 0
0 -9.984016e+01 0.135265 0
7 6.131407e+02 0.928099 0
13 6.202578e+02 0.789644 0
4 6.055697e+02 0.025999 1
4 4.655806e+02 0.332300 1
7 6.170076e+02 0.288539 1
32 6.209644e+02 0.934289 0
27 6.209637e+02 0.200824 0
2 9.912866e+01 0.680428 1
5 5.984937e+02 0.128644 1
29 6.209643e+02 0.729556 0
35 6.209644e+02 0.588090 0
13 6.202420e+02 0.995582 1
23 6.209590e+02 0.618927 1
34 6.209644e+02 0.561745 0
22 6.209600e+02 0.248033 1
17 6.208409e+02 0.099217 1
31 6.209644e+02 0.853685 0
2 2.235589e+02 0.660777 1
16 6.207980e+02 0.457210 1
28 6.209642e+02 0.105287 0
16 6.207545e+02 0.285760 1
33 6.209644e+02 0.654282 0
3 4.491082e+02 0.512745 1
26 6.209638e+02 0.164042 0
21 6.209487e+02 0.375397 1
31 6.209644e+02 0.500506 1
20 6.209427e+02 0.509721 0
20 6.209428e+02 0.648939 0
8 6.159658e+02 0.792285 0
0 -3.335295e+04 0.513840 0
2 1.448135e+02 0.761200 1
2 3.787069e+02 0.777896 1
2 2.096118e+02 0.533595 1
7 6.074129e+02 0.571733 1
8 6.195529e+02 0.708228 1
12 6.199515e+02 0.823829 1
21 6.209481e+02 0.022405 0
9 6.189470e+02 0.663191 1
2 3.012811e+02 0.906937 0
2 1.599886e+02 0.062318 0
9 6.181383e+02 0.433301 0
2 1.138752e+02 0.577181 0
33 6.209644e+02 0.277803 1
35 6.209644e+02 0.014448 1
19 6.209349e+02 0.469061 0
30 6.209643e+02 0.820515 1
36 6.209644e+02 0.801872 1
26 6.209634e+02 0.189180 1
29 6.209642e+02 0.812365 0
12 6.204094e+02 0.533678 1
14 6.209101e+02 0.272232 1
15 6.206281e+02 0.168673 1
26 6.209634e+02 0.425888 0
29 6.209643e+02 0.212519 0
6 5.970246e+02 0.489533 1
15 6.208116e+02 0.372144 0
8 6.186757e+02 0.169145 0
2 1.857047e+02 0.790677 0
5 6.014163e+02 0.041890 0
7 6.115223e+02 0.486135 1
15 6.207641e+02 0.802000 1
16 6.207955e+02 0.254328 1
12 6.199986e+02 0.147468 0
8 6.184616e+02 0.190611 0
24 6.209613e+02 0.710786 0
13 6.203165e+02 0.810092 0
2 2.687140e+02 0.014291 0
7 6.119942e+02 0.143227 0
29 6.209642e+02 0.452300 1
23 6.209595e+02 0.442277 1
7 6.149207e+02 0.033731 0
5 5.684076e+02 0.620606 0
16 6.207352e+02 0.402890 1
20 6.209536e+02 0.042629 1
25 6.209620e+02 0.036880 1
35 6.209644e+02 0.484680 1
2 2.023367e+02 0.329570 0
4 4.793051e+02 0.925453 0
30 6.209643e+02 0.270785 1
29 6.209641e+02 0.994960 1
14 6.205495e+02 0.355530 0
20 6.209362e+02 0.655708 1
19 6.209262e+02 0.348206 0
15 6.207575e+02 0.324964 0
23 6.209590e+02 0.806843 1
5 5.466191e+02 0.239069 0
27 6.209639e+02 0.353317 1
13 6.202544e+02 0.675800 0
32 6.209644e+02 0.922098 1
12 6.199073e+02 0.501513 0
33 6.209644e+02 0.941039 1
30 6.209643e+02 0.016429 1
13 6.202200e+02 0.737024 0
34 6.209644e+02 0.636317 1
20 6.209424e+02 0.579286 0
20 6.209351e+02 0.396693 0
24 6.209611e+02 0.135990 1
20 6.209363e+02 0.557327 1
32 6.209644e+02 0.809431 0
16 6.208305e+02 0.992775 1
28 6.209639e+02 0.067586 0
20 6.209468e+02 0.880277 1
4 5.966045e+02 0.273569 1
1 2.547213e+02 0.288295 1
26 6.209630e+02 0.955394 0
0 -9.439254e+03 0.497358 1
18 6.209110e+02 0.649458 1
26 6.209638e+02 0.172872 1
18 6.209000e+02 0.822160 0
11 6.196339e+02 0.082211 0
5 6.174192e+02 0.995740 0
15 6.206053e+02 0.630730 1
3 3.952549e+02 0.884198 1
18 6.208973e+02 0.904757 0
16 6.207840e+02 0.681446 0
8 6.152288e+02 0.530775 1
7 6.181682e+02 0.099238 0
9 6.186365e+02 0.603932 1
11 6.200382e+02 0.790709 0
5 6.067007e+02 0.449883 1
4 5.601526e+02 0.665497 1
18 6.208847e+02 0.942033 1
30 6.209643e+02 0.114348 0
30 6.209643e+02 0.747747 0
29 6.209642e+02 0.493754 1
33 6.209644e+02 0.032374 1
24 6.209626e+02 0.584402 0
22 6.209572e+02 0.721123 0
28 6.209640e+02 0.567078 0
34 6.209644e+02 0.367588 1
21 6.209523e+02 0.334472 0
26 6.209637e+02 0.669204 0
30 6.209643e+02 0.790581 1
35 6.209644e+02 0.454291 1
34 6.209644e+02 0.606050 1
18 6.208925e+02 0.125992 0
11 6.197328e+02 0.840150 0
1 -2.010242e+02 0.808342 0
9 6.172207e+02 0.370523 1
3 4.549690e+02 0.480411 1
3 3.950167e+02 0.761385 1
3 4.861436e+02 0.643221 0
11 6.199585e+02 0.049182 0
10 6.191564e+02 0.877320 1
26 6.209633e+02 0.581634 1
18 6.208787e+02 0.712312 0
22 6.209570e+02 0.193855 1
25 6.209626e+02 0.927293 1
12 6.199724e+02 0.940962 0
16 6.207904e+02 0.314731 0
31 6.209644e+02 0.497988 1
21 6.209461e+02 0.407496 0
27 6.209640e+02 0.741835 0
10 6.194726e+02 0.009528 0
9 6.192920e+02 0.744884 0
8 6.169028e+02 0.344876 0
7 6.165889e+02 0.264308 0
0 -5.361562e+03 0.385191 0
2 2.057360e+02 0.905992 1
11 6.198637e+02 0.154330 0
3 5.735886e+02 0.115799 1
0 -4.583917e+04 0.275918 1
3 4.135351e+02 0.615333 1
2 2.828210e+02 0.383202 1
11 6.195637e+02 0.785647 1
17 6.208562e+02 0.296374 1
15 6.207139e+02 0.729952 1
14 6.205128e+02 0.648217 0
3 4.380389e+02 0.815528 1
6 6.056199e+02 0.033800 0
12 6.201762e+02 0.705256 0
9 6.206642e+02 0.009874 1
9 6.195943e+02 0.664047 1
5 6.052233e+02 0.712724 0
6 5.981346e+02 0.802659 0
21 6.209501e+02 0.074564 1
24 6.209612e+02 0.427694 1
14 6.205052e+02 0.324621 1
20 6.209355e+02 0.119711 1
16 6.207434e+02 0.907834 0
36 6.209644e+02 0.284779 1
36 6.209644e+02 0.761195 1
32 6.209644e+02 0.472755 1
31 6.209644e+02 0.793601 1
30 6.209644e+02 0.401944 1
27 6.209637e+02 0.529481 1
25 6.209641e+02 0.031199 0
29 6.209641e+02 0.477321 0
33 6.209644e+02 0.697200 1
35 6.209644e+02 0.322867 0
27 6.209639e+02 0.232237 1
33 6.209644e+02 0.797697 0
31 6.209644e+02 0.249181 1
25 6.209624e+02 0.938208 0
32 6.209644e+02 0.935512 1
22 6.209543e+02 0.619585 1
27 6.209638e+02 0.713101 0
24 6.209624e+02 0.488468 0
18 6.209055e+02 0.110782 0
20 6.209475e+02 0.879336 0
20 6.209407e+02 0.079510 1
6 6.096715e+02 0.310763 0
25 6.209628e+02 0.266897 1
32 6.209644e+02 0.428489 1
28 6.209642e+02 0.081103 0
24 6.209625e+02 0.371720 1
28 6.209640e+02 0.860946 1
22 6.209521e+02 0.248661 0
13 6.204863e+02 0.846278 0
20 6.209357e+02 0.079035 0
6 6.032612e+02 0.200353 1
17 6.208518e+02 0.777126 0
22 6.209575e+02 0.822469 0
33 6.209644e+02 0.310711 0
0 -3.941197e+02 0.697986 1
4 4.577904e+02 0.656137 1
30 6.209643e+02 0.027340 0
22 6.209574e+02 0.829607 0
14 6.206009e+02 0.937574 0
15 6.206596e+02 0.549580 1
1 -4.182668e+01 0.794437 0
2 2.785820e+02 0.733069 0
8 6.193197e+02 0.858871 0
20 6.209455e+02 0.710062 1
17 6.208321e+02 0.963798 0
21 6.209519e+02 0.469503 0
30 6.209643e+02 0.564302 1
26 6.209639e+02 0.282459 1
17 6.208977e+02 0.813637 1
21 6.209518e+02 0.939614 0
24 6.209612e+02 0.112702 1
34 6.209644e+02 0.415100 0
31 6.209644e+02 0.186653 1
19 6.209176e+02 0.409719 0
10 6.197063e+02 0.290752 0
36 6.209644e+02 0.874370 1
16 6.209077e+02 0.272758 0
29 6.209644e+02 0.657224 1
1 3.211143e+02 0.608541 0
3 5.407781e+02 0.456980 0
21 6.209508e+02 0.410085 1
10 6.189869e+02 0.105205 0
5 5.505608e+02 0.455231 0
14 6.204203e+02 0.349701 0
33 6.209644e+02 0.333668 1
34 6.209644e+02 0.031723 1
5 5.658243e+02 0.123620 0
16 6.207754e+02 0.503343 0
29 6.209641e+02 0.955843 1
32 6.209644e+02 0.350448 1
25 6.209642e+02 0.190190 0
26 6.209632e+02 0.758306 0
10 6.205576e+02 0.439818 0
18 6.208826e+02 0.064595 0
23 6.209632e+02 0.796543 0
18 6.208802e+02 0.407056 1
35 6.209644e+02 0.480132 0
36 6.209644e+02 0.644968 0
14 6.204446e+02 0.367843 1
17 6.208992e+02 0.664103 0
20 6.209401e+02 0.212626 0
0 -2.815235e+02 0.697350 1
6 6.191182e+02 0.777452 1
14 6.205551e+02 0.982461 0
7 6.109614e+02 0.972891 0
0 -7.549122e+02 0.708536 0
10 6.194157e+02 0.699056 0
7 6.104741e+02 0.573001 0
20 6.209423e+02 0.096368 0
15 6.207987e+02 0.512411 1
15 6.209048e+02 0.483487 1
5 5.710469e+02 0.525101 1
2 1.523760e+02 0.937260 1
1 -2.482742e+01 0.462288 1
1 -3.173524e+01 0.486857 1
1 -4.246094e+01 0.105736 1
5 5.602281e+02 0.892762 1
0 -3.587761e+04 0.857483 1
19 6.209317e+02 0.664688 0
14 6.208792e+02 0.533632 1
14 6.204669e+02 0.317906 1
8 6.162370e+02 0.308643 0
0 -1.594783e+03 0.165487 1
18 6.208956e+02 0.237826 0
4 5.860476e+02 0.027519 1
8 6.187680e+02 0.031092 1
12 6.200794e+02 0.372271 1
15 6.208861e+02 0.523158 1
22 6.209566e+02 0.571935 0
25 6.209625e+02 0.226052 1
24 6.209609e+02 0.630523 0
33 6.209644e+02 0.706012 1
35 6.209644e+02 0.351800 1
8 6.188075e+02 0.699662 0
7 6.091760e+02 0.776591 0
6 6.079251e+02 0.274202 0
4 5.159928e+02 0.937237 0
34 6.209644e+02 0.831415 1
15 6.206159e+02 0.461912 0
31 6.209644e+02 0.356027 1
23 6.209598e+02 0.514001 0
25 6.209625e+02 0.071325 1
21 6.209569e+02 0.390522 0
25 6.209622e+02 0.499791 0
32 6.209644e+02 0.266185 1
32 6.209644e+02 0.001929 0
36 6.209644e+02 0.818940 1
36 6.209644e+02 0.963364 1
36 6.209644e+02 0.641549 1
27 6.209640e+02 0.580176 0
32 6.209644e+02 0.073229 1
25 6.209624e+02 0.533966 0
27 6.209637e+02 0.937452 0
35 6.209644e+02 0.511046 0
23 6.209611e+02 0.656556 1
30 6.209643e+02 0.755384 0
27 6.209637e+02 0.269764 0
16 6.209060e+02 0.022792 1
4 6.130022e+02 0.746766 0
14 6.205120e+02 0.328802 1
11 6.195034e+02 0.246763 1
5 5.542046e+02 0.776036 1
6 6.175571e+02 0.906618 1
19 6.209316e+02 0.977454 1
3 4.951445e+02 0.573624 0
12 6.201831e+02 0.039301 0
19 6.209283e+02 0.698711 0
24 6.209637e+02 0.146223 0
26 6.209633e+02 0.455068 0
22 6.209543e+02 0.301380 0
17 6.209254e+02 0.385539 0
8 6.180756e+02 0.230604 1
16 6.207861e+02 0.096919 1
1 -2.719209e+02 0.185505 0
5 5.730382e+02 0.569826 0
20 6.209432e+02 0.817274 1
24 6.209617e+02 0.142766 1
8 6.184484e+02 0.670041 0
16 6.208309e+02 0.379817 1
15 6.207207e+02 0.501244 0
26 6.209636e+02 0.515972 1
31 6.209644e+02 0.992000 1
0 -1.958868e+04 0.212036 0
35 6.209644e+02 0.519381 1
5 5.406441e+02 0.472624 0
21 6.209549e+02 0.248267 0
21 6.209464e+02 0.656777 0
28 6.209639e+02 0.041170 1
36 6.209644e+02 0.547165 1
9 6.172188e+02 0.016387 0
6 6.127473e+02 0.625881 0
10 6.194757e+02 0.303620 0
28 6.209639e+02 0.882978 1
18 6.208992e+02 0.152741 0
8 6.189671e+02 0.105523 0
34 6.209644e+02 0.762050 1
16 6.207865e+02 0.516498 0
35 6.209644e+02 0.802186 1
9 6.186947e+02 0.029934 0
27 6.209638e+02 0.702963 1
16 6.207656e+02 0.571431 0
17 6.209286e+02 0.528289 0
10 6.192291e+02 0.892925 1
11 6.197857e+02 0.272797 0
12 6.199053e+02 0.238628 0
15 6.209268e+02 0.327321 0
1 1.984979e+02 0.885837 1
5 5.713447e+02 0.143020 1
7 6.093751e+02 0.017294 1
25 6.209629e+02 0.520843 0
16 6.209299e+02 0.009108 1
31 6.209644e+02 0.685022 0
32 6.209644e+02 0.411854 0
1 -2.343960e+02 0.363849 1
25 6.209622e+02 0.111061 0
33 6.209644e+02 0.981329 0
14 6.204778e+02 0.298922 1
10 6.194688e+02 0.254137 1
6 6.024100e+02 0.840312 1
1 -2.050382e+02 0.880335 1
7 6.140498e+02 0.951356 1
2 1.206371e+02 0.970804 0
4 4.700285e+02 0.293648 0
14 6.205905e+02 0.381563 0
6 5.913483e+02 0.851707 1
17 6.208522e+02 0.894822 1
22 6.209612e+02 0.035700 1
12 6.201653e+02 0.014803 1
35 6.209644e+02 0.450464 0
29 6.209642e+02 0.175623 0
24 6.209617e+02 0.084858 0
26 6.209640e+02 0.368100 1
18 6.208922e+02 0.578588 1
17 6.208748e+02 0.308476 1
18 6.208808e+02 0.169011 1
26 6.209632e+02 0.197924 1
22 6.209519e+02 0.580672 1
23 6.209581e+02 0.099422 1
19 6.209279e+02 0.570221 1
21 6.209539e+02 0.469381 1
11 6.195407e+02 0.140158 0
7 6.129246e+02 0.366599 0
15 6.207864e+02 0.049705 0
29 6.209643e+02 0.366900 1
36 6.209644e+02 0.753969 1
32 6.209644e+02 0.076567 1
20 6.209451e+02 0.696858 0
28 6.209642e+02 0.104748 0
25 6.209622e+02 0.995395 1
36 6.209644e+02 0.617416 1
33 6.209644e+02 0.624359 0
27 6.209637e+02 0.261170 1
14 6.206595e+02 0.178131 0
24 6.209608e+02 0.595264 0
15 6.206127e+02 0.454157 0
28 6.209641e+02 0.600809 1
0 -1.624772e+04 0.372055 0
32 6.209644e+02 0.563502 1
36 6.209644e+02 0.230555 1
12 6.199113e+02 0.318036 0
10 6.196122e+02 0.989133 0
20 6.209429e+02 0.559787 1
18 6.209221e+02 0.709956 1
29 6.209642e+02 0.120744 0
15 6.206888e+02 0.559035 1
8 6.158449e+02 0.264378 1
4 4.748704e+02 0.992080 1
27 6.209637e+02 0.844832 0
2 3.126727e+02 0.823106 1
6 6.089174e+02 0.111984 1
24 6.209624e+02 0.702635 0
19 6.209280e+02 0.963509 1
8 6.169658e+02 0.296814 1
6 6.065013e+02 0.464811 1
25 6.209626e+02 0.061067 0
2 5.009879e+02 0.434161 1
11 6.197696e+02 0.027981 1
4 5.046993e+02 0.373340 1
16 6.207797e+02 0.537205 0
28 6.209643e+02 0.590562 0
32 6.209644e+02 0.118114 0
28 6.209641e+02 0.687879 0
27 6.209637e+02 0.907540 1
27 6.209637e+02 0.555029 0
33 6.209644e+02 0.826114 0
35 6.209644e+02 0.824364 0
30 6.209643e+02 0.995629 0
35 6.209644e+02 0.063692 1
32 6.209644e+02 0.943286 0
29 6.209643e+02 0.865484 1
13 6.204406e+02 0.324356 0
6 5.918449e+02 0.549786 0
16 6.207530e+02 0.850317 1
2 4.928955e+02 0.117244 0
0 -1.121313e+03 0.898835 0
3 3.649933e+02 0.071056 0
12 6.200954e+02 0.301269 0
11 6.195567e+02 0.733722 0
21 6.209508e+02 0.305263 1
25 6.209631e+02 0.194444 1
8 6.191742e+02 0.079904 0
15 6.206889e+02 0.852532 0
6 6.105167e+02 0.333376 0
8 6.195964e+02 0.287300 0
5 5.446067e+02 0.779091 0
6 6.184220e+02 0.552551 0
4 5.181588e+02 0.842867 1
11 6.200689e+02 0.964779 1
32 6.209644e+02 0.251147 1
31 6.209644e+02 0.385979 1
7 6.144160e+02 0.890308 0
36 6.209644e+02 0.051971 1
4 5.446235e+02 0.743372 0
15 6.207001e+02 0.270948 0
30 6.209643e+02 0.206065 0
16 6.207453e+02 0.944832 1
21 6.209501e+02 0.923979 0
27 6.209636e+02 0.588244 0
18 6.209126e+02 0.636121 1
19 6.209197e+02 0.771779 0
28 6.209639e+02 0.792905 0
18 6.209000e+02 0.096158 1
20 6.209465e+02 0.361605 0
15 6.206360e+02 0.819965 0
17 6.208954e+02 0.729995 1
28 6.209640e+02 0.485249 0
28 6.209639e+02 0.495802 1
34 6.209644e+02 0.231351 0
29 6.209642e+02 0.271659 1
22 6.209537e+02 0.813008 1
8 6.168651e+02 0.244350 0
7 6.104960e+02 0.594379 0
4 5.467375e+02 0.073405 0
10 6.194926e+02 0.206316 1
11 6.197635e+02 0.548401 1
17 6.208547e+02 0.926794 1
2 1.340136e+02 0.496354 0
4 5.383241e+02 0.171682 0
5 5.604545e+02 0.260795 0
9 6.179779e+02 0.165587 0
7 6.105433e+02 0.855614 0
18 6.209203e+02 0.995563 1
10 6.192331e+02 0.924005 1
2 3.333855e+02 0.295444 0
4 5.604022e+02 0.362130 0
25 6.209627e+02 0.396580 1
36 6.209644e+02 0.796614 1
2 4.915341e+02 0.262287 0
7 6.131209e+02 0.185401 0
12 6.198382e+02 0.832115 0
15 6.206203e+02 0.874897 0
18 6.209255e+02 0.350961 0
14 6.204773e+02 0.189008 1
30 6.209644e+02 0.894742 0
26 6.209634e+02 0.779544 0
28 6.209639e+02 0.058398 0
7 6.126072e+02 0.462696 1
9 6.188054e+02 0.470706 1
2 5.275673e+02 0.553064 1
16 6.208735e+02 0.240429 1
20 6.209524e+02 0.626392 1
19 6.209278e+02 0.960673 1
31 6.209644e+02 0.027146 0
36 6.209644e+02 0.712956 1
31 6.209644e+02 0.836615 1
36 6.209644e+02 0.207637 1
17 6.208986e+02 0.667222 0
3 5.899311e+02 0.799969 0
10 6.191125e+02 0.552093 1
10 6.194739e+02 0.218559 1
6 6.037588e+02 0.215470 0
0 -6.818930e+03 0.421991 0
0 -2.890376e+03 0.456755 0
4 4.966916e+02 0.258637 1
1 5.147608e+02 0.840282 1
6 5.991903e+02 0.153496 1
17 6.208322e+02 0.076916 1
29 6.209643e+02 0.113389 1
31 6.209644e+02 0.266033 1
26 6.209631e+02 0.709253 0
29 6.209642e+02 0.549582 1
36 6.209644e+02 0.591750 0
30 6.209643e+02 0.635322 0
23 6.209591e+02 0.622679 0
15 6.207665e+02 0.760984 0
12 6.198045e+02 0.728143 0
8 6.163242e+02 0.368621 0
32 6.209644e+02 0.753927 1
24 6.209610e+02 0.841894 1
2 1.723737e+02 0.836566 0
15 6.207839e+02 0.008188 1
10 6.190650e+02 0.403960 0
20 6.209528e+02 0.301349 0
22 6.209530e+02 0.133290 0
0 5.234371e+02 0.215417 1
7 6.122171e+02 0.391501 1
15 6.207993e+02 0.577512 1
17 6.208310e+02 0.364206 0
15 6.207912e+02 0.992301 0
25 6.209622e+02 0.452233 0
32 6.209644e+02 0.182137 1
25 6.209625e+02 0.284466 0
28 6.209639e+02 0.004849 1
22 6.209532e+02 0.694956 1
16 6.207631e+02 0.991163 0
1 9.968941e+01 0.696564 1
3 4.789904e+02 0.879329 1
7 6.172261e+02 0.635825 1
30 6.209643e+02 0.213141 0
34 6.209644e+02 0.061196 0
12 6.198184e+02 0.833145 1
34 6.209644e+02 0.305801 0
24 6.209633e+02 0.230987 0
26 6.209637e+02 0.874967 0
20 6.209442e+02 0.429808 1
28 6.209642e+02 0.288244 0
36 6.209644e+02 0.086737 0
36 6.209644e+02 0.532003 0
3 6.050534e+02 0.334020 1
29 6.209644e+02 0.772632 0
25 6.209630e+02 0.207492 0
3 3.426036e+02 0.106163 1
28 6.209641e+02 0.609641 0
29 6.209642e+02 0.305549 0
36 6.209644e+02 0.487406 0
33 6.209644e+02 0.870852 0
16 6.208572e+02 0.595906 1
33 6.209644e+02 0.644908 0
34 6.209644e+02 0.314623 0
20 6.209591e+02 0.952996 1
23 6.209614e+02 0.024908 1
30 6.209643e+02 0.259898 0
23 6.209587e+02 0.478724 0
30 6.209644e+02 0.087581 1
36 6.209644e+02 0.084141 1
33 6.209644e+02 0.267958 1
16 6.209150e+02 0.263744 1
12 6.202975e+02 0.357494 1
10 6.192552e+02 0.303573 1
7 6.192137e+02 0.554689 1
31 6.209644e+02 0.597401 0
4 4.883516e+02 0.306404 1
2 1.697646e+02 0.028757 1
32 6.209644e+02 0.432819 0
33 6.209644e+02 0.547746 0
35 6.209644e+02 0.549570 0
14 6.206006e+02 0.642297 1
11 6.203398e+02 0.254393 0
20 6.209407e+02 0.176823 1
15 6.207886e+02 0.714727 1
11 6.199999e+02 0.968507 0
14 6.204313e+02 0.645097 0
14 6.209261e+02 0.861917 0
2 2.065170e+02 0.408744 0
13 6.201243e+02 0.873209 1
21 6.209561e+02 0.335064 1
8 6.153799e+02 0.482709 0
6 6.131151e+02 0.549237 0
34 6.209644e+02 0.222023 1
20 6.209591e+02 0.520096 1
6 5.989542e+02 0.324669 0
24 6.209628e+02 0.883627 1
25 6.209623e+02 0.832081 1
21 6.209473e+02 0.401884 1
13 6.204008e+02 0.632392 0
16 6.207762e+02 0.357709 0
9 6.189990e+02 0.887103 0
9 6.183955e+02 0.781134 0
3 4.374571e+02 0.899235 0
12 6.201869e+02 0.194287 0
20 6.209611e+02 0.535936 1
9 6.179174e+02 0.060467 0
7 6.135132e+02 0.823090 0
2 2.614260e+02 0.200187 0
29 6.209642e+02 0.148154 1
7 6.086892e+02 0.882634 0
9 6.176010e+02 0.943207 1
3 4.913882e+02 0.543943 1
4 5.648790e+02 0.411630 1
4 4.935285e+02 0.015548 0
2 1.289057e+02 0.148668 0
2 1.526326e+02 0.736860 1
1 -9.837971e+01 0.848694 1
11 6.195119e+02 0.894958 0
5 5.616163e+02 0.254715 1
13 6.202254e+02 0.751380 0
16 6.209230e+02 0.617325 0
18 6.208965e+02 0.293375 0
18 6.209023e+02 0.387854 0
24 6.209628e+02 0.743760 0
18 6.209186e+02 0.669052 0
21 6.209463e+02 0.420924 0
26 6.209638e+02 0.685685 1
30 6.209644e+02 0.388634 0
6 6.119370e+02 0.695049 1
5 5.543629e+02 0.728499 1
31 6.209644e+02 0.791010 0
28 6.209639e+02 0.392000 0
26 6.209634e+02 0.248017 0
19 6.209176e+02 0.294521 1
12 6.199314e+02 0.525002 1
31 6.209644e+02 0.414361 0
6 6.104082e+02 0.058682 1
4 5.346765e+02 0.896781 1
32 6.209644e+02 0.096766 0
31 6.209644e+02 0.301535 0
12 6.199413e+02 0.708966 1
28 6.209641e+02 0.158368 0
10 6.196510e+02 0.666245 1
32 6.209644e+02 0.723573 0
29 6.209642e+02 0.115455 0
34 6.209644e+02 0.678924 0
32 6.209644e+02 0.331328 0
18 6.209175e+02 0.595347 1
23 6.209596e+02 0.626678 1
27 6.209644e+02 0.522884 0
22 6.209520e+02 0.316024 1
24 6.209624e+02 0.394520 0
28 6.209642e+02 0.935841 0
21 6.209478e+02 0.062132 1
16 6.207800e+02 0.421502 1
27 6.209642e+02 0.081679 0
25 6.209632e+02 0.453103 0
13 6.201147e+02 0.443001 1
13 6.205050e+02 0.939497 1
18 6.209058e+02 0.759972 0
12 6.198864e+02 0.926163 0
31 6.209644e+02 0.059623 1
7 6.125337e+02 0.210825 0
5 5.502493e+02 0.426187 0
10 6.200659e+02 0.659031 0
3 5.205534e+02 0.921169 0
4 4.593564e+02 0.488758 0
24 6.209629e+02 0.443435 1
25 6.209630e+02 0.679056 1
5 5.408786e+02 0.218989 0
4 6.124445e+02 0.335598 0
16 6.208679e+02 0.167691 1
15 6.209269e+02 0.290332 1
17 6.208576e+02 0.951051 0
36 6.209644e+02 0.202945 1
19 6.209219e+02 0.013801 0
21 6.209498e+02 0.729707 1
19 6.209328e+02 0.150945 0
26 6.209635e+02 0.315233 1
25 6.209623e+02 0.902109 1
27 6.209637e+02 0.274339 0
30 6.209643e+02 0.470325 0
25 6.209623e+02 0.907240 1
30 6.209644e+02 0.173095 1
33 6.209644e+02 0.860909 1
31 6.209644e+02 0.510347 1
36 6.209644e+02 0.928228 0
10 6.191814e+02 0.425151 1
6 6.133285e+02 0.774489 1
8 6.190859e+02 0.783891 1
11 6.198769e+02 0.738341 0
3 4.661038e+02 0.820199 0
10 6.190096e+02 0.654926 0
13 6.201342e+02 0.035997 0
19 6.209309e+02 0.526582 0
24 6.209629e+02 0.373064 1
29 6.209641e+02 0.843196 0
32 6.209644e+02 0.955183 0
35 6.209644e+02 0.780976 0
26 6.209637e+02 0.787823 0
27 6.209637e+02 0.345778 1
21 6.209618e+02 0.771753 1
13 6.206173e+02 0.538296 0
24 6.209614e+02 0.711864 1
11 6.196198e+02 0.163423 0
15 6.208259e+02 0.251622 0
9 6.198126e+02 0.355201 1
1 3.174884e+02 0.981439 1
14 6.204117e+02 0.454624 0
3 4.225719e+02 0.604749 1
7 6.097584e+02 0.774849 1
8 6.179614e+02 0.338869 0
8 6.150532e+02 0.090638 1
6 6.114736e+02 0.189046 0
25 6.209625e+02 0.718046 1
32 6.209644e+02 0.369670 1
15 6.207891e+02 0.752501 0
17 6.209180e+02 0.840441 1
4 4.964889e+02 0.058170 0
19 6.209479e+02 0.936303 1
9 6.180420e+02 0.920063 0
12 6.202527e+02 0.111301 0
21 6.209487e+02 0.616843 0
11 6.198493e+02 0.973050 0
31 6.209644e+02 0.409031 1
0 -3.158119e+03 0.052209 0
5 5.524296e+02 0.002355 0
7 6.193879e+02 0.100681 1
11 6.198233e+02 0.376958 0
6 5.909222e+02 0.745347 1
6 6.174243e+02 0.611729 1
3 4.284960e+02 0.290337 0
2 1.934499e+02 0.119150 1
3 4.421707e+02 0.849188 1
8 6.175183e+02 0.330951 1
10 6.194334e+02 0.177473 0
20 6.209349e+02 0.386160 1
10 6.190464e+02 0.351865 1
10 6.190956e+02 0.485076 0
5 5.760578e+02 0.622465 0
4 4.838950e+02 0.801963 0
11 6.195863e+02 0.530992 1
5 5.659565e+02 0.422312 0
12 6.204391e+02 0.908519 0
4 5.819897e+02 0.325652 1
5 5.727631e+02 0.563011 1
6 5.990258e+02 0.767527 1
1 -3.267711e+02 0.818851 1
3 5.292066e+02 0.658109 1
34 6.209644e+02 0.491228 0
36 6.209644e+02 0.009353 0
23 6.209584e+02 0.300927 1
28 6.209642e+02 0.995734 0
19 6.209401e+02 0.670068 1
18 6.209065e+02 0.232415 1
19 6.209168e+02 0.405808 1
9 6.171674e+02 0.787015 0
33 6.209644e+02 0.786879 1
20 6.209444e+02 0.806388 0
18 6.209266e+02 0.977553 0
35 6.209644e+02 0.806282 1
32 6.209644e+02 0.100542 1
25 6.209624e+02 0.264674 1
27 6.209637e+02 0.523641 1
33 6.209644e+02 0.497761 1
22 6.209521e+02 0.171319 0
27 6.209638e+02 0.234350 0
31 6.209644e+02 0.037408 1
35 6.209644e+02 0.371714 1
23 6.209603e+02 0.551981 0
21 6.209527e+02 0.036903 1
11 6.201248e+02 0.295131 1
1 -2.451328e+02 0.603355 1
0 -1.176808e+02 0.185290 1
1 1.193839e+02 0.022025 1
1 -1.704774e+02 0.005927 1
31 6.209644e+02 0.854827 0
6 6.047716e+02 0.755690 1
13 6.204437e+02 0.269142 1
16 6.208147e+02 0.767942 1
13 6.205334e+02 0.730716 1
35 6.209644e+02 0.768780 0
31 6.209644e+02 0.258378 1
26 6.209636e+02 0.308973 1
33 6.209644e+02 0.056181 0
32 6.209644e+02 0.162598 1
29 6.209643e+02 0.899778 0
36 6.209644e+02 0.471888 0
35 6.209644e+02 0.580980 0
32 6.209644e+02 0.698009 0
21 6.209563e+02 0.591932 1
20 6.209450e+02 0.152117 1
22 6.209553e+02 0.548458 1
18 6.208810e+02 0.756210 0
31 6.209644e+02 0.139063 1
11 6.195975e+02 0.617118 0
29 6.209641e+02 0.069523 1
19 6.209518e+02 0.218736 0
25 6.209627e+02 0.494898 0
28 6.209642e+02 0.478275 0
31 6.209644e+02 0.182533 0
28 6.209641e+02 0.032327 0
19 6.209481e+02 0.714383 0
9 6.185291e+02 0.472057 0
5 6.042755e+02 0.026286 1
4 5.595814e+02 0.973836 1
1 -1.845731e+02 0.493959 0
12 6.200275e+02 0.054521 0
11 6.202582e+02 0.882437 1
13 6.201181e+02 0.237081 0
10 6.195797e+02 0.893298 0
10 6.191217e+02 0.537508 0
1 2.299144e+02 0.322461 0
11 6.200761e+02 0.690427 0
18 6.208962e+02 0.583164 1
9 6.198414e+02 0.753848 0
15 6.207496e+02 0.616829 1
4 5.161402e+02 0.717546 0
15 6.207254e+02 0.822621 1
13 6.208888e+02 0.607720 0
22 6.209571e+02 0.567089 0
25 6.209622e+02 0.256588 0
15 6.206817e+02 0.963915 0
21 6.209586e+02 0.913544 0
26 6.209630e+02 0.919313 0
31 6.209644e+02 0.373634 0
1 -5.358329e+02 0.785270 1
28 6.209643e+02 0.114181 0
28 6.209641e+02 0.153066 0
24 6.209615e+02 0.260109 0
3 4.410297e+02 0.476075 1
19 6.209276e+02 0.767121 0
4 4.836744e+02 0.836600 1
24 6.209609e+02 0.883698 0
31 6.209644e+02 0.778894 0
20 6.209413e+02 0.291084 0
6 6.009921e+02 0.669688 1
13 6.203724e+02 0.457190 0
15 6.206486e+02 0.159373 0
11 6.202866e+02 0.175548 1
24 6.209618e+02 0.257269 0
16 6.208469e+02 0.037397 0
10 6.203102e+02 0.460210 0
31 6.209644e+02 0.103188 1
5 5.511507e+02 0.069267 0
36 6.209644e+02 0.702454 1
33 6.209644e+02 0.504838 1
5 5.672500e+02 0.347747 0
0 -1.751197e+02 0.300185 0
21 6.209510e+02 0.355144 1
13 6.207263e+02 0.773577 0
23 6.209581e+02 0.904490 1
8 6.149366e+02 0.883663 0
36 6.209644e+02 0.081431 1
25 6.209627e+02 0.850610 0
25 6.209633e+02 0.802570 1
15 6.208188e+02 0.513285 1
1 -1.364396e+02 0.231704 0
11 6.199233e+02 0.393370 1
1 3.500304e+02 0.456232 0
11 6.201617e+02 0.037248 0
11 6.198100e+02 0.309035 1
6 6.132704e+02 0.488898 1
14 6.206116e+02 0.242787 1
24 6.209611e+02 0.157937 0
13 6.207460e+02 0.186814 1
23 6.209587e+02 0.240581 1
23 6.209590e+02 0.663240 1
20 6.209493e+02 0.915979 1
8 6.173935e+02 0.152316 0
23 6.209622e+02 0.977724 1
20 6.209494e+02 0.750739 0
5 6.119508e+02 0.762317 0
8 6.153135e+02 0.540069 0
2 4.143384e+02 0.632499 0
35 6.209644e+02 0.642213 1
34 6.209644e+02 0.686281 1
36 6.209644e+02 0.631024 1
14 6.208155e+02 0.003923 0
31 6.209644e+02 0.992749 1
6 6.008638e+02 0.421489 0
36 6.209644e+02 0.665703 1
29 6.209644e+02 0.244584 1
32 6.209644e+02 0.389987 1
7 6.097182e+02 0.741705 0
35 6.209644e+02 0.412610 1
14 6.208479e+02 0.039595 0
23 6.209625e+02 0.077221 1
17 6.208388e+02 0.412400 0
26 6.209634e+02 0.389858 1
33 6.209644e+02 0.369011 1
27 6.209640e+02 0.036881 0
23 6.209603e+02 0.506480 0
17 6.208872e+02 0.105502 0
23 6.209592e+02 0.654591 1
2 4.924812e+02 0.634568 0
0 -2.198803e+03 0.966636 0
9 6.178547e+02 0.466798 0
30 6.209644e+02 0.717793 1
22 6.209517e+02 0.466472 1
14 6.204433e+02 0.799712 0
25 6.209621e+02 0.775041 1
36 6.209644e+02 0.996164 1
18 6.209070e+02 0.408868 0
31 6.209644e+02 0.192314 1
31 6.209644e+02 0.217778 1
25 6.209628e+02 0.302530 1
16 6.207354e+02 0.269690 0
31 6.209644e+02 0.951271 1
1 -2.189683e+02 0.797476 0
34 6.209644e+02 0.454584 1
35 6.209644e+02 0.129919 1
26 6.209632e+02 0.620291 1
2 2.248205e+02 0.084071 0
25 6.209629e+02 0.644237 1
29 6.209642e+02 0.619669 1
31 6.209644e+02 0.542966 1
30 6.209643e+02 0.489228 1
0 -4.593336e+04 0.185681 0
24 6.209615e+02 0.053429 1
11 6.197500e+02 0.079971 1
17 6.208329e+02 0.314318 0
21 6.209498e+02 0.689413 0
10 6.197917e+02 0.398496 1
8 6.170839e+02 0.420344 1
10 6.194620e+02 0.520737 1
2 2.936685e+02 0.436743 1
22 6.209570e+02 0.527971 0
1 -8.340389e+01 0.413505 1
36 6.209644e+02 0.808850 0
11 6.200678e+02 0.950637 1
7 6.111152e+02 0.397168 1
30 6.209643e+02 0.133687 0
22 6.209527e+02 0.154119 0
14 6.208356e+02 0.543193 1
2 3.472554e+02 0.784272 1
14 6.206567e+02 0.783014 1
15 6.206874e+02 0.520306 0
15 6.208274e+02 0.504551 0
0 -4.996189e+04 0.195269 0
6 5.918945e+02 0.330505 0
1 -3.079790e+02 0.913160 0
4 5.382090e+02 0.183019 0
2 2.024777e+02 0.302189 0
10 6.197579e+02 0.484077 1
16 6.207909e+02 0.182046 1
3 5.126606e+02 0.385815 1
13 6.202589e+02 0.262101 0
17 6.208825e+02 0.660474 0
22 6.209530e+02 0.632568 0
2 4.731459e+02 0.202751 1
4 5.485551e+02 0.917978 1
2 4.549947e+02 0.735878 1
11 6.199362e+02 0.246464 0
6 6.167709e+02 0.352650 0
18 6.209076e+02 0.265000 0
24 6.209634e+02 0.817497 1
28 6.209640e+02 0.538404 1
35 6.209644e+02 0.469160 1
36 6.209644e+02 0.113792 1
35 6.209644e+02 0.057347 1
23 6.209626e+02 0.899212 1
16 6.209003e+02 0.423665 1
16 6.208255e+02 0.467648 1
21 6.209470e+02 0.751315 1
33 6.209644e+02 0.835917 1
25 6.209624e+02 0.571757 0
35 6.209644e+02 0.218801 1
29 6.209642e+02 0.030456 0
30 6.209644e+02 0.055312 0
23 6.209610e+02 0.445346 1
18 6.209368e+02 0.584127 1
11 6.206801e+02 0.685587 1
4 5.220432e+02 0.090026 0
9 6.201364e+02 0.853351 0
9 6.182392e+02 0.741287 0
15 6.207592e+02 0.712957 1
18 6.208972e+02 0.149497 0
9 6.186259e+02 0.385619 1
13 6.201818e+02 0.758662 1
19 6.209218e+02 0.994847 0
1 2.916391e+02 0.099710 1
15 6.206353e+02 0.865940 0
7 6.087962e+02 0.402278 0
10 6.198330e+02 0.661782 0
18 6.209109e+02 0.718487 1
26 6.209639e+02 0.708760 0
9 6.173740e+02 0.129694 1
1 6.112170e+02 0.219208 1
3 3.618449e+02 0.945315 1
12 6.200835e+02 0.848240 1
1 -8.822479e+01 0.268030 1
12 6.199902e+02 0.625946 1
24 6.209609e+02 0.445579 0
26 6.209630e+02 0.313445 1
26 6.209632e+02 0.049853 0
24 6.209615e+02 0.042903 1
3 3.909758e+02 0.287326 0
33 6.209644e+02 0.254462 1
21 6.209517e+02 0.440248 0
33 6.209644e+02 0.070024 1
6 6.197163e+02 0.003944 0
33 6.209644e+02 0.100328 1
24 6.209620e+02 0.336500 1
28 6.209642e+02 0.230938 1
35 6.209644e+02 0.577174 1
0 -1.359760e+03 0.413275 0
0 -6.702800e+01 0.318780 0
34 6.209644e+02 0.432125 1
14 6.204297e+02 0.823439 0
12 6.203410e+02 0.340010 0
15 6.206837e+02 0.113840 0
21 6.209534e+02 0.363737 0
28 6.209643e+02 0.013756 1
33 6.209644e+02 0.677458 0
33 6.209644e+02 0.574121 1
31 6.209644e+02 0.038166 1
32 6.209644e+02 0.255766 1
35 6.209644e+02 0.102461 1
28 6.209640e+02 0.589787 1
27 6.209639e+02 0.443680 1
30 6.209643e+02 0.953301 0
24 6.209623e+02 0.186800 0
25 6.209629e+02 0.607215 0
4 5.155615e+02 0.602870 1
1 -3.448356e+02 0.132667 1
18 6.208796e+02 0.835688 0
25 6.209628e+02 0.024292 0
20 6.209366e+02 0.505917 0
16 6.207876e+02 0.029566 1
11 6.206178e+02 0.228595 1
7 6.120207e+02 0.952539 1
2 2.889600e+02 0.166787 0
7 6.138465e+02 0.595387 0
23 6.209600e+02 0.888261 1
19 6.209166e+02 0.057219 1
24 6.209609e+02 0.591280 1
22 6.209547e+02 0.538600 0
14 6.207351e+02 0.549766 0
12 6.201377e+02 0.856462 0
18 6.208832e+02 0.704625 0
14 6.206570e+02 0.269206 0
8 6.146949e+02 0.419532 1
13 6.202519e+02 0.441953 0
4 5.591289e+02 0.524645 0
0 -7.206558e+03 0.257418 1
1 -5.567582e+02 0.627634 1
17 6.209037e+02 0.764643 0
6 6.019502e+02 0.480453 1
6 5.966622e+02 0.285701 1
11 6.198089e+02 0.299950 0
8 6.191615e+02 0.707488 0
20 6.209463e+02 0.249516 0
14 6.205294e+02 0.773149 1
23 6.209638e+02 0.560955 0
1 -1.970816e+02 0.754750 1
2 1.449434e+02 0.980400 1
36 6.209644e+02 0.126741 0
24 6.209612e+02 0.470254 0
5 6.079973e+02 0.082105 1
4 4.720602e+02 0.972380 1
1 -3.379204e+02 0.377490 1
27 6.209637e+02 0.982844 0
9 6.180057e+02 0.686838 1
17 6.208601e+02 0.323806 1
36 6.209644e+02 0.484180 0
8 6.197662e+02 0.363702 1
25 6.209626e+02 0.283781 0
21 6.209483e+02 0.958799 1
18 6.209115e+02 0.167346 1
20 6.209445e+02 0.868989 0
22 6.209532e+02 0.483149 1
21 6.209564e+02 0.652416 1
29 6.209642e+02 0.755861 1
35 6.209644e+02 0.496442 1
29 6.209642e+02 0.617839 1
31 6.209644e+02 0.679608 1
34 6.209644e+02 0.750886 1
31 6.209644e+02 0.407196 1
36 6.209644e+02 0.831922 1
32 6.209644e+02 0.254852 1
20 6.209560e+02 0.468881 0
35 6.209644e+02 0.244824 1
32 6.209644e+02 0.337078 1
13 6.206848e+02 0.916521 0
19 6.209419e+02 0.124072 0
22 6.209533e+02 0.697084 0
28 6.209640e+02 0.634324 1
30 6.209644e+02 0.480364 0
24 6.209620e+02 0.477679 1
28 6.209642e+02 0.188928 1
36 6.209644e+02 0.794144 0
25 6.209628e+02 0.225446 1
33 6.209644e+02 0.997551 0
36 6.209644e+02 0.367440 0
31 6.209644e+02 0.187934 1
27 6.209638e+02 0.603899 0
34 6.209644e+02 0.997734 1
34 6.209644e+02 0.594026 1
36 6.209644e+02 0.524474 1
5 5.941726e+02 0.591769 0
25 6.209626e+02 0.131218 1
31 6.209644e+02 0.396642 1
35 6.209644e+02 0.070788 1
4 5.761012e+02 0.014253 0
8 6.147133e+02 0.074571 0
11 6.196950e+02 0.888551 0
4 5.436705e+02 0.080774 0
15 6.206616e+02 0.821225 0
10 6.194818e+02 0.128447 1
16 6.208073e+02 0.458484 1
13 6.202525e+02 0.443057 1
2 5.510916e+02 0.055048 1
15 6.208081e+02 0.864064 1
8 6.174078e+02 0.831407 0
1 2.638107e+01 0.921574 1
6 6.153076e+02 0.637152 0
18 6.209419e+02 0.691548 0
3 5.174835e+02 0.985261 1
14 6.204347e+02 0.242790 1
23 6.209610e+02 0.033147 0
10 6.190755e+02 0.211318 1
23 6.209583e+02 0.968812 0
2 3.909522e+02 0.593214 1
25 6.209643e+02 0.224312 0
22 6.209587e+02 0.798263 0
10 6.190734e+02 0.442053 1
17 6.208654e+02 0.410636 0
25 6.209623e+02 0.990377 1
24 6.209623e+02 0.000977 0
32 6.209644e+02 0.808227 0
34 6.209644e+02 0.497248 0
29 6.209643e+02 0.943301 1
18 6.209371e+02 0.106833 1
27 6.209640e+02 0.707741 0
26 6.209640e+02 0.620550 0
22 6.209523e+02 0.068672 0
4 5.157870e+02 0.995207 1
0 2.823659e+02 0.397759 1
9 6.191393e+02 0.420259 0
12 6.198937e+02 0.513417 0
6 6.026482e+02 0.342658 0
14 6.205150e+02 0.742565 0
8 6.195370e+02 0.055632 0
13 6.204333e+02 0.725948 1
27 6.209641e+02 0.817575 0
27 6.209637e+02 0.160424 0
4 5.128815e+02 0.454368 1
3 3.712270e+02 0.058170 1
9 6.195067e+02 0.790899 1
10 6.198807e+02 0.212109 1
29 6.209641e+02 0.014240 0
9 6.196881e+02 0.682344 1
13 6.207196e+02 0.344735 1
18 6.208929e+02 0.477031 1
21 6.209476e+02 0.561092 1
18 6.208931e+02 0.132560 0
27 6.209637e+02 0.728116 1
1 -2.397936e+02 0.849426 0
31 6.209644e+02 0.742313 1
4 5.962719e+02 0.671180 0
31 6.209644e+02 0.584071 1
33 6.209644e+02 0.690312 1
34 6.209644e+02 0.325298 1
7 6.185219e+02 0.943747 0
35 6.209644e+02 0.586372 1
1 -5.383769e+02 0.338284 0
31 6.209644e+02 0.028180 1
8 6.148980e+02 0.282605 0
25 6.209635e+02 0.408508 1
20 6.209466e+02 0.069831 0
23 6.209623e+02 0.117407 0
5 6.169982e+02 0.882715 1
17 6.209024e+02 0.115496 0
4 5.336273e+02 0.045717 1
23 6.209606e+02 0.562095 0
14 6.204062e+02 0.742948 1
21 6.209500e+02 0.698858 1
6 6.029224e+02 0.995162 0
3 4.352193e+02 0.096592 0
2 3.205491e+02 0.015102 0
0 -4.026633e+01 0.117992 0
11 6.200881e+02 0.487080 0
6 6.016828e+02 0.887856 0
24 6.209621e+02 0.145540 1
12 6.199741e+02 0.296110 0
15 6.207057e+02 0.559769 0
8 6.184846e+02 0.145066 0
12 6.207914e+02 0.563249 0
24 6.209611e+02 0.138287 1
30 6.209643e+02 0.038586 0
20 6.209350e+02 0.682920 1
30 6.209644e+02 0.638199 1
35 6.209644e+02 0.677000 1
32 6.209644e+02 0.683063 0
21 6.209642e+02 0.477585 1
35 6.209644e+02 0.122444 0
36 6.209644e+02 0.081731 0
36 6.209644e+02 0.775245 0
32 6.209644e+02 0.346872 0
19 6.209468e+02 0.712831 1
32 6.209644e+02 0.267004 0
32 6.209644e+02 0.243091 0
25 6.209631e+02 0.210481 0
3 5.487339e+02 0.614498 1
9 6.180996e+02 0.850435 1
10 6.197400e+02 0.591800 1
17 6.208859e+02 0.298187 0
11 6.199010e+02 0.583451 1
25 6.209621e+02 0.185485 0
26 6.209632e+02 0.286213 0
6 6.107190e+02 0.931000 1
8 6.184275e+02 0.768817 1
29 6.209642e+02 0.131711 0
35 6.209644e+02 0.203400 0
30 6.209643e+02 0.530664 0
28 6.209639e+02 0.175914 0
3 5.252884e+02 0.621665 1
24 6.209621e+02 0.267242 0
17 6.208708e+02 0.178868 1
13 6.205708e+02 0.480042 1
9 6.173114e+02 0.605187 0
16 6.207760e+02 0.613031 0
31 6.209644e+02 0.860381 1
31 6.209644e+02 0.364371 1
21 6.209551e+02 0.917870 0
23 6.209583e+02 0.248192 1
19 6.209329e+02 0.360317 1
32 6.209644e+02 0.036434 0
29 6.209642e+02 0.723336 0
26 6.209632e+02 0.439305 0
0 3.883375e+02 0.931518 1
0 3.308629e+02 0.072195 1
0 -2.992557e+04 0.824226 1
12 6.199022e+02 0.800621 0
6 5.966833e+02 0.031187 0
3 4.515579e+02 0.567360 1
7 6.057191e+02 0.798684 1
13 6.206641e+02 0.153096 1
16 6.208520e+02 0.038741 1
8 6.169468e+02 0.062432 1
6 6.117501e+02 0.497434 0
7 6.083482e+02 0.765026 0
13 6.203577e+02 0.160632 1
5 5.425929e+02 0.233774 1
21 6.209525e+02 0.469769 1
28 6.209643e+02 0.825537 0
18 6.208872e+02 0.408640 0
4 4.923950e+02 0.287536 1
13 6.205961e+02 0.477380 0
0 -7.416605e+03 0.473939 1
17 6.208663e+02 0.642731 0
15 6.208722e+02 0.142034 1
11 6.195004e+02 0.827616 0
12 6.204973e+02 0.292596 0
3 3.667524e+02 0.606905 0
9 6.197132e+02 0.237459 0
8 6.161999e+02 0.117598 0
8 6.190155e+02 0.605569 0
14 6.205136e+02 0.061118 1
27 6.209643e+02 0.098494 0
24 6.209630e+02 0.630419 1
24 6.209634e+02 0.988741 0
6 6.167370e+02 0.440214 0
1 5.723962e+01 0.175387 0
32 6.209644e+02 0.952020 1
34 6.209644e+02 0.780208 1
36 6.209644e+02 0.294182 1
22 6.209521e+02 0.933278 0
23 6.209605e+02 0.975885 0
35 6.209644e+02 0.892655 0
31 6.209644e+02 0.582422 0
34 6.209644e+02 0.042079 0
28 6.209644e+02 0.083259 1
34 6.209644e+02 0.525543 1
12 6.205019e+02 0.945645 0
34 6.209644e+02 0.717489 1
35 6.209644e+02 0.840138 1
10 6.199379e+02 0.673675 0
30 6.209644e+02 0.823361 1
10 6.201330e+02 0.248477 0
10 6.196551e+02 0.998950 1
18 6.208801e+02 0.810658 0
22 6.209525e+02 0.364342 0
21 6.209500e+02 0.588021 1
23 6.209582e+02 0.885119 0
13 6.206548e+02 0.213497 0
17 6.208411e+02 0.733444 1
34 6.209644e+02 0.741413 0
36 6.209644e+02 0.615620 0
2 4.843977e+02 0.874375 1
31 6.209644e+02 0.276454 0
19 6.209162e+02 0.333559 1
18 6.209258e+02 0.814015 1
17 6.208538e+02 0.366537 0
19 6.209437e+02 0.383246 0
8 6.189803e+02 0.186699 1
1 -4.486155e+02 0.564518 1
6 6.054610e+02 0.625231 0
10 6.199769e+02 0.758378 1
0 -4.935259e+03 0.199334 0
9 6.191752e+02 0.358290 1
6 6.186018e+02 0.411720 1
6 5.985506e+02 0.319102 0
3 5.852349e+02 0.701071 1
2 1.400251e+02 0.149417 1
7 6.059243e+02 0.364619 1
4 4.753964e+02 0.767118 1
12 6.199296e+02 0.430304 0
2 1.788688e+02 0.347570 0
9 6.186950e+02 0.204170 1
10 6.201593e+02 0.767630 1
18 6.208840e+02 0.494736 0
14 6.203923e+02 0.748593 0
11 6.195706e+02 0.519303 1
12 6.203742e+02 0.279877 0
22 6.209558e+02 0.644718 1
11 6.199836e+02 0.515699 0
8 6.172710e+02 0.827343 0
30 6.209643e+02 0.255035 1
8 6.147601e+02 0.336860 0
31 6.209644e+02 0.681618 1
33 6.209644e+02 0.078963 1
25 6.209623e+02 0.387205 0
13 6.202965e+02 0.361505 0
28 6.209642e+02 0.164164 1
7 6.079634e+02 0.941215 0
22 6.209548e+02 0.212201 1
4 5.626835e+02 0.971906 0
10 6.196405e+02 0.554679 0
35 6.209644e+02 0.299420 1
33 6.209644e+02 0.161236 1
32 6.209644e+02 0.342374 1
32 6.209644e+02 0.352286 0
