-197.698849,8.57262338245,0.0681883748558
-195.927089338,8.53929800053,0.15882177462
-194.155329675,8.50129511892,0.201676271466
-192.383570013,8.4632371249,0.197871818135
-190.61181035,8.42512229687,0.143749416906
-188.840050688,8.39467246481,0.102326006709
-187.068291025,8.379887494,0.186387189527
-185.296531363,8.36504191873,0.205002742463
-183.524771701,8.35013506745,0.179804755262
-181.753012038,8.33516626585,0.0751618698374
-179.981252376,8.30169899288,0.155819297591
-178.209492713,8.26389482849,0.200881785465
-176.437733051,8.22602481256,0.198580379649
-174.665973388,8.18808723201,0.14670212508
-172.894213726,8.14725032624,0.0960062775111
-171.122454063,8.09955597177,0.184690632377
-169.350694401,8.05178833169,0.204926799547
-167.578934739,8.00394524515,0.181305605071
-165.807175076,7.95602454792,0.0820924273563
-164.035415414,7.90819379171,0.152648245216
-162.263655751,7.86032987245,0.199999580823
-160.491896089,7.81238184587,0.199185290626
-158.720136426,7.76434754295,0.149419781047
-156.948376764,7.7635986156,0.0888706570841
-155.176617102,7.89815036349,0.182911038964
-153.404857439,8.03261971492,0.204952163989
-151.633097777,8.16701275277,0.183156666942
-149.861338114,8.30133555651,0.0898768207118
-148.089578452,8.33743517227,0.150058870939
-146.317818789,8.33928222999,0.199482705978
-144.546059127,8.34106684643,0.200211166388
-142.774299465,8.34278910231,0.152941822011
-141.002539802,8.32970747115,0.083117730526
-139.23078014,8.26553012183,0.181564197879
-137.459020477,8.20128699496,0.204998389859
-135.687260815,8.13697518441,0.184625409872
-133.915501152,8.07259178094,0.0956594376157
-132.14374149,8.08931545882,0.146674823211
-130.371981827,8.13967805517,0.198555434744
-128.600222165,8.18996918089,0.200839047862
-126.828462503,8.24019111095,0.155723653435
-125.05670284,8.2903435168,0.0753041079026
-123.284943178,8.34042011153,0.179842735384
-121.513183515,8.39043431645,0.205026747211
-119.741423853,8.44038839403,0.186413881761
-117.96966419,8.49028460399,0.102394315484
-116.197904528,8.56926891848,0.143968172614
-114.426144866,8.66245897774,0.197998141928
-112.654385203,8.75560121506,0.201820300806
-110.882625541,8.84869984384,0.15909626041
-109.110865878,8.92855540528,0.0686610796374
-107.339106216,8.93581122413,0.178552097156
-105.567346553,8.94303158649,0.205237378549
-103.795586891,8.95021681898,0.188257237576
-102.023827229,8.95736724661,0.108788143745
-100.252067566,8.97010095697,0.141262507241
-98.4803079037,8.98601033314,0.197361731844
-96.7085482412,9.00188652363,0.202562962912
-94.9367885788,9.01773024663,0.16185108768
-93.1650289164,9.03524202436,0.0598076958278
-91.3932692539,9.0652269091,0.176816089624
-89.6215095915,9.09519255097,0.205187192954
-87.8497499291,9.12512994617,0.189837510021
-86.0779902666,9.15504044895,0.114334249244
-84.3062306042,9.1196689294,0.138164344052
-82.5344709417,9.04100364944,0.196511492601
-80.7627112793,8.9623076715,0.203051032035
-78.9909516169,8.88357743567,0.16409973624
-77.2191919544,8.81802096852,0.0503250298498
-75.447432292,8.88642226714,0.174650710107
-73.6756726296,8.95559758021,0.204855832238
-71.9039129671,9.02473833186,0.191082513563
-70.1321533047,9.09384764974,0.118919000706
-68.3603936423,9.10486462104,0.134456059207
-66.5886339798,9.07137259658,0.195494919952
-64.8168743174,9.03785124792,0.20359417185
-63.045114655,9.00429905868,0.166661291218
-61.2733549925,8.96811594842,0.0449271352717
-59.5015953301,8.89408139539,0.17272890821
-57.7298356677,8.81940789158,0.204497568043
-55.9580760052,8.74469366562,0.192008620213
-54.1863163428,8.66993533769,0.122386863638
-52.4145566804,8.60757197588,0.129739460216
-50.6427970179,8.55614190923,0.193997589464
-48.8710373555,8.50465921123,0.203641764969
-47.0992776931,8.45312155299,0.168338149623
-45.3275180306,8.40249778301,0.0377921135082
-43.5557583682,8.37337927263,0.170031529715
-41.7839987058,8.3448557629,0.203851768767
-40.0122390433,8.31627006401,0.192913551895
-38.2404793809,8.28762088286,0.126056417644
-36.4687197184,8.24297084421,0.125109932742
-34.696960056,8.1820642453,0.192604279655
-32.9252003936,8.12108809314,0.203810041039
-31.1534407311,8.0600396294,0.170234167905
-29.3816810687,8.00243347552,0.0361445119766
-27.6099214063,8.07632076692,0.167513056949
-25.8381617438,8.15669528752,0.203362440228
-24.0664020814,8.23699910729,0.194049232463
-22.294642419,8.31723585885,0.130216827262
-20.5228827565,8.29956238215,0.124921988236
-18.7511230941,8.1674068555,0.218212945675
-16.9793634317,8.03518111257,0.270907427915
-15.2076037692,7.90287917193,0.30484750514
-13.4358441068,7.77049504874,0.325950803427
-11.6640844444,7.63802275442,0.336643755105
-9.89232478193,7.50545629641,0.337917975564
-8.12056511949,7.3727896779,0.32988286233
-6.34880545706,7.24001689752,0.311818025239
-4.57704579462,7.10713194913,0.281797435478
-2.80528613219,6.9741288215,0.235281575109
-1.03352646975,6.84100149806,0.158331940815
0.738233192681,6.72721745839,0.134432287858
2.50999285512,6.6405609903,0.19827253945
4.28175251755,6.55376523701,0.211231961583
6.05351217999,6.4668262722,0.184374145092
7.82527184242,6.37974016307,0.0862248726637
9.59703150485,6.25017809526,0.172812529178
11.3687911673,6.11571052546,0.208661899973
13.1405508297,5.98107992814,0.202914524334
14.9123104922,5.84628021312,0.15088833377
16.6840701546,5.78501926784,0.12670111306
18.455829817,5.84304690878,0.195490020972
20.2275894795,5.9008991879,0.210458636572
21.9993491419,5.95857872224,0.185158688153
23.7711088043,6.016088121,0.0904833877182
25.5428684668,5.98382386811,0.169622687758
27.3146281292,5.93728996971,0.207676616729
29.0863877916,5.89058497271,0.203430098914
30.8581474541,5.84370676434,0.153408684022
32.6299071165,5.81509261028,0.121742552073
34.4016667789,5.82108017229,0.193912483496
36.1734264414,5.8268913788,0.210389919872
37.9451861038,5.83252649269,0.18656917167
39.7169457662,5.83798576886,0.0960872132127
41.4887054287,5.92124550825,0.167031217192
43.2604650911,6.02042364547,0.207268040933
45.0322247535,6.11943444476,0.204857353541
46.803984416,6.21828238499,0.157856679514
48.5757440784,6.27422786903,0.119668607652
50.3475037409,6.23549912651,0.19352619457
52.1192634033,6.19661277528,0.211090990929
53.8910230657,6.15756705627,0.188793318352
55.6627827282,6.11836020318,0.103447118749
57.4345423906,5.98473924632,0.165116756536
59.206302053,5.82647570632,0.206521557972
60.9780617155,5.66803605488,0.204738220484
62.7498213779,5.50941312479,0.158313504284
64.5215810403,5.39220032572,0.11089789619
66.2933407028,5.38374732127,0.190529328877
68.0651003652,5.37509817799,0.210016080406
69.8368600276,5.3662525046,0.188986090317
71.6086196901,5.35720990098,0.10548398809
73.3803793525,5.38184648051,0.160866851696
75.1521390149,5.41705685714,0.205171716253
76.9238986774,5.45207260172,0.20524351156
78.6956583398,5.48689529826,0.16114138813
80.4674180022,5.52336376982,0.107839476667
82.2391776647,5.56542142329,0.20664078612
84.0109373271,5.60729115618,0.256030790781
85.7826969895,5.64897486253,0.283174048313
87.554456652,5.69047442797,0.294296432572
89.3262163144,5.73179172978,0.291241263877
91.0979759768,5.772928637,0.273533304406
92.8697356393,5.81388701051,0.237919240651
94.6414953017,5.85466870313,0.173705115653
96.4132549642,5.89724694508,0.102417786613
98.1850146266,5.94724414208,0.188404875684
99.956774289,5.99707069078,0.210789834015
101.728533951,6.04672884514,0.193129207476
103.500293614,6.0962208515,0.118721170682
105.272053276,6.14053389821,0.157332074917
107.043812939,6.18241706885,0.20487431632
108.815572601,6.22414022954,0.207808234357
110.587332264,6.2657052677,0.168481248871
112.359091926,6.31077164782,0.10089218881
114.130851588,6.37340928546,0.204032883094
115.902611251,6.43589555293,0.254780083093
117.674370913,6.49823327689,0.282902574958
119.446130576,6.56042527727,0.294949287193
121.217890238,6.62247436741,0.292912607525
122.989649901,6.68438335416,0.276481086455
124.761409563,6.74615503808,0.242745495595
126.533169226,6.80779221349,0.182333155215
128.304928888,6.88220027064,0.0959820759746
130.07668855,7.03847369246,0.187240461758
131.848448213,7.19462582918,0.212424257302
133.620207875,7.35066374458,0.198518522738
135.391967538,7.50659449722,0.13384533179
137.1637272,7.49241995594,0.15632496644
138.935486863,7.37324897002,0.205473540962
140.707246525,7.25397184303,0.210334344235
142.479006187,7.13458317929,0.17464633361
144.25076585,7.04784890977,0.0914316691363
146.022525512,7.25309564174,0.200693004756
147.794285175,7.45823079732,0.253178790014
149.566044837,7.66326365609,0.282541170949
151.3378045,7.86820349298,0.295754237784
153.109564162,8.07305957871,0.294998389825
154.881323824,8.27784118023,0.280160445071
156.653083487,8.48255756109,0.248729772805
158.424843149,8.68721798192,0.19274573078
160.196602812,8.86619536958,0.092388606276
161.968362474,8.68109478188,0.108498914893
163.740122137,8.75908992538,0.129001111794
165.511881799,9.04594166846,0.173506285683
167.283641462,9.33276293693,0.140985218192
169.055401124,9.0853688926,0.126464128587
170.827160786,8.46277897935,0.0407251339045
172.598920449,8.88446334353,0.161605444976
174.370680111,9.32604792249,0.168259873807
176.142439774,9.73317786747,0.0933806771618
177.914199436,9.05315593187,0.1120914726
179.685959099,8.77280359086,0.128889559913
181.457718761,8.85787517899,0.19388277797
183.229478423,8.94290778509,0.204073457529
185.001238086,9.02790525572,0.169645471204
186.772997748,9.10732576821,0.0425263044103
188.544757411,9.04800820056,0.170261749043
190.316517073,8.98383333302,0.204221568654
192.088276736,8.91962518131,0.193679020931
193.860036398,8.85538084092,0.128076720246
195.63179606,8.85335995702,0.125082945523
197.403555723,8.91681347881,0.192827140529
199.175315385,8.98023068472,0.204460261558
200.947075048,9.0436144435,0.171789571393
202.71883471,9.10730258802,0.0436804180336
204.490594373,9.18557078983,0.168051214693
206.262354035,9.26462659484,0.203986796047
208.034113698,9.34366181775,0.19519917863
209.80587336,9.42268003383,0.133104827657
211.577633022,9.51445434604,0.122020778042
213.349392685,9.62168897507,0.192205384523
215.121152347,9.72891917421,0.205368921743
216.89291201,9.83614979414,0.174901314445
218.664671672,9.94279898857,0.0539477865436
220.436431335,9.99440807728,0.166894517921
222.208190997,10.0415118264,0.204220408796
223.979950659,10.0886301369,0.19694218334
225.751710322,10.1357651401,0.138181027718
227.523469984,10.149245032,0.119198784955
229.295229647,10.1156851035,0.191535430382
231.066989309,10.0821430917,0.205900447897
232.838748972,10.0486174792,0.177022324731
234.610508634,10.0151972049,0.0608890416724
236.382268296,10.0120581945,0.164587663013
238.154027959,10.0124226318,0.203720458768
239.925787621,10.0128003145,0.197832777288
241.697547284,10.0131912597,0.141407278327
243.469306946,10.0097889042,0.114158890266
245.241066609,10.0002417993,0.1900864188
247.012826271,9.99070738896,0.206045388531
248.784585934,9.98118524172,0.178882538886
250.556345596,9.97167698365,0.0690312887487
252.328105258,10.0447908778,0.162125921515
254.099864921,10.1308732742,0.203287989567
255.871624583,10.2169742743,0.199040451347
257.643384246,10.3030977731,0.1454571721
259.415143908,10.3874370458,0.110276246152
261.186903571,10.4683981743,0.189202228411
262.958663233,10.5493931749,0.206737977137
264.730422895,10.6304257116,0.181635433399
266.502182558,10.7114994499,0.0809211812677
268.27394222,10.7162598172,0.160792691488
270.045701883,10.7053572095,0.203313724128
271.817461545,10.694499193,0.200383613809
273.589221208,10.6836852766,0.149350066592
275.36098087,10.689899221,0.106175540437
277.132740532,10.7336375889,0.18816485022
278.904500195,10.7774218274,0.207093744977
280.676259857,10.8212539171,0.183630128927
282.44801952,10.8651358409,0.088887384339
284.219779182,10.8623764552,0.158493658909
285.991538845,10.8475764679,0.202885240349
287.763298507,10.8328275053,0.201428105494
289.53505817,10.8181289003,0.15281595501
291.306817832,10.811910177,0.101453436345
293.078577494,10.8277716697,0.186937526361
294.850337157,10.8436832912,0.207299744685
296.622096819,10.8596457614,0.185410054911
298.393856482,10.8756598023,0.095682789637
300.165616144,10.88134984,0.155909706215
301.937375807,10.8838015379,0.202279084402
303.709135469,10.8863058993,0.202254381348
305.480895131,10.8888630373,0.155813526521
307.252654794,10.8872045293,0.0957777312027
309.024414456,10.8722041487,0.185425186544
310.796174119,10.8572559068,0.207271894628
312.567933781,10.8423591276,0.186848445698
314.339693444,10.8275131371,0.101159049905
316.111453106,10.8451024526,0.152818186426
317.883212768,10.8750809374,0.201455115083
319.654972431,10.9051116912,0.202955732975
321.426732093,10.9351960724,0.158663500455
323.198491756,10.9690977453,0.0896325112553
324.970251418,11.0175062387,0.183921096285
326.742011081,11.0659734438,0.207416325881
328.513770743,11.1145015532,0.188730862755
330.285530406,11.163092762,0.107791693527
332.057290068,11.2373175903,0.150529647597
333.82904973,11.3231501596,0.201133785572
335.600809393,11.4090552668,0.204234750113
337.372569055,11.495036798,0.162574606348
339.144328718,11.5690413374,0.0871760172866
340.91608838,11.5848783578,0.202752944008
342.687848043,11.6007997559,0.261772938829
344.459607705,11.6168062517,0.299755841475
346.231367367,11.6328985694,0.324188362876
348.00312703,11.6490774369,0.338025768749
349.774886692,11.6653435862,0.342556856187
351.546646355,11.681697753,0.338156754735
353.318406017,11.6981406772,0.324461479253
355.09016568,11.7146731025,0.300198833959
356.861925342,11.7312957768,0.262449068437
358.633685004,11.7480094521,0.203842902912
360.405444667,11.729412991,0.129361821326
362.177204329,11.467974946,0.200039859194
363.948963992,11.2066159904,0.220497200311
365.720723654,10.9453243011,0.206264994013
367.492483317,10.6840880583,0.147626364397
369.264242979,10.5419226071,0.16581062319
371.036002642,10.4760056374,0.211207049234
372.807762304,10.4101228839,0.216211445631
374.579521966,10.3442713664,0.18414794197
376.351281629,10.2860987944,0.11110790397
378.123041291,10.3033645908,0.193396248627
379.894800954,10.3206567939,0.217906846053
381.666560616,10.3379761858,0.206375008729
383.438320279,10.35532355,0.150741419876
385.210079941,10.3766696747,0.163269091279
386.981839603,10.400985172,0.210661181668
388.753599266,10.4253314919,0.217229365235
390.525358928,10.4497097358,0.187319768548
392.297118591,10.4587504537,0.109119221006
394.068878253,10.2136101605,0.192570632839
395.840637916,9.96849221379,0.21723139758
397.612397578,9.72338552528,0.205491915752
399.38415724,9.47827900723,0.148979504317
401.155916903,9.36880245009,0.155806347042
402.927676565,9.37510116102,0.207095094159
404.699436228,9.38138428731,0.215060156163
406.47119589,9.38765211319,0.185374497831
408.242955553,9.39475983218,0.0934615984243
410.014715215,9.43998093779,0.187680513294
411.786474878,9.48518939369,0.215607032521
413.55823454,9.53038724496,0.206214355689
415.329994202,9.57557653616,0.15276505559
417.101753865,9.7481296729,0.153711078561
418.873513527,10.0458384235,0.207264777168
420.64527319,10.3435619312,0.217460212501
422.417032852,10.6413136638,0.191359995088
424.188792515,10.9391070906,0.104622503265
425.960552177,10.9186123195,0.190433986589
427.732311839,10.8939263432,0.218228811749
429.504071502,10.8692934884,0.210107068541
431.275831164,10.8447126406,0.160710832499
433.047590827,10.8787510929,0.155689484797
434.819350489,10.9790740028,0.208726870152
436.591110152,11.0794538859,0.219396151683
438.362869814,11.1798952831,0.194790496047
440.134629476,11.2804027378,0.113978331975
441.906389139,11.3763021996,0.190537859631
443.678148801,11.4720394389,0.219565337541
445.449908464,11.5678559513,0.213341953297
447.221668126,11.6637560713,0.167993283242
448.993427789,11.7046309918,0.15768562092
450.765187451,11.673781718,0.210015135975
452.536947114,11.6430208434,0.220839258751
454.308706776,11.6123469765,0.197120423894
456.080466438,11.5817587298,0.119849962224
457.852226101,11.3442810098,0.188800971935
459.623985763,11.0880615378,0.218296079662
461.395745426,10.8319039692,0.211881118245
463.167505088,10.5757967164,0.165428526214
464.939264751,10.4381848542,0.148354427688
466.711024413,10.4789436925,0.205738086344
468.482784075,10.5197368801,0.2184521166
470.254543738,10.5605662621,0.195421373748
472.0263034,10.6014336856,0.117179322528
473.798063063,10.503351378,0.183611199233
475.569822725,10.3866340851,0.216091015277
477.341582388,10.2699469657,0.211428148093
479.11334205,10.1532847411,0.166530227107
480.885101712,10.1097502025,0.143266131564
482.656861375,10.1939527911,0.203842314842
484.428621037,10.278176837,0.218145590619
486.2003807,10.36242615,0.196554584727
487.972140362,10.4467045414,0.121196895034
489.743900025,10.6765846905,0.181750022351
491.515659687,10.9329063745,0.216824930331
493.28741935,11.1892829433,0.215088067549
495.059179012,11.4457259944,0.175449177967
496.830938674,11.6195031605,0.14879660515
498.602698337,11.6245694339,0.207136804441
500.374457999,11.6297218804,0.221685085948
502.146217662,11.634960733,0.202132192633
503.917977324,11.6402862287,0.134326446282
505.689736987,11.5610774537,0.184121191422
507.461496649,11.4622830069,0.217971925256
509.233256311,11.3635673919,0.215650062946
511.005015974,11.2649261432,0.175727059092
512.776775636,11.1939014964,0.141965799674
514.548535299,11.1891385967,0.203929885592
516.320294961,11.1844421728,0.219560248793
518.092054624,11.1798120122,0.200033496847
519.863814286,11.1752479055,0.130407080763
521.635573948,10.71236951,0.128668585132
523.407333611,10.3099322397,0.0963939414072
525.179093273,10.4332810421,0.171193392254
526.950852936,10.556662128,0.161726439067
528.722612598,10.5590271513,0.119090155528
530.494372261,10.2146821447,0.089613241841
532.266131923,10.2000381677,0.147433831818
534.037891586,10.2950517158,0.174457381234
535.809651248,10.3900912946,0.125708277086
537.58141091,10.3837043594,0.128080195415
539.353170573,10.3658038963,0.0918317392752
541.124930235,10.4265745687,0.184272143543
542.896689898,10.4873772213,0.206835410218
544.66844956,10.5482146045,0.186838586057
546.440209223,10.6090894704,0.101676493774
548.211968885,10.6418039061,0.15158216555
549.983728547,10.6633384052,0.200994411948
551.75548821,10.6849155948,0.202875386384
553.527247872,10.706536451,0.158922297588
555.299007535,10.7251824462,0.0869836009581
557.070767197,10.7316282648,0.183169379837
558.84252686,10.7381198631,0.207095744022
560.614286522,10.7446575348,0.188628505004
562.386046184,10.7512415755,0.107823450528
564.157805847,10.7238616377,0.14891872964
565.929565509,10.6805413951,0.200267756372
567.701325172,10.6372646212,0.203402621246
569.473084834,10.5940293583,0.161162567861
571.244844497,10.5540046196,0.0785607228253
573.016604159,10.53033415,0.18110030364
574.788363822,10.5067003544,0.206717121722
576.560123484,10.4831021635,0.189677437042
578.331883146,10.4595385099,0.111949912508
580.103642809,10.4332998962,0.145104194001
581.875402471,10.4056040293,0.199070906347
583.647162134,10.377939194,0.203696806411
585.418921796,10.3503041387,0.163233127201
587.190681459,10.3212890483,0.0688921953476
588.962441121,10.282695758,0.178889654791
590.734200783,10.2441253831,0.206221787249
592.505960446,10.205578735,0.190548555409
594.277720108,10.1670540701,0.115517802248
596.049479771,10.1451617676,0.140839904716
597.821239433,10.1339057691,0.197735394875
599.592999096,10.1226685115,0.203972997108
601.364758758,10.1114494865,0.165388704715
603.13651842,10.1048790962,0.0602772757658
604.908278083,10.1415366182,0.176823666073
606.680037745,10.1783995657,0.206028350242
608.451797408,10.2152832669,0.192070869282
610.22355707,10.2521893903,0.120814803012
611.995316733,10.3190527333,0.137887678805
613.767076395,10.4080676985,0.197057978456
615.538836058,10.4971138067,0.204804309031
617.31059572,10.586195086,0.16838185657
619.082355382,10.6716255415,0.0571989240267
620.854115045,10.7082638892,0.175486733268
622.625874707,10.7443113645,0.206290011245
624.39763437,10.7804051932,0.194077796688
626.169394032,10.8165470081,0.126990456797
627.941153695,10.8244644743,0.13586963197
629.712913357,10.8083378155,0.196705924117
631.484673019,10.7922604065,0.20566178298
633.256432682,10.7762315199,0.171090192974
635.028192344,10.7596171661,0.055844904714
636.799952007,10.7304909292,0.173759478717
638.571711669,10.7010796049,0.205969656768
640.343471332,10.6717126784,0.194919644799
642.115230994,10.6423888212,0.130007923358
643.886990656,10.6106825917,0.131081129103
645.658750319,10.5766388742,0.195169854123
647.430509981,10.5426339253,0.205710778805
649.202269644,10.5086662066,0.172800418701
650.974029306,10.4749378711,0.0534842723867
652.745788969,10.447848794,0.171217216307
654.517548631,10.4210866952,0.205343655019
656.289308294,10.3943563283,0.195738455271
658.061067956,10.3676564841,0.133256207028
659.832827618,10.3212252396,0.126381838856
661.604587281,10.2525143373,0.193650247967
663.376346943,10.1838275413,0.205630636092
665.148106606,10.1151617445,0.174137459061
666.919866268,10.047233419,0.0522977113267
668.691625931,10.0237040761,0.168191883619
670.463385593,10.0032089167,0.204457268325
672.235145255,9.98272658608,0.196318281159
674.006904918,9.96225615754,0.136022786027
675.77866458,9.92725497679,0.12099806114
677.550424243,9.87334843405,0.191953521355
679.322183905,9.81944884555,0.205539751972
681.093943568,9.76555377309,0.175621222619
682.86570323,9.71185889811,0.0552673622001
684.637462892,9.6898760748,0.165284641326
686.409222555,9.67099228918,0.203660939252
688.180982217,9.65210630397,0.197002604261
689.95274188,9.63321726483,0.138979400132
691.724501542,9.61447095988,0.11562256903
693.496261205,9.59594026574,0.190354168137
695.268020867,9.57740397693,0.205579866762
697.039780529,9.55886125491,0.177354972183
698.811540192,9.5405148892,0.0621815788185
700.583299854,9.74809383586,0.174603089617
702.355059517,9.98615367198,0.244852574597
704.126819179,10.2242255652,0.288663896678
705.898578842,10.4623202852,0.317194978292
707.670338504,10.7004486022,0.334385014816
709.442098167,10.9386212885,0.3419516393
711.213857829,11.1768491181,0.340538304345
712.985617491,11.4151428676,0.330029397043
714.757377154,11.6535133164,0.309497733522
716.529136816,11.8919712475,0.276716991192
718.300896479,12.130527448,0.226420547224
720.072656141,12.3691927093,0.140947440446
721.844415804,12.4441597462,0.189794392825
723.616175466,12.4875156082,0.221363223179
725.387935128,12.5309966798,0.218527050108
727.159694791,12.5746049279,0.179663215365
728.931454453,12.6176563249,0.152409527634
730.703214116,12.6593822406,0.209247985447
732.474973778,12.7012411406,0.223792287969
734.246733441,12.7432349183,0.205242807406
736.018493103,12.7853654734,0.141096225596
737.790252765,12.659526202,0.187108826513
739.562012428,12.4924823216,0.220157698252
741.33377209,12.3255638754,0.218172359836
743.105531753,12.1587633127,0.179996819368
744.877291415,12.0737909559,0.146482224278
746.649051078,12.1938521506,0.206847030459
748.42081074,12.3140252707,0.223061149846
750.192570403,12.4343157523,0.205839867421
751.964330065,12.5547290369,0.143616436524
753.736089727,12.6034237561,0.184625484994
755.50784939,12.6304894521,0.219673748813
757.279609052,12.6576868254,0.21939451069
759.051368715,12.6850171061,0.183626614997
760.823128377,12.6968133039,0.145434976572
762.59488804,12.661739104,0.206687508824
764.366647702,12.626797995,0.223606092432
766.138407364,12.5919883961,0.207346387734
767.910167027,12.5573087328,0.147298941538
769.681926689,12.6184173748,0.182740219359
771.453686352,12.7145986349,0.219319074342
773.225446014,12.810915377,0.220347968588
774.997205677,12.9073719581,0.186416689969
776.768965339,12.9954306505,0.143210778506
778.540725001,13.0524328665,0.206232568675
780.312484664,13.109585847,0.224452886853
782.084244326,13.1668921772,0.209886695905
783.856003989,13.2243544494,0.153462398298
785.627763651,13.2463943753,0.182708171071
787.399523314,13.2531528922,0.220050253693
789.171282976,13.2600712533,0.222190410223
790.943042639,13.2671497715,0.190320360893
792.714802301,13.295402998,0.142875434485
794.486561963,13.4196651587,0.206721385382
796.258321626,13.5440946959,0.226027295397
798.030081288,13.6686972385,0.213257409707
799.801840951,13.7934784231,0.160946791581
801.573600613,13.8415118571,0.183933354426
803.345360276,13.8505014423,0.221367754575
805.117119938,13.8596778935,0.224251776069
806.8888796,13.8690416258,0.194132017796
808.660639263,13.871625922,0.142439321858
810.432398925,13.8332284186,0.20663110835
812.204158588,13.7950169998,0.226189146793
813.97591825,13.7569899372,0.213742456518
815.747677913,13.7191455106,0.162075127334
817.519437575,13.7573492595,0.180460045789
819.291197237,13.8408312373,0.220341872337
821.0629569,13.9244996436,0.225087878083
822.834716562,14.0083582635,0.197251735394
824.606476225,14.0749234154,0.141737208922
826.378235887,13.9996818006,0.206669248536
828.14999555,13.9246338002,0.226924743844
829.921755212,13.8497760193,0.21549712023
831.693514875,13.7751050717,0.165963164067
833.465274537,13.6099982586,0.178741201752
835.237034199,13.382640338,0.21886921387
837.008793862,13.1554481191,0.223104187901
838.780553524,12.9284113247,0.193814327458
840.552313187,12.691326157,0.126757350082
842.324072849,12.3278531846,0.199584853071
844.095832512,11.9644981992,0.221554536235
845.867592174,11.6012447641,0.209346594986
847.639351836,11.2380764468,0.155086797101
849.411111499,11.0418635625,0.164140614105
851.182871161,10.9784312449,0.211319298813
852.954630824,10.9150558716,0.218086102853
854.726390486,10.8517345755,0.188837955925
856.498150149,10.7888107876,0.107679627709
858.269909811,10.734361661,0.192559484426
860.041669473,10.6799584378,0.21837065271
861.813429136,10.625598657,0.208366461374
863.585188798,10.5712798594,0.155791217119
865.356948461,10.6577928428,0.159548905684
867.128708123,10.8733117892,0.210002884068
868.900467786,11.0888829245,0.219056840329
870.672227448,11.3045160004,0.19264116944
872.443987111,11.5188710133,0.108454227917
874.215746773,11.4267608594,0.193021232484
875.987506435,11.3347279306,0.219032232889
877.759266098,11.2427680634,0.209566284255
879.53102576,11.150877098,0.158383040211
881.302785423,11.321720294,0.13099813275
883.074545085,11.7522623922,0.0630731428503
884.846304748,11.537900265,0.163252720818
886.61806441,11.2914529905,0.172818253121
888.389824072,11.0450768202,0.101385805237
890.161583735,11.2550775886,0.121588439733
891.933343397,11.3107810341,0.125401402977
893.70510306,11.1691437933,0.175732939163
895.476862722,11.0275721238,0.152064879244
897.248622385,10.8769378528,0.128488693972
899.020382047,10.7166031363,0.0575156279809
900.792141709,10.6554170819,0.168697331548
902.563901372,10.6016919969,0.204971632398
904.335661034,10.5480068137,0.19719713551
906.107420697,10.4943591039,0.138124018212
907.879180359,10.4543680226,0.121321240854
909.650940022,10.4327736998,0.192286732833
911.422699684,10.4112116375,0.206201103247
913.194459347,10.3896808604,0.177070519435
914.966219009,10.3685823704,0.0614419988127
916.737978671,10.4373796332,0.165828826527
918.509738334,10.5157618458,0.204314754753
920.281497996,10.5941800731,0.198221901062
922.053257659,10.6726378624,0.141918867911
923.825017321,10.6908868557,0.117200796178
925.596776984,10.6152507916,0.191152244661
927.368536646,10.5396552426,0.206515099732
929.140296308,10.4640967892,0.179067164557
930.912055971,10.388593648,0.0693303282155
932.683815633,10.3832960927,0.163472602845
934.455575296,10.3882426695,0.203755172931
936.227334958,10.3932194925,0.198996834093
937.999094621,10.3982267868,0.144822835069
939.770854283,10.4158929177,0.111765023613
941.542613945,10.4564644733,0.189600692879
943.314373608,10.4970693613,0.206650717947
945.08613327,10.5377094183,0.180999813441
946.857892933,10.5783864828,0.0782039844678
948.629652595,10.5899800249,0.161153394142
950.401412258,10.5959894759,0.203328582462
952.17317192,10.6020385709,0.200078899927
953.944931583,10.6081275833,0.14844979111
955.716691245,10.6039203524,0.107303908043
957.488450907,10.5778496842,0.188392142229
959.26021057,10.5518178393,0.206836555835
961.031970232,10.5258236401,0.182714893957
962.803729895,10.4998659108,0.0854401187366
964.575489557,10.5331025642,0.158443593194
966.34724922,10.5808831983,0.202678270768
968.119008882,10.6287027929,0.200922194426
969.890768544,10.6765635113,0.151584907858
971.662528207,10.7070435389,0.102003967196
973.434287869,10.6939678029,0.186986247987
975.206047532,10.6809361429,0.207007192231
976.977807194,10.6679479695,0.184582227627
978.749566857,10.6550026951,0.0928338910658
980.521326519,10.6043081164,0.155970775441
982.293086181,10.5422362755,0.202033636948
984.064845844,10.480201647,0.201538751171
985.836605506,10.4182014245,0.154037917238
987.608365169,10.3711049754,0.0951384193292
989.380124831,10.3685515205,0.18508792427
991.151884494,10.366027421,0.206764037547
992.923644156,10.3635325628,0.185834168831
994.695403819,10.3610668329,0.0980049289936
996.467163481,10.4083379377,0.15265305334
998.238923143,10.4737565644,0.201193451562
1000.01068281,10.5392093056,0.202407052563
1001.78244247,10.6046991221,0.157392735701
1003.55420213,10.6596769012,0.089989311777
1005.32596179,10.6762491902,0.183893997451
1007.09772146,10.6928647536,0.207073527394
1008.86948112,10.7095243432,0.187848466606
1010.64124078,10.7262287126,0.105063935062
1012.41300044,10.7334982985,0.150411381142
1014.18476011,10.7367081862,0.200712242976
1015.95651977,10.7399640834,0.203210145878
1017.72827943,10.7432661374,0.160158180772
1019.50003909,10.7626232079,0.0831684854298
1021.27179876,10.8548264641,0.182302044798
1023.04355842,10.9470810729,0.207196368208
1024.81531808,11.0393912078,0.189756817722
1026.58707774,11.1317610444,0.111645544091
1028.3588374,11.1666522919,0.148196725882
1030.13059707,11.1723231521,0.200385715713
1031.90235673,11.1780597274,0.204392674211
1033.67411639,11.1838622772,0.163793631358
1035.44587605,11.1831352655,0.078530928607
1037.21763572,11.1436357388,0.181307608086
1038.98939538,11.1042006295,0.207368339511
1040.76115504,11.0648281537,0.1911974844
1042.5329147,11.0255165303,0.116343594344
1044.30467437,11.0375211418,0.144868650912
1046.07643403,11.0799960208,0.199428499168
1047.84819369,11.1225324383,0.204884520443
1049.61995335,11.1651323185,0.166147965639
1051.39171302,11.2001724998,0.0707114562885
1053.16347268,11.1746750886,0.179430262376
1054.93523234,11.1491408505,0.207179495027
1056.706992,11.1236712789,0.192553277162
1058.47875167,11.0982652214,0.1210554637
1060.25051133,11.0903883009,0.148380619674
1062.02227099,11.0945841962,0.23023944478
1063.79403065,11.09884229,0.27908593324
1065.56579032,11.1031627749,0.31089801968
1067.33754998,11.1075458463,0.330634934014
1069.10930964,11.1119917025,0.340406950745
1070.8810693,11.1165005446,0.341073397915
1072.65282897,11.1210725767,0.332689124742
1074.42458863,11.1257080054,0.314529557928
1076.19634829,11.1304070405,0.284726716905
1077.96810795,11.1351698947,0.238956488952
1079.73986762,11.1399967832,0.164369116753
1081.51162728,11.2418674204,0.165460160828
1083.28338694,11.4237183634,0.212577295568
1085.0551466,11.6056463937,0.220037201691
1086.82690627,11.787659741,0.192508283969
1088.59866593,11.9675140159,0.114593593674
1090.37042559,12.0763506742,0.195791582296
1092.14218525,12.1852939424,0.221637981521
1093.91394491,12.2943487489,0.213309159265
1095.68570458,12.4035200268,0.165728379943
1097.45746424,12.3775357028,0.167708044507
1099.2292239,12.2233324263,0.213973724238
1101.00098356,12.0692424087,0.221435096435
1102.77274323,11.9152586796,0.194609398158
1104.54450289,11.7613742731,0.110908443877
1106.31626255,11.8159493363,0.194079538555
1108.08802221,11.8715378795,0.221040054647
1109.85978188,11.9272237678,0.213518109528
1111.63154154,11.98300952,0.16691347409
1113.4033012,11.9863164868,0.163516778233
1115.17506086,11.9323202859,0.212227912285
1116.94682053,11.8784241796,0.220992664655
1118.71858019,11.8246257298,0.195268115855
1120.49033985,11.7709225029,0.11364148389
1122.26209951,11.8574201091,0.191536411808
1124.03385918,11.9497724406,0.220418834538
1125.80561884,12.0422256561,0.214481403134
1127.5773785,12.134783938,0.170115134014
1129.34913816,12.220017501,0.1616045582
1131.12089783,12.2960164908,0.212220262369
1132.89265749,12.3721320276,0.222780287705
1134.66441715,12.4483675543,0.199744123627
1136.43617681,12.5247265198,0.125839793144
1138.20793648,12.6966353361,0.193314982545
1139.97969614,12.8763667711,0.22267620354
1141.7514558,13.056241006,0.218308382461
1143.52321546,13.2362661774,0.17774112815
1145.29497513,13.3307836779,0.164680505358
1147.06673479,13.3011075646,0.21433696264
1148.83849445,13.2715934648,0.225226038242
1150.61025411,13.2422400434,0.203665999085
1152.38201378,13.2130459725,0.134899492177
1154.15377344,13.1124012112,0.193583753054
1155.9255331,13.0030909502,0.222639137453
1157.69729276,12.8939292215,0.21795314116
1159.46905242,12.784911087,0.176862812677
1161.24081209,12.714366174,0.157692854857
1163.01257175,12.7084494796,0.21104170774
1164.78433141,12.7026679889,0.223457630522
1166.55609107,12.6970214406,0.202613285176
1168.32785074,12.6915095791,0.133766540864
1170.0996104,12.7681512303,0.189314352988
1171.87137006,12.858810886,0.221157909344
1173.64312972,12.9496125473,0.218490084256
1175.41488939,13.0405603217,0.179780422103
1177.18664905,13.1734120866,0.155922216206
1178.95840871,13.3883007106,0.211428761968
1180.73016837,13.6033552924,0.226098827261
1182.50192804,13.8185855603,0.208730864589
1184.2736877,14.0340012505,0.148473692227
1186.04544736,13.9923016411,0.193725605562
1187.81720702,13.8943785398,0.224342439264
1189.58896669,13.7966442895,0.221987985344
1191.36072635,13.6990944689,0.18540988875
1193.13248601,13.6086420029,0.157001218511
1194.90424567,13.5343056498,0.211685111779
1196.67600534,13.4601418592,0.225743129243
1198.447765,13.3861472762,0.207602063773
1200.21952466,13.3123185536,0.145688481032
1201.99128432,13.1782937004,0.187879204879
1203.76304399,13.0279024826,0.221092238875
1205.53480365,12.8776609195,0.219731044359
1207.30656331,12.7275622148,0.183025540138
1209.07832297,12.5639342788,0.147511417051
1210.85008264,12.3630232721,0.207017527185
1212.6218423,12.1622318434,0.222558710791
1214.39360196,11.9615509097,0.204424058634
1216.16536162,11.7609713928,0.140090340322
1217.93712129,11.6853922151,0.180063761881
1219.70888095,11.6515376106,0.217074922385
1221.48064061,11.6177703992,0.217352504669
1223.25240027,11.5840890533,0.181065590973
1225.02415994,11.5420862815,0.138036950362
1226.7959196,11.4724103772,0.203101351716
1228.56767926,11.402813763,0.220928529136
1230.33943892,11.3332932904,0.20428738396
1232.11119858,11.2638458145,0.141494308888
1233.88295825,11.222779935,0.176197688937
1235.65471791,11.1930721149,0.214825663415
1237.42647757,11.1634309486,0.215440081882
1239.19823723,11.1338550952,0.178434198186
1240.9699969,11.1890410146,0.116892011788
1242.74175656,11.5887357695,0.103374228483
1244.51351622,11.5622461212,0.146396869786
1246.28527588,11.3434609978,0.176683023367
1248.05703555,11.1247493311,0.134746017963
1249.82879521,11.2398778059,0.131146866929
1251.60055487,11.439499699,0.0846827519672
1253.37231453,11.2876128562,0.169978444154
1255.1440742,11.1357969437,0.166460615627
1256.91583386,11.0255061715,0.112895737002
1258.68759352,11.1293030724,0.10529018291
1260.45935318,11.1219291981,0.147468746285
1262.23111285,11.0557563219,0.200071486563
1264.00287251,10.9896438877,0.204219943801
1265.77463217,10.9235889049,0.163642573144
1267.54639183,10.8562305473,0.0741304254471
1269.3181515,10.7803274889,0.180176813343
1271.08991116,10.7044722933,0.206822036456
1272.86167082,10.628661649,0.190869905644
1274.63343048,10.5528921265,0.115889751406
1276.40519015,10.5399917277,0.142837445275
1278.17694981,10.56582527,0.198534499972
1279.94870947,10.5916970916,0.204324443239
1281.72046913,10.617608363,0.165531112228
1283.4922288,10.6356205536,0.064754333524
1285.26398846,10.585366943,0.177895328391
1287.03574812,10.5349573586,0.20637811529
1288.80750778,10.4845846573,0.191944440785
1290.57926745,10.4342465603,0.119991387957
1292.35102711,10.4362511832,0.139003541743
1294.12278677,10.4755855647,0.197394171525
1295.89454643,10.5149541434,0.204712858714
1297.66630609,10.5543587002,0.167783204877
1299.43806576,10.5898464994,0.0582545589562
1301.20982542,10.5776200377,0.175888488868
1302.98158508,10.5649352951,0.206135351913
1304.75334474,10.5522887916,0.193273787463
1306.52510441,10.5396799552,0.124598362026
1308.29686407,10.5371104614,0.135586337263
1310.06862373,10.5428053647,0.196438675957
1311.84038339,10.548537506,0.205182202788
1313.61214306,10.5543071446,0.170055987993
1315.38390272,10.5585840551,0.0543247069315
1317.15566238,10.5356450442,0.173855389477
1318.92742204,10.51212786,0.205821305566
1320.69918171,10.4886465261,0.194432484064
1322.47094137,10.4651999803,0.128645305863
1324.24270103,10.48356342,0.131719952993
1326.01446069,10.5415261599,0.195357452452
1327.78622036,10.59952608,0.205661762564
1329.55798002,10.657565804,0.172474846828
1331.32973968,10.7148166743,0.0544425179011
1333.10149934,10.74853111,0.172049599557
1334.87325901,10.7813607315,0.205763321417
1336.64501867,10.8142383824,0.196041242895
1338.41677833,10.8471655501,0.13372072123
1340.18853799,10.8578412008,0.128939478355
1341.96029766,10.8442624471,0.194671484751
1343.73205732,10.8307345684,0.206225914236
1345.50381698,10.8172569524,0.174707325074
1347.27557664,10.8039739502,0.0566589793984
1349.04733631,10.7982028921,0.169944532656
1350.81909597,10.7929405484,0.205366107231
1352.59085563,10.7877267579,0.197034989289
1354.36261529,10.7825612848,0.137197611406
1356.13437496,10.7917232187,0.124546657189
1357.90613462,10.8188572329,0.193393628991
1359.67789428,10.8460409727,0.206515721982
1361.44965394,10.8732756678,0.176792993187
1363.2214136,10.900336613,0.0614716023788
1364.99317327,10.9002578911,0.167785931828
1366.76493293,10.8977934055,0.204983216798
1368.53669259,10.8953822162,0.198109820357
1370.30845225,10.8930242142,0.140853693037
1372.08021192,10.9018950367,0.120328899437
1373.85197158,10.9270128796,0.192253853819
1375.62373124,10.9521853406,0.20696097496
1377.3954909,10.9774135586,0.179148008589
1379.16725057,11.0026605747,0.0697114247101
1380.93901023,11.0067586476,0.165963343432
1382.71076989,11.0082675426,0.20476933306
1384.48252955,11.0098347315,0.199300658913
1386.25428922,11.0114602851,0.144617599769
1388.02604888,11.0157645651,0.116225947908
1389.79780854,11.0245275664,0.191094470435
1391.5695682,11.0333495971,0.207175678653
1393.34132787,11.0422310562,0.180896725944
1395.11308753,11.0511723455,0.0769470090469
1396.88484719,11.0560142265,0.163381048798
1398.65660685,11.0602150976,0.204168572939
1400.42836652,11.0644766124,0.200185621063
1402.20012618,11.0687989637,0.147856368814
1403.97188584,11.0807757852,0.111400603453
1405.7436455,11.1076762505,0.189767831005
1407.51540517,11.1346395064,0.207430530465
1409.28716483,11.1616667728,0.182915690297
1411.05892449,11.1887592722,0.0854533352894
1412.83068415,11.2698201378,0.161236376142
1414.60244382,11.3627341247,0.203896020343
1416.37420348,11.4557224401,0.201511867087
1418.14596314,11.5487892906,0.151978059244
1419.9177228,11.5729099118,0.110592382663
1421.68948247,11.4383770067,0.211945838184
1423.46124213,11.303921852,0.267345951698
1425.23300179,11.1695383654,0.303140130079
1427.00476145,11.0352204679,0.325860361208
1428.77652112,10.9009620836,0.338156108097
1430.54828078,10.7667571389,0.341158542517
1432.32004044,10.632599563,0.335118094311
1434.0918001,10.4984832872,0.319521160922
1435.86355976,10.3644022443,0.292841610809
1437.63531943,10.2303503692,0.251572039637
1439.40707909,10.0963215978,0.186243263291
1441.17883875,9.98087514482,0.133293337978
1442.95059841,9.91861966705,0.200376791867
1444.72235808,9.85637319144,0.217924736071
1446.49411774,9.79413290217,0.199472899869
1448.2658774,9.73189598372,0.130553462912
1450.03763706,9.77523753321,0.17286029837
1451.80939673,9.85544012685,0.212880472936
1453.58115639,9.93564886463,0.21372841311
1455.35291605,10.0158673749,0.175971488167
1457.12467571,10.0679900032,0.127931397699
1458.89643538,10.0225725702,0.198535778263
1460.66819504,9.97716884181,0.217700916364
1462.4399547,9.93177676412,0.200747570799
1464.21171436,9.88639428376,0.134658331268
1465.98347403,9.95713587405,0.170629754923
1467.75523369,10.0762107581,0.212422726517
1469.52699335,10.1953017731,0.214707309576
1471.29875301,10.3144143064,0.179003161899
1473.07051268,10.4228722788,0.125292837138
1474.84227234,10.4854058542,0.198097676952
1476.614032,10.5479740711,0.218814874886
1478.38579166,10.6105797598,0.20398930732
1480.15755133,10.6732257524,0.14295670487
1481.92931099,10.6477865303,0.179780974349
1483.70107065,10.5791889028,0.24219620539
1485.47283031,10.5106301593,0.27765272161
1487.24458998,10.4421071982,0.296007820339
1489.01634964,10.37361692,0.300415869856
1490.7881093,10.3051562264,0.291511071863
1492.55986896,10.2367220203,0.267967733882
1494.33162863,10.1683112063,0.225236132918
1496.10338829,10.0999206894,0.147474468952
1497.87514795,10.0663463738,0.166631196134
1499.64690761,10.0527070811,0.211170285268
1501.41866727,10.0390828562,0.215335199564
1503.19042694,10.0254730827,0.181921283321
1504.9621866,10.0107072732,0.113299560681
1506.73394626,9.98724520415,0.193826064834
1508.50570592,9.96379524156,0.217290080256
1510.27746559,9.9403563247,0.204396288257
1512.04922525,9.91692739328,0.145794892232
1513.82098491,9.84699019103,0.163055446471
1515.59274457,9.74616014591,0.209685214795
1517.36450424,9.6453313015,0.214925508535
1519.1362639,9.54449909669,0.182380744579
1520.90802356,9.44325273081,0.104431275527
1522.67978322,9.33752510045,0.19069067724
1524.45154289,9.23178018565,0.215720684962
1526.22330255,9.12601320292,0.203531743454
1527.99506221,9.02021936771,0.145021652593
1529.76682187,8.96256265174,0.15673636842
1531.53858154,8.94183846638,0.207003353818
1533.3103412,8.92107909717,0.21394861881
1535.08210086,8.90028360503,0.182586109011
1536.85386052,8.88239779977,0.0942933330382
1538.62562019,8.92260523217,0.187628434655
1540.39737985,8.96277661068,0.214830263596
1542.16913951,9.00291375251,0.204294032205
1543.94089917,9.04301847331,0.148174419999
1545.71265884,8.99845542174,0.153631626333
1547.4844185,8.87901413791,0.205888100582
1549.25617816,8.75953482827,0.213945846023
1551.02793782,8.64001208805,0.183717266327
1552.79969749,8.51959408169,0.0851113195468
1554.57145715,8.33562497528,0.184827845667
1556.34321681,8.15159326215,0.21336840486
1558.11497647,7.96749061738,0.203322955202
1559.88673614,7.78330871284,0.146979654622
1561.6584958,7.72992436148,0.146097431955
1563.43025546,7.80965265817,0.202790800714
1565.20201512,7.88929455508,0.212770232567
1566.97377478,7.96885365492,0.183810769709
1568.74553445,8.04833355664,0.0816560610024
1570.51729411,7.94769926148,0.181389693045
1572.28905377,7.84294797587,0.212166868692
1574.06081343,7.73811179663,0.203617993554
1575.8325731,7.63318598137,0.149124441165
1577.60433276,7.56636146572,0.141576223617
1579.37609242,7.54418300231,0.201105981923
1581.14785208,7.52190613026,0.212419557728
1582.91961175,7.49952984182,0.184607776835
1584.69137141,7.47705312478,0.0855307326364
1586.46313107,7.70977229766,0.178606030092
1588.23489073,7.95783820026,0.212007766203
1590.0066504,8.20582440645,0.205930130811
1591.77841006,8.45374213422,0.15581858651
1593.55016972,8.61199656196,0.142325557281
1595.32192938,8.64918495166,0.20202553894
1597.09368905,8.68632491896,0.214191324088
1598.86544871,8.7234181439,0.18827717677
1600.63720837,8.76046630446,0.0975886627872
1602.40896803,9.27706944076,0.120146354169
1604.1807277,9.54618274179,0.113066000938
1605.95248736,9.37028153555,0.171941191367
1607.72424702,9.19436452665,0.15027004864
1609.49600668,9.14984293832,0.120492822116
1611.26776635,9.31032996268,0.0598786612581
1613.03952601,9.23026261626,0.154121065982
1614.81128567,9.1177229699,0.170526520702
1616.58304533,9.00515609604,0.102859593733
1618.354805,9.18287373775,0.121560779127
1620.12656466,9.29998406607,0.109772112812
1621.89832432,9.23766696517,0.188597903003
1623.67008398,9.17532806262,0.205414054591
1625.44184365,9.11296453843,0.178685226266
1627.21360331,9.05057357151,0.0690488240474
1628.98536297,9.05728357561,0.159382375134
1630.75712263,9.07645849857,0.202044107567
1632.52888229,9.09560432741,0.198327557222
1634.30064196,9.11472192819,0.144701305819
1636.07240162,9.15388712846,0.103889685999
1637.84416128,9.23389923038,0.187032550772
1639.61592094,9.31388936021,0.205643753356
1641.38768061,9.39386113641,0.180883730588
1643.15944027,9.4738181766,0.0791716830382
1644.93119993,9.52636653333,0.157345628137
1646.70295959,9.57255622065,0.201810639342
1648.47471926,9.61873925547,0.19963740473
1650.24647892,9.66491772696,0.148795720618
1652.01823858,9.68831274751,0.099809300644
1653.78999824,9.65707892654,0.186045585308
1655.56175791,9.62584227659,0.205982057999
1657.33351757,9.59460138461,0.182784725651
1659.10527723,9.56335483738,0.0869268146582
1660.87703689,9.62778061816,0.154768542749
1662.64879656,9.719701267,0.201282587515
1664.42055622,9.81162191965,0.200655504119
1666.19231588,9.90354673427,0.152305975281
1667.96407554,9.94476768118,0.0947582564246
1669.73583521,9.84106570435,0.184760361756
1671.50759487,9.73736922141,0.206084004713
1673.27935453,9.63367354153,0.184345632938
1675.05111419,9.52997397386,0.0931286297318
1676.82287386,9.51717800891,0.15166113699
1678.59463352,9.53603946796,0.200382910266
1680.36639318,9.55489262264,0.201151042325
1682.13815284,9.57373832579,0.154681768762
1683.90991251,9.59155557733,0.0871288021902
1685.68167217,9.60582947341,0.182837449877
1687.45343183,9.62009822215,0.205995008964
1689.22519149,9.63436246903,0.186027657667
1690.99695116,9.64862285931,0.099725391856
1692.76871082,9.60842688568,0.148896404741
1694.54047048,9.54561300219,0.199630391191
1696.31223014,9.4827912474,0.201697767913
1698.08398981,9.41995877949,0.157033050529
1699.85574947,9.3801299182,0.0786994568122
1701.62750913,9.43903071609,0.180832740143
1703.39926879,9.49791882129,0.20580724506
1705.17102845,9.55679689767,0.187520074635
1706.94278812,9.61566760867,0.105454479267
1708.71454778,9.63569865698,0.145846379869
1710.48630744,9.63672657052,0.198909266573
1712.2580671,9.63775073441,0.202571238042
1714.02982677,9.63877119497,0.160256241723
1715.80158643,9.65744188327,0.0721375502784
1717.57334609,9.77313418031,0.179500319036
1719.34510575,9.88882889828,0.206011626608
1721.11686542,10.0045312708,0.189385724936
1722.88862508,10.1202465317,0.111792945001
1724.66038474,10.0794829924,0.143308437839
1726.4321444,9.94932339106,0.198280326071
1728.20390407,9.81917418082,0.203198759288
1729.97566373,9.68902947418,0.162670248878
1731.74742339,9.57577069893,0.0626458045294
1733.51918305,9.58673003827,0.177448373238
1735.29094272,9.59778627032,0.205587663951
1737.06270238,9.6088369912,0.190282858863
1738.83446204,9.61988270079,0.115371856535
1740.6062217,9.63205249108,0.138966165035
1742.37798137,9.6449666001,0.196982016721
1744.14974103,9.65787733221,0.203616437061
1745.92150069,9.67078527145,0.165182600551
1747.69326035,9.68079276697,0.0552648731365
1749.46502002,9.66140192533,0.175598852765
1751.23677968,9.64183035103,0.205408037245
1753.00853934,9.62225525793,0.191624690993
1754.780299,9.60267576055,0.120069347334
1756.55205867,9.59896118151,0.135417459766
1758.32381833,9.60739906846,0.195991320831
1760.09557799,9.61583187911,0.204101365703
1761.86733765,9.62425999488,0.167549349342
1763.63909732,9.63191371131,0.0495690606944
1765.41085698,9.62835569783,0.173595848931
1767.18261664,9.62461524412,0.205141595236
1768.9543763,9.62087049288,0.192879190459
1770.72613596,9.61712127471,0.12446911129
1772.49789563,9.65150987308,0.13167467702
1774.26965529,9.71956554878,0.194977987461
1776.04141495,9.78762122215,0.204650561231
1777.81317461,9.85567997178,0.170103585683
1779.58493428,9.91283777175,0.0483492861347
1781.35669394,9.72781855318,0.186725772696
1783.1284536,9.53543372317,0.251619644654
1784.90021326,9.34304056138,0.292486978035
1786.67197293,9.15063036465,0.318714759622
1788.44373259,8.95819442906,0.333776487024
1790.21549225,8.76572404951,0.339165662284
1791.98725191,8.57321051933,0.33534991244
1793.75901158,8.38064512994,0.322001443278
1795.53077124,8.18801917036,0.297838640585
1797.3025309,7.99532392692,0.259856946738
1799.07429056,7.80255068279,0.2003357867
1800.84605023,7.60969071761,0.0808039816651
1802.61780989,7.64606388073,0.180091894649
1804.38956955,7.68960749546,0.211850076796
1806.16132921,7.73305928001,0.204074193691
1807.93308888,7.77642119998,0.150764617132
1809.70484854,7.87115954583,0.141769745957
1811.4766082,8.02827126582,0.201690813097
1813.24836786,8.18530647554,0.213805869252
1815.02012753,8.34227227868,0.187618945291
1816.79188719,8.49917577579,0.0956087792558
1818.56364685,8.68418265274,0.181120125964
1820.33540651,8.87112567072,0.213871907099
1822.10716618,9.05803030606,0.208241082937
1823.87892584,9.24490501365,0.160229641064
1825.6506855,9.34964408536,0.145779280348
1827.42244516,9.3394043966,0.203943208986
1829.19420483,9.3291475084,0.216111453773
1830.96596449,9.3188729568,0.191275997817
1832.73772415,9.30858027701,0.106009633506
1834.50948381,9.28287252631,0.18076508771
1836.28124347,9.2554175583,0.214022382998
1838.05300314,9.22794159162,0.208970319822
1839.8247628,9.20044338334,0.162063792009
1841.59652246,9.13355224346,0.141054136197
1843.36828212,9.00282825579,0.202108278927
1845.14004179,8.87207184323,0.215568720946
1846.91180145,8.74127709084,0.191738461882
1848.68356111,8.61043808193,0.108292626877
1850.45532077,8.52295763837,0.177170889813
1852.22708044,8.44225389899,0.212192918439
1853.9988401,8.3614923764,0.207801933541
1855.77059976,8.28066941723,0.160799929539
1857.54235942,8.28064801469,0.132039025077
1859.31411909,8.43308242159,0.198846746467
1861.08587875,8.58545863038,0.214920894048
1862.85763841,8.73778353401,0.193360787055
1864.62939807,8.8900640231,0.114589029101
1866.40115774,8.86233269673,0.175663101211
1868.1729174,8.79742407328,0.212207347206
1869.94467706,8.7324737332,0.209302446396
1871.71643672,8.66747873838,0.164875623256
1873.48819639,8.59776384131,0.130008222578
1875.25995605,8.51766628695,0.19807038841
1877.03171571,8.43751436075,0.214614318806
1878.80347537,8.35730443692,0.193353703245
1880.57523504,8.27703288708,0.114931960115
1882.3469947,8.30130909014,0.171162810927
1884.11875436,8.35268607462,0.21062326946
1885.89051402,8.40400122417,0.209586895566
1887.66227369,8.45525686008,0.167302553801
1889.43403335,8.46548099368,0.125847762147
1891.20579301,8.36833381899,0.196646858792
1892.97755267,8.27112551722,0.214381622599
1894.74931234,8.173851691,0.194184081112
1896.521072,8.07650794003,0.1179509459
1898.29283166,8.07708497801,0.167802078075
1900.06459132,8.10874209376,0.209455664617
1901.83635099,8.14032633945,0.209805636427
1903.60811065,8.17183914382,0.169108701329
1905.37987031,8.19380907453,0.120442869864
1907.15162997,8.1859127015,0.195024664036
1908.92338963,8.17794694932,0.214587555061
1910.6951493,8.16991145764,0.196335255323
1912.46690896,8.16180586296,0.124629063672
1914.23866862,8.13432968355,0.166533712829
1916.01042828,8.09941255947,0.209191018506
1917.78218795,8.06442214328,0.210336052388
1919.55394761,8.02935685215,0.170805979295
1921.32570727,7.99327698204,0.114289540171
1923.09746693,7.95350620266,0.192932723575
1924.8692266,7.9136555309,0.213976072236
1926.64098626,7.87372316407,0.196854818041
1928.41274592,7.83370729578,0.126964336496
1930.18450558,7.89304823146,0.16276035887
1931.95626525,7.99727727549,0.207959908355
1933.72802491,8.10142840719,0.210743133964
1935.49978457,8.20550633796,0.173168069734
1937.27154423,8.26953378895,0.109507714742
1939.0433039,8.13973588489,0.191458535058
1940.81506356,8.0098665128,0.213788782781
1942.58682322,7.87991979788,0.197841845977
1944.35858288,7.7498898618,0.130239932406
1946.13034255,7.74957499564,0.159472586236
1947.90210221,7.8179945608,0.206908072815
1949.67386187,7.88632810353,0.211121442751
1951.44562153,7.95457871501,0.175259132277
1953.2173812,8.02163667434,0.103938547599
1954.98914086,8.08154586509,0.189972026397
1956.76090052,8.14138095551,0.214071857135
1958.53266018,8.20114465232,0.200042873516
1960.30441985,8.26083965901,0.136599755714
1962.07617951,8.27466432366,0.158527004149
1963.84793917,8.26016114627,0.20697576895
1965.61969883,8.24559194845,0.212191023725
1967.3914585,8.23095607114,0.178015143901
1969.16321816,8.22783199879,0.0995189996428
1970.93497782,8.32784777505,0.188903480651
1972.70673748,8.42780059276,0.214497761742
1974.47849714,8.52769497345,0.202188510801
1976.25025681,8.62753543596,0.142465115827
1978.02201647,8.67323420373,0.170492709371
1979.79377613,8.68024833341,0.25735263515
1981.56553579,8.68721544587,0.320774758139
1983.33729546,8.69413585627,0.372924387107
1985.10905512,8.70100987766,0.418049499363
1986.88081478,8.707837821,0.458237122276
1988.65257444,8.71461999517,0.494698493692
1990.42433411,8.72135670696,0.528211784499
1992.19609377,8.72804826111,0.559312731996
1993.96785343,8.73469496033,0.588389198166
1995.73961309,8.74129710529,0.61573295895
1997.51137276,8.74785499465,0.641570241333
1999.28313242,8.75436892506,0.66608079099
2001.05489208,8.76083919119,0.689410337182
2002.82665174,8.76726608573,0.711679053593
2004.59841141,8.77364989941,0.732987484679
2006.37017107,8.779990921,0.753420808939
2008.14193073,8.78628943736,0.773051976933
2009.91369039,8.79254573341,0.791944067558
2011.68545006,8.79876009215,0.810152088526
2013.45720972,8.8049327947,0.827724373606
2015.22896938,8.81106412029,0.844703682
2017.00072904,8.81715434629,0.861128074107
2018.77248871,8.82320374819,0.877031616992
2020.54424837,8.82921259964,0.892444958447
2022.31600803,8.83518117246,0.907395798455
2024.08776769,8.84110973665,0.921909279664
2025.85952736,8.84699856039,0.936008313298
2027.63128702,8.85284791007,0.949713853137
2029.40304668,8.8586580503,0.963045127353
2031.17480634,8.86442924391,0.976019835898
2032.94656601,8.87016175196,0.988654319521
2034.71832567,8.87585583378,1.00096370525
2036.49008533,8.88151174693,1.01296203227
2038.26184499,8.88712974727,1.02466236128
2040.03360465,8.89271008895,1.03607687002
2041.80536432,8.89825302439,1.04721693696
2043.57712398,8.90375880434,1.05809321489
2045.34888364,8.90922767786,1.06871569605
2047.1206433,8.91465989233,1.07909376968
2048.89240297,8.9200556935,1.08923627329
2050.66416263,8.92541532545,1.09915153838
2052.43592229,8.93073903063,1.10884743128
2054.20768195,8.93602704987,1.11833138982
2055.97944162,8.94127962237,1.1276104563
2057.75120128,8.94649698574,1.13669130726
2059.52296094,8.951679376,1.14558028027
2061.2947206,8.95682702758,1.15428339834
2063.06648027,8.96194017334,1.16280639199
2064.83823993,8.96701904458,1.17115471938
2066.60999959,8.97206387105,1.17933358461
2068.38175925,8.97707488096,1.18734795449
2070.15351892,8.98205230099,1.19520257386
2071.92527858,8.98699635629,1.20290197964
2073.69703824,8.99190727053,1.21045051376
2075.4687979,8.99678526584,1.21785233498
2077.24055757,9.00163056291,1.22511142988
2079.01231723,9.00644338089,1.23223162292
2080.78407689,9.01122393753,1.23921658581
2082.55583655,9.01597244905,1.2460698461
2084.32759622,9.02068913028,1.25279479522
2086.09935588,9.02537419458,1.25939469588
2087.87111554,9.03002785388,1.265872689
2089.6428752,9.0346503187,1.27223180012
2091.41463487,9.03924179814,1.27847494537
2093.18639453,9.0438024999,1.28460493707
2094.95815419,9.04833263029,1.29062448894
2096.72991385,9.05283239424,1.29653622096
2098.50167352,9.0573019953,1.30234266392
2100.27343318,9.06174163566,1.30804626372
2102.04519284,9.06615151615,1.31364938535
2103.8169525,9.07053183626,1.31915431662
2105.58871217,9.07488279414,1.32456327176
2107.36047183,9.07920458661,1.32987839469
2109.13223149,9.08349740917,1.33510176214
2110.90399115,9.08776145602,1.34023538661
2112.67575081,9.09199692004,1.34528121916
2114.44751048,9.09620399282,1.35024115197
2116.21927014,9.1003828647,1.35511702089
2117.9910298,9.10453372469,1.35991060772
2119.76278946,9.10865676057,1.36462364244
2121.53454913,9.11275215885,1.3692578053
2123.30630879,9.11682010479,1.37381472878
2125.07806845,9.12086078241,1.37829599953
2126.84982811,9.1248743745,1.38270316008
2128.62158778,9.12886106262,1.38703771056
2130.39334744,9.1328210271,1.39130111032
2132.1651071,9.13675444708,1.39549477944
2133.93686676,9.14066150051,1.39962010017
2135.70862643,9.14454236411,1.40367841834
2137.48038609,9.14839721344,1.40767104466
2139.25214575,9.15222622288,1.41159925596
2141.02390541,9.15602956565,1.41546429643
2142.79566508,9.15980741379,1.41926737868
2144.56742474,9.1635599382,1.42300968492
2146.3391844,9.16728730863,1.42669236793
2148.11094406,9.17098969369,1.43031655207
2149.88270373,9.17466726086,1.43388333424
2151.65446339,9.17832017651,1.43739378479
2153.42622305,9.18194860587,1.44084894835
2155.19798271,9.18555271309,1.44424984472
2156.96974238,9.1891326612,1.44759746959
2158.74150204,9.19268861215,1.45089279539
2160.5132617,9.19622072679,1.45413677195
2162.28502136,9.1997291649,1.45733032721
2164.05678103,9.20321408519,1.46047436793
2165.82854069,9.20667564531,1.4635697803
2167.60030035,9.21011400185,1.46661743058
2169.37206001,9.21352931033,1.46961816568
2171.14381968,9.21692172527,1.47257281374
2172.91557934,9.22029140012,1.47548218466
2174.687339,9.22363848731,1.47834707067
