   -336.12943776
   -336.12943776
   -336.12943776
   -336.12943776
   -336.12943776
   -336.12943776
   -336.12943776
   -336.12943776
   -336.12943776
   -336.12943776
   -336.12943776
   -336.12943776
   -336.12943776
   -336.12943776
   -336.12943776
   -336.12943776
   -336.12943776
   -336.12943776
   -336.12943776
   -336.12943776
   -336.12943776
   -336.12943776
   -336.12943776
      5.35675958
      5.35675958
      5.35675958
      5.35675958
     46.79455946
     46.79455946
     46.79455946
     46.79455946
     46.79455946
     57.89720105
     57.89720105
     59.67122674
     59.67122674
     59.67122674
     59.67122674
     59.67122674
     59.67122674
     59.67122674
     59.67122674
     59.67122674
     59.67122674
     59.67122674
     59.67122674
     59.67122674
     59.67122674
     59.67122674
     59.67122674
   -295.91508245
   -295.91508245
   -295.91508245
   -295.91508245
   -295.91508245
   -295.91508245
   -295.91508245
   -295.91508245
   -295.91508245
   -295.91508245
   -295.91508245
   -295.91508245
   -295.91508245
   -295.91508245
   -295.91508245
   -295.91508245
   -295.91508245
   -295.91508245
   -295.91508245
   -295.91508245
   -295.91508245
   -295.91508245
   -295.91508245
   -295.91508245
   -295.91508245
   -295.91508245
   -295.91508245
   -295.91508245
   -295.91508245
   -295.91508245
   -295.91508245
   -295.91508245
   -295.91508245
   -295.91508245
   -295.91508245
   -295.91508245
    -98.57510677
    -98.57510677
    -98.57510677
    -98.57510677
    -98.57510677
    -98.57510677
    -98.57510677
    -81.70866239
    -62.72342449
    -62.72342449
    -62.72342449
    -62.72342449
    -62.72342449
    -62.72342449
     62.27924958
     62.27924958
     62.27924958
     62.27924958
     76.65524302
     76.65524302
     76.65524302
     76.65524302
     76.65524302
     76.65524302
     76.65524302
     76.65524302
     76.64971399
     76.64971399
     76.64971399
     76.64971399
     76.64971399
     76.64971399
     76.64971399
     76.64971399
     76.64475808
     76.64475808
     76.64475808
     76.64475808
     76.64475808
     76.64475808
     76.64475808
     76.64475808
     76.64475808
     76.64475808
     76.64475808
     74.26807351
     74.26807351
     74.26807351
     74.26807351
     74.26807351
     74.26807351
     74.26807351
     74.26807351
     74.26807351
     74.26807351
     74.26807351
     74.26807351
     74.26807351
     78.03893078
     78.03893078
     78.03893078
     78.03893078
     78.03893078
     78.03893078
   -337.54529657
   -337.54529657
   -337.54529657
   -337.54529657
   -337.54529657
   -337.54529657
   -337.54529657
   -337.54529657
   -337.54529657
   -337.54529657
   -337.54529657
   -337.54529657
   -337.54529657
   -337.54529657
   -337.54529657
   -337.54529657
   -337.54529657
   -337.54529657
   -337.54529657
   -337.54529657
   -337.54529657
   -165.31765677
   -165.31765677
   -165.31765677
   -165.31765677
   -165.31765677
   -165.31765677
   -165.31765677
   -165.31765677
   -165.31765677
   -157.17957996
   -157.17957996
   -157.17957996
   -157.17957996
   -157.17957996
   -157.17957996
   -157.17957996
   -157.17957996
   -157.17957996
   -157.17957996
   -157.17957996
   -157.17957996
   -157.17957996
   -157.17957996
   -157.17957996
   -157.17957996
   -157.17957996
   -157.17957996
   -157.17957996
   -157.17957996
   -183.74664867
   -183.74664867
   -183.74664867
   -183.74664867
   -183.74664867
   -183.74664867
   -183.74664867
   -183.74664867
   -183.74664867
   -183.74664867
   -183.74664867
   -183.74664867
   -183.74664867
   -183.74664867
   -183.74664867
   -183.74664867
   -183.74664867
   -183.74664867
   -183.74664867
   -183.74664867
   -183.74664867
   -183.74664867
   -183.74664867
   -183.74664867
   -183.74664867
   -183.74664867
   -183.74664867
   -183.74664867
   -183.74664867
   -183.74664867
   -183.74664867
   -183.74664867
   -183.74664867
   -183.74664867
     64.00858701
     64.00858701
     64.00858701
     64.00858701
     64.00858701
     64.00858701
     64.00858701
     62.48896529
     59.71436499
     59.71436499
     59.71436499
     59.71436499
     59.71436499
     59.71436499
     59.71436499
     59.71436499
   -366.12606236
   -366.12606236
   -366.12606236
   -366.12606236
   -366.12606236
   -366.12606236
   -366.12606236
   -366.12606236
   -366.12606236
   -300.31983167
   -300.31983167
   -300.31983167
   -300.31983167
   -300.31983167
   -300.31983167
   -300.31983167
   -300.31983167
   -300.31983167
   -250.29753378
   -250.29753378
   -108.80932472
   -108.80932472
   -108.80932472
   -108.80932472
     68.65745791
     68.65745791
     68.65745791
     68.65745791
     68.65745791
     68.65745791
     68.65745791
     77.09163865
     77.09163865
     77.09163865
     77.09163865
     77.09163865
     77.09163865
     77.09163865
     77.09163865
     77.09163865
     77.09163865
     77.09163865
     77.09163865
     77.09163865
     77.09163865
     77.09163865
     77.09163865
     77.09163865
     77.09163865
     77.09163865
    210.47583558
    210.47583558
    210.47583558
    210.47583558
    210.47583558
    210.47583558
    210.47583558
    210.47583558
    210.47583558
    210.47583558
    210.47583558
    210.47583558
    210.47583558
    210.47583558
    210.47583558
    210.31470247
    210.31470247
    210.31470247
    210.31470247
    210.31470247
    210.31470247
    210.31470247
    210.31470247
    210.31470247
    210.31470247
    210.31470247
    210.31470247
    210.31470247
    210.31470247
    210.31470247
    210.31470247
    210.31470247
    210.31470247
    210.31470247
    210.31470247
    210.31470247
    210.31470247
    210.31470247
    210.31470247
    210.31470247
    210.31470247
    210.31470247
    210.31470247
    210.31470247
    210.31470247
    210.31470247
    210.31470247
    210.31470247
    210.31470247
    210.31470247
     66.09832405
     66.09832405
     66.09832405
     66.09832405
     66.09832405
     66.09832405
     66.09832405
     66.09832405
     66.09832405
     66.09832405
     66.09832405
     66.09832405
     66.09832405
     66.09832405
     66.09832405
     66.09832405
     66.09832405
     66.09832405
     66.09832405
     64.90558435
     64.90558435
     64.90558435
     64.90558435
     64.90558435
     64.90558435
     64.90558435
     64.90558435
     64.90558435
     64.90558435
     64.90558435
     64.90558435
     64.90558435
     64.90558435
     64.90558435
     64.90558435
     64.90558435
     64.90558435
     64.90558435
     64.90558435
     64.90558435
     64.90558435
     64.90558435
     64.90558435
     64.90558435
     64.90558435
     64.90558435
     64.90558435
     64.90558435
     64.90558435
     64.90558435
     12.67019665
     12.67019665
     12.67019665
     12.67019665
     12.67019665
     12.67019665
     12.67019665
     12.67019665
     12.67019665
     12.67019665
     12.67019665
     12.67019665
     12.67019665
     12.67019665
     12.67019665
     12.67019665
     12.67019665
     12.67019665
     12.67019665
     12.67019665
     31.56802519
     31.56802519
     31.56802519
     31.56802519
     31.56802519
     31.56802519
     31.56802519
     31.56802519
     31.56802519
     31.56802519
     42.10219616
     42.10219616
     42.10219616
     42.10219616
     42.10219616
     42.10219616
     42.10219616
     42.10219616
     42.10219616
     42.10219616
     42.10219616
     42.10219616
     42.10219616
     42.10219616
     42.10219616
     42.10219616
     42.10219616
     42.10219616
     42.10219616
     42.10219616
     83.60024536
     82.31126235
     82.31126235
     82.31126235
     82.31126235
     82.31126235
     82.31126235
     82.31126235
     82.31126235
     82.31126235
     82.31126235
     82.31126235
     82.31126235
     82.31126235
     82.31126235
     86.78491418
     86.78491418
     86.78491418
     86.78491418
     86.78491418
     86.60551423
     86.60551423
     86.60551423
     86.61691494
     86.61691494
     86.61691494
     86.61691494
     86.61691494
     86.61691494
     86.61691494
     86.61691494
     86.61691494
     86.61691494
     86.61691494
     86.61691494
     86.61691494
     86.61691494
     86.61691494
     86.61691494
     86.61691494
     86.61691494
     86.61691494
     86.61691494
     86.61691494
     86.61691494
     86.61691494
     86.61691494
     86.61691494
     86.61691494
     86.61691494
   -125.34997810
   -125.34997810
   -125.34997810
   -125.34997810
   -125.34997810
   -125.34997810
   -125.34997810
   -125.34997810
   -125.34997810
   -125.34997810
   -125.34997810
   -125.34997810
   -125.34997810
   -125.34997810
   -125.34997810
   -125.34997810
   -125.34997810
   -100.89639891
   -100.89639891
   -100.89639891
   -100.89639891
   -100.89639891
   -100.89639891
   -100.89639891
   -100.89639891
   -100.89639891
   -100.89639891
   -100.89639891
   -100.89639891
   -100.89639891
   -100.89639891
   -100.89639891
   -100.89639891
   -100.89639891
   -100.89639891
   -100.89639891
   -100.89639891
   -100.89639891
   -100.89639891
   -100.89639891
   -100.89639891
   -100.89639891
   -100.89639891
   -100.89639891
   -100.89639891
   -100.89639891
   -100.89639891
   -100.89639891
   -100.89639891
   -100.89639891
     78.98455388
     78.98455388
     78.98455388
     78.98455388
     78.98455388
     78.98455388
     78.98455388
     78.98455388
     78.98455388
     78.98455388
     78.98455388
     78.98455388
     78.68693475
     78.68693475
     78.68693475
     79.94230531
     79.89664992
     79.89664992
     79.89664992
     79.89664992
     79.89664992
     79.89664992
     79.89664992
     79.89664992
     80.12422396
     80.12422396
     80.12422396
     80.12422396
     80.12422396
     80.12422396
     80.12422396
     80.12422396
     80.04612065
     80.04612065
     80.04612065
     77.56405819
     77.56405819
     79.70320794
     79.70320794
     79.70320794
     79.70320794
     79.70320794
     79.43343998
     79.43343998
     79.43343998
     79.43343998
     79.43343998
     79.43343998
     79.43343998
     79.43343998
    -77.01965469
    -77.01965469
    -77.01965469
    -77.01965469
    -77.01965469
    -77.01965469
    -77.01965469
    -77.01965469
    -77.01965469
    -77.01965469
    -74.52899671
    -74.52899671
    -74.52899671
    -74.52899671
    -74.52899671
    -74.52899671
    -74.52899671
    -74.52899671
     -9.13800829
     -9.13800829
     -9.13800829
     -9.13800829
     -9.13800829
     -9.13800829
     -9.13800829
     -9.13800829
     -9.13800829
     -9.13800829
     -9.13800829
     -9.13800829
     -9.13800829
     -9.13800829
     -9.13800829
     -9.13800829
     -9.13800829
     -9.13800829
     -9.13800829
     -9.13800829
     -9.13800829
     12.04203807
     12.04203807
     12.04203807
     12.04203807
     12.04203807
     12.04203807
     12.04203807
     12.04203807
     12.04203807
     12.04203807
     12.04203807
     42.95911037
     42.95911037
     42.95911037
     42.95911037
     42.95911037
     42.95911037
     42.95911037
     42.95911037
     42.95911037
     42.95911037
     42.95911037
     42.95911037
     42.95911037
     42.95911037
     42.95911037
     42.95911037
     42.95911037
     42.95911037
     42.95911037
     42.95911037
     42.95911037
     42.95911037
     42.95911037
     42.95911037
     42.95911037
     42.95911037
     42.95911037
     42.95911037
     42.95911037
     42.95911037
     42.95911037
     42.95911037
     42.95911037
     42.95911037
     45.53438519
     45.53438519
     76.08414621
     76.08414621
     79.87196185
     79.87196185
     79.87196185
     79.87196185
     79.87196185
     79.87196185
     79.87196185
     79.87196185
     79.87196185
     79.87196185
     79.87196185
     79.87196185
   -178.50659316
   -178.50659316
   -178.50659316
   -178.50659316
   -178.50659316
   -178.50659316
   -178.50659316
   -178.50659316
   -178.50659316
   -178.50659316
   -178.50659316
   -178.50659316
   -178.50659316
   -178.50659316
   -178.50659316
   -178.50659316
   -118.32622748
   -118.32622748
   -118.32622748
   -118.32622748
   -118.32622748
    -93.91952752
    -93.91952752
    -93.91952752
    -93.91952752
    -93.91952752
    -93.91952752
    -93.91952752
    -93.91952752
    -93.91952752
    -93.91952752
    -93.91952752
    -93.91952752
    -93.91952752
    -93.91952752
    -93.91952752
    -93.91952752
    -93.91952752
    -93.91952752
    -93.91952752
    -49.40838690
    -49.40838690
    -49.40838690
    -49.40838690
    -49.40838690
    -49.40838690
    -49.40838690
    -49.40838690
    -44.65008902
    -44.65008902
    -38.06828366
    -38.06828366
    -38.06828366
    -38.06828366
    -38.06828366
    -38.06828366
    -38.06828366
    -38.06828366
    -38.06828366
    -38.06828366
    -38.06828366
    -38.06828366
    -38.06828366
    -38.06828366
    -38.06828366
    -38.06828366
    -38.06828366
    -38.06828366
    -38.06828366
    -38.06828366
    -38.06828366
    -38.06828366
    -38.06828366
    -38.06828366
    -38.06828366
    -38.06828366
    -38.06828366
    -38.06828366
    -38.06828366
    -38.06828366
    -38.06828366
    -38.06828366
    -38.06828366
    -38.06828366
    -38.06828366
    -38.06828366
    -38.06828366
    -38.06828366
    -38.06828366
    -38.06828366
    -38.06828366
    -38.06828366
    -38.06828366
    -38.06828366
    -38.06828366
    -38.06828366
    -38.06828366
    -38.06828366
    -38.06828366
    -38.06828366
   -169.29197303
   -163.74118865
   -163.74118865
   -163.74118865
   -163.74118865
   -163.74118865
   -163.74118865
   -163.74118865
   -163.74118865
   -163.74118865
   -163.74118865
   -163.74118865
   -163.74118865
   -163.74118865
   -163.74118865
   -163.74118865
   -163.74118865
   -163.74118865
   -121.69697923
   -121.69697923
   -121.69697923
   -121.69697923
   -121.69697923
   -121.69697923
   -121.69697923
   -121.69697923
   -121.69697923
   -121.69697923
   -121.69697923
   -121.69697923
   -121.69697923
   -121.69697923
      8.48372894
      8.48372894
      8.48372894
      8.48372894
      8.48372894
      8.48372894
      8.48372894
      8.48372894
      8.48372894
     53.59742708
     53.59742708
     66.45430656
     66.45430656
     66.45430656
     66.45430656
     66.45430656
     66.45430656
     66.45430656
     77.48496002
     77.51548613
     77.51548613
     77.51548613
     75.37576619
     75.37576619
     75.37576619
     78.59562779
     78.59562779
     78.59562779
     78.59562779
     78.59562779
     78.59562779
     78.59562779
     78.59562779
     78.59562779
     78.59562779
     78.59562779
     78.59562779
     78.59562779
     78.59562779
     78.59562779
     78.59562779
     78.59562779
     78.59562779
     78.59562779
     78.63068084
     79.56836116
     79.56836116
     79.56836116
     79.56836116
     79.56836116
     79.56836116
     79.56836116
     79.56836116
     79.56836116
     79.56836116
     79.56836116
     79.56836116
     78.41080132
     78.41080132
     78.41080132
     78.41080132
     78.41080132
     78.41080132
     78.41080132
     78.41080132
     78.41080132
     78.41080132
     78.41080132
  -1478.92037384
  -1478.92037384
  -1478.92037384
  -1338.16908083
  -1338.16908083
  -1338.16908083
  -1338.16908083
  -1338.16908083
  -1338.16908083
  -1338.16908083
  -1338.16908083
  -1338.16908083
  -1338.16908083
  -1122.36027560
  -1122.36027560
  -1122.36027560
  -1122.36027560
  -1122.36027560
  -1122.36027560
  -1122.36027560
  -1122.36027560
  -1122.36027560
   -785.94740719
   -785.94740719
   -785.94740719
   -785.94740719
   -785.94740719
   -785.94740719
   -785.94740719
   -785.94740719
   -785.94740719
   -785.94740719
   -785.94740719
   -785.94740719
   -785.94740719
   -785.94740719
   -785.94740719
   -785.94740719
   -785.94740719
    -51.93579739
    -51.93579739
    -51.93579739
    -51.93579739
    -51.93579739
    -51.93579739
    -51.93579739
    -51.93579739
    -51.93579739
    -51.93579739
    -51.93579739
     78.39140429
     78.39140429
     78.39140429
     78.39140429
     78.39140429
     77.52922338
     77.52922338
     77.52922338
     77.52922338
     77.52922338
     77.52922338
     77.52922338
     77.52922338
     77.52922338
     77.52922338
     77.52922338
     77.52922338
     77.52922338
     77.52922338
     77.52922338
     77.52922338
     77.52922338
     77.52922338
     77.52922338
     77.52922338
     77.52922338
     77.52922338
     77.52922338
     77.52922338
     77.52922338
     77.52922338
     77.52922338
     77.52922338
     77.67874302
     77.67874302
     77.67874302
     77.67874302
     77.67874302
     77.67874302
     77.67874302
     77.67874302
     77.67874302
     77.67874302
     77.67874302
     77.67874302
     77.67874302
     77.23994789
     77.23994789
     77.23994789
     77.23994789
   -224.70065817
   -224.70065817
   -224.70065817
   -115.83391783
   -115.83391783
   -115.83391783
   -115.83391783
   -115.83391783
   -115.83391783
   -115.83391783
   -115.83391783
   -115.83391783
   -115.83391783
   -115.83391783
   -115.83391783
   -115.83391783
   -115.83391783
   -115.83391783
   -115.83391783
   -115.83391783
   -115.83391783
   -115.83391783
   -115.83391783
   -115.83391783
    -12.67110149
     44.97237562
     44.97237562
     44.97237562
     58.58031785
     58.58031785
     58.58031785
     58.58031785
     65.13510865
     65.13510865
     65.13510865
     67.22719265
     76.36804869
     76.36804869
     76.36804869
     73.14716280
     73.14716280
     69.71433736
     69.71433736
     69.71433736
     69.71433736
     69.71433736
     69.71433736
     69.71433736
     69.71433736
     75.44457811
    -60.28634041
    -60.28634041
     -8.21519395
     -8.21519395
     -8.21519395
     -8.21519395
     -8.21519395
     -8.21519395
     -8.21519395
     -8.21519395
     -0.19484955
     -0.19484955
     -0.19484955
     -0.19484955
     -0.19484955
     76.74109375
     76.74109375
     76.74109375
     76.74109375
     76.74109375
     76.74109375
     76.74109375
     76.74109375
     76.74109375
     76.74109375
     76.74109375
     76.74109375
     76.74109375
     76.74109375
     76.74109375
     76.74109375
     76.74109375
     76.74109375
     76.74109375
     76.74109375
     84.97850051
     84.97850051
     84.97850051
    195.62919934
    195.62919934
    195.62919934
    195.62919934
    195.62919934
    195.62919934
    195.62919934
    195.62919934
    195.62919934
    195.62919934
    195.62919934
    195.62919934
    -69.83833706
    -69.83833706
    -69.83833706
    -69.83833706
    -69.83833706
    -69.83833706
    -69.83833706
    -69.83833706
    -69.83833706
    -70.77756693
    -70.77756693
    -70.77756693
    -70.77756693
    -70.77756693
    -70.77756693
    -70.77756693
    -70.77756693
    -70.77756693
    -70.77756693
    -70.77756693
    -70.77756693
    -70.77756693
    -70.77756693
    -70.77756693
    -70.77756693
    -70.77756693
    -70.77756693
    -70.77756693
    -70.77756693
    -70.77756693
    -70.77756693
    -70.77756693
    -70.77756693
    -70.77756693
    -70.77756693
    -70.77756693
    -70.77756693
    -70.77756693
    -70.77756693
    -70.77756693
    -70.77756693
    -70.77756693
    -70.77756693
    -70.77756693
    -70.77756693
    -70.77756693
    -70.77756693
    -70.77756693
    -70.77756693
    -70.77756693
    153.30329838
    153.30329838
    153.30329838
    153.30329838
    153.30329838
    153.30329838
    153.30329838
    153.30329838
    153.30329838
    153.30329838
    153.30329838
    153.30329838
    153.30329838
    153.30329838
    153.30329838
    153.30329838
    153.30329838
    153.30329838
    153.30329838
    153.30329838
    153.30329838
    153.30329838
    153.30329838
    184.69783867
    184.69783867
    184.69783867
    184.69783867
    184.69783867
    184.69783867
    184.69783867
    184.69783867
    184.69783867
    184.69783867
    184.69783867
    190.57116452
    190.57116452
    190.57116452
    190.57116452
    190.57116452
    190.57116452
    190.57116452
    190.57116452
    190.57116452
    190.57116452
    190.57116452
    190.57116452
    190.57116452
    190.57116452
    190.57116452
    190.57116452
   -192.57812899
   -192.57812899
   -192.57812899
   -192.57812899
   -192.57812899
     54.05669171
     54.05669171
     54.05669171
     54.05669171
     57.48840959
     57.48840959
     57.48840959
     57.48840959
     57.48840959
     57.48840959
     57.48840959
     57.48840959
     57.48840959
     57.48840959
     57.48840959
     57.48840959
     57.48840959
     57.48840959
     57.48840959
     57.48840959
     57.48840959
     57.48840959
     57.48840959
     57.48840959
     57.48840959
     57.48840959
     57.48840959
     57.48840959
     57.48840959
     57.48840959
     57.48840959
     57.48840959
     57.48840959
     57.48840959
     57.48840959
     57.48840959
     57.48840959
     77.52117904
     80.02649615
     80.02649615
     80.02649615
     80.02649615
     80.02649615
     80.02649615
     80.02649615
     78.25529483
     78.25529483
     78.25529483
     78.25529483
     78.25529483
     78.25529483
     78.25529483
     78.25529483
     78.25529483
     78.25529483
     78.25529483
     78.25529483
     78.25529483
     78.25529483
     78.25529483
     78.25529483
     78.25529483
     78.25529483
     78.25529483
     78.25529483
     78.25529483
     78.25529483
     78.25529483
     78.25529483
     78.25529483
     78.25529483
     78.25529483
     78.25529483
     78.25529483
     78.25529483
     78.25529483
     78.25529483
     78.25529483
     78.25529483
     78.25529483
     78.25529483
     78.25529483
     78.25529483
     78.25529483
     78.25529483
     78.25529483
     78.25529483
     78.25529483
     78.25529483
     78.25529483
     78.25529483
     78.25529483
     78.25529483
     78.25529483
     78.25529483
     76.03638665
     78.07797829
     78.07797829
     77.22690584
     77.22690584
     77.22690584
     77.22690584
     77.22690584
     77.22690584
     77.22690584
     77.22690584
     77.22690584
     78.04890008
     78.04890008
     78.04890008
     78.04890008
     78.04890008
     78.04890008
     78.04890008
     78.04890008
     78.04890008
     78.04890008
     78.04890008
     78.04890008
     78.04890008
     78.04890008
     78.04890008
     78.04890008
     78.04890008
     78.04890008
     78.04890008
     78.04890008
     78.04890008
     78.04890008
     78.04890008
     78.04890008
     78.04890008
     78.04890008
     78.04890008
     78.04890008
     78.04890008
     78.04890008
     78.15428401
     78.15428401
     78.15428401
     78.15428401
     78.15428401
     78.15428401
     78.15428401
     78.15428401
     63.15272823
     63.15272823
     63.15272823
     63.15272823
     63.15272823
     63.15272823
     63.15272823
     63.15272823
     71.37575893
     83.07209673
     83.07209673
     83.07209673
     83.07209673
     83.07209673
     83.07209673
     83.07209673
     83.07209673
     83.07209673
     83.07209673
     83.07209673
     83.07209673
     83.07209673
     83.07209673
     83.07209673
     83.07209673
     83.07209673
     83.07209673
     83.07209673
     83.07209673
     83.07209673
     83.07209673
     83.07209673
     83.07209673
     83.07209673
     83.07209673
     83.07209673
     83.07209673
     83.07209673
     83.07209673
     83.07209673
     83.07209673
     83.07209673
     83.07209673
     83.07209673
     83.07209673
     83.07209673
     83.07209673
     83.07209673
     83.07209673
     83.07209673
     56.63664189
     57.85705268
     67.35907218
     79.54921342
     79.55361436
     79.55361436
     79.55361436
     79.55361436
     79.55361436
     79.55361436
     79.55361436
     79.55361436
     79.55361436
     77.63260729
     77.63260729
     77.63260729
     77.63260729
     77.63260729
     77.63260729
     77.63260729
     77.63260729
     77.63260729
     77.63260729
     79.45789938
     79.45789938
     79.45789938
     79.45789938
     79.45789938
     79.45789938
     79.45789938
     79.45789938
     79.45789938
     79.43811723
     79.43811723
     75.02690361
     75.02690361
     76.53931239
     76.53931239
     76.53931239
     78.72972189
     78.72972189
     78.79055533
     78.28862783
     78.28862783
     79.53018574
     79.53018574
     79.53018574
     79.53018574
     79.53018574
     79.53018574
   -178.71524903
   -178.71524903
   -178.71524903
   -178.71524903
   -178.71524903
   -178.71524903
   -178.71524903
   -178.71524903
   -178.71524903
   -178.71524903
   -178.71524903
   -178.71524903
   -178.71524903
   -178.71524903
   -178.71524903
   -178.71524903
   -178.71524903
   -178.71524903
   -178.71524903
   -178.71524903
   -178.71524903
   -178.71524903
   -178.71524903
   -178.71524903
   -178.71524903
   -178.71524903
   -178.71524903
   -178.71524903
   -178.71524903
   -178.71524903
   -178.71524903
   -178.71524903
   -178.71524903
   -178.71524903
   -178.71524903
   -178.71524903
   -178.71524903
   -178.71524903
   -178.71524903
   -178.71524903
   -142.32877757
   -142.32877757
   -142.32877757
   -142.32877757
   -142.32877757
   -142.32877757
   -142.32877757
   -142.32877757
   -142.32877757
   -142.32877757
    -57.51616545
    -57.51616545
    -57.51616545
    -57.51616545
    -57.51616545
    -57.51616545
    -57.51616545
    -57.51616545
    -57.51616545
    -55.81465918
    -55.81465918
    -55.81465918
    -55.81465918
    -55.81465918
    -55.81465918
    -55.81465918
    -55.81465918
    -55.81465918
    -55.81465918
    -55.81465918
    -55.81465918
    -55.81465918
    -55.81465918
    -55.81465918
    -55.81465918
    -55.81465918
    -55.81465918
    -55.81465918
    -55.81465918
    -55.81465918
    -55.81465918
    -55.81465918
    -55.81465918
    -55.81465918
    -55.81465918
    -55.81465918
    -55.81465918
    -55.81465918
    -55.81465918
    -55.81465918
    -55.81465918
    -55.81465918
    -55.81465918
    -55.81465918
    -55.81465918
    -55.81465918
    -55.81465918
    -58.27497826
    -58.27497826
    -58.27497826
     73.20235497
     73.20235497
     73.20235497
     75.99149170
     75.99149170
     75.75530856
     75.75530856
     75.75530856
     75.75530856
     75.75530856
     75.75530856
     75.75530856
     75.75530856
     75.75530856
     75.75530856
     75.75530856
     75.75530856
     75.75530856
     75.75530856
     75.75530856
     75.75530856
     75.75530856
     75.75530856
     75.75530856
     75.75530856
     69.56081030
     69.56081030
     69.56081030
     69.56081030
     69.56081030
     69.56081030
     69.56081030
     69.56081030
     69.56081030
     69.56081030
     69.56081030
     69.56081030
     69.56081030
     69.56081030
     69.56081030
     69.56081030
     69.56081030
     69.56081030
     69.56081030
     69.56081030
     69.56081030
     70.02576006
     70.02576006
     70.02576006
     70.02576006
     51.74713814
     51.74713814
     51.74713814
     51.74713814
     51.74713814
     51.74713814
     51.74713814
     51.74713814
     51.74713814
     51.74713814
     51.74713814
     51.74713814
     98.63681005
     98.63681005
     98.63681005
     98.63681005
     98.63681005
     98.63681005
     98.63681005
     98.63681005
    109.37554212
    109.37554212
    109.37554212
    109.37554212
    109.37554212
    109.37554212
    109.37554212
    109.37554212
    109.37554212
    110.41480044
    110.41480044
    110.41480044
    110.41480044
    110.41480044
    110.41480044
    110.41480044
    110.41480044
    110.41480044
    110.41480044
    110.41480044
    110.41480044
    110.41480044
    110.41480044
    110.41480044
    110.41480044
    110.41480044
    110.41480044
    110.41480044
    110.41480044
    113.29841649
     79.21365255
     79.21365255
     79.21365255
     79.21365255
     79.21365255
     79.21365255
     79.21365255
     79.21365255
     80.62720710
     80.62720710
     80.62720710
     80.62720710
     80.62720710
     80.62720710
     81.83993034
     81.83993034
     81.83993034
     81.77806020
     81.77806020
     81.77806020
     84.22364384
     84.22364384
     84.22364384
     84.22364384
     85.64409222
     83.69681828
     83.69681828
     83.69681828
     83.69681828
     83.69681828
     83.69681828
     83.69681828
     79.02270056
     79.02270056
     79.02270056
     79.02270056
     79.02270056
     79.02270056
     79.02270056
     79.02270056
     80.63910858
     80.63910858
     80.63910858
     80.63910858
     80.63910858
     80.63910858
     80.63910858
     80.63910858
     80.63910858
     80.63910858
     83.69886285
     83.69886285
     83.69886285
     85.92173000
     85.92173000
     85.92173000
     85.92173000
     85.92173000
     85.92173000
     85.92173000
     83.25093084
     84.04284615
     84.04284615
     83.22327015
     83.22327015
     82.58781460
     82.58781460
     81.33630777
     81.33630777
     81.33630777
     81.33630777
     83.99029120
     83.99029120
     84.47018284
     84.47018284
     86.46479721
     86.46479721
     86.46479721
     86.46479721
     86.46479721
     86.46479721
     86.46479721
     86.46479721
     86.46479721
     86.46479721
     86.46479721
     86.46479721
     86.46479721
     86.46479721
     86.46479721
     86.46479721
     86.46479721
     86.46479721
     86.46479721
     86.46479721
     86.11553504
     86.11553504
     86.11553504
     86.11553504
     86.11553504
    -62.75934376
    -62.75934376
    -62.75934376
     81.63882711
     81.63882711
     81.63882711
     81.63882711
     81.63882711
     81.63882711
     81.63882711
     81.63882711
     81.63882711
     81.63882711
     81.63882711
     81.63882711
     81.63882711
     81.63882711
     81.63882711
     81.63882711
     81.63882711
     81.63882711
     81.63882711
     81.63882711
     81.63882711
     81.63882711
     81.63882711
     81.63882711
     81.63882711
     81.63882711
     81.63882711
     81.63882711
     81.63882711
     81.63882711
     81.63882711
     81.63882711
     81.63882711
     81.63882711
     81.63882711
     81.63882711
     81.63882711
     81.63882711
     81.63882711
     81.63882711
     81.63882711
     81.63882711
     81.63882711
     81.63882711
     81.63882711
     81.63882711
     81.63882711
   -205.87430695
   -205.87430695
   -205.87430695
   -205.87430695
   -205.87430695
   -205.87430695
   -205.87430695
   -205.87430695
   -205.87430695
   -205.87430695
   -205.87430695
   -205.87430695
   -205.87430695
   -205.87430695
   -205.87430695
   -205.87430695
   -205.87430695
   -205.87430695
   -205.87430695
   -205.87430695
   -116.36004585
   -116.36004585
   -116.36004585
   -116.36004585
   -116.36004585
   -116.36004585
   -116.36004585
   -116.36004585
   -116.36004585
   -116.36004585
   -116.36004585
   -116.36004585
   -116.36004585
   -116.36004585
   -116.36004585
   -116.36004585
   -116.36004585
   -116.36004585
   -116.36004585
   -116.36004585
   -116.36004585
   -116.36004585
     52.47528722
     52.47528722
     52.47528722
     78.76212584
     78.76212584
     78.76212584
     78.76212584
     78.76212584
     78.92774631
     78.92774631
     78.92774631
     78.92774631
     78.92774631
     78.92774631
     78.92774631
     78.92774631
     79.05169470
     79.05169470
     79.05169470
     80.35174641
     80.35174641
     80.35174641
     80.35174641
     80.35174641
     80.35174641
     80.35174641
     80.35174641
     80.35174641
     80.35174641
     80.35174641
     80.35174641
     80.35174641
     80.35174641
     80.35174641
     79.75507232
     79.75507232
     79.75507232
     79.75507232
     79.75507232
     79.75507232
     79.75507232
     79.75507232
     79.75507232
     79.75507232
     79.75507232
     79.75507232
     79.75507232
     79.75507232
     76.93648803
     76.93648803
     76.93648803
     76.93648803
     79.35156034
     79.35156034
     79.35156034
     79.35156034
     80.65562913
     80.65562913
    179.01412357
    179.01412357
    179.01412357
    179.01412357
    179.01412357
    179.01412357
    183.76202050
    183.76202050
    183.76202050
    183.76202050
    183.76202050
    183.76202050
    183.76202050
    183.76202050
    183.76202050
    183.76202050
    183.76202050
    183.76202050
    183.76202050
    183.76202050
    183.76202050
    183.76202050
    183.76202050
    183.76202050
    183.76202050
    183.76202050
    183.76202050
    183.76202050
    183.76202050
    183.76202050
    183.76202050
    183.76202050
    183.76202050
    183.76202050
    183.76202050
    183.76202050
    183.76202050
    188.17039093
    205.21700731
    205.21700731
    205.21700731
    205.21700731
    205.21700731
    205.21700731
    205.21700731
    205.21700731
    205.21700731
    205.21700731
    205.21700731
    205.21700731
     81.73038857
     81.73038857
     81.73038857
     81.73038857
     81.73038857
     81.73038857
     80.56717168
     80.56717168
     80.56717168
     80.56717168
     80.56717168
     80.56717168
     80.56717168
     80.56717168
     80.56717168
     80.56717168
     80.56717168
     80.56717168
     80.56717168
     80.56717168
     80.56717168
     80.56717168
     80.56717168
     81.74039504
     81.74039504
     81.74039504
     81.74039504
     81.74039504
     77.50529065
     78.98243032
     78.98243032
     78.98243032
     78.98243032
     78.98243032
     78.98243032
     78.98243032
     78.98243032
     78.98243032
     78.98243032
     78.98243032
     78.98243032
     78.98243032
     78.98243032
     78.62547892
     78.62547892
     78.62547892
     78.62547892
     78.62547892
     78.62547892
     78.62547892
     70.33747257
     70.33747257
     70.33747257
     70.33747257
     70.33747257
     70.33747257
     70.33747257
     70.33747257
     78.62593914
     78.62593914
     78.62593914
     78.62593914
     78.62593914
     78.62593914
     78.62593914
     78.62593914
     78.62593914
     78.62593914
     78.62593914
     78.62593914
     78.62593914
     78.62593914
     78.62593914
     78.62593914
     79.50755500
     79.50755500
     84.80485299
     79.68586734
     79.68586734
     79.68586734
     79.68586734
     79.68586734
     79.68586734
     79.68586734
     79.68586734
     79.68586734
     79.68586734
     79.68586734
     79.68586734
     79.68586734
     79.68586734
     79.68586734
     79.68586734
     79.68586734
     79.68586734
     79.68586734
     79.68586734
     79.68586734
     79.68586734
     79.68586734
     82.02425805
     82.02425805
     82.02425805
     82.02425805
     82.02425805
     82.02425805
     82.02425805
     82.02425805
     81.70780958
     81.70780958
     82.35950363
     82.35950363
     82.35950363
     82.35950363
     82.35950363
     82.35950363
     82.35950363
     82.35950363
     82.35950363
     82.35950363
     82.35950363
     82.35950363
     82.35950363
     82.35950363
     82.44565312
     82.44565312
     82.44565312
     82.44565312
     77.97989530
     77.97989530
     78.95947199
     78.95947199
     78.95947199
     78.95947199
     78.95947199
     78.42841094
     78.42841094
     78.42841094
     78.42841094
     78.42841094
     78.42841094
     78.42841094
     78.42841094
     78.42841094
     78.42841094
     78.42841094
     78.42841094
     78.42841094
     78.42841094
     78.42841094
   -238.03451533
   -238.03451533
   -238.03451533
   -238.03451533
   -238.03451533
   -238.03451533
   -238.03451533
   -238.03451533
   -238.03451533
   -238.03451533
   -238.03451533
   -238.03451533
   -238.03451533
   -238.03451533
   -238.03451533
   -238.03451533
   -238.03451533
   -238.03451533
   -238.03451533
   -238.03451533
   -238.03451533
   -238.03451533
   -238.03451533
   -238.03451533
   -238.03451533
   -238.03451533
   -238.03451533
   -238.03451533
   -238.03451533
   -238.03451533
   -238.03451533
   -238.03451533
   -238.03451533
   -238.03451533
   -238.03451533
   -238.03451533
   -238.03451533
   -238.03451533
   -238.03451533
   -238.03451533
   -238.03451533
   -238.03451533
   -238.03451533
   -238.03451533
   -238.03451533
   -238.03451533
   -238.03451533
   -238.03451533
   -238.03451533
   -238.03451533
     80.58644103
     80.58644103
     80.58644103
     80.58644103
     80.58644103
     80.58644103
     80.58644103
     80.58644103
     80.66631145
     80.66631145
     80.66631145
     80.66631145
     80.66631145
     80.66631145
     80.66631145
     80.66631145
     80.66631145
     80.12661406
     80.12661406
     80.12661406
     80.12661406
     80.12661406
     77.74241514
     77.79916069
     77.79916069
     77.79916069
     77.79916069
     78.13371277
     78.13371277
     78.13371277
     78.13371277
     78.13371277
     78.13371277
     78.13371277
     78.13371277
     78.13371277
     78.13371277
     78.13371277
     78.13371277
     78.13371277
     78.13371277
     78.13371277
     78.13371277
     78.13371277
     78.13371277
     78.13371277
     78.13371277
     78.13371277
     78.13371277
     78.86982424
   -175.61424010
   -175.61424010
   -175.61424010
   -175.61424010
   -175.61424010
   -175.61424010
   -175.61424010
   -175.61424010
   -175.61424010
   -175.61424010
   -175.61424010
   -175.61424010
   -175.61424010
   -175.61424010
   -175.61424010
   -175.61424010
   -175.61424010
   -175.61424010
   -175.61424010
   -175.61424010
   -175.61424010
   -175.61424010
   -175.61424010
   -175.61424010
   -175.61424010
   -174.38138573
   -174.38138573
   -174.38138573
   -174.38138573
   -174.38138573
   -174.38138573
   -174.38138573
   -174.38138573
   -174.38138573
   -174.38138573
   -174.38138573
   -174.38138573
   -174.38138573
   -174.38138573
   -174.38138573
   -174.38138573
   -174.38138573
   -174.38138573
   -174.38138573
   -174.38138573
   -174.38138573
   -174.38138573
   -174.38138573
   -174.38138573
   -174.38138573
     82.67534342
     82.67534342
     82.67534342
     82.67534342
     82.67534342
     82.67534342
     82.67534342
     82.67534342
     82.67534342
     82.67534342
     82.67534342
     82.67534342
     82.67534342
     82.67534342
     82.67534342
     82.67534342
     82.67534342
     82.67534342
     82.67534342
     82.67534342
     82.67534342
     82.67534342
     82.67534342
     82.67534342
     82.67534342
     82.67534342
     82.67534342
     82.67534342
     82.67534342
     82.20047338
     82.20047338
     82.20047338
     82.20047338
     82.20047338
     82.20047338
     82.20047338
     82.20047338
     82.20047338
     82.20047338
     82.20047338
     82.20047338
     82.20047338
     82.20047338
     82.20047338
     82.20047338
     82.20047338
     82.20047338
     82.20047338
     82.20047338
     82.20047338
    -94.77379308
     46.69008479
     65.97342650
     65.97342650
     81.64697362
     81.64697362
     81.64697362
     81.64697362
     81.64697362
     81.63856679
     81.63856679
     81.63856679
     81.63856679
     82.29330929
     82.29330929
     82.29330929
     82.29330929
     86.22712043
     86.22712043
     86.22712043
     86.22712043
     86.22712043
     86.22712043
     86.22712043
     86.22712043
     86.22712043
     84.00361882
     84.00361882
     84.00361882
     82.16369618
     82.16369618
     82.16369618
     82.53627263
     82.53627263
     83.44984248
     83.44984248
     83.44984248
     81.20944954
     81.20944954
     81.20944954
     81.20944954
     81.20944954
     81.20944954
     83.91050483
     83.91050483
     83.91050483
     83.91050483
     84.52262782
     84.52262782
     84.52262782
   -274.27235735
   -274.27235735
   -274.27235735
   -274.27235735
   -274.27235735
   -274.27235735
   -274.27235735
   -274.27235735
   -274.27235735
   -274.27235735
   -274.27235735
   -274.27235735
   -274.27235735
   -274.27235735
   -274.27235735
   -274.27235735
   -274.27235735
   -274.27235735
   -274.27235735
   -274.27235735
   -274.27235735
   -274.27235735
   -274.27235735
   -274.27235735
   -274.27235735
   -274.27235735
   -274.27235735
   -274.27235735
   -274.27235735
   -274.27235735
   -274.27235735
   -274.27235735
   -274.27235735
   -274.27235735
   -274.27235735
   -274.27235735
   -165.32993461
   -165.32993461
   -165.32993461
   -165.32993461
   -165.32993461
   -165.32993461
   -165.32993461
   -165.32993461
   -165.32993461
   -165.32993461
   -125.32264035
   -125.32264035
   -125.32264035
   -125.32264035
    -78.03366152
    -78.03366152
    -78.03366152
    -78.03366152
    -78.03366152
    -78.03366152
    -78.03366152
    -78.03366152
    -78.03366152
    -78.03366152
    -78.03366152
    -78.03366152
    -78.03366152
    -78.03366152
    -78.03366152
    -78.03366152
    -78.03366152
    -78.03366152
    -78.03366152
    -78.03366152
    -78.03366152
    -78.03366152
    -77.32117200
    -77.32117200
    -77.32117200
    -77.32117200
    -77.57826478
    -77.57826478
    -77.57826478
    -77.57826478
    -77.57826478
    -77.57826478
    -77.57826478
    -77.57826478
    -77.57826478
    -77.57826478
    -77.57826478
    -77.57826478
    -77.57826478
    -77.57826478
    -77.57826478
    -77.57826478
    -77.57826478
    -66.24114809
    -66.24114809
    -66.24114809
    -66.24114809
    -66.24114809
    -66.24114809
    -57.40370732
     43.44867305
     43.44867305
     49.16324283
     49.16324283
     49.16324283
     49.16324283
     49.16324283
     49.16324283
     49.16324283
     57.17302616
     57.17302616
     57.17302616
     57.17302616
     57.17302616
     57.17302616
     57.17302616
     57.17302616
     57.17302616
     57.17302616
     57.17302616
     57.17302616
     57.17302616
     80.69402899
     80.69402899
     80.69402899
     80.69402899
     80.69402899
     80.69402899
     80.69402899
     80.52477113
     80.52477113
     80.52477113
     80.52477113
     80.52477113
     80.52477113
     80.52477113
     80.52477113
     80.52477113
     84.00098345
     84.00098345
     84.00098345
     84.00098345
     84.00098345
     84.00098345
     84.00098345
     84.00098345
     84.00098345
     84.00098345
     84.00098345
     84.00098345
     81.97117333
     83.48462994
     83.48462994
     83.48462994
     83.48462994
     83.12499784
     83.12499784
     83.12499784
     83.12499784
     83.12499784
     83.06772299
     83.06772299
     81.90035398
     81.90035398
     80.11781478
     80.11781478
     80.11781478
     80.11781478
     82.04190471
     82.04190471
     82.04190471
     82.04190471
     82.04190471
     84.85392013
     84.85392013
     84.85392013
     84.85392013
     84.85392013
     84.85392013
     84.85392013
     84.85392013
     84.85392013
     84.85392013
     84.85392013
     84.85392013
     84.85392013
     84.85392013
     84.85392013
     84.85392013
     84.85392013
     84.85392013
     84.85392013
     82.80040103
     86.18021807
     86.18021807
     86.18021807
     86.18021807
     86.18021807
     86.18021807
     86.18021807
     28.06538010
     28.06538010
     28.06538010
     28.06538010
     28.06538010
     28.06538010
     28.06538010
     28.06538010
     28.06538010
     28.06538010
     28.06538010
     28.06538010
     28.06538010
     28.06538010
     28.06538010
     28.06538010
     28.06538010
     28.06538010
     28.06538010
     28.06538010
     28.06538010
     28.06538010
     28.06538010
     28.06538010
     28.06538010
     30.42412984
     30.42412984
     30.42412984
     30.42412984
     30.42412984
     30.42412984
     30.42412984
     30.42412984
     30.42412984
     30.42412984
     30.42412984
     30.42412984
     30.42412984
     30.42412984
     30.42412984
     30.42412984
     30.42412984
     30.42412984
     30.42412984
     30.42412984
     30.42412984
     30.42412984
     30.42412984
     30.42412984
     30.42412984
     76.81867240
     76.81867240
     76.81867240
     76.81867240
     76.81867240
     76.81867240
     76.81867240
     76.81867240
     76.81867240
     76.81867240
     76.81867240
     76.81867240
     76.81867240
     76.81867240
     76.81867240
     76.81867240
     76.81867240
     76.81867240
     76.81867240
     76.81867240
     76.81867240
     76.81867240
     76.81867240
     83.26540050
     82.38717500
     82.38717500
     82.38717500
     82.38717500
     83.22971924
     83.22971924
     83.22971924
     83.22971924
     83.22971924
     83.22971924
     83.22971924
     83.22971924
     83.22971924
     83.22971924
     83.22971924
     83.22971924
     83.22971924
     83.22971924
     83.22971924
     83.22971924
     83.22971924
     83.22971924
     83.22971924
     83.22971924
     83.22971924
     85.22459318
     68.75250005
     68.75250005
     68.75250005
     68.75250005
     68.75250005
     68.75250005
     68.75250005
     68.75250005
     68.75250005
     68.75250005
     73.05609951
     74.27622957
     74.27622957
     74.27622957
     74.27622957
     74.27622957
     74.27622957
     74.27622957
     74.27622957
     74.03307768
     74.03307768
     74.03307768
     74.03307768
     74.03307768
     74.03307768
     74.03307768
     79.21071604
     86.79252546
     86.79252546
     86.79252546
     86.79252546
     86.79252546
     86.79252546
     86.79252546
     86.79252546
     86.79252546
     86.79252546
     86.79252546
     86.79252546
     86.79252546
     86.79252546
     86.79252546
     86.79252546
     86.79252546
     86.79252546
     86.79252546
     86.79252546
     86.79252546
     86.79252546
     86.79252546
     81.92460467
     81.92460467
     83.44862878
     83.44862878
     83.44862878
     83.44862878
     83.44862878
     83.44862878
     83.44862878
     83.44862878
     83.44862878
     83.44862878
     83.44862878
     83.44862878
     83.44862878
     83.44862878
     83.44862878
     83.44862878
     83.44862878
     83.44862878
     83.44862878
     82.05213299
     82.05213299
     82.05213299
     82.05213299
     82.05213299
     82.05213299
     82.05213299
     82.05213299
     82.08722315
     82.08722315
     82.08722315
     82.08722315
     82.08722315
     82.08722315
     82.08722315
     82.08722315
     82.08722315
     82.08722315
     82.08722315
     82.08722315
     86.86399237
     86.86399237
     86.39699197
     86.64024882
     86.64024882
     86.64024882
     86.64024882
     86.64024882
     86.64024882
     79.08717480
     79.08717480
     79.08717480
     79.08717480
     79.08717480
     79.08717480
     79.08717480
     79.08717480
     79.08717480
     78.21385023
     78.21385023
     78.21385023
     78.21385023
     78.21385023
     78.80310868
     80.03603413
     80.03603413
     79.87975448
     79.87975448
     79.87975448
     79.87975448
     79.87975448
     79.87975448
     79.87975448
     79.87975448
     79.87975448
     79.87975448
     79.87975448
     79.87975448
     79.87975448
     79.87975448
     79.87975448
     79.87975448
     79.87975448
     79.87975448
     79.87975448
     79.87975448
     79.87975448
     79.87975448
     79.87975448
     79.87975448
     79.87975448
     79.87975448
     79.87975448
     79.87975448
     79.87975448
     80.19418349
     83.25681801
     83.25681801
     83.25681801
     79.41180710
     79.41180710
     79.41180710
     79.41180710
     79.41180710
     79.41180710
     79.41180710
     79.41180710
     79.41180710
     79.41180710
     79.41180710
     79.41180710
     79.41180710
     79.41180710
     79.41180710
     79.41180710
     79.41180710
     79.17184539
     79.17184539
     79.17184539
     79.17184539
     79.17184539
     79.17184539
     79.17184539
     79.17184539
     79.17184539
     79.17184539
     78.84785199
     78.84785199
     78.84785199
     78.84785199
     78.84785199
     78.84785199
     78.84785199
     79.04702717
     79.04702717
     79.04702717
     79.04702717
     79.04702717
     79.04702717
     79.04702717
     78.78945331
     78.78945331
     78.78945331
     78.78945331
     78.78945331
     78.78945331
     78.78945331
     78.78945331
     78.78945331
    -36.76585203
    -36.76585203
    -36.76585203
    -36.76585203
    -36.76585203
    -36.76585203
    -36.76585203
    -36.76585203
    -36.76585203
    -36.76585203
    -36.76585203
    -36.76585203
    -36.76585203
    -36.76585203
    -36.76585203
    -36.76585203
    -36.76585203
    -36.76585203
    -36.76585203
    -36.76585203
    -36.76585203
    -36.76585203
    -36.76585203
    -36.76585203
    -36.76585203
    -36.76585203
    -36.76585203
    -36.76585203
    -36.76585203
    -36.76585203
    -36.76585203
    -36.76585203
    -36.76585203
    -36.76585203
    -36.76585203
    -36.76585203
    -36.76585203
    -36.76585203
    -36.76585203
    -36.76585203
    -36.76585203
    -36.76585203
    -31.81734789
    -31.81734789
    -31.81734789
    -31.81734789
    -31.81734789
    -31.81734789
    -31.81734789
    -33.92481971
     23.93677531
     23.93677531
     23.93677531
     23.93677531
     23.93677531
     23.93677531
     23.93677531
     23.93677531
     23.93677531
     23.93677531
     23.93677531
     23.93677531
     23.93677531
     23.93677531
     23.93677531
     23.93677531
     23.93677531
     23.93677531
     23.93677531
     23.93677531
     23.93677531
     23.93677531
     23.93677531
     23.93677531
     23.93677531
     23.93677531
     23.93677531
     23.93677531
     23.93677531
     23.93677531
     23.93677531
     23.93677531
     23.93677531
     23.93677531
     23.93677531
     23.93677531
     23.93677531
     26.31503364
     26.31503364
     26.31503364
     26.31503364
     26.31503364
     26.31503364
     26.31503364
     26.31503364
     26.31503364
     26.31503364
     26.31503364
     26.31503364
     26.31503364
     60.06305640
     60.06305640
     60.06305640
     60.06305640
     60.06305640
     60.06305640
     60.06305640
     60.06305640
     60.06305640
     60.06305640
     60.06305640
     60.06305640
     60.06305640
     60.06305640
     60.06305640
     60.06305640
     60.06305640
     60.06305640
     60.06305640
     60.06305640
     60.06305640
     60.06305640
     60.06305640
     63.77297820
     63.77297820
     63.77297820
     63.77297820
     63.77297820
     63.77297820
     63.77297820
     63.77297820
     63.77297820
     63.77297820
     63.77297820
     63.77297820
     63.77297820
     63.77297820
     63.77297820
     63.77297820
     63.77297820
     63.77297820
     68.60804950
     68.60804950
     68.60804950
     68.60804950
     68.60804950
     68.60804950
     68.60804950
     68.60804950
     68.60804950
     80.93598307
     80.93598307
     80.93598307
     80.93598307
     80.93598307
     80.93598307
     80.93598307
     80.93598307
     80.93598307
     80.93598307
     80.93598307
     80.93598307
     80.93598307
     80.93598307
     80.93598307
     80.93598307
     80.93598307
     80.93598307
     80.93598307
     80.93598307
     80.93598307
     80.93598307
     80.93598307
     80.93598307
     80.93598307
     80.93598307
     80.93598307
     80.93598307
     80.93598307
     80.93598307
     80.93598307
     80.93598307
     80.93598307
     80.93598307
     80.93598307
     80.93598307
     80.93598307
     80.93598307
     80.76853596
     80.76853596
     80.76853596
     80.76853596
     80.76853596
     80.76853596
     80.76853596
     80.77510893
     80.65799477
     80.65799477
     80.65799477
     80.65799477
     73.55720405
     73.55720405
     73.55720405
     73.55720405
     73.55720405
     73.55720405
     73.55720405
     73.55720405
     73.55720405
     73.55720405
     73.55720405
     73.55720405
     73.55720405
     73.55720405
     73.55720405
     73.55720405
     73.55720405
     73.55720405
     73.55720405
     73.55720405
     73.55720405
     73.55720405
     73.55720405
     73.55720405
     73.55720405
     83.72823312
     83.72823312
     83.72823312
     83.72823312
     83.72823312
     83.72823312
     83.72823312
     83.72823312
     83.72823312
     83.72823312
     83.72823312
     83.72823312
     83.72823312
     83.72823312
     83.72823312
     83.82019627
     83.82019627
     83.82019627
     83.77559308
     83.77559308
     82.74216606
     82.74216606
     82.74216606
     82.74216606
     82.74216606
     74.09983346
     74.09983346
     74.09983346
     74.09983346
     74.09983346
     74.09983346
     74.09983346
     74.09983346
     74.09983346
     74.09983346
     74.09983346
     74.09983346
     74.09983346
     74.09983346
     74.09983346
     74.15809430
     74.15809430
     75.79431572
     75.79431572
     80.60766775
     80.60766775
     80.60766775
     80.64246337
     84.78506440
     84.78506440
     84.78506440
     84.78506440
     84.78506440
     84.78506440
     80.70046624
     80.70046624
     82.98398950
     84.04463017
     84.04463017
     84.04463017
     84.04463017
     84.04463017
     84.04463017
     84.04463017
     84.04463017
     84.04463017
     84.04463017
     84.04463017
     84.04463017
     84.04463017
     84.86562740
     84.86562740
     84.86562740
     84.86562740
     84.86562740
    153.48636459
    153.48636459
    180.84656830
    180.84656830
    180.84656830
    180.84656830
    180.84656830
    180.84656830
    180.84656830
    180.84656830
    180.84656830
    180.84656830
    180.84656830
    180.84656830
    180.84656830
    180.84656830
    191.90864578
    191.90864578
    191.90864578
    191.90864578
    191.90864578
    191.90864578
    191.90864578
    191.90864578
    191.90864578
    191.90864578
    191.90864578
    191.90864578
    191.90864578
    191.90864578
    191.90864578
    191.90864578
    191.90864578
    191.90864578
    191.90864578
    191.90864578
    191.90864578
    191.90864578
    191.90864578
    191.90864578
    191.90864578
    191.90864578
    191.90864578
    191.90864578
    191.90864578
    193.09177365
    193.09177365
    193.09177365
    193.09177365
    193.09177365
     48.41423981
     48.41423981
     48.41423981
     48.41423981
     48.41423981
     48.41423981
     48.41423981
     48.41423981
     48.41423981
     48.41423981
     48.41423981
     48.41423981
     50.25903740
     50.25903740
     50.25903740
     50.25903740
     50.25903740
     50.25903740
     66.02717580
     66.02717580
     66.02717580
     66.02717580
     66.02717580
     75.51625657
     75.51625657
     75.51625657
     75.51625657
     75.51625657
     75.51625657
     75.51625657
     74.05334719
     74.05334719
     74.05334719
     74.05334719
     75.82327587
     75.82327587
     75.82327587
     75.82327587
     75.82327587
     75.82327587
     75.82327587
     75.82327587
     75.82327587
     75.82327587
     75.82327587
     75.82327587
     75.82327587
     75.82327587
     75.82327587
     82.24318037
     52.31599508
     52.31599508
     52.31599508
     52.31599508
     52.31599508
     52.31599508
     52.31599508
     52.31599508
     52.31599508
     52.31599508
     52.31599508
     52.31599508
     52.31599508
     52.31599508
     52.31599508
     52.31599508
     52.31599508
     52.31599508
     52.31599508
     52.31599508
     52.31599508
     52.31599508
     52.31599508
     52.31599508
     52.31599508
     52.31599508
     52.31599508
     52.31599508
     52.31599508
     52.31599508
     52.31599508
     52.31599508
     52.31599508
     52.31599508
     52.31599508
     52.31599508
     52.31599508
     52.31599508
     52.31599508
     52.31599508
     52.31599508
     52.31599508
     52.31599508
     52.31599508
     52.31599508
     52.31599508
     52.31599508
     52.31599508
     52.31599508
     52.31599508
    -87.04965758
    -87.04965758
    -87.04965758
    -87.04965758
    -87.04965758
    -87.04965758
    -87.04965758
    -87.04965758
    -87.04965758
    -87.04965758
    -87.04965758
    -87.04965758
    -87.04965758
    -87.04965758
    -87.04965758
    -87.04965758
    -87.04965758
    -87.04965758
    -87.04965758
    -87.04965758
    -87.04965758
    -87.04965758
    -61.07053016
    -61.07053016
    -61.07053016
    -61.07053016
    -39.48358124
    -39.48358124
    -39.48358124
     49.29294828
     49.29294828
     49.29294828
     49.29294828
     49.29294828
     59.61867301
     59.61867301
     59.61867301
     59.61867301
     75.87631284
     75.87631284
     75.87631284
     75.87631284
     75.87631284
     75.87631284
     75.87631284
     75.87631284
     75.21512005
     75.21512005
     75.21512005
     75.21512005
   -129.36250385
   -129.36250385
   -129.36250385
    -71.00628300
    -71.00628300
    -71.00628300
    -71.00628300
    -71.00628300
    -71.00628300
    -71.00628300
    -71.00628300
    -71.00628300
    -71.00628300
    -71.00628300
    -71.00628300
    -71.00628300
    -71.00628300
    -71.00628300
    -71.00628300
    -71.00628300
    -71.00628300
    -71.00628300
    -68.59523051
    -52.91261668
    -52.91261668
    -52.91261668
    -52.91261668
    -52.91261668
    -52.91261668
    -52.91261668
    -52.91261668
    -52.91261668
    -52.91261668
    -52.91261668
    -52.91261668
    -52.91261668
    -52.91261668
    -52.91261668
    -52.91261668
    -52.91261668
    -52.91261668
    -52.91261668
    -52.91261668
    -52.91261668
    -52.91261668
    -52.91261668
    -52.91261668
    -52.91261668
    -52.91261668
    -52.91261668
     54.72142671
     54.72142671
     54.72142671
     54.72142671
     54.72142671
     54.72142671
     54.72142671
     54.72142671
     54.72142671
     54.72142671
     54.72142671
     54.72142671
     54.72142671
     54.72142671
     54.72142671
     54.72142671
     54.72142671
     54.72142671
     54.72142671
     54.72142671
     54.72142671
     54.72142671
     54.72142671
     54.72142671
     54.72142671
     54.72142671
     54.72142671
     54.72142671
     54.72142671
     54.72142671
     54.72142671
     54.72142671
     54.72142671
     54.72142671
     54.72142671
     54.72142671
     54.72142671
     54.72142671
     54.72142671
     54.72142671
     54.72142671
     54.72142671
     54.72142671
     54.72142671
     54.72142671
     54.72142671
     54.72142671
     54.72142671
     54.72142671
     54.72142671
    -16.45261395
    -16.45261395
    -16.45261395
    -16.45261395
    -16.45261395
    -16.45261395
    -16.45261395
    -16.45261395
    -16.45261395
    -16.45261395
    -16.45261395
    -16.45261395
    -16.45261395
    -16.45261395
    -16.45261395
    -16.45261395
    -16.45261395
    -16.45261395
    -16.45261395
    -16.45261395
    -16.45261395
    -16.45261395
    -16.45261395
    -16.45261395
    -16.45261395
    -16.45261395
    -16.45261395
    -16.45261395
    -16.45261395
    -16.45261395
    -16.45261395
    -16.45261395
    -16.45261395
    -16.45261395
    -16.45261395
    -16.45261395
    -16.45261395
    -16.45261395
    -16.45261395
    -16.45261395
    -16.45261395
    -16.45261395
    -16.45261395
    -16.45261395
    -16.45261395
    -16.45261395
    -16.45261395
    -16.45261395
    -16.45261395
    -16.45261395
     67.14715819
     67.14715819
     67.14715819
     67.77509397
     67.77509397
     69.92717523
     69.92717523
     69.92717523
     69.92717523
     69.92717523
     69.92717523
     69.92717523
     70.05523612
     70.05523612
     70.05523612
     70.05523612
     70.05523612
     70.05523612
     70.05523612
     70.05523612
     70.05523612
     70.05523612
     70.05523612
     70.05523612
     70.05523612
     70.05523612
     70.05523612
     70.05523612
     70.05523612
     70.05523612
     70.05523612
     70.05523612
     70.05523612
     70.05523612
     70.05523612
     70.05523612
     70.05523612
     74.55328149
     74.55328149
     74.55328149
     74.55328149
     73.73725821
     72.54332302
     72.54332302
     72.54332302
     72.54332302
     72.54332302
     72.54332302
     72.54332302
     72.54332302
     55.84817682
     55.84817682
     55.84817682
     55.84817682
     55.84817682
     55.84817682
     55.84817682
     55.84817682
     55.84817682
     55.84817682
     55.84817682
     55.84817682
     55.84817682
     55.84817682
     55.84817682
     55.84817682
     55.84817682
     55.84817682
     55.84817682
     55.84817682
     55.84817682
     55.84817682
     55.84817682
     55.84817682
     55.84817682
     55.84817682
     55.84817682
     55.84817682
     55.84817682
     55.84817682
     55.84817682
     55.84817682
     55.84817682
     55.84817682
     55.84817682
     55.84817682
     55.84817682
     55.84817682
     55.84817682
     55.84817682
     55.84817682
     55.84817682
     55.84817682
     55.84817682
     55.84817682
     55.84817682
     55.84817682
     55.84817682
     55.84817682
     55.84817682
   -180.45118824
   -180.45118824
   -180.45118824
   -180.45118824
   -180.45118824
   -180.45118824
   -180.45118824
   -180.45118824
   -180.45118824
   -180.45118824
   -180.45118824
   -180.45118824
   -180.45118824
   -180.45118824
   -180.45118824
   -180.45118824
   -180.45118824
   -180.45118824
   -180.45118824
   -180.45118824
   -180.45118824
   -180.45118824
   -180.45118824
   -180.45118824
   -180.45118824
   -180.45118824
   -180.45118824
   -180.45118824
   -180.45118824
   -180.45118824
   -180.45118824
   -180.45118824
   -167.25385400
   -166.99815559
   -166.99815559
   -166.99815559
   -166.99815559
   -166.99815559
   -166.99815559
   -166.99815559
   -166.99815559
   -166.99815559
   -166.99815559
   -166.99815559
   -166.99815559
   -166.99815559
   -166.99815559
   -166.99815559
   -166.99815559
   -166.99815559
     43.70461851
     43.70461851
     59.56729675
     59.56729675
     59.56729675
     59.56729675
     59.56729675
     59.56729675
     59.56729675
     59.56729675
    107.09172639
    107.09172639
    107.09172639
    107.09172639
    107.09172639
    107.09172639
    107.09172639
    107.09172639
    107.09172639
    107.09172639
    107.09172639
    107.09172639
    107.09172639
    107.09172639
    107.09172639
    107.09172639
    107.09172639
    107.09172639
    107.09172639
    107.09172639
    107.09172639
    107.09172639
    107.09172639
    107.09172639
    107.09172639
    107.09172639
    107.09172639
    107.09172639
    107.09172639
    107.09172639
    107.09172639
    107.09172639
    107.09172639
    146.55251910
    146.55251910
    146.55251910
    146.55251910
    146.55251910
    146.55251910
    146.55251910
     85.62984152
     85.62984152
     85.62984152
     85.62984152
     85.62984152
     85.62984152
     85.62984152
     85.62984152
     85.62984152
     85.62984152
     85.62984152
     85.62984152
     85.62984152
     85.62984152
     85.62984152
     85.62984152
     85.62984152
     85.62984152
     85.37445837
     85.37445837
     85.37445837
     85.37445837
     85.37445837
     85.37445837
     85.37445837
     85.37445837
     85.37445837
     85.84525872
     85.84525872
     85.84525872
     85.84525872
     85.84525872
     85.84525872
     85.84525872
     85.84525872
     85.84525872
     85.84525872
     85.84525872
     85.84525872
     85.84525872
     85.84525872
     85.87522854
     85.87522854
     85.87522854
     86.92013372
     86.92013372
     86.92013372
     87.02301579
     85.88748199
     85.88748199
     87.10191353
     86.99360040
     86.99360040
     86.99360040
     86.99360040
     86.99360040
     86.91386742
     86.91386742
     86.91386742
     86.91386742
     86.91386742
     86.91386742
     86.91386742
     86.91386742
     86.76079799
     86.76079799
     86.76079799
     86.76079799
     84.87205591
     84.87205591
     84.87205591
     84.87205591
     84.87205591
     84.87205591
     84.87205591
     84.87205591
     84.87205591
     84.87205591
     84.87205591
     84.87205591
     84.87205591
     84.87205591
     84.87205591
     84.87205591
     84.87205591
     85.58222871
     85.58222871
     85.58222871
     85.58222871
     85.58222871
     85.58222871
     85.58222871
     85.27590377
     85.27590377
     86.10807080
     86.10807080
     86.32568376
     86.32568376
     86.32568376
     86.32568376
     49.85714084
     49.85714084
     49.85714084
     49.85714084
     49.85714084
     49.85714084
     49.85714084
     49.85714084
     49.85714084
     49.85714084
     49.85714084
     49.85714084
     49.85714084
     49.85714084
     49.85714084
     49.85714084
     49.85714084
     49.85714084
     49.85714084
     49.85714084
     49.85714084
     49.85714084
     49.85714084
     49.85714084
     49.85714084
     49.85714084
     49.85714084
     49.85714084
     49.85714084
     49.85714084
     49.85714084
     49.85714084
     49.85714084
     49.85714084
     49.85714084
     49.85714084
     49.85714084
     49.85714084
     49.85714084
     49.85714084
     49.85714084
     49.85714084
     49.85714084
     49.85714084
     49.85714084
     49.85714084
     49.85714084
     49.85714084
     49.85714084
     49.85714084
     79.11659814
     79.11659814
     79.11659814
     79.11659814
     79.11659814
     79.11659814
     79.11659814
     79.30595650
     79.30595650
     79.30595650
     79.30595650
     79.30595650
     79.30595650
     79.30595650
     79.30595650
     79.30595650
     79.30595650
     79.30595650
     79.30595650
     79.30595650
     79.30595650
     79.30595650
     79.07846299
     79.07846299
     79.14628982
     79.14628982
     79.14628982
     79.14628982
     80.68155839
     80.68155839
     80.68155839
     80.68155839
     80.68155839
     80.68155839
     77.51259851
     77.51259851
     77.79048171
     77.79048171
     77.79048171
     77.79048171
     77.79048171
     77.79048171
     77.53084319
     77.53084319
     77.53084319
     77.53084319
     77.53084319
     77.53084319
     77.53084319
     77.53084319
   -222.69146934
   -222.69146934
   -222.69146934
   -143.43307714
   -143.43307714
   -143.43307714
   -143.43307714
   -143.43307714
   -143.43307714
   -143.43307714
   -143.43307714
   -143.43307714
   -143.43307714
   -143.43307714
   -143.43307714
   -143.43307714
   -143.43307714
   -143.43307714
   -143.43307714
   -143.43307714
   -143.43307714
   -143.43307714
   -143.43307714
   -143.43307714
   -143.43307714
   -143.43307714
   -143.43307714
   -143.43307714
   -143.43307714
   -143.43307714
   -143.43307714
   -143.43307714
   -143.43307714
   -143.43307714
   -143.43307714
   -143.43307714
   -143.43307714
   -143.43307714
   -143.43307714
   -143.43307714
   -143.43307714
   -143.43307714
   -143.43307714
   -143.43307714
   -143.43307714
   -143.43307714
   -143.43307714
   -143.43307714
   -143.43307714
   -143.43307714
    -92.40195566
    -92.40195566
    -92.40195566
    -92.40195566
    -92.40195566
    -92.40195566
    -92.40195566
    -92.40195566
    -92.40195566
    -92.40195566
    -92.40195566
    -92.40195566
    -92.40195566
    -92.40195566
    -92.40195566
    -92.40195566
    -92.40195566
    -92.40195566
    -92.40195566
    -92.40195566
    -92.40195566
    -92.40195566
    -92.40195566
    -92.40195566
    -92.40195566
    -92.40195566
    -92.40195566
    -92.40195566
    -92.40195566
    -92.40195566
    -92.40195566
    -92.40195566
    -92.40195566
    -92.40195566
    -92.40195566
    -92.40195566
    -92.40195566
    -92.40195566
    -92.40195566
    -92.40195566
    -92.40195566
    -92.40195566
    -92.40195566
    -92.40195566
    -92.40195566
    -92.40195566
    -92.40195566
    -92.40195566
    -92.40195566
    -92.40195566
   -261.52484557
   -261.52484557
   -261.52484557
   -261.52484557
   -261.52484557
   -261.52484557
   -261.52484557
   -261.52484557
   -261.52484557
   -261.52484557
   -261.52484557
   -261.52484557
   -261.52484557
   -159.02114207
   -159.02114207
   -159.02114207
   -119.66746338
   -119.66746338
   -119.66746338
   -119.66746338
   -119.66746338
    -84.34378727
    -84.34378727
    -84.34378727
    -84.34378727
    -84.34378727
    -84.34378727
    -84.34378727
    -84.34378727
    -84.34378727
    -84.34378727
    -84.34378727
    -84.34378727
    -84.34378727
    -84.34378727
    -84.34378727
    -84.34378727
    -84.34378727
    -84.34378727
    -84.34378727
    -84.34378727
    -84.34378727
    -84.34378727
    -84.34378727
    -84.34378727
    -84.34378727
    -84.34378727
    -84.34378727
    -84.34378727
    -72.81274538
    188.50032996
    196.15481109
    196.15481109
    196.15481109
    196.15481109
    196.15481109
    196.15481109
    196.15481109
    196.15481109
    196.15481109
    196.15481109
    196.15481109
    196.15481109
    196.15481109
    196.15481109
    196.15481109
    196.15481109
    196.15481109
    196.15481109
    196.15481109
    196.15481109
    196.15481109
    196.15481109
    196.15481109
    196.15481109
    196.15481109
    196.15481109
    196.15481109
    196.15481109
    196.15481109
    196.15481109
    196.15481109
    196.15481109
    196.15481109
    196.15481109
    196.15481109
    196.15481109
    196.15481109
    196.15481109
    196.15481109
    196.15481109
    196.15481109
    196.15481109
    196.15481109
    196.15481109
    196.15481109
    196.15481109
    201.54479116
    201.54479116
    201.54479116
     73.55419215
     73.55419215
     73.55419215
     73.55419215
     73.55419215
     73.55419215
     73.55419215
     77.11598307
     77.11598307
     77.11598307
     77.11598307
     77.11598307
     77.11598307
     77.11598307
     77.11598307
     77.11598307
     77.11598307
     77.11598307
     80.36015981
     80.36015981
     80.36015981
     80.36015981
     80.36015981
     80.36015981
     80.36015981
     81.08146399
     81.08146399
     81.08146399
     81.08146399
     81.08146399
     81.08146399
     81.08146399
     81.08146399
     81.08146399
     81.08146399
     83.00309620
     83.00309620
     83.00309620
     84.22184319
     84.22184319
     84.22184319
     84.22184319
     84.22184319
     84.22184319
     84.22184319
     84.22184319
     84.22184319
     84.22184319
     84.80522420
     85.16126118
     37.36417757
     37.36417757
     37.36417757
     37.36417757
     37.36417757
     37.36417757
     37.36417757
     37.36417757
     37.36417757
     37.36417757
     37.36417757
     37.36417757
     37.36417757
     37.36417757
     37.36417757
     37.36417757
     37.36417757
     37.36417757
     83.73623820
     83.73623820
     83.73623820
     83.73623820
     83.73623820
     83.73623820
     83.73623820
     83.73623820
     83.73623820
     83.73623820
     83.73623820
     83.73623820
     83.73623820
     83.73623820
     83.73623820
     83.73623820
     83.73623820
     83.73623820
     83.73623820
     83.73623820
     83.73623820
     83.71528498
     83.71528498
     83.71528498
     83.71528498
     83.71528498
     83.71528498
     83.71528498
     83.71528498
     83.71528498
     83.71528498
     83.71528498
    -36.24658024
    -36.24658024
    -36.24658024
    -36.24658024
    -36.24658024
    -36.24658024
    -36.24658024
    -36.24658024
    -36.24658024
    -36.24658024
    -36.24658024
    -36.24658024
    -36.24658024
    -36.24658024
    -36.24658024
    -36.24658024
    -36.24658024
    -36.24658024
    -36.24658024
    -36.24658024
    -36.24658024
      3.93913252
      3.93913252
      3.93913252
      3.93913252
      3.93913252
      3.93913252
      3.93913252
      3.93913252
      3.93913252
      3.93913252
      3.93913252
      3.93913252
      3.93913252
      3.93913252
      3.93913252
      3.93913252
      3.93913252
      3.93913252
      3.93913252
      3.93913252
      3.93913252
      3.93913252
      3.93913252
      3.93913252
      3.93913252
      3.93913252
      3.93913252
      3.93913252
      3.93913252
    -64.38360250
    -64.38360250
    -64.38360250
    -64.38360250
    -64.38360250
    -64.38360250
    -64.38360250
    -64.38360250
    -64.38360250
    -64.38360250
    -64.38360250
    -64.38360250
    -64.38360250
    -64.38360250
    -64.38360250
    -64.38360250
    -64.38360250
    -64.38360250
    -64.38360250
    -64.38360250
    -64.38360250
    -58.73873962
    -58.73873962
    -58.73873962
    -58.73873962
    -58.73873962
    -58.73873962
    -58.73873962
    -58.73873962
    -58.73873962
    -58.73873962
    -58.73873962
    -58.73873962
    -58.73873962
    -58.73873962
    -58.73873962
    -58.73873962
    -58.73873962
    -58.73873962
    -58.73873962
    -58.73873962
    -58.73873962
    -58.73873962
    -58.73873962
    -58.73873962
    -58.73873962
    -58.73873962
    -58.73873962
    -58.73873962
    -58.73873962
     78.52785100
     78.52785100
     78.52785100
     78.52785100
     78.52785100
     78.52785100
     81.12021413
     81.12021413
     81.12021413
     81.12021413
     81.12021413
     81.12021413
     81.12021413
     85.36350759
     85.36350759
     85.36350759
     85.36350759
     85.36350759
     85.36350759
     85.36350759
     85.36350759
     85.36350759
     84.98367666
     85.45768222
     85.45768222
     85.45768222
     85.45768222
     85.45768222
     85.45768222
     85.45768222
     85.45768222
     85.45768222
     85.45768222
     85.45768222
     85.45768222
     85.39129069
     85.39129069
     85.39129069
     85.50807793
     85.50807793
     85.50807793
     85.50807793
     85.50807793
     85.50807793
     85.50807793
     85.50807793
     85.50807793
     85.50807793
     85.50807793
     85.50807793
     23.34596341
     23.34596341
     23.34596341
     23.34596341
     23.34596341
     23.34596341
     23.34596341
     23.34596341
     23.34596341
     23.34596341
     62.80239971
     62.80239971
     62.80239971
     84.30432028
     84.30432028
     84.73121026
     84.73121026
     84.73121026
     84.73121026
     84.73121026
     84.45861479
     84.45861479
     84.45861479
     84.45861479
     84.45861479
     84.45861479
     84.45861479
     84.45861479
     85.62799652
     85.62799652
     85.62799652
     85.62799652
     85.62799652
     85.62799652
     85.75870881
     85.75870881
     85.75870881
     85.75870881
     85.75870881
     84.37616711
     84.37616711
     83.93591334
     83.93591334
     83.28456598
     83.28456598
     83.28456598
     83.28456598
     83.28456598
     83.28456598
     83.28456598
     76.67133389
     76.67133389
     76.67133389
     76.67133389
     76.67133389
     76.67133389
     76.67133389
     76.67133389
     76.67133389
     76.67133389
     76.67133389
     76.17775393
     77.84088148
     77.84088148
     77.84088148
     77.84088148
     77.84088148
     79.58032207
     78.61202918
     78.61202918
     78.61202918
     78.66332690
     77.36197115
     77.36197115
     77.36197115
     77.36197115
     77.36197115
     77.36197115
     77.36197115
     77.36197115
     77.36197115
     77.36197115
     78.84218791
     78.84218791
     78.84218791
     78.39625463
     78.39625463
     78.39625463
     78.39625463
     78.39625463
     78.39625463
     78.39625463
     78.39625463
     78.39625463
     78.39625463
     78.39625463
     78.39625463
     78.39625463
     78.39625463
     78.39625463
     16.14278866
     16.14278866
     16.14278866
     16.14278866
     16.14278866
     16.14278866
     16.14278866
     16.14278866
     16.14278866
     16.14278866
     16.14278866
     16.14278866
     16.14278866
     16.14278866
     16.14278866
     16.14278866
     16.14278866
     16.14278866
     16.14278866
     16.14278866
     16.14278866
     16.14278866
     16.14278866
     16.14278866
     16.14278866
     16.14278866
     16.14278866
     16.14278866
     16.14278866
     16.14278866
     16.14278866
     16.14278866
     16.14278866
     16.14278866
     16.14278866
     16.14278866
     16.14278866
     16.14278866
     16.14278866
     16.14278866
     16.14278866
     16.14278866
     16.14278866
     16.14278866
     16.14278866
     16.14278866
     16.14278866
     16.14278866
     16.14278866
     16.14278866
   -334.72214894
   -334.72214894
   -334.72214894
   -334.72214894
   -110.81077473
   -110.81077473
   -110.81077473
   -110.81077473
   -110.81077473
   -110.81077473
   -110.81077473
   -110.81077473
   -110.81077473
   -110.81077473
   -110.81077473
   -110.81077473
   -110.81077473
   -110.81077473
   -106.49209362
   -106.49209362
   -106.49209362
   -106.49209362
   -106.49209362
   -106.49209362
   -106.49209362
   -106.49209362
   -106.49209362
   -106.49209362
   -106.49209362
   -106.49209362
   -106.49209362
   -106.49209362
   -106.49209362
   -106.49209362
   -106.49209362
   -106.49209362
   -106.49209362
   -106.49209362
   -106.49209362
   -106.49209362
   -106.49209362
   -106.49209362
   -106.49209362
   -106.49209362
   -106.49209362
   -106.49209362
   -106.49209362
   -106.49209362
   -106.49209362
   -106.49209362
    -95.21946408
    -95.21946408
    -95.21946408
    -95.21946408
    -95.21946408
    -95.21946408
    -95.21946408
    -95.21946408
    -95.21946408
    -95.21946408
    -95.21946408
    -95.21946408
    -95.21946408
    -95.21946408
    -95.21946408
    -95.21946408
    -95.21946408
    -95.21946408
    -95.21946408
    -95.21946408
    -95.21946408
    -95.21946408
    -95.21946408
    -95.21946408
    -95.21946408
    -95.21946408
    -95.21946408
    -95.21946408
    -95.21946408
    -54.95472419
     62.60482777
     62.60482777
     73.05994575
     73.05994575
     73.05994575
     73.05994575
     73.05994575
     73.05994575
     76.04603934
     76.04603934
     76.04603934
     76.04603934
     76.04603934
     76.04603934
     76.04603934
     76.04603934
     76.04603934
     76.04603934
     85.54684292
     85.80272798
     59.24893467
     59.24893467
     59.24893467
     59.24893467
     59.24893467
     59.24893467
     61.33957669
     61.33957669
     61.33957669
     61.33957669
     61.33957669
     61.33957669
     61.33957669
     61.33957669
     61.33957669
     61.33957669
     61.33957669
     61.33957669
     61.33957669
     61.33957669
     61.33957669
     61.33957669
     61.33957669
     61.33957669
     61.33957669
     61.33957669
     61.33957669
     61.33957669
     61.33957669
     61.33957669
     61.33957669
     61.33957669
     61.33957669
     61.33957669
     61.33957669
     61.33957669
     61.33957669
     61.33957669
     61.33957669
     69.46648577
     69.46648577
     69.46648577
     72.74972306
     71.36891974
     71.36891974
     71.36891974
     71.36891974
     71.36891974
     71.36891974
     71.36891974
   -100.00492735
   -100.00492735
   -100.00492735
   -100.00492735
   -100.00492735
   -100.00492735
   -100.00492735
   -100.00492735
   -100.00492735
   -100.00492735
   -100.00492735
   -100.00492735
   -100.00492735
   -100.00492735
   -100.00492735
   -100.00492735
   -100.00492735
   -100.00492735
   -100.00492735
   -100.00492735
   -100.00492735
   -100.00492735
   -100.00492735
   -100.00492735
   -100.00492735
   -100.00492735
   -100.00492735
   -100.00492735
   -100.00492735
   -100.00492735
   -100.00492735
   -100.00492735
   -100.00492735
   -100.00492735
   -100.00492735
   -100.00492735
   -100.00492735
   -100.00492735
   -100.00492735
   -100.00492735
   -100.00492735
   -100.00492735
   -100.00492735
   -100.00492735
   -100.00492735
   -100.00492735
   -100.00492735
   -100.00492735
   -100.00492735
   -100.00492735
     41.68043498
     41.68043498
     41.68043498
     41.68043498
     41.68043498
     41.68043498
     43.10416102
     43.10416102
     43.10416102
     43.10416102
     43.10416102
     43.10416102
     43.10416102
     43.10416102
     43.10416102
     43.10416102
     43.10416102
     43.10416102
     43.10416102
     43.10416102
     43.10416102
     43.10416102
     43.10416102
     43.10416102
     43.10416102
     43.10416102
     43.10416102
     43.10416102
     43.10416102
     43.10416102
     43.10416102
     43.10416102
     46.89556645
     46.89556645
     46.89556645
     46.89556645
     46.89556645
     46.89556645
     46.89556645
     46.89556645
     46.89556645
     46.89556645
     46.89556645
     46.89556645
     46.89556645
     46.89556645
     46.89556645
     46.89556645
     46.89556645
     46.89556645
    -57.55066585
    -57.41572602
    -57.24408610
    -57.24408610
    -57.24408610
    -57.24408610
    -57.24408610
    -57.24408610
    -57.24408610
    -57.24408610
    -57.24408610
     -6.91371435
     15.93598342
     15.93598342
     15.93598342
     15.93598342
     15.93598342
     15.93598342
     15.93598342
     15.93598342
     15.93598342
     15.93598342
     15.93598342
     15.93598342
     15.93598342
     15.93598342
     15.93598342
     15.93598342
     15.93598342
     15.93598342
     15.93598342
     53.71130651
     53.71130651
     52.72701928
     53.48824264
     63.50467950
     63.50467950
     63.50467950
     63.50467950
     63.50467950
     63.50467950
     63.50467950
     63.50467950
     63.50467950
     63.50467950
     63.50467950
     63.50467950
     63.50467950
     63.50467950
     63.50467950
     50.45063084
     50.45063084
     50.45063084
     50.45063084
     50.45063084
     50.45063084
     50.45063084
     50.45063084
     50.45063084
     50.45063084
     50.45063084
     50.45063084
     50.45063084
     50.45063084
     50.45063084
     50.45063084
     50.45063084
     50.45063084
     50.45063084
     50.45063084
     50.45063084
     50.45063084
     50.45063084
     50.45063084
     50.45063084
     50.45063084
     50.45063084
     50.45063084
     50.45063084
     50.45063084
     50.45063084
     50.45063084
     50.45063084
     50.45063084
     50.45063084
     50.45063084
     50.45063084
     50.45063084
     50.29181970
     65.32345428
     65.32345428
     75.63854697
     75.63854697
     75.63854697
     75.63854697
     75.63854697
     75.63854697
     75.63854697
     75.63854697
     75.63854697
     61.27935314
     61.27935314
     61.27935314
     61.27935314
     61.27935314
     61.27935314
     78.49222786
     78.49222786
     78.49222786
     78.49222786
     78.49222786
     78.49222786
     78.49222786
     78.49222786
     78.49222786
     78.49222786
     78.49222786
     78.49222786
     78.49222786
     78.49222786
     78.49222786
     78.49222786
     78.49222786
     78.49222786
     78.49222786
     78.49222786
     78.49222786
     78.49222786
     78.49222786
     78.49222786
     78.49222786
     78.49222786
     78.49222786
     77.85899980
     77.85899980
     77.85899980
     77.85899980
     77.85899980
     77.85899980
     77.85899980
     77.85899980
     77.85899980
     79.87293298
     79.87293298
     79.87293298
     79.87293298
     79.87293298
     79.87293298
     79.87293298
     79.87293298
     31.18418377
     31.18418377
     31.18418377
     31.18418377
     31.18418377
     31.18418377
     31.18418377
     31.18418377
     31.18418377
     31.18418377
     31.18418377
     31.18418377
     31.18418377
     31.18418377
     31.18418377
     31.18418377
     31.18418377
     31.18418377
     31.18418377
     31.18418377
     31.18418377
     31.18418377
     31.18418377
     31.18418377
     31.18418377
     31.18418377
     31.18418377
     31.18418377
     31.18418377
     31.18418377
     31.18418377
     31.18418377
     31.18418377
     31.18418377
     31.18418377
     31.18418377
     31.18418377
     31.18418377
     31.18418377
     31.18418377
     31.18418377
     31.18418377
     31.18418377
     31.18418377
     31.18418377
     31.18418377
     31.18418377
     31.18418377
     31.18418377
     31.18418377
     87.62601900
     87.62601900
     87.62587038
     87.62587038
     87.62587038
     87.62587038
     87.62587038
     87.62587038
     87.62587038
     87.62587038
     87.62587038
     87.62587038
     87.62587038
     87.62587038
     87.62587038
     87.62587038
     87.62587038
     87.62587038
     87.62587038
     87.62587038
     87.62587038
     87.62587038
     87.62587038
     87.62587038
     87.62587038
     87.62587038
     87.62587038
     87.62587038
     87.62587038
     87.62587038
     87.62587038
     87.62587038
     87.62587038
     87.62587038
     87.62587038
     87.62587038
     87.86360093
     87.86360093
     87.86360093
     87.86360093
     87.86360093
     87.86360093
     87.86360093
     87.86360093
     87.86360093
     87.86360093
     87.86360093
     87.86360093
     87.86360093
     87.86360093
