-197.698849,1.92097556808,0.917058889793
-195.927089338,1.91870434697,0.91527351829
-194.155329675,1.91641779864,0.913460407758
-192.383570013,1.91411581965,0.91161906362
-190.61181035,1.91179830586,0.909748980232
-188.840050688,1.90946515244,0.907849640552
-187.068291025,1.90711625385,0.90592051579
-185.296531363,1.90475150382,0.903961065058
-183.524771701,1.90237079539,0.901970734989
-181.753012038,1.89997402087,0.899948959352
-179.981252376,1.89756107183,0.897895158648
-178.209492713,1.89513183911,0.895808739685
-176.437733051,1.89268621284,0.893689095143
-174.665973388,1.89022408237,0.891535603112
-172.894213726,1.88774533634,0.889347626615
-171.122454063,1.8852498626,0.88712451311
-169.350694401,1.88273754828,0.884865593965
-167.578934739,1.88020827973,0.882570183917
-165.807175076,1.87766194253,0.880237580504
-164.035415414,1.87509842149,0.877867063464
-162.263655751,1.87251760065,0.875457894115
-160.491896089,1.86991936327,0.873009314705
-158.720136426,1.86730359181,0.870520547725
-156.948376764,1.86467016794,0.867990795195
-155.176617102,1.86201897253,0.865419237914
-153.404857439,1.85934988566,0.862805034669
-151.633097777,1.85666278658,0.860147321412
-149.861338114,1.85395755374,0.857445210389
-148.089578452,1.85123406477,0.854697789228
-146.317818789,1.84849219646,0.851904119979
-144.546059127,1.84573182479,0.849063238101
-142.774299465,1.84295282488,0.846174151405
-141.002539802,1.84015507102,0.843235838922
-139.23078014,1.83733843665,0.840247249732
-137.459020477,1.83450279436,0.837207301708
-135.687260815,1.83164801587,0.834114880205
-133.915501152,1.82877397205,0.830968836663
-132.14374149,1.82588053288,0.827767987138
-130.371981827,1.82296756747,0.824511110744
-128.600222165,1.82003494406,0.821196948001
-126.828462503,1.81708252998,0.817824199091
-125.05670284,1.81411019167,0.814391521995
-123.284943178,1.81111779468,0.810897530528
-121.513183515,1.80810520364,0.807340792246
-119.741423853,1.80507228227,0.803719826214
-117.96966419,1.80201889338,0.80003310064
-116.197904528,1.79894489884,0.796279030343
-114.426144866,1.7958501596,0.792455974062
-112.654385203,1.79273453565,0.788562231573
-110.882625541,1.78959788607,0.784596040615
-109.110865878,1.78644006896,0.780555573597
-107.339106216,1.78326094146,0.776438934066
-105.567346553,1.78006035978,0.772244152929
-103.795586891,1.77683817913,0.767969184386
-102.023827229,1.77359425374,0.763611901566
-100.252067566,1.77032843688,0.759170091819
-98.4803079037,1.76704058081,0.754641451654
-96.7085482412,1.7637305368,0.750023581264
-94.9367885788,1.76039815511,0.745313978616
-93.1650289164,1.75704328501,0.74051003305
-91.3932692539,1.75366577472,0.73560901834
-89.6215095915,1.75026547147,0.730608085165
-87.8497499291,1.74684222144,0.725504252913
-86.0779902666,1.74339586976,0.720294400759
-84.3062306042,1.73992626055,0.71497525793
-82.5344709417,1.73643323684,0.709543393057
-80.7627112793,1.73291664063,0.703995202517
-78.9909516169,1.72937631284,0.69832689764
-77.2191919544,1.72581209332,0.692534490635
-75.447432292,1.72222382083,0.686613779086
-73.6756726296,1.71861133305,0.680560328825
-71.9039129671,1.71497446658,0.674369454968
-70.1321533047,1.71131305688,0.668036200876
-68.3603936423,1.70762693834,0.661555314734
-66.5886339798,1.7039159442,0.654921223429
-64.8168743174,1.7001799066,0.648128003323
-63.045114655,1.69641865652,0.641169347444
-61.2733549925,1.69263202383,0.634038528572
-59.5015953301,1.68881983723,0.62672835752
-57.7298356677,1.68498192426,0.619231135872
-55.9580760052,1.68111811133,0.611538602202
-54.1863163428,1.67722822364,0.603641870654
-52.4145566804,1.67331208523,0.595531360502
-50.6427970179,1.66936951894,0.587196715003
-48.8710373555,1.66540034643,0.578626707473
-47.0992776931,1.66140438816,0.569809132035
-45.3275180306,1.65738146335,0.560730675822
-43.5557583682,1.65333139002,0.551376768652
-41.7839987058,1.64925398497,0.541731405072
-40.0122390433,1.64514906374,0.531776932274
-38.2404793809,1.64101644066,0.521493795496
-36.4687197184,1.63685592876,0.510860229943
-34.696960056,1.63266733984,0.499851884785
-32.9252003936,1.62845048443,0.488441359864
-31.1534407311,1.62420517178,0.476597628943
-29.3816810687,1.61993120983,0.464285313379
-27.6099214063,1.61562840526,0.451463755762
-25.8381617438,1.61129656342,0.438085821494
-24.0664020814,1.60693548834,0.424096323452
-22.294642419,1.60254498277,0.409429913399
-20.5228827565,1.59812484807,0.39400820068
-18.7511230941,1.59367488431,0.377735720059
-16.9793634317,1.58919489018,0.360494129813
-15.2076037692,1.58468466302,0.342133584033
-13.4358441068,1.58014399881,0.322459384968
-11.6640844444,1.57557269215,0.301210306222
-9.89232478193,1.57097053624,0.278021172209
-8.12056511949,1.5663373229,0.252352918265
-6.34880545706,1.56167284254,0.223346937923
-4.57704579462,1.55697688416,0.189469927498
-2.80528613219,1.55224923533,0.147392201448
-1.03352646975,1.54748968219,0.0857794423238
0.738233192681,1.5348834724,0.0668778495303
2.50999285512,1.51130420714,0.115072678306
4.28175251755,1.48769118537,0.12437815462
6.05351217999,1.46404333892,0.105629835311
7.82527184242,1.44053400256,0.0254851559233
9.59703150485,1.42972806313,0.0974307988067
11.3687911673,1.42052759576,0.122953255993
13.1405508297,1.41128926548,0.119149057309
14.9123104922,1.40201265437,0.082034005128
16.6840701546,1.38731768484,0.0632614938025
18.455829817,1.36386466128,0.114087510802
20.2275894795,1.34037121159,0.124417485591
21.9993491419,1.316836273,0.106741342538
23.7711088043,1.29322190537,0.0305663349874
25.5428684668,1.26447919589,0.0956443851626
27.3146281292,1.23484293823,0.122504936855
29.0863877916,1.20516041795,0.119630872931
30.8581474541,1.17543029234,0.0840236936977
32.6299071165,1.14569821857,0.0593112642806
34.4016667789,1.11600449975,0.113037637975
36.1734264414,1.08625914251,0.124399854831
37.9451861038,1.05646080127,0.107757891047
39.7169457662,1.02690726586,0.0355146163934
41.4887054287,1.09075756789,0.0937306530048
43.2604650911,1.17426288864,0.122070762683
45.0322247535,1.25771920636,0.120255702771
46.803984416,1.3411302963,0.0864051188657
48.5757440784,1.39891268485,0.0558977909135
50.3475037409,1.40007610511,0.112251237993
52.1192634033,1.4012007373,0.124616284969
53.8910230657,1.4022866323,0.109140859205
55.6627827282,1.40330119147,0.0420686028298
57.4345423906,1.37192476507,0.0922660040089
59.206302053,1.33205793919,0.121751744174
60.9780617155,1.29214924835,0.120758682872
62.7498213779,1.25219688723,0.0882637454298
64.5215810403,1.23190866311,0.0512884629727
66.2933407028,1.26319523681,0.111145983824
68.0651003652,1.29443683083,0.124595236809
69.8368600276,1.32563485805,0.110193965057
71.6086196901,1.35679072885,0.0470321511919
73.3803793525,1.38789937503,0.0903894611369
75.1521390149,1.41896662118,0.121334275001
76.9238986774,1.4499959338,0.12136494803
78.6956583398,1.48098871654,0.0905129216891
80.4674180022,1.51844920803,0.0473544547356
82.2391776647,1.57631589703,0.110327045235
84.0109373271,1.63415465373,0.124786633115
85.7826969895,1.69196521122,0.111530300183
87.554456652,1.74975018392,0.0526631047027
89.3262163144,1.76897752223,0.0889239488643
91.0979759768,1.77346964876,0.121085355957
92.8697356393,1.77793987819,0.122036205193
94.6414953017,1.78238841272,0.0927417185715
96.4132549642,1.78794956536,0.0433816344897
98.1850146266,1.79783134272,0.109486607233
99.956774289,1.80769670573,0.124877627609
101.728533951,1.81754171994,0.112612005243
103.500293614,1.8273668307,0.0569904870436
105.272053276,1.84324913973,0.0870250425338
107.043812939,1.86186077331,0.120639146692
108.815572601,1.88045450828,0.122554469108
110.587332264,1.89903118574,0.0947144385153
112.359091926,1.90588939124,0.0388917842585
114.130851588,1.85723609566,0.108490148964
115.902611251,1.80838706013,0.124828920844
117.674370913,1.75951770702,0.113468707189
119.446130576,1.71062582566,0.0604010486124
121.217890238,1.72176499487,0.0847026309918
122.989649901,1.76472153434,0.119993608362
124.761409563,1.80765578097,0.122889863175
126.533169226,1.85056967694,0.0963588099532
128.304928888,1.88441580406,0.0335200798734
130.07668855,1.86402344076,0.107306195545
131.848448213,1.84322003966,0.124757139855
133.620207875,1.8223978967,0.114444309339
135.391967538,1.80155606997,0.0641376739423
137.1637272,1.76494531774,0.0826347586781
138.935486863,1.71859535121,0.119400457001
140.707246525,1.67222100526,0.123111437806
142.479006187,1.62582018208,0.0976142261505
144.25076585,1.58103212492,0.0263634704758
146.022525512,1.54894172246,0.10574850761
147.794285175,1.51699350874,0.124397464474
149.566044837,1.48501179588,0.115008330149
151.3378045,1.45299513712,0.0666250751139
153.109564162,1.42934112764,0.0797292197839
154.881323824,1.41164899531,0.118522308053
156.653083487,1.39391859843,0.123253753152
158.424843149,1.37614913494,0.0989383947809
160.196602812,1.35661667247,0.0195695573332
161.968362474,1.31923251918,0.104261212963
163.740122137,1.28139495487,0.124105020873
165.511881799,1.2435132338,0.115675636984
167.283641462,1.20558564233,0.069328386355
169.055401124,1.21582410002,0.076939615437
170.827160786,1.26574329104,0.117742828636
172.598920449,1.31561761727,0.123513229632
174.370680111,1.36544933485,0.100480788839
176.142439774,1.40689710592,0.015607657196
177.914199436,1.32916484632,0.112536337607
179.685959099,1.24709320298,0.153730052836
181.457718761,1.16497585119,0.179438972456
183.229478423,1.08280907626,0.195862768909
185.001238086,1.00058916127,0.205245420676
186.772997748,0.918312386887,0.208541125958
188.544757411,0.835975031213,0.206042778392
190.316517073,0.753573369607,0.197530178005
192.088276736,0.671103674526,0.182160406416
193.860036398,0.588562215338,0.157940805021
195.63179606,0.505945258173,0.119604905473
197.403555723,0.424069658433,0.0452875492243
199.175315385,0.369091344662,0.108202183029
200.947075048,0.315242689259,0.12804473908
202.71883471,0.261306171902,0.122238750221
204.490594373,0.207279352707,0.0857205927291
206.262354035,0.139457360293,0.0816406170358
208.034113698,0.056017078908,0.120817318822
209.80587336,-0.0275227908406,0.127848708716
211.577633022,-0.111166027996,0.109137116096
213.349392685,-0.19315716582,0.0412100970999
215.121152347,-0.164681792811,0.105544114942
216.89291201,-0.128718216756,0.127080270987
218.664671672,-0.0928625858136,0.122307588273
220.436431335,-0.0571132780078,0.0869976864732
222.208190997,-0.0493969584121,0.0782536689129
223.979950659,-0.0782417000856,0.119701888952
225.751710322,-0.10719210349,0.12777407265
227.523469984,-0.136249478253,0.110077302113
229.295229647,-0.165233967911,0.043025363303
231.066989309,-0.164418470387,0.103932110588
232.838748972,-0.160763560223,0.126659741054
234.610508634,-0.157218044794,0.122764025373
236.382268296,-0.153781763706,0.0888068440714
238.154027959,-0.127171445318,0.0753434961988
239.925787621,-0.0655522655286,0.118929803957
241.697547284,-0.00403817345102,0.128155098672
243.469306946,0.0573736135722,0.111872016228
245.241066609,0.118623774742,0.0493783240271
247.012826271,0.104812122343,0.103351534334
248.784585934,0.0807122062442,0.126800274425
250.556345596,0.0565138188901,0.123688689176
252.328105258,0.0322158656466,0.0913408195854
254.099864921,-0.018983210742,0.0732760316279
255.871624583,-0.117193661318,0.11821240776
257.643384246,-0.215511535678,0.127925553462
259.415143908,-0.313941281364,0.111991656189
261.186903571,-0.412487350974,0.050050305715
262.958663233,-0.432072719943,0.100506687548
264.730422895,-0.437390019828,0.125682927934
266.502182558,-0.442829228002,0.123482705553
268.27394222,-0.448390590525,0.0919610549757
270.045701883,-0.44496869145,0.0684825294741
271.817461545,-0.423056433195,0.116728490668
273.589221208,-0.401265434832,0.127755354862
275.36098087,-0.379594710619,0.113039882981
277.132740532,-0.358043280251,0.0547234200934
278.904500195,-0.332775541317,0.104971438415
280.676259857,-0.306731138314,0.145567084236
282.44801952,-0.280802733089,0.16790865617
284.219779182,-0.254989152722,0.178971764717
285.991538845,-0.229289229504,0.180840254535
287.763298507,-0.203701800858,0.173811258989
289.53505817,-0.178225709312,0.156690490348
291.306817832,-0.152859802415,0.125406705651
293.078577494,-0.127602932714,0.0611028072106
294.850337157,-0.0978473717201,0.0980756449811
296.622096819,-0.0668677109466,0.125412130753
298.393856482,-0.0359931974029,0.125074514702
300.165616144,-0.00522243442454,0.0967735082551
301.937375807,0.0242779047758,0.0641184199088
303.709135469,0.0503237009584,0.115774786728
305.480895131,0.0762696512373,0.128551177851
307.252654794,0.102116929291,0.116088538938
309.024414456,0.127866704368,0.0652432387063
310.796174119,0.163354424577,0.102668500494
312.567933781,0.202188535162,0.144462308097
314.339693444,0.240929669646,0.167484652234
316.111453106,0.279579580522,0.179129482031
317.883212768,0.318140016184,0.181600871715
319.654972431,0.356612720956,0.175287723113
321.426732093,0.394999435208,0.159146760702
323.198491756,0.433301895408,0.129551597982
324.970251418,0.471521834225,0.0713583571811
326.742011081,0.551237667844,0.0964227336056
328.513770743,0.648214813619,0.125673674967
330.285530406,0.745119159879,0.127311271301
332.057290068,0.841955090217,0.102665866684
333.82904973,0.906613830488,0.0626556023159
335.600809393,0.832655196527,0.11573102343
337.372569055,0.758632106449,0.129562315853
339.144328718,0.684541211737,0.118762410386
340.91608838,0.610379160782,0.0731268336454
342.687848043,0.671400690136,0.0996940442338
344.459607705,0.798785626326,0.143049738554
346.231367367,0.926104574272,0.166937104994
348.00312703,1.05336329341,0.179316899091
349.774886692,1.18056754048,0.182547701075
351.546646355,1.30772306971,0.177131440396
353.318406017,1.43483563316,0.162203112855
355.09016568,1.56191098094,0.134631550806
356.861925342,1.68895486147,0.0825922528192
358.633685004,1.66222319564,0.0738237626902
360.405444667,1.58673174274,0.0301403819905
362.177204329,1.76266417905,0.099070206907
363.948963992,1.94074106793,0.0990032944743
365.720723654,2.04695176724,0.0580267963565
367.492483317,1.62055320396,0.0587807500566
369.264242979,1.6210701204,0.07891417694
371.036002642,1.89523147612,0.104826087894
372.807762304,2.1693764428,0.0815506496723
374.579521966,2.02541621147,0.0748475053872
376.351281629,1.65355803315,0.0253724501026
378.123041291,1.69980578115,0.10551955497
379.894800954,1.75260743174,0.124514479814
381.666560616,1.8053862415,0.115546504755
383.438320279,1.85814459793,0.0683769271029
385.210079941,1.85770594538,0.0798968235482
386.981839603,1.81787204213,0.118702342222
388.753599266,1.77801825037,0.123604512194
390.525358928,1.73814276726,0.0997356781943
392.297118591,1.70461258278,0.0212380846704
394.068878253,1.74217141374,0.104326593544
395.840637916,1.78155275018,0.124380427931
397.612397578,1.82091255516,0.116351162558
399.38415724,1.86025260917,0.0713091501616
401.155916903,1.90485125575,0.0774032011125
402.927676565,1.95393833793,0.118082710203
404.699436228,2.00301168672,0.124057826963
406.47119589,2.05207352205,0.101646304834
408.242955553,2.1021452998,0.0214500159573
410.014715215,2.16808806134,0.103448135119
411.786474878,2.23466153011,0.124531520204
413.55823454,2.30123396439,0.117608610555
415.329994202,2.36780837568,0.0753144779697
417.101753865,2.41555080842,0.0759890965182
418.873513527,2.44479115491,0.117878078748
420.64527319,2.47403997241,0.124704761334
422.417032852,2.50329858403,0.103647241134
424.188792515,2.53056067927,0.0249797031781
425.960552177,2.51238757579,0.102614381924
427.732311839,2.49155872721,0.12454319334
429.504071502,2.47074046523,0.118446144912
431.275831164,2.44993184812,0.0780057049966
433.047590827,2.43899393154,0.0733892731109
434.819350489,2.43921665328,0.117148993064
436.591110152,2.43944759385,0.124879562834
438.362869814,2.43968676372,0.104877928455
440.134629476,2.439772401,0.0262287153897
441.906389139,2.4343019536,0.101062995767
443.678148801,2.42837926477,0.124229238508
445.449908464,2.42246430453,0.119101909163
447.221668126,2.41655680532,0.0804399562036
448.993427789,2.43641878328,0.07053358174
450.765187451,2.48985783847,0.116406935797
452.536947114,2.54330740331,0.125178617979
454.308706776,2.59676989567,0.10645517692
456.080466438,2.65019619869,0.0314937105662
457.852226101,2.70077319074,0.0999577213179
459.623985763,2.75104869266,0.124241859566
461.395745426,2.80134651957,0.120193962744
463.167505088,2.85166894675,0.0838034250346
464.939264751,2.87920529268,0.0688911326809
466.711024413,2.87242452663,0.116092456549
468.482784075,2.86567157617,0.125639227641
470.254543738,2.8589461358,0.108026278787
472.0263034,2.8525441246,0.0371111268433
473.798063063,2.87538617962,0.0987743326265
475.569822725,2.90255672441,0.124102520332
477.341582388,2.92975644785,0.120950345497
479.11334205,2.95698658035,0.0862489453955
480.885101712,2.97096249052,0.0661375558358
482.656861375,2.96176032832,0.115394585266
484.428621037,2.95259002292,0.125884543193
486.2003807,2.94345115948,0.109396791495
487.972140362,2.93442197298,0.0423518647899
489.743900025,2.94127445815,0.0974241401067
491.515659687,2.95113956285,0.123865323937
493.28741935,2.96103604391,0.121598399852
495.059179012,2.970964349,0.0884421817096
496.830938674,2.97813376207,0.0629959981399
498.602698337,2.97964182457,0.114571672798
500.374457999,2.98118255276,0.12601131654
502.146217662,2.98275601634,0.110569185794
503.917977324,2.98434540166,0.0469976753492
505.689736987,2.97710358965,0.0958247120724
507.461496649,2.96780926705,0.123478382549
509.233256311,2.95854707488,0.122073978346
511.005015974,2.94931659416,0.0902648809905
512.776775636,2.94827666048,0.0591346549553
514.548535299,2.96687476009,0.113558641586
516.320294961,2.98550494787,0.126040950356
518.092054624,3.00416806656,0.111667886382
519.863814286,3.02286886231,0.0515230245323
521.635573948,3.05037434541,0.0941803348903
523.407333611,3.08044881071,0.123152101685
525.179093273,3.11056050184,0.122742601098
526.950852936,3.14071078094,0.0925626014381
528.722612598,3.17686287624,0.0560907466643
530.494372261,3.23013206825,0.112907035358
532.266131923,3.28344560884,0.126393049412
534.037891586,3.33680555809,0.1132605536
535.809651248,3.39021366313,0.0574986512067
537.58141091,3.41131950076,0.0995023559817
539.353170573,3.42118152647,0.146554608603
541.124930235,3.43109619152,0.175238474377
542.896689898,3.44106394439,0.193889653765
544.66844956,3.45108523601,0.205264521708
546.440209223,3.46116051969,0.210547672907
548.211968885,3.4712902512,0.210199884458
549.983728547,3.48147488877,0.20419232104
551.75548821,3.49171489313,0.191993254407
553.527247872,3.50201072748,0.172289971235
555.299007535,3.51236285759,0.14198760002
557.070767197,3.52277175172,0.0910473482623
558.84252686,3.41280799484,0.107616055978
560.614286522,3.25052602076,0.131648507427
562.386046184,3.08828896619,0.13200098804
564.157805847,2.9260894921,0.108903747996
565.929565509,2.78566404649,0.0728498382351
567.701325172,2.74473053297,0.119949976039
569.473084834,2.70381905861,0.133026465448
571.244844497,2.66292777273,0.123417295328
573.016604159,2.62205482557,0.0836356125628
574.788363822,2.61532894789,0.101455985015
576.560123484,2.626057503,0.129083355209
578.331883146,2.63680272894,0.131377061513
580.103642809,2.64756511179,0.10993490845
581.875402471,2.65896413644,0.0699425685051
583.647162134,2.67405211425,0.119145437194
585.418921796,2.689158934,0.133235304093
587.190681459,2.70428527907,0.124742292338
588.962441121,2.7194318337,0.0873053175357
590.734200783,2.62970065664,0.100772886009
592.505960446,2.47751683036,0.128645206372
594.277720108,2.32534295548,0.130903721345
596.049479771,2.17317214821,0.109150657549
597.821239433,2.0382940776,0.0618665096534
599.592999096,2.04195985615,0.116144848124
601.364758758,2.04586480531,0.131585297232
603.13651842,2.04976017951,0.123539248739
604.908278083,2.05364615497,0.0856213810999
606.680037745,2.07184248214,0.0960634012219
608.451797408,2.09991286332,0.126862850182
610.22355707,2.12797611447,0.130735836139
611.995316733,2.15603350509,0.11055037705
613.767076395,2.19689376896,0.0603614582489
615.538836058,2.38053516705,0.115696834719
617.31059572,2.56536846774,0.132448282058
619.082355382,2.75021569392,0.126164625581
620.854115045,2.9350852074,0.0922516097508
622.625874707,3.00851714034,0.0982821660644
624.39763437,2.99317672834,0.128445881708
626.169394032,2.9778695943,0.132733182526
627.941153695,2.96259504578,0.114100159642
629.712913357,2.95176911749,0.064590393945
631.484673019,3.01264678023,0.116659471048
633.256432682,3.07495092935,0.133483073518
635.028192344,3.1372920556,0.12781729884
636.799952007,3.19967297905,0.0957484057227
638.571711669,3.26050499149,0.0980434265337
640.343471332,3.31992202378,0.128926744838
642.115230994,3.3793871148,0.134181386302
643.886990656,3.43890295452,0.117304647563
645.658750319,3.49557639231,0.0693766100298
647.430509981,3.47898477195,0.117571424553
649.202269644,3.45986372389,0.13430603678
650.974029306,3.44079706499,0.128974983349
652.745788969,3.42178393276,0.0980412685726
654.517548631,3.33464007789,0.0965477598732
656.289308294,3.17555037102,0.128057626274
658.061067956,3.01650219201,0.133356768171
659.832827618,2.85748834613,0.116092792662
661.604587281,2.70235632569,0.0633810091814
663.376346943,2.71805913334,0.1139095987
665.148106606,2.74337580594,0.132398511734
666.919866268,2.76871445642,0.127791261
668.691625931,2.79407623101,0.0968447272622
670.463385593,2.77528708291,0.091597288192
672.235145255,2.70281540508,0.126006953787
674.006904918,2.63036387035,0.132638338645
675.77866458,2.55792920125,0.116343899661
677.550424243,2.48669533165,0.0628605330198
679.322183905,2.52952196282,0.112079712471
681.093943568,2.58180548608,0.131811464563
682.86570323,2.63410367839,0.128097645876
684.637462892,2.6864189055,0.0983154176812
686.409222555,2.78319162814,0.0893957776899
688.180982217,2.94231359639,0.125790125896
689.95274188,3.10146654175,0.134077637458
691.724501542,3.2606576637,0.120220489298
693.496261205,3.41949550993,0.0728976613915
695.268020867,3.4388382219,0.114477687858
697.039780529,3.44201402347,0.133860929066
698.811540192,3.44524340676,0.130895315901
700.583299854,3.44852651785,0.10367982025
702.355059517,3.42718589126,0.0916540833125
704.126819179,3.36582856657,0.126772412174
705.898578842,3.30452137725,0.134563662633
707.670338504,3.24326154997,0.120454322712
709.442098167,3.18204701091,0.0726394203622
711.213857829,3.17113300521,0.111802679382
712.985617491,3.16819954266,0.132317052201
714.757377154,3.16530727547,0.129639161744
716.529136816,3.16245607279,0.101957059826
718.300896479,3.03279092642,0.0738934872586
720.072656141,2.66492771638,0.0395588263306
721.844415804,2.6676485606,0.0916311857359
723.616175466,2.74423926191,0.104992617783
725.387935128,2.82085198017,0.0687106061937
727.159694791,2.65686593677,0.0737804761681
728.931454453,2.53041793982,0.0591051289494
730.703214116,2.58939989271,0.103516285038
732.474973778,2.64839685818,0.0945773504856
734.246733441,2.68098617177,0.0701472478154
736.018493103,2.65511383894,0.0439947420242
737.790252765,2.68020093651,0.0947060174332
739.562012428,2.71794082275,0.123043727916
741.33377209,2.75570153629,0.12196107756
743.105531753,2.79348478528,0.0904069583702
744.877291415,2.82431487757,0.0575823333981
746.649051078,2.83767310996,0.113111669793
748.42081074,2.8510575859,0.12589760997
750.192570403,2.86446891086,0.111732507113
751.964330065,2.87790576421,0.051971795183
753.736089727,2.88410037818,0.0934561818309
755.50784939,2.88811836236,0.122856832635
757.279609052,2.89216487205,0.122627612319
759.051368715,2.8962400903,0.0925485692727
760.823128377,2.89258285846,0.0540720124659
762.59488804,2.865677456,0.112239163743
764.366647702,2.83879809862,0.125892935591
766.138407364,2.81194503569,0.11259343742
767.910167027,2.78511708211,0.0555146440661
769.681926689,2.76717462099,0.0913201373612
771.453686352,2.75249213162,0.122214806722
773.225446014,2.73783203253,0.122885078232
774.997205677,2.72319366054,0.093980038433
776.768965339,2.70801482389,0.0489180586104
778.540725001,2.69081303962,0.110945225475
780.312484664,2.67362944597,0.12569102426
782.084244326,2.65646467513,0.11334374959
783.856003989,2.63931795063,0.0587709535154
785.627763651,2.6174188782,0.0890392065491
787.399523314,2.59346622656,0.12149974472
789.171282976,2.56952877145,0.123053553065
790.943042639,2.54560543002,0.0952261304779
792.714802301,2.52476947638,0.0429563803305
794.486561963,2.51774173812,0.109510127793
796.258321626,2.51076024659,0.125448337694
798.030081288,2.50379021027,0.114119422685
799.801840951,2.49683131387,0.0620471482184
801.573600613,2.50963071058,0.086815287391
803.345360276,2.53251142884,0.120923402132
805.117119938,2.55540458625,0.123517308454
806.8888796,2.57831121841,0.0971554309818
808.660639263,2.60607504181,0.0390976847416
810.432398925,2.66116654946,0.108603992498
812.204158588,2.71644119164,0.125559175218
813.97591825,2.77173659329,0.115310572517
815.747677913,2.82705525575,0.0662468524711
817.519437575,2.86169964543,0.0852630512318
819.291197237,2.88406724164,0.120680919661
821.0629569,2.90646318011,0.124259537996
822.834716562,2.92888847393,0.0994966921721
824.606476225,2.94744486482,0.0374463429625
826.378235887,2.93775397356,0.108023797036
828.14999555,2.92775939593,0.12576080233
829.921755212,2.91779513702,0.11641806678
831.693514875,2.90786074608,0.0698633804144
833.465274537,2.89298472445,0.0834131315802
835.237034199,2.87471292312,0.120147374866
837.008793862,2.85646904088,0.12446281057
838.780553524,2.83825225245,0.100621767584
840.552313187,2.81978533312,0.0319004458206
842.324072849,2.79869314715,0.106430845246
844.095832512,2.77757132089,0.125391138735
845.867592174,2.75647301938,0.116996653576
847.639351836,2.73539728824,0.0722702875787
849.411111499,2.71679944762,0.0806966728531
851.182871161,2.70017579413,0.119312186571
852.954630824,2.68357216431,0.124581397959
854.726390486,2.66698780708,0.101821245866
856.498150149,2.64862677886,0.0276387878868
858.269909811,2.60672558073,0.104880958076
860.041669473,2.56407595857,0.124982387728
861.813429136,2.52144020342,0.117420175488
863.585188798,2.4788163866,0.0741645790164
865.356948461,2.45179630149,0.0774432222639
867.128708123,2.43906851006,0.118274226286
868.900467786,2.42634893076,0.124553810319
870.672227448,2.41363698821,0.102821718415
872.443987111,2.39992357398,0.0238566176942
874.215746773,2.36737146054,0.103142306133
875.987506435,2.33390683944,0.124526106635
877.759266098,2.30044567334,0.117890298855
879.53102576,2.2669864486,0.0762375119514
881.302785423,2.24410965014,0.074235454577
883.074545085,2.23238629012,0.117298859302
884.846304748,2.22066179269,0.124584256686
886.61806441,2.20893562748,0.103912778067
888.389824072,2.19721469451,0.0230281734828
890.161583735,2.18569703134,0.101462613484
891.933343397,2.17419054465,0.124139060275
893.70510306,2.162680288,0.11847690646
895.476862722,2.15116574069,0.0785698835301
897.248622385,2.21161871451,0.073930839973
899.020382047,2.35941430374,0.133545355867
900.792141709,2.50721450184,0.166894674779
902.563901372,2.65502599476,0.188483403205
904.335661034,2.80285546895,0.202119352792
906.107420697,2.95070961165,0.209364549787
907.879180359,3.09859511126,0.210880009819
909.650940022,3.24651865758,0.206792019947
911.422699684,3.39448694212,0.196750828888
913.194459347,3.54250665843,0.179759541601
914.966219009,3.69058450237,0.15352392096
916.737978671,3.83872717243,0.111703227411
918.509738334,3.93747369617,0.0967943557409
920.281497996,3.96435762044,0.129351355735
922.053257659,3.99131875534,0.13641966294
923.825017321,4.01835832049,0.122495472736
925.596776984,4.04547554083,0.0771497202516
927.368536646,4.07149387528,0.116042909157
929.140296308,4.0974458321,0.135122071367
930.912055971,4.12348101997,0.132494653033
932.683815633,4.14960061662,0.106566440636
934.455575296,4.12738576727,0.0942721614922
936.227334958,4.02364351646,0.128264848731
937.999094621,3.91998115814,0.135988537528
939.770854283,3.81639400302,0.122517927281
941.542613945,3.71287736519,0.0774888496262
943.314373608,3.76155132341,0.113831034692
945.08613327,3.83612913246,0.134258272607
946.857892933,3.91077835154,0.132511429902
948.629652595,3.98550235752,0.107514678118
950.401412258,4.0407037896,0.0917499059779
952.17317192,4.05747228044,0.127476556076
953.944931583,4.07432219407,0.136283714407
955.716691245,4.09125429272,0.124045963153
957.488450907,4.10826934233,0.0818055399331
959.26021057,4.09347209426,0.113529865064
961.031970232,4.07174387126,0.134404259859
962.803729895,4.05009771665,0.13316548823
964.575489557,4.02853265123,0.109062353025
966.34724922,4.03155025465,0.0898140713845
968.119008882,4.09122794148,0.126883510022
969.890768544,4.15098857808,0.13651996325
971.662528207,4.2108348678,0.125227203369
973.434287869,4.27076951788,0.0850373244916
975.206047532,4.31143291655,0.112853733019
976.977807194,4.34687522788,0.13457832012
978.749566857,4.38241205354,0.13425115282
980.521326519,4.41804500107,0.111678523018
982.293086181,4.44531486477,0.0895875880679
984.064845844,4.44946817394,0.127123643301
985.836605506,4.45372063835,0.137340508223
987.608365169,4.45807245038,0.127013418162
989.380124831,4.46252380687,0.0892743315938
991.151884494,4.52145705519,0.112935747707
992.923644156,4.59866258573,0.135242916266
994.695403819,4.67597402052,0.1358097906
996.467163481,4.75339485685,0.114958555061
998.238923143,4.81419598794,0.090562657466
1000.01068281,4.81972723171,0.12787838664
1001.78244247,4.82537437988,0.138387885974
1003.55420213,4.83113768793,0.128829643023
1005.32596179,4.83701741654,0.0932203272766
1007.09772146,4.82166166064,0.112803138989
1008.86948112,4.79788895835,0.135275367619
1010.64124078,4.77423117259,0.136017694063
1012.41300044,4.75068723316,0.11545019986
1014.18476011,4.74204531348,0.0870685759021
1015.95651977,4.79382507602,0.126659809839
1017.72827943,4.84571957125,0.13841165035
1019.50003909,4.89773114668,0.130102779167
1021.27179876,4.94986215514,0.0966909939403
1023.04355842,4.93484365465,0.11265030256
1024.81531808,4.88819949333,0.135537455213
1026.58707774,4.84167433384,0.13680880927
1028.3588374,4.79526607157,0.117170384077
1030.13059707,4.73359499396,0.0855721453557
1031.90235673,4.59239617697,0.125731192067
1033.67411639,4.45130298075,0.137351135746
1035.44587605,4.31030902278,0.128429555451
1037.21763572,4.16940792501,0.0932435105907
1038.98939538,3.97390646644,0.106878036022
1040.76115504,3.74829137326,0.131894139841
1042.5329147,3.52274371666,0.13332392808
1044.30467437,3.2972532937,0.112074083636
1046.07643403,3.095437387,0.0708671994209
1047.84819369,3.05599034597,0.119578772841
1049.61995335,3.01662947038,0.13369645541
1051.39171302,2.97730293366,0.125471260534
1053.16347268,2.93800895684,0.0889020937863
1054.93523234,2.90206374217,0.100465755926
1056.706992,2.86827604275,0.12903002886
1058.47875167,2.83451597124,0.132174959352
1060.25051133,2.80078200046,0.112062176284
1062.02227099,2.78309864827,0.0663042248388
1063.79403065,2.91621448428,0.11801934555
1065.56579032,3.05003469905,0.133692588697
1067.33754998,3.18389076383,0.127003026678
1069.10930964,3.31778873378,0.0932546615524
1070.8810693,3.34198964471,0.100774365938
1072.65282897,3.28483173159,0.12937180433
1074.42458863,3.22772028983,0.132753787464
1076.19634829,3.17065273592,0.11320400272
1077.96810795,3.13667002831,0.0620494225815
1079.73986762,3.41055948839,0.0676838083134
1081.51162728,3.45223770423,0.0797503744782
1083.28338694,3.29921258227,0.10668004908
1085.0551466,3.14623458221,0.0872497261124
1086.82690627,3.15084136979,0.077040095708
1088.59866593,3.27581954555,0.0325769107997
1090.37042559,3.19528166506,0.0989805865925
1092.14218525,3.10737146937,0.102990149566
1093.91394491,3.01891900834,0.0599621335797
1095.68570458,2.91885705457,0.0676244065228
1097.45746424,2.85287006664,0.0778951685705
1099.2292239,2.81950433323,0.118569786186
1101.00098356,2.78616402149,0.124980153378
1102.77274323,2.75284762321,0.103690276381
1104.54450289,2.72043070384,0.0269015243586
1106.31626255,2.70605107201,0.103319757651
1108.08802221,2.69265596658,0.124833149587
1109.85978188,2.67928054465,0.118537177614
1111.63154154,2.66592420118,0.0779611235618
1113.4033012,2.68221334576,0.0747077640808
1115.17506086,2.73086711165,0.11764950526
1116.94682053,2.77954228958,0.125160782999
1118.71858019,2.82824108143,0.105133375135
1120.49033985,2.87416476514,0.0289988800472
1122.26209951,2.83377501369,0.102057155171
1124.03385918,2.78683181109,0.124654867702
1125.80561884,2.73991255218,0.119280789605
1127.5773785,2.69301511448,0.0805148302665
1129.34913816,2.66825199366,0.0720417610862
1131.12089783,2.67131498318,0.116889367107
1132.89265749,2.67439669081,0.125281621841
1134.66441715,2.67749725597,0.106242481972
1136.43617681,2.6810169492,0.0309149901759
1138.20793648,2.7041532694,0.100398517262
1139.97969614,2.7293533106,0.124312105968
1141.7514558,2.75457469535,0.119959744194
1143.52321546,2.77981856459,0.0830071774181
1145.29497513,2.79628724091,0.0693316220239
1147.06673479,2.80000760272,0.116184736375
1148.83849445,2.80375250423,0.125539916617
1150.61025411,2.80752211483,0.107663438993
1152.38201378,2.81111072079,0.0358104346027
1154.15377344,2.79731508433,0.0990800071143
1155.9255331,2.78114322733,0.124072512622
1157.69729276,2.76499505668,0.120579599184
1159.46905242,2.74886984188,0.085164823929
1161.24081209,2.74981702314,0.0661304601394
1163.01257175,2.7794710943,0.115313834306
1164.78433141,2.80914877616,0.125661182504
1166.55609107,2.83885141123,0.108876288326
1168.32785074,2.86838706847,0.0403694367355
1170.0996104,2.86593407197,0.097550986243
1171.87137006,2.85783178467,0.123778751132
1173.64312972,2.84975665282,0.121247542031
1175.41488939,2.84170831113,0.0874953961149
1177.18664905,2.82336880418,0.0631425550206
1178.95840871,2.78482172826,0.114505060901
1180.73016837,2.74629850509,0.125707252093
1182.50192804,2.70779739202,0.109818859659
1184.2736877,2.66939182421,0.0440600850084
1186.04544736,2.66109344711,0.0955959490414
1187.81720702,2.65951855575,0.123222990132
1189.58896669,2.65796184888,0.121606207031
1191.36072635,2.65642325608,0.089168417739
1193.13248601,2.66764574523,0.0589847685814
1194.90424567,2.70825161119,0.113432791538
1196.67600534,2.74887786614,0.125789277556
1198.447765,2.78952634787,0.11111962136
1200.21952466,2.83018244268,0.0495499350326
1201.99128432,2.84701409529,0.0942396831605
1203.76304399,2.85731806289,0.123029787041
1205.53480365,2.8676491627,0.122359944331
1207.30656331,2.87800786206,0.0915858644743
1209.07832297,2.88613797977,0.0560423517288
1210.85008264,2.88811856047,0.112739942807
1212.6218423,2.89012764602,0.125939800505
1214.39360196,2.89216534798,0.11221793241
1216.16536162,2.89423436119,0.0539174365379
1217.93712129,2.9376784684,0.0924961690996
1219.70888095,2.99493966237,0.122674906948
1221.48064061,3.05223421405,0.123032284517
1223.25240027,3.10956471523,0.0939094665276
1225.02415994,3.15439214814,0.0530395332832
1226.7959196,3.1579062987,0.112106912593
1228.56767926,3.16145021279,0.126257890015
1230.33943892,3.16503501692,0.113699223519
1232.11119858,3.16866087324,0.0593867870165
1233.88295825,3.15216214277,0.0913765302881
1235.65471791,3.12766223028,0.122485571458
1237.42647757,3.10320167939,0.123560419772
1239.19823723,3.07877938358,0.0956195821868
1240.9699969,3.06445849883,0.0486166407617
1242.74175656,3.09075520225,0.11100709547
1244.51351622,3.11714687054,0.126183187241
1246.28527588,3.14357742475,0.114594419456
1248.05703555,3.1700480605,0.062857959151
1249.82879521,3.16771961223,0.0893826292592
1251.60055487,3.15184947526,0.121955859508
1253.37231453,3.13601979402,0.123969610621
1255.1440742,3.12022985245,0.0973398278808
1256.91583386,3.10750993817,0.0451758253851
1258.68759352,3.11003721156,0.12209114684
1260.45935318,3.11266417161,0.159716467906
1262.23111285,3.1153298148,0.183729864361
1264.00287251,3.11803426171,0.199122272186
1265.77463217,3.12077763468,0.207820752362
1267.54639183,3.12356005781,0.210657686945
1269.3181515,3.12638165697,0.207873716402
1271.08991116,3.12924255978,0.199232821044
1272.86167082,3.13214289569,0.183909569001
1274.63343048,3.13508279587,0.15999205417
1276.40519015,3.13806239333,0.12254147103
1278.17694981,3.15412580538,0.0722066841534
1279.94870947,3.26691973894,0.120323605152
1281.72046913,3.37984647791,0.134686118525
1283.4922288,3.49282398636,0.127206986754
1285.26398846,3.60585737498,0.0927427430927
1287.03574812,3.69160058699,0.102965749502
1288.80750778,3.75920792823,0.13096065982
1290.57926745,3.82688319988,0.134701178154
1292.35102711,3.89462946331,0.116547262116
1294.12278677,3.94795657696,0.0752741207117
1295.89454643,3.85311577219,0.121344632191
1297.66630609,3.75742100659,0.135522689652
1299.43806576,3.66179409055,0.128274409154
1301.20982542,3.56623069828,0.0948047872043
1302.98158508,3.54418333284,0.101351204785
1304.75334474,3.57866932763,0.130323391239
1306.52510441,3.61321508591,0.134619483979
1308.29686407,3.64782217042,0.116991154183
1310.06862373,3.67820665816,0.0724193730949
1311.84038339,3.64567767531,0.11973063552
1313.61214306,3.61219033625,0.134924213463
1315.38390272,3.57876427706,0.128385283574
1317.15566238,3.54539798566,0.0957592111098
1318.92742204,3.56010993662,0.0988663264102
1320.69918171,3.61741968528,0.129469186509
1322.47094137,3.67479095037,0.134790208484
1324.24270103,3.73222632714,0.118292836118
1326.01446069,3.78929710844,0.0725528568564
1327.78622036,3.83674852636,0.119261048531
1329.55798002,3.88397260097,0.135535222726
1331.32973968,3.93127024987,0.130361757492
1333.10149934,3.97864361264,0.100479462751
1334.87325901,4.05779358182,0.100131758162
1336.64501867,4.16934121565,0.13068802901
1338.41677833,4.28097533282,0.136681813509
1340.18853799,4.39270098323,0.12179626687
1341.96029766,4.5013337435,0.0782620048049
1343.73205732,4.48897261281,0.120723022792
1345.50381698,4.47060594249,0.136917063991
1347.27557664,4.4523393836,0.132323330965
1349.04733631,4.43417210985,0.104227486537
1350.81909597,4.39313008472,0.100420626974
1352.59085563,4.32522542646,0.130743375778
1354.36261529,4.25741430316,0.136550347981
1356.13437496,4.18969364729,0.121412869392
1357.90613462,4.12282366487,0.075303613785
1359.67789428,4.1146829319,0.117915713343
1361.44965394,4.11105746292,0.135465991144
1363.2214136,4.10751584072,0.131512013918
1364.99317327,4.10405790511,0.1036197355
1366.76493293,4.12598705837,0.09634281759
1368.53669259,4.18223492931,0.129160431234
1370.30845225,4.23856986684,0.136354263444
1372.08021192,4.29499441935,0.122525461075
1373.85197158,4.35180894444,0.0776898449936
1375.62373124,4.477776585,0.117616010899
1377.3954909,4.61124571499,0.136471550501
1379.16725057,4.74482131846,0.134277723406
1380.93901023,4.87850943786,0.109779266083
1382.71076989,4.93637214356,0.100123752305
1384.48252955,4.87552640289,0.131360635249
1386.25428922,4.81479909078,0.138374658546
1388.02604888,4.75418746014,0.125303220306
1389.79780854,4.69369205864,0.08318967314
1391.5695682,4.64567992935,0.117962829656
1393.34132787,4.59959034005,0.136415061983
1395.11308753,4.55360669697,0.133800389408
1396.88484719,4.50772691998,0.108607212219
1398.65660685,4.44501288416,0.0948446374992
1400.42836652,4.35160292441,0.128776572072
1402.20012618,4.25828769284,0.136763395702
1403.97188584,4.16506296821,0.123928817015
1405.7436455,4.07192453337,0.0809022616245
1407.51540517,3.95231742972,0.11413206599
1409.28716483,3.82762709482,0.134129674159
1411.05892449,3.70300778536,0.131899758018
1412.83068415,3.57845386402,0.106048815035
1414.60244382,3.48701952098,0.0874946160593
1416.37420348,3.46597763614,0.125453610966
1418.14596314,3.44499041704,0.134917192138
1419.9177228,3.4240569143,0.122669777821
1421.68948247,3.40317618096,0.0792067839594
1423.46124213,3.36433779357,0.110611837467
1425.23300179,3.3211085834,0.132573976419
1427.00476145,3.27792748562,0.131436618647
1428.77652112,3.23479254689,0.106461733722
1430.54828078,3.19870023212,0.0838213920763
1432.32004044,3.18023840718,0.123730524309
1434.0918001,3.16181832219,0.133686813632
1435.86355976,3.14343914388,0.121306446668
1437.63531943,3.12510004086,0.0764064199144
1439.40707909,3.3111774988,0.0766571522615
1441.17883875,3.45995773024,0.0570427760062
1442.95059841,3.32411181828,0.10398916765
1444.72235808,3.18830828829,0.0978183344992
1446.49411774,3.12861710143,0.0696170815511
1448.2658774,3.29770714478,0.0536262251731
1450.03763706,3.27156932652,0.0891133484817
1451.80939673,3.17729771241,0.106223864558
1453.58115639,3.08306770523,0.0761409600988
1455.35291605,3.10498630017,0.0764257728573
1457.12467571,3.14579149745,0.0521073677156
1458.89643538,3.10472854128,0.111831322403
1460.66819504,3.06366746755,0.126120179893
1462.4399547,3.02264286052,0.113607038482
1464.21171436,2.98165286439,0.0592155395559
1465.98347403,2.93633179522,0.0902895201021
1467.75523369,2.88922540014,0.122020820987
1469.52699335,2.84214758064,0.123312656611
1471.29875301,2.7950962071,0.0954098861035
1473.07051268,2.7600537639,0.0458252666119
1474.84227234,2.77598515141,0.110237703004
1476.614032,2.79203706453,0.125768372132
1478.38579166,2.80811315678,0.114253056998
1480.15755133,2.8242141554,0.0621295730934
1481.92931099,2.80849398305,0.0879070599398
1483.70107065,2.77718747573,0.121306022144
1485.47283031,2.7459044758,0.123562738792
1487.24458998,2.71464356815,0.0968790452389
1489.01634964,2.6921746444,0.0406306410947
1490.7881093,2.71635479293,0.108971972449
1492.55986896,2.74078705875,0.12561281011
1494.33162863,2.76524118533,0.115090522663
1496.10338829,2.78971827892,0.0653925340889
1497.87514795,2.79360720514,0.0857503865609
1499.64690761,2.78572170228,0.120728225799
1501.41866727,2.77786009287,0.123949512866
1503.19042694,2.77002202129,0.0985789182313
1504.9621866,2.76364649515,0.0364351148901
1506.73394626,2.76707305534,0.107871814581
1508.50570592,2.77062182351,0.125531275157
1510.27746559,2.77419380207,0.115957007316
1512.04922525,2.77778915261,0.0685542816089
1513.82098491,2.77044072586,0.0835596319555
1515.59274457,2.75583056883,0.120121267001
1517.36450424,2.74124295309,0.124261100919
1519.1362639,2.72667721876,0.100087473764
1520.90802356,2.71714412525,0.0321583167031
1522.67978322,2.75231699452,0.106636758653
1524.45154289,2.78831545669,0.12542170264
1526.22330255,2.82433792964,0.116876567547
1527.99506221,2.86038604291,0.0718304204007
1529.76682187,2.88755900058,0.0815346118082
1531.53858154,2.90792835326,0.119657296783
1533.3103412,2.92832712757,0.124789366345
1535.08210086,2.94875624629,0.10203759975
1536.85386052,2.96706388508,0.0312451980747
1538.62562019,2.95937664919,0.105784853357
1540.39737985,2.95096447564,0.125440190728
1542.16913951,2.94258367053,0.117757592853
1543.94089917,2.93423385474,0.0747323543973
1545.71265884,2.92857279246,0.0792323696265
1547.4844185,2.92529271086,0.119007326746
1549.25617816,2.9220428364,0.125024827237
1551.02793782,2.91882302207,0.103360654655
1552.79969749,2.91669698446,0.0291018416655
1554.57145715,2.93272892401,0.104388569505
1556.34321681,2.94959226459,0.125217281515
1558.11497647,2.96648691152,0.118523295792
1559.88673614,2.98341362908,0.0774718682926
1561.6584958,2.99118599528,0.0768315974281
1563.43025546,2.98964168935,0.118350631188
1565.20201512,2.98813050146,0.125291445782
1566.97377478,2.98665236327,0.104769383934
1568.74553445,2.98582240889,0.029619119051
1570.51729411,3.00041432344,0.103090885815
1572.28905377,3.01602768442,0.125081824899
1574.06081343,3.03167535704,0.119419172492
1575.8325731,3.04735804917,0.0804605973646
1577.60433276,3.05624532677,0.0747466023454
1579.37609242,3.05716654866,0.117833986956
1581.14785208,3.05812394317,0.125640099726
1582.91961175,3.05911755363,0.106250444704
1584.69137141,3.06024883158,0.032497295146
1586.46313107,3.0653236134,0.101827450748
1588.23489073,3.07078487282,0.124863674342
1590.0066504,3.0762829209,0.120056651581
1591.77841006,3.08181800637,0.0826837586562
1593.55016972,3.08610643489,0.0718211605112
1595.32192938,3.08869833512,0.117004800814
1597.09368905,3.09132783437,0.12578787099
1598.86544871,3.09399505157,0.107499117135
1600.63720837,3.09689318649,0.0357888114175
1602.40896803,3.11210033152,0.100373692682
1604.1807277,3.12882329797,0.124617424171
1605.95248736,3.14558567854,0.120795589659
1607.72424702,3.1623882315,0.0852110596679
1609.49600668,3.19515004199,0.0692813717456
1611.26776635,3.25281558641,0.116393545353
1613.03952601,3.31052615391,0.126167928023
1614.81128567,3.36828435508,0.109146706145
1616.58304533,3.42504727828,0.0416898714106
1618.354805,3.36053340538,0.107275431005
1620.12656466,3.27703813952,0.15086469615
1621.89832432,3.19358899247,0.177898127235
1623.67008398,3.1101821893,0.195377551604
1625.44184365,3.02681395698,0.205755362391
1627.21360331,2.94348052426,0.210088413249
1628.98536297,2.86017812142,0.208754234453
1630.75712263,2.77690298018,0.201640112821
1632.52888229,2.69365133347,0.188089944383
1634.30064196,2.61041941529,0.166537236298
1636.07240162,2.52720346054,0.133145874038
1637.84416128,2.44399970482,0.0731815179371
1639.61592094,2.39770762057,0.108624745367
1641.38768061,2.35906041084,0.130855962334
1643.15944027,2.32041779396,0.129032196554
1644.93119993,2.28177802191,0.101869152097
1646.70295959,2.27063793746,0.080584380966
1648.47471926,2.3204298611,0.122247611168
1650.24647892,2.3702246301,0.132604684169
1652.01823858,2.420024497,0.120053702787
1653.78999824,2.46983171456,0.0736924181959
1655.56175791,2.45774743418,0.106804316616
1657.33351757,2.42955553918,0.130312938813
1659.10527723,2.40137142599,0.129408446255
1660.87703689,2.37319381965,0.103452266096
1662.64879656,2.37318539263,0.0781587757384
1664.42055622,2.44710840567,0.121542811057
1666.19231588,2.52103999454,0.132822440186
1667.96407554,2.59498350365,0.121312614684
1669.73583521,2.66894227791,0.0774401396742
1671.50759487,2.71625456118,0.106067779651
1673.27935453,2.75508986106,0.130581772221
1675.05111419,2.79394766872,0.130795563416
1676.82287386,2.83282974196,0.106855156684
1678.59463352,2.8521054414,0.0804792920853
1680.36639318,2.80950640188,0.133941060962
1682.13815284,2.76693233174,0.162343988914
1683.90991251,2.72438130511,0.178113806223
1685.68167217,2.68185139712,0.184521139717
1687.45343183,2.63934068387,0.182555636115
1689.22519149,2.59684724234,0.17193000099
1690.99695116,2.55436915028,0.150822625386
1692.76871082,2.51190448614,0.11352508465
1694.54047048,2.4764393052,0.0738326083316
1696.31223014,2.46796736202,0.120138816916
1698.08398981,2.45950493826,0.132717507387
1699.85574947,2.45105165111,0.122448494829
1701.62750913,2.44260711817,0.0810675801357
1703.39926879,2.42995020152,0.10206174598
1705.17102845,2.41538840467,0.128981949416
1706.94278812,2.40083374875,0.130545410303
1708.71454778,2.38628557537,0.107860817915
1710.48630744,2.3635431703,0.0699466343934
1712.2580671,2.30094278683,0.11876678536
1714.02982677,2.2383443672,0.132198873029
1715.80158643,2.17574507967,0.122499468615
1717.57334609,2.1131420925,0.0818158641768
1719.34510575,2.04855600644,0.0992020275228
1721.11686542,1.9829104549,0.127658067044
1722.88862508,1.91725248058,0.129851317005
1724.66038474,1.85157911336,0.107403406838
1726.4321444,1.79305181331,0.0627701819927
1728.20390407,1.78019351929,0.116338701369
1729.97566373,1.76731476989,0.131182621929
1731.74742339,1.75441384495,0.122322371358
1733.51918305,1.74149016089,0.0824374533956
1735.29094272,1.75197667852,0.0962099438091
1737.06270238,1.77692611636,0.126586296594
1738.83446204,1.80185381345,0.129884075861
1740.6062217,1.82676089742,0.10859951363
1742.37798137,1.84143943109,0.0595764625989
1744.14974103,1.76755946473,0.115220828904
1745.92150069,1.69339265746,0.130898138977
1747.69326035,1.6192003307,0.122701351605
1749.46502002,1.54497912825,0.0839008937489
1751.23677968,1.447441125,0.0936105781648
1753.00853934,1.33320447751,0.125389297527
1754.780299,1.21892601693,0.12918193205
1756.55205867,1.10460057372,0.107979636738
1758.32381833,1.00253653398,0.0517584213029
1760.09557799,1.05045962068,0.112401748269
1761.86733765,1.09992719541,0.129711289846
1763.63909732,1.14934240445,0.122436712256
1765.41085698,1.19870748314,0.0844453106557
1767.18261664,1.1854209465,0.0902207571041
1768.9543763,1.12040906908,0.124124485934
1770.72613596,1.05534575249,0.128976906889
1772.49789563,0.990228053487,0.108740382336
1774.26965529,0.927706191671,0.0487672924663
1776.04141495,0.912868236063,0.110784539628
1777.81317461,0.899064256165,0.129165059212
1779.58493428,0.88519882426,0.122616022153
1781.35669394,0.871271313132,0.0855929024759
1783.1284536,0.943459421549,0.0872237466967
1784.90021326,1.09749175967,0.123377922567
1786.67197293,1.25147162191,0.129722866914
1788.44373259,1.40540597377,0.111471986809
1790.21549225,1.5550683761,0.0536572043377
1791.98725191,1.58303418805,0.111261713951
1793.75901158,1.60610492291,0.130001313285
1795.53077124,1.62914618969,0.124297113833
1797.3025309,1.65215903069,0.0895946408474
1799.07429056,1.8317878105,0.0720578762803
1800.84605023,2.16770877636,0.0220397862096
1802.61780989,2.08763725645,0.0951833730198
1804.38956955,1.97842600085,0.101534334235
1806.16132921,1.87289245148,0.0530412925304
1807.93308888,1.96063719983,0.0679839671336
1809.70484854,1.98377740301,0.069076116148
1811.4766082,1.91391473883,0.103805420721
1813.24836786,1.84403653077,0.0871577192943
1815.02012753,1.8655273938,0.0714048949971
1816.79188719,1.99850663848,0.0238725809723
1818.56364685,1.97496465354,0.0996617124471
1820.33540651,1.93626829028,0.123643832943
1822.10716618,1.89755739432,0.118878545931
1823.87892584,1.85883021452,0.0804063528757
1825.6506855,1.84119998011,0.067481154103
1827.42244516,1.85311245122,0.115329916762
1829.19420483,1.86500662797,0.124624550205
1830.96596449,1.8768830484,0.106042331946
1832.73772415,1.88919553253,0.0280202426934
1834.50948381,1.93460625963,0.0979502879047
1836.28124347,1.98427281958,0.12333034954
1838.05300314,2.03392701838,0.119669188654
1839.8247628,2.0835711022,0.0832172860964
1841.59652246,2.1252126387,0.0649721782983
1843.36828212,2.15389115906,0.114761685719
1845.14004179,2.18256499118,0.125008206672
1846.91180145,2.21123543216,0.107667312518
1848.68356111,2.23960693597,0.0352200911226
1850.45532077,2.22704734969,0.0968166098554
1852.22708044,2.20765529259,0.123198154348
1853.9988401,2.18826097934,0.120389017736
1855.77059976,2.16886353261,0.0855600560829
1857.54235942,2.17595955821,0.0617792911099
1859.31411909,2.23302824517,0.113968178665
1861.08587875,2.29009582377,0.125219324014
1862.85763841,2.34716487552,0.109043880334
1864.62939807,2.40391779847,0.041161067129
1866.40115774,2.36063065706,0.0954213590792
1868.1729174,2.29625075959,0.122912118725
1869.94467706,2.23187261372,0.120936901191
1871.71643672,2.16749330719,0.0875224773133
1873.48819639,2.12680793708,0.0578625079233
1875.25995605,2.13852024157,0.112928790137
1877.03171571,2.15022716248,0.125160318891
1878.80347537,2.16192922942,0.109932607199
1880.57523504,2.17362470904,0.0451091883706
1882.3469947,2.18307377439,0.0933829694076
1884.11875436,2.19193369128,0.122403472405
1885.89051402,2.20079064083,0.121478198175
1887.66227369,2.2096450237,0.0896848140362
1889.43403335,2.20527683205,0.0542112463252
1891.20579301,2.16628110406,0.112024163282
1892.97755267,2.12728124802,0.125155737014
1894.74931234,2.08827550001,0.110828961332
1896.521072,2.04927018408,0.04908235587
1898.29283166,2.06759840521,0.0912648375715
1900.06459132,2.1041616061,0.121842216042
1901.83635099,2.14071786916,0.121931746006
1903.60811065,2.17726884808,0.0916228669506
1905.37987031,2.20515105072,0.0499732297214
1907.15162997,2.20579407323,0.111066871929
1908.92338963,2.20643091187,0.125269593312
1910.6951493,2.20706543898,0.112092933405
1912.46690896,2.20769768366,0.054335516828
1914.23866862,2.25985135169,0.0897614254045
1916.01042828,2.33167806195,0.121580440178
1917.78218795,2.4035081264,0.122609699315
1919.55394761,2.47534479437,0.0938677994098
1921.32570727,2.51559821009,0.0464316958657
1923.09746693,2.43490825472,0.110264805599
1924.8692266,2.35410426404,0.125323556264
1926.64098626,2.27330464203,0.113036597062
1928.41274592,2.19250573362,0.0580657641942
1930.18450558,2.17207407504,0.0876195469834
1931.95626525,2.17893977917,0.120929895289
1933.72802491,2.18580192818,0.122804796514
1935.49978457,2.19266083247,0.0951220432887
1937.27154423,2.19971919045,0.0401725169075
1939.0433039,2.20773471043,0.108829020366
1940.81506356,2.21575104982,0.125138287394
1942.58682322,2.2237654993,0.113963654416
1944.35858288,2.2317784214,0.0618679470559
1946.13034255,2.22661527436,0.0856171470555
1947.90210221,2.21446525494,0.120412639992
1949.67386187,2.20231328746,0.123211079613
1951.44562153,2.19015882216,0.0968282915403
1953.2173812,2.18047465627,0.0352555040086
1954.98914086,2.18560716032,0.107687785281
1956.76090052,2.19084390226,0.125053256527
1958.53266018,2.19607762757,0.114862111097
1960.30441985,2.201308573,0.0652777103873
1962.07617951,2.20186977326,0.083444835132
1963.84793917,2.19954867058,0.11982950085
1965.61969883,2.19722494504,0.123566470576
1967.3914585,2.19489849153,0.0984474236499
1969.16321816,2.19760078932,0.0304393602228
1970.93497782,2.23931884421,0.10650381544
1972.70673748,2.28157020453,0.124984384039
1974.47849714,2.32382265233,0.115840866929
1976.25025681,2.36607809898,0.0688236503784
1978.02201647,2.31401206986,0.0854954700146
1979.79377613,2.19457269039,0.138939220829
1981.56553579,2.07513046296,0.170013088319
1983.33729546,1.95567998445,0.190032212783
1985.10905512,1.83621585136,0.202308641442
1986.88081478,1.71673265956,0.208218527662
1988.65257444,1.59722500407,0.208305514767
1990.42433411,1.47768747882,0.202577120181
1992.19609377,1.35811467635,0.190508361447
1993.96785343,1.23850118763,0.170757628057
1995.73961309,1.11884160179,0.140108507194
1997.51137276,0.999130505864,0.0877974401727
1999.28313242,0.958538610339,0.0888915884912
2001.05489208,0.985597076464,0.123694281489
2002.82665174,1.01259800502,0.129051510294
2004.59841141,1.03954261741,0.10938011985
2006.37017107,1.06970837626,0.0498490528451
2008.14193073,1.16551494503,0.111021583827
2009.91369039,1.26302837329,0.129785160602
2011.68545006,1.36049681395,0.123978079478
2013.45720972,1.45792467612,0.0889081225903
2015.22896938,1.5647467367,0.0894838291705
2017.00072904,1.68082006022,0.124633482578
2018.77248871,1.79686729551,0.13098449274
2020.54424837,1.91289369211,0.113481040333
2022.31600803,2.02544449859,0.0586236449057
2024.08776769,2.02421581641,0.112706094675
2025.85952736,2.0178525732,0.131142704855
2027.63128702,2.01147848787,0.125794525362
2029.40304668,2.00509327208,0.0926281590658
2031.17480634,1.99371214084,0.0890584996852
2032.94656601,1.97667240689,0.124595818013
2034.71832567,1.95961996798,0.131271501296
2036.49008533,1.94255405271,0.114262824223
2038.26184499,1.92453438156,0.0581317364778
2040.03360465,1.84744148882,0.110990890063
2041.80536432,1.76627196264,0.130491732423
2043.57712398,1.68508021374,0.125813348837
2045.34888364,1.60386256932,0.0933888657624
2047.1206433,1.53614493799,0.0855928033226
2048.89240297,1.48605567329,0.123083883274
2050.66416263,1.43593150993,0.130407304692
2052.43592229,1.38577018046,0.113559377777
2054.20768195,1.33636398237,0.054441114447
2055.97944162,1.4180853853,0.107839858692
2057.75120128,1.51270145007,0.129444560459
2059.52296094,1.60728382152,0.126197686074
2061.2947206,1.70183677823,0.0955990070231
2063.06648027,1.74262580974,0.0839136592392
2064.83823993,1.7023386086,0.122714734866
2066.60999959,1.66202629265,0.130922354926
2068.38175925,1.62168703829,0.115269898473
2070.15351892,1.58131223561,0.0593024439488
2071.92527858,1.53271241527,0.1071249641
2073.69703824,1.48296579956,0.129143788351
2075.4687979,1.43318414542,0.126117643476
2077.24055757,1.3833652009,0.0956987144036
2079.01231723,1.36325337411,0.0792465244233
2080.78407689,1.39516715443,0.121069391192
2082.55583655,1.42704192462,0.130616108941
2084.32759622,1.45887912657,0.116141111165
2086.09935588,1.49068020049,0.0627831230242
2087.87111554,1.44455588553,0.105724874031
2089.6428752,1.38422187544,0.12870479422
2091.41463487,1.32384836009,0.126339547095
2093.18639453,1.26343260841,0.0967879700604
2094.95815419,1.22931204564,0.075666754409
2096.72991385,1.24898574614,0.119851192036
2098.50167352,1.2686138238,0.130393665999
2100.27343318,1.28819716652,0.116792700107
2102.04519284,1.30773666018,0.0654047390448
2103.8169525,1.3074615825,0.104000693783
2105.58871217,1.3025346956,0.128365229878
2107.36047183,1.29756460821,0.127119960141
2109.13223149,1.29255109552,0.0993058045304
2110.90399115,1.28263570682,0.0742459867487
2112.67575081,1.26097708203,0.119451623451
2114.44751048,1.23927337684,0.130507117998
2116.21927014,1.21752360947,0.117487101805
2117.9910298,1.19572679602,0.067686334024
2119.76278946,1.17168979308,0.101991761103
2121.53454913,1.14697043308,0.127630020472
2123.30630879,1.12220083545,0.127140917675
2125.07806845,1.09737987969,0.100142245082
2126.84982811,1.0956677722,0.0700529256646
2128.62158778,1.16039890638,0.118118291748
2130.39334744,1.22508041037,0.130332871827
2132.1651071,1.28971521013,0.118372891404
2133.93686676,1.3543062295,0.0709072946667
2135.70862643,1.31135596019,0.10050475748
2137.48038609,1.23074756926,0.12719532573
2139.25214575,1.15009273046,0.127427908071
2141.02390541,1.06938779526,0.101384809493
2142.79566508,1.01615829615,0.0662760456369
2144.56742474,1.05865937793,0.116968753189
2146.3391844,1.10110622719,0.130194520601
2148.11094406,1.14350076408,0.119163239484
2149.88270373,1.18584490638,0.0736816451568
2151.65446339,1.22455462043,0.0988757865503
2153.42622305,1.26172214643,0.12691759776
2155.19798271,1.29884462574,0.128246355296
2156.96974238,1.33592373764,0.103892423173
2158.74150204,1.36430907842,0.0650652282629
2160.5132617,1.35532245519,0.116762319035
2162.28502136,1.3462950194,0.130576217847
2164.05678103,1.33722636269,0.120350449669
2165.82854069,1.32811607481,0.0770403858728
2167.60030035,1.36675417502,0.0976422133277
2169.37206001,1.4288252233,0.126793622658
2171.14381968,1.49085878402,0.129083382812
2172.91557934,1.55285766334,0.106262875712
2174.687339,1.60601237351,0.0656218550746
