-197.698849,7.41067240199,1.73236077335
-195.978481931,7.39364737085,1.72157389907
-194.258114862,7.37649408693,1.7105543213
-192.537747793,7.35921158408,1.69929500573
-190.817380724,7.34179888888,1.68778859198
-189.097013656,7.32425502056,1.67602737135
-187.376646587,7.30657899096,1.66400326258
-185.656279518,7.2887698045,1.65170778529
-183.935912449,7.27082645807,1.63913203089
-182.21554538,7.25274794103,1.62626663065
-180.495178311,7.2345332351,1.6131017205
-178.774811242,7.21618131436,1.59962690232
-177.054444173,7.19769114514,1.58583120109
-175.334077104,7.17906168598,1.57170301735
-173.613710036,7.16029188758,1.55723007455
-171.893342967,7.14138069275,1.54239936029
-170.172975898,7.12232703632,1.52719706072
-168.452608829,7.1031298451,1.51160848714
-166.73224176,7.08378803781,1.49561799343
-165.011874691,7.06430052504,1.47920888309
-163.291507622,7.04466620915,1.46236330406
-161.571140553,7.02488398426,1.4450621294
-159.850773484,7.00495273614,1.42728482124
-158.130406416,6.98487134215,1.40900927533
-156.410039347,6.96463867124,1.3902116423
-154.689672278,6.94425358379,1.37086612153
-152.969305209,6.92371493164,1.35094472198
-151.24893814,6.90302155794,1.33041698356
-149.528571071,6.88217229714,1.30924965033
-147.808204002,6.86116597494,1.2874062853
-146.087836933,6.84000140814,1.26484681315
-144.367469864,6.81867740467,1.24152697372
-142.647102796,6.79719276344,1.21739766394
-140.926735727,6.77554627437,1.19240413878
-139.206368658,6.7537367182,1.16648503237
-137.486001589,6.73176286653,1.13957114689
-135.76563452,6.70962348168,1.11158393793
-134.045267451,6.68731731668,1.08243359736
-132.324900382,6.66484311511,1.05201659409
-130.604533313,6.64219961115,1.02021247212
-128.884166244,6.61938552939,0.986879610806
-127.163799175,6.59639958486,0.951849502242
-125.443432107,6.57324048285,0.914918856098
-123.723065038,6.54990691897,0.875838426129
-122.002697969,6.52639757894,0.834296718096
-120.2823309,6.50271113862,0.78989537459
-118.561963831,6.47884626386,0.742110347373
-116.841596762,6.45480161051,0.690227292141
-115.121229693,6.43057582423,0.633226500656
-113.400862624,6.40616754054,0.569558627656
-111.680495555,6.38157538464,0.496648919363
-109.960128487,6.35679797139,0.409570071151
-108.239761418,6.3318339052,0.296043465476
-106.519394349,6.30599896372,0.0854230879802
-104.79902728,6.17632737552,0.243647502139
-103.078660211,6.03547324742,0.302877314002
-101.358293142,5.89441436789,0.297673536558
-99.6379260732,5.75314279184,0.223579968443
-97.9175590044,5.62820489343,0.136255286075
-96.1971919355,5.55060982101,0.272544748544
-94.4768248666,5.47278268741,0.307230457467
-92.7564577977,5.39471910905,0.280891039176
-91.0360907288,5.31641468901,0.166747760228
-89.3157236599,5.31762717017,0.203876648152
-87.595356591,5.37052611387,0.291732773549
-85.8749895221,5.42318285325,0.304994705654
-84.1546224532,5.47560035417,0.255555764147
-82.4342553843,5.53055655237,0.069369932546
-80.7138883154,5.73137580062,0.24685711826
-78.9935212466,5.94219994178,0.303574277143
-77.2731541777,6.15281407791,0.296423549512
-75.5527871088,6.3632300718,0.219240067244
-73.8324200399,6.53031798635,0.149340112883
-72.112052971,6.59688323486,0.27634439055
-70.3916859021,6.66327535316,0.30830014191
-68.6713188332,6.72949808076,0.27991953221
-66.9509517643,6.79555514761,0.162112189629
-65.2305846954,6.75839366507,0.213076758769
-63.5102176265,6.66512889155,0.294942579877
-61.7898505577,6.57169483171,0.305290567278
-60.0694834888,6.47808622292,0.253054775998
-58.3491164199,6.39100260112,0.0722047502718
-56.628749351,6.48083610625,0.252255718025
-54.9083822821,6.57802218924,0.305144439538
-53.1880152132,6.67503407967,0.295334136306
-51.4676481443,6.7718772417,0.214380477919
-49.7472810754,6.87101504128,0.160421169572
-48.0269140065,6.97469941626,0.27960791271
-46.3065469376,7.07823194137,0.308796266092
-44.5861798687,7.18161844805,0.27796127142
-42.8658127999,7.28486475952,0.154591435447
-41.145445731,7.36056841686,0.220076431412
-39.4250786621,7.42386717639,0.297422802442
-37.7047115932,7.48703938528,0.305473923148
-35.9843445243,7.55008860166,0.250991458439
-34.2639774554,7.61799133323,0.0840123249795
-32.5436103865,7.76376280645,0.258099140141
-30.8232433176,7.9111658699,0.307284642458
-29.1028762487,8.05846982961,0.295255413312
-27.3825091798,8.20568298243,0.211823643471
-25.6621421109,8.26375632187,0.174001098875
-23.9417750421,8.17990227041,0.283980015421
-22.2214079732,8.0959642517,0.309844099657
-20.5010409043,8.01193753794,0.276325882892
-18.7806738354,7.92781739638,0.147302766319
-17.0603067665,7.8358128088,0.226980759278
-15.3399396976,7.74087146923,0.299549830296
-13.6195726287,7.64582143417,0.304692256539
-11.8992055598,7.55065734994,0.246663285167
-10.1788384909,7.45560031192,0.0905159243289
-8.45847142204,7.36273186461,0.261361767057
-6.73810435315,7.26975331984,0.307319029432
-5.01773728426,7.176639544,0.29215775873
-3.29737021537,7.08338529251,0.202586860275
-1.57700314648,6.94291797508,0.155962826474
0.143363922408,6.73786371202,0.104226496381
1.8637309913,6.51526002493,0.248212038831
3.58409806019,6.29247861022,0.251690299189
5.30446512908,6.06950691982,0.126806647126
7.02483219797,6.21773076941,0.167218861261
8.74519926686,6.36094112816,0.183377179992
10.4655663358,6.35572720223,0.260073941352
12.1859334046,6.35032656305,0.22931627054
13.9063004735,6.29159620234,0.0925028974624
15.6266675424,5.85873533897,0.132208336946
17.3470346113,5.74825856771,0.225108307746
19.0674016802,5.72956356614,0.260145526716
20.7877687491,5.7106465829,0.188168730546
22.508135818,5.812544633,0.157496934782
24.2285028869,6.0118519352,0.114251274044
25.9488699558,5.94368162144,0.249387440139
27.6692370247,5.87530138614,0.249166248356
29.3896040935,5.80670737778,0.112794063843
31.1099711624,5.80753176278,0.16489754125
32.8303382313,5.91429052981,0.188583939647
34.5507053002,6.12173104476,0.260405244956
36.2710723691,6.32897166671,0.225586586437
37.991439438,6.42307711793,0.106328800212
39.7118065069,5.94835885493,0.123053966436
41.4321735758,6.12844907817,0.228958077087
43.1525406447,6.45129607566,0.260156628203
44.8729077136,6.77396174279,0.184064417153
46.5932747825,6.6978494755,0.162655767672
48.3136418513,6.30917666329,0.128634769886
50.0340089202,6.24481688778,0.251826209816
51.7543759891,6.18026415204,0.247328106819
53.474743058,6.11552569752,0.09916870694
55.1951101269,6.11342677364,0.163371235326
56.9154771958,6.06817140623,0.195442706409
58.6358442647,5.97284157746,0.260867935537
60.3562113336,5.87730346957,0.220641277291
62.0765784025,5.73889377066,0.115621797044
63.7969454714,5.43805602689,0.11092393239
65.5173125402,5.4782692144,0.231803530693
67.2376796091,5.57226113487,0.258282567691
68.958046678,5.66602221366,0.17405664974
70.6784137469,5.56472461915,0.163104432162
72.3987808158,5.36844285413,0.137992285569
74.1191478847,5.40021940719,0.27420072413
75.8395149536,5.43175542838,0.310796442069
77.5598820225,5.46305269396,0.288568654033
79.2802490914,5.49411296673,0.18765754603
81.0006161603,5.45057937117,0.206420864578
82.7209832292,5.3479951675,0.294228416016
84.441350298,5.24516749045,0.309452374232
86.1617173669,5.1420905483,0.264920511338
87.8820844358,5.03875853527,0.0991509671072
89.6024515047,5.19522093298,0.247984168234
91.3228185736,5.37845321706,0.306068199099
93.0431856425,5.5614437433,0.301878981598
94.7635527114,5.74420281858,0.232067026921
96.4839197803,5.8932252384,0.15060553573
98.2042868492,5.94327421039,0.277821933034
99.9246539181,5.99311323788,0.311568314038
101.645020987,6.04274512803,0.286977128197
103.365388056,6.09217267634,0.181727498358
105.085755125,6.13512711569,0.213956394025
106.806122194,6.17371660713,0.296973716048
108.526489263,6.21210913364,0.309933215524
110.246856331,6.25030685768,0.26339085173
111.9672234,6.28831193072,0.0901986927579
113.687590469,6.18572328531,0.254234521557
115.407957538,6.07529620326,0.307953173043
117.128324607,5.96466661281,0.300751976727
118.848691676,5.85382828278,0.226900834101
120.569058745,5.84381062132,0.160112107931
122.289425814,6.07401339348,0.28064757282
124.009792883,6.30401358498,0.312009133645
125.730159951,6.53382415049,0.285306839651
127.45052702,6.76345803399,0.175813385312
129.170894089,6.94826586422,0.221306141297
130.891261158,7.10816538906,0.299709810096
132.611628227,7.26792058146,0.310417627735
134.331995296,7.42754043958,0.261872641039
136.052362365,7.58703395392,0.0804626654034
137.772729434,7.46278838415,0.260315200143
139.493096503,7.3358117555,0.31016350219
141.213463571,7.2087036165,0.300571654501
142.93383064,7.08145680785,0.224027783515
144.654197709,7.02245794547,0.172838341354
146.374564778,7.0970308703,0.284781947645
148.094931847,7.17145883553,0.313071683746
149.815298916,7.24574603331,0.283930039223
151.535665985,7.31989664783,0.170011770249
153.256033054,7.57898113096,0.228492032151
154.976400123,7.92269800863,0.302447767836
156.696767191,8.26631643211,0.310929923263
158.41713426,8.60985575558,0.26041903863
160.137501329,8.94726471073,0.100782200596
161.857868398,9.10895035008,0.266451358625
163.578235467,9.27060435046,0.313154565125
165.298602536,9.43223581698,0.302277217446
167.018969605,9.59385385345,0.225636924878
168.739336674,9.7226709084,0.190571859445
170.459703743,9.79818553369,0.291572203162
172.180070811,9.87370734095,0.316447446419
173.90043788,9.94924058387,0.285823286809
175.620804949,10.0247895169,0.1722732974
177.341172018,10.0627178377,0.261112058615
179.061539087,10.086633875,0.381001821381
180.781906156,10.110573341,0.467358926846
182.502273225,10.1345375841,0.536639496331
184.222640294,10.158527954,0.594853601229
185.943007363,10.1825458021,0.645016108704
187.663374431,10.206592481,0.68889831066
189.3837415,10.2306693452,0.727646411921
191.104108569,10.2547777509,0.762052099265
192.824475638,10.2789190559,0.792688295426
194.544842707,10.30309462,0.819984162855
196.265209776,10.3273058049,0.844269625475
197.985576845,10.3515539742,0.86580330287
199.705943914,10.3758404937,0.884790822829
201.426310983,10.4001667314,0.901397255436
203.146678051,10.4245340573,0.915755796074
204.86704512,10.4489438441,0.927973963246
206.587412189,10.4733974666,0.938138093641
208.307779258,10.497896302,0.946316633195
210.028146327,10.5224417304,0.952562549861
211.748513396,10.5470351342,0.956915084154
213.468880465,10.5716778985,0.959400981556
215.189247534,10.5963714115,0.960035301469
216.909614603,10.621117064,0.958821861747
218.629981672,10.6459162498,0.955753350143
220.35034874,10.6707703656,0.950811110407
222.070715809,10.6956808113,0.943964588165
223.791082878,10.7206489901,0.935170397128
225.511449947,10.7456763083,0.924370936539
227.231817016,10.7707641754,0.911492451507
228.952184085,10.7959140047,0.896442372568
230.672551154,10.8211272126,0.879105689037
232.392918223,10.8464052192,0.859339984744
234.113285292,10.8717494484,0.836968563481
235.83365236,10.8971613276,0.811770757781
237.554019429,10.9226422881,0.783467938149
239.274386498,10.9481937653,0.751702697012
240.994753567,10.9738171981,0.716006689983
242.715120636,10.9995140299,0.675748557129
244.435487705,11.0252857081,0.630044377997
246.155854774,11.0511336841,0.577591162849
247.876221843,11.0770594139,0.516322322137
249.596588912,11.1030643578,0.442574722166
251.31695598,11.1291499805,0.348491824835
253.037323049,11.1553177511,0.208073241675
254.757690118,11.2103938283,0.212305911509
256.478057187,11.2893023994,0.297750792584
258.198424256,11.368302139,0.31352155869
259.918791325,11.4473974968,0.272023292864
261.639158394,11.5270124919,0.127535834142
263.359525463,11.7187766517,0.254485086478
265.079892532,11.9242049241,0.310561457569
266.8002596,12.1297601258,0.307253264669
268.520626669,12.3354538345,0.242137663166
270.240993738,12.5197072174,0.164842410255
271.961360807,12.6369765943,0.2836456558
273.681727876,12.754413047,0.316580902095
275.402094945,12.87202319,0.294080435717
277.122462014,12.9898136478,0.198068845788
278.842829083,13.0842219146,0.224405083203
280.563196152,13.1624989143,0.302952454101
282.28356322,13.2409725896,0.316074180122
284.003930289,13.3196473605,0.273363430452
285.724297358,13.3939166617,0.134843289025
287.444664427,13.1377026415,0.263130176762
289.165031496,12.8547280987,0.313545196586
290.885398565,12.5719328965,0.306517409246
292.605765634,12.2893011065,0.236988404229
294.326132703,12.1238828789,0.172439270606
296.046499772,12.2511142111,0.285840236173
297.76686684,12.3784908856,0.31635444418
299.487233909,12.5060200768,0.291317564331
301.207600978,12.6337089677,0.189890967752
302.927968047,12.6063826208,0.228814941656
304.648335116,12.4893770825,0.303638041064
306.368702185,12.3725303065,0.313746969605
308.089069254,12.2558357114,0.266610177078
309.809436323,12.1432553772,0.120417557236
311.529803392,12.160882948,0.263261324495
313.25017046,12.1853164855,0.312725049554
314.970537529,12.2098916591,0.304291427446
316.690904598,12.2346098532,0.231720308069
318.411271667,12.2013564185,0.180431766774
320.131638736,12.0493562968,0.28793723287
321.852005805,11.8974901533,0.31533732727
323.572372874,11.7457494343,0.286615921292
325.292739943,11.5941255931,0.176173562008
327.013107012,11.6217533978,0.229926318612
328.73347408,11.7354172217,0.303438627717
330.453841149,11.8491973414,0.312182139648
332.174208218,11.9631001656,0.262707798309
333.894575287,12.0686426665,0.120420447396
335.614942356,12.0167014158,0.266721523408
337.335309425,11.9603848675,0.313238691389
339.055676494,11.9041972863,0.302228456114
340.776043563,11.8481355073,0.225409693693
342.496410632,11.8119738298,0.186665168185
344.216777701,11.8094863563,0.289859008824
345.937144769,11.8071193505,0.315204248065
347.657511838,11.8048726792,0.284347954321
349.377878907,11.8027462157,0.168861482614
351.098245976,11.6815687596,0.235529282468
352.818613045,11.5137798702,0.304625440507
354.538980114,11.346094793,0.310001999222
356.259347183,11.1785040832,0.255711808449
357.979714252,11.0630045352,0.110921916651
359.700081321,11.5598630147,0.161758601904
361.420448389,11.3692649846,0.232137657074
363.140815458,10.9096814396,0.2679595938
364.861182527,10.4501676811,0.207549878355
366.581549596,10.2771680813,0.163470196654
368.301916665,10.4946270067,0.121251452436
370.022283734,10.4924938883,0.253643838941
371.742650803,10.4904070585,0.258844334615
373.463017872,10.4883663997,0.150658862268
375.183384941,10.378582589,0.176687449108
376.903752009,10.3435478857,0.192265857774
378.624119078,10.4609963443,0.265440679497
380.344486147,10.5784893174,0.238580936574
382.064853216,10.6576573396,0.114342240801
383.785220285,10.4307654402,0.151027399865
385.505587354,10.2958463427,0.23267638639
387.225954423,10.1897321471,0.266299215664
388.946321492,10.0836471872,0.201460869365
390.666688561,10.1696330919,0.16703624097
392.387055629,10.4015089455,0.134343795397
394.107422698,9.96567058329,0.255381723313
395.827789767,9.5298488366,0.255055133922
397.548156836,9.09401915788,0.132469271967
399.268523905,9.17789688902,0.172735953231
400.988890974,9.32117333656,0.195654518877
402.709258043,9.38437180645,0.264623916885
404.429625112,9.44755415038,0.232788879417
406.149992181,9.49162022892,0.117493525749
407.870359249,9.42815423999,0.139770620541
409.590726318,9.59934357464,0.234191219049
411.311093387,9.82700997207,0.265186325322
413.031460456,10.054685175,0.196089886093
414.751827525,9.96778038255,0.169805690571
416.472194594,9.68781762001,0.139294022471
418.192561663,10.0893128235,0.256548924521
419.912928732,10.4908316065,0.255131088537
421.633295801,10.8923965845,0.131248719002
423.353662869,11.0032546115,0.175720014931
425.074029938,11.0185128088,0.206264035622
426.794397007,10.9913243525,0.267770443817
428.514764076,10.9642102813,0.232774120941
430.235131145,10.9248718421,0.1354817368
431.955498214,10.834310612,0.138337153529
433.675865283,10.9054589437,0.253243204851
435.396232352,11.0055351278,0.311626997919
437.116599421,11.1056864974,0.31118688137
438.836966489,11.2059186934,0.251614242362
440.557333558,11.3057640896,0.163344879052
442.277700627,11.4037604164,0.283965987194
443.998067696,11.5018543587,0.318712089202
445.718434765,11.6000514414,0.299179560215
447.438801834,11.6983571954,0.21077714075
449.159168903,11.7287245838,0.222865597114
450.879535972,11.7020540601,0.303161594904
452.599903041,11.6754979531,0.31805347536
454.320270109,11.6490547669,0.278252296213
456.040637178,11.6227230122,0.143876985184
457.761004247,11.3820609205,0.260296448268
459.481371316,11.1152693878,0.313584790329
461.201738385,10.8485592214,0.309372447386
462.922105454,10.5819153988,0.244706602265
464.642472523,10.3916746903,0.167056593324
466.362839592,10.4452221977,0.284514152479
468.083206661,10.4988133312,0.31717346245
469.80357373,10.5524511092,0.294727738218
471.523940798,10.6061385529,0.199352731902
473.244307867,10.5555594909,0.224084596671
474.964674936,10.4313397963,0.302526541532
476.685042005,10.3071629458,0.315256670618
478.405409074,10.1830219452,0.271678225947
480.125776143,10.0589098023,0.121587071206
481.846143212,10.1276036368,0.260540856621
483.566510281,10.2100487249,0.312856762544
485.28687735,10.2925241929,0.307275469612
487.007244418,10.3750346863,0.23978602802
488.727611487,10.5087143719,0.175542247628
490.447978556,10.7732421438,0.287509341807
492.168345625,11.0378320173,0.318343057685
493.888712694,11.3024988954,0.294722465618
495.609079763,11.5672576853,0.198028904789
497.329446832,11.6650502275,0.233890505208
499.049813901,11.6642188508,0.30681044286
500.77018097,11.6634997597,0.317230372913
502.490548038,11.6628929137,0.272421765639
504.210915107,11.6623982786,0.121910712106
505.931282176,11.562096449,0.268423816283
507.651649245,11.4594486477,0.316025094356
509.372016314,11.3569015984,0.307668292184
511.092383383,11.2544495251,0.237516155482
512.812750452,11.1965158197,0.18713560519
514.533117521,11.2315580297,0.291259253256
516.25348459,11.2666881557,0.31861084356
517.973851658,11.3019081766,0.291661180222
519.694218727,11.337220076,0.188383572526
521.414585796,11.2692643589,0.236966529324
523.134952865,11.1507313097,0.307075213691
524.855319934,11.0322816241,0.315011426583
526.575687003,10.9139086304,0.266393101226
528.296054072,10.7964498784,0.11118809913
530.016421141,10.7237050162,0.269270080964
531.73678821,10.6510194654,0.31509852002
533.457155278,10.5783891321,0.304484695141
535.177522347,10.5058099254,0.229731259636
536.897889416,10.4538564222,0.199458085209
538.618256485,10.4375849356,0.343652819526
540.338623554,10.4213566448,0.438955487771
542.058990623,10.4051706359,0.513375409845
543.779357692,10.3890259971,0.575091646267
545.499724761,10.3729218191,0.627873654207
547.22009183,10.356857195,0.673834838125
548.940458898,10.3408312197,0.714302506814
550.660825967,10.3248429907,0.750174665268
552.381193036,10.3088916074,0.782091488615
554.101560105,10.2929761714,0.810527170489
555.821927174,10.2770957862,0.835843181643
557.542294243,10.2612495575,0.858321080733
559.262661312,10.2454365925,0.878183713049
560.983028381,10.2296560008,0.895609437202
562.70339545,10.2139068935,0.910741967874
564.423762518,10.1981883834,0.923697351158
566.144129587,10.1824995853,0.934568997968
567.864496656,10.1668396155,0.943431359434
569.584863725,10.151207592,0.950342622612
571.305230794,10.1356026342,0.955346676322
573.025597863,10.1200238633,0.958474513643
574.745964932,10.1044704017,0.959745181319
576.466332001,10.0889413735,0.959166346574
578.18669907,10.0734359039,0.956734521724
579.907066139,10.0579531196,0.952434962256
581.627433207,10.0424921487,0.946241231294
583.347800276,10.0270521201,0.938114399717
585.068167345,10.0116321643,0.928001823574
586.788534414,9.99623141277,0.915835404906
588.508901483,9.98084899804,0.901529192959
590.229268552,9.9654840537,0.884976111223
591.949635621,9.95013571434,0.86604348693
593.67000269,9.93480311547,0.844566887906
595.390369759,9.91948539347,0.820341490454
597.110736827,9.90418168559,0.793109722917
598.831103896,9.88889112986,0.762543076759
600.551470965,9.87361286502,0.728214378878
602.271838034,9.85834603056,0.689553635094
603.992205103,9.84308976655,0.645773719569
605.712572172,9.82784321371,0.59573606068
607.432939241,9.81260551326,0.537683448465
609.15330631,9.79737580698,0.468630966504
610.873673379,9.78215323702,0.382649022156
612.594040447,9.766936946,0.26363397739
614.314407516,9.71945669875,0.135845535009
616.034774585,9.53071631265,0.273761776234
617.755141654,9.34196804339,0.311118278697
619.475508723,9.1532012598,0.289838147337
621.195875792,8.96440532965,0.191252016481
622.916242861,8.88205122084,0.202012352283
624.63660993,8.89277607201,0.292844576216
626.356976999,8.90345710829,0.309702220217
628.077344067,8.91409493127,0.266990331559
629.797711136,8.92464721823,0.109958256738
631.518078205,8.90967233085,0.245521821861
633.238445274,8.89115659172,0.305215114312
634.958812343,8.87259694647,0.302016795092
636.679179412,8.85399234974,0.23335415785
638.399546481,8.8202954213,0.141059702847
640.11991355,8.73573822224,0.274821811359
641.840280619,8.6511283632,0.31028842084
643.560647687,8.56646107853,0.286632418837
645.281014756,8.48173159938,0.182103170839
647.001381825,8.56715243203,0.207063112178
648.721748894,8.77782553316,0.294459099029
650.442115963,8.98844834483,0.309490381185
652.162483032,9.19903273031,0.264785918957
653.882850101,9.40916585943,0.105194310032
655.60321717,9.57534157941,0.251464193423
657.323584239,9.73737544765,0.307567914683
659.043951307,9.89941307274,0.302430190551
660.764318376,10.0614635814,0.232016224694
662.484685445,10.2056324318,0.158367972878
664.205052514,10.3016643882,0.280437049127
665.925419583,10.3977318848,0.312829523179
667.645786652,10.4938403326,0.287640158339
669.366153721,10.5899951448,0.182387447715
671.08652079,10.6644204003,0.219366663908
672.806887859,10.7254656283,0.299325669538
674.527254927,10.7865702669,0.311199477964
676.247621996,10.8477377579,0.26433150101
677.967989065,10.9031087164,0.110184526623
679.688356134,10.7141166337,0.258349108782
681.408723203,10.5102995787,0.309692238215
683.129090272,10.3065298152,0.301266720404
684.849457341,10.102795866,0.226495398349
686.56982441,10.0701848045,0.166729036232
688.290191479,10.4122921367,0.283127794666
690.010558547,10.7544412403,0.313564204283
691.730925616,11.0966513865,0.286855624923
693.451292685,11.4389418504,0.179021376152
695.171659754,11.5417186066,0.228114945257
696.892026823,11.5217080566,0.302676760527
698.612393892,11.5018017652,0.311884836208
700.332760961,11.4819986114,0.262706094895
702.05312803,11.4694370331,0.115501450631
703.773495099,11.6160245369,0.264306500149
705.493862168,11.7684011439,0.312652749781
707.214229236,11.9208959045,0.303086684832
708.934596305,12.0735174079,0.228442528175
710.654963374,12.1836166837,0.185740629366
712.375330443,12.2166901183,0.289787998505
714.095697512,12.2499069562,0.315816789622
715.816064581,12.2832690684,0.285994081153
717.53643165,12.3167783339,0.173580384801
719.256798719,12.3991660208,0.183221063016
720.977165788,12.4560606297,0.192425226228
722.697532856,12.430518202,0.268128295482
724.417899925,12.4051312214,0.246921899446
726.138266994,12.3905117389,0.118515995296
727.858634063,12.5211906606,0.166619929355
729.579001132,12.4919345987,0.233162000107
731.299368201,12.3951572386,0.270750564133
733.01973527,12.2985333339,0.215571922823
734.740102339,12.3975544897,0.169469727008
736.460469408,12.7611966762,0.132390745455
738.180836476,12.5850309024,0.257355382942
739.901203545,12.4090292785,0.263037171466
741.621570614,12.2331818914,0.16247540422
743.341937683,12.0816547697,0.182224761962
745.062304752,12.0907257804,0.197059104814
746.782671821,12.3271953797,0.268796177744
748.50303889,12.5638146066,0.244714476032
750.223405959,12.7678709242,0.126229078833
751.943773028,12.6747352046,0.161928148866
753.664140096,12.6925620866,0.236906230122
755.384507165,12.7483269766,0.270966609537
757.104874234,12.8042652141,0.212410986043
758.825241303,12.7980392181,0.174638397688
760.545608372,12.7076367807,0.142317497433
762.265975441,12.5672470326,0.259130181058
763.98634251,12.4270204327,0.261222893844
765.706709579,12.2869490829,0.153366763082
767.427076648,12.3709664102,0.182286273731
769.147443716,12.4192719544,0.204383975534
770.867810785,12.347443832,0.269778196814
772.588177854,12.2757664776,0.240889735935
774.308544923,12.2824829942,0.131177590708
776.028911992,12.7850535805,0.157226753948
777.749279061,12.8507089853,0.240813604662
779.46964613,12.8011272378,0.270461564971
781.190013199,12.7517218118,0.206701685172
782.910380268,12.8952859633,0.177625290309
784.630747336,13.1997290642,0.155232522492
786.351114405,13.2233834085,0.262382171158
788.071481474,13.2472378577,0.261302805625
789.791848543,13.2712937554,0.149670525304
791.512215612,13.2600498937,0.184010866994
793.232582681,13.3146389533,0.219048122532
794.95294975,13.4464285279,0.303261330269
796.673316819,13.5784307704,0.321848913117
798.393683888,13.7106531157,0.287823840473
800.114050956,13.8431030113,0.172424712704
801.834418025,13.8691348284,0.262457795964
803.554785094,13.8741242876,0.31738125501
805.275152163,13.8793505044,0.316902637385
806.995519232,13.8848137733,0.260716873093
808.715886301,13.8811227894,0.174600347274
810.43625337,13.8352228726,0.288755842471
812.156620439,13.7895575224,0.322569273649
813.876987508,13.7441241667,0.304142956031
815.597354577,13.6989202464,0.220756288653
817.317721645,13.7284717179,0.228338157729
819.038088714,13.8246944308,0.306874766764
820.758455783,13.9211511173,0.322605727165
822.478822852,14.0178472103,0.286090096747
824.199189921,14.1147881561,0.165790167037
825.91955699,14.0623722732,0.267215699286
827.639924059,13.9890612402,0.31883513863
829.360291128,13.9159934386,0.315941841525
831.080658197,13.843164753,0.256698307276
832.801025265,13.7367315848,0.182628176553
834.521392334,13.5130824198,0.291072336114
836.241759403,13.2896496769,0.322019519708
837.962126472,13.0664207713,0.300462517283
839.682493541,12.8433831299,0.21086379779
841.40286061,12.5365382996,0.229830504571
843.123227679,12.1668032905,0.305562271102
844.843594748,11.7972088748,0.317809618705
846.563961817,11.4277342352,0.275186732223
848.284328885,11.0583585614,0.132427181967
850.004695954,10.9805544053,0.26137245857
851.725063023,10.9286224822,0.313698585434
853.445430092,10.8767614124,0.308618259975
855.165797161,10.8249682751,0.242549239229
856.88616423,10.7708561593,0.174310163215
858.606531299,10.7102341813,0.286846366006
860.326898368,10.6496707561,0.317559052938
862.047265437,10.5891624723,0.293388749773
863.767632505,10.5287059221,0.194877217442
865.487999574,10.6455571679,0.227770016151
867.208366643,10.8740435976,0.304246017058
868.928733712,11.1025978065,0.316313411534
870.649100781,11.3312326679,0.272665497815
872.36946785,11.5599610596,0.124244698296
874.089834919,11.4398456426,0.26650850496
875.810201988,11.305743779,0.315400224473
877.530569057,11.17173401,0.307951346978
879.250936125,11.0378087875,0.238947543623
880.971303194,10.9414667852,0.184107046247
882.691670263,10.9291864005,0.290207580236
884.412037332,10.9169769009,0.318383830937
886.132404401,10.9048375988,0.292134798403
887.85277147,10.8927678104,0.190105915103
889.573138539,10.898535679,0.234680418883
891.293505608,10.913681893,0.306443590508
893.013872677,10.928898119,0.315535206919
894.734239745,10.9441852138,0.268403708932
896.454606814,10.9596222637,0.109201560226
898.174973883,10.9961247517,0.302543498327
899.895340952,11.0327018951,0.409160308341
901.615708021,11.0693557541,0.489469963512
903.33607509,11.1060883933,0.555026927169
905.056442159,11.1429018816,0.610614214827
906.776809228,11.1797982925,0.658771532445
908.497176297,11.2167797041,0.701041582546
910.217543365,11.2538481995,0.738444835477
911.937910434,11.2910058665,0.771697146741
913.658277503,11.328254798,0.801322499296
915.378644572,11.365597092,0.827716774723
917.099011641,11.4030348518,0.851186294234
918.81937871,11.4405701862,0.871972345005
920.539745779,11.4782052092,0.890267441742
922.260112848,11.5159420406,0.906226469162
923.980479917,11.5537828059,0.919974519578
925.700846985,11.5917296366,0.931612518271
927.421214054,11.6297846699,0.941221318798
929.141581123,11.6679500493,0.948864706592
930.861948192,11.7062279245,0.95459159876
932.582315261,11.7446204514,0.958437631758
934.30268233,11.7831297924,0.960426264599
936.023049399,11.8217581167,0.960569480796
937.743416468,11.8605075998,0.958868139566
939.463783537,11.8993804245,0.955312000811
941.184150606,11.9383787801,0.949879425635
942.904517674,11.9775048633,0.942536731503
944.624884743,12.0167608777,0.933237155923
946.345251812,12.0561490345,0.921919351132
948.065618881,12.0956715523,0.908505290089
949.78598595,12.135330657,0.892897403764
951.506353019,12.1751285825,0.874974679622
953.226720088,12.2150675704,0.854587311168
954.947087157,12.2551498702,0.831549262837
956.667454226,12.2953777396,0.80562773687
958.387821294,12.3357534443,0.776527869878
960.108188363,12.3762792586,0.743869780518
961.828555432,12.416957465,0.70715275327
963.548922501,12.4577903547,0.665696498049
965.26928957,12.4987802276,0.61853848781
966.989656639,12.5399293924,0.564238842962
968.710023708,12.5812401669,0.500463975392
970.430390777,12.6227148778,0.422931104206
972.150757846,12.6643558613,0.321821264825
973.871124914,12.7061654627,0.156658379324
975.591491983,12.6002038735,0.250675399959
977.311859052,12.4627228096,0.310015795258
979.032226121,12.3253990068,0.309521413632
980.75259319,12.1882247303,0.248835736377
982.472960259,12.0847053668,0.146002497574
984.193327328,12.1436636824,0.277864537854
985.913694397,12.2027612881,0.315296867474
987.634061466,12.2620015126,0.296533255288
989.354428534,12.3213876926,0.206798659226
991.074795603,12.3574296499,0.212272869173
992.795162672,12.3718161711,0.298363635125
994.515529741,12.3863548331,0.315181650753
996.23589681,12.4010464547,0.275713507847
997.956263879,12.4158039885,0.138228395983
999.676630948,12.2244095676,0.252933300511
1001.39699802,12.0011533771,0.309889212263
1003.11736509,11.7780284499,0.307020268818
1004.83773215,11.5550222186,0.24220904301
1006.55809922,11.3826866522,0.151762934671
1008.27846629,11.3965864206,0.27905884126
1009.99883336,11.4105834004,0.314199064994
1011.71920043,11.4246783798,0.292537744445
1013.4395675,11.4388721528,0.196068136767
1015.15993457,11.4231168633,0.21454155672
1016.88030164,11.3839582457,0.298331496171
1018.60066871,11.3448961281,0.313014343219
1020.32103577,11.3059283103,0.270109226599
1022.04140284,11.2678117175,0.121636839765
1023.76176991,11.3531287639,0.25443910554
1025.48213698,11.4518555085,0.309921135029
1027.20250405,11.5506825774,0.305648255979
1028.92287112,11.649615537,0.238427987371
1030.64323819,11.7073339143,0.163383791143
1032.36360526,11.6451472411,0.282557855529
1034.08397233,11.5830717793,0.314729431691
1035.80433939,11.5211040325,0.290423161758
1037.52470646,11.4592405104,0.188967248213
1039.24507353,11.4619914495,0.220394627935
1040.9654406,11.5072052247,0.300268418828
1042.68580767,11.5525224417,0.312742078863
1044.40617474,11.5979456531,0.267422827051
1046.12654181,11.6429796265,0.117829979205
1047.84690888,11.6608628274,0.259136596195
1049.56727595,11.6769086832,0.311187694522
1051.28764301,11.6930675394,0.30435819501
1053.00801008,11.7093403061,0.233536329702
1054.72837715,11.6604889529,0.17209032979
1056.44874422,11.4585360316,0.285050657806
1058.16911129,11.2566838109,0.314452788297
1059.88947836,11.0549209215,0.287226545749
1061.60984543,10.8532359992,0.179180870323
1063.3302125,10.9855498553,0.224425635499
1065.05057957,11.3008107362,0.301463216179
1066.77094663,11.6161634339,0.312144418815
1068.4913137,11.9316257105,0.264632849391
1070.21168077,12.2299533844,0.118196920438
1071.93204784,12.0594401519,0.263593975816
1073.65241491,11.8685823656,0.312031385217
1075.37278198,11.6778483756,0.302187232677
1077.09314905,11.4872274389,0.226585605246
1078.81351612,11.3062229052,0.159434418883
1080.53388319,11.1436847593,0.105412950949
1082.25425025,11.3693775186,0.251419961985
1083.97461732,11.5966123009,0.263611198343
1085.69498439,11.8239555609,0.171526951357
1087.41535146,11.9436517157,0.181333653567
1089.13571853,12.0127436299,0.187166039692
1090.8560856,12.0781317447,0.266874236658
1092.57645267,12.1436554585,0.247807210154
1094.29681974,12.2176123024,0.11814938326
1096.01718681,12.4247115425,0.167888813363
1097.73755387,12.3578751345,0.23150617714
1099.45792094,12.1674207333,0.270288154074
1101.17828801,11.9771069603,0.215781198575
1102.89865508,11.8111695702,0.165946584947
1104.61902215,11.6856706766,0.121851829374
1106.33938922,11.5941562813,0.254632259117
1108.05975629,11.5027502253,0.261724428605
1109.78012336,11.4114473603,0.160732575519
1111.50049043,11.7067346162,0.181168523334
1113.22085749,11.9737893466,0.195061727764
1114.94122456,11.9701855684,0.268154710809
1116.66159163,11.9667113092,0.244567063932
1118.3819587,11.9512226061,0.120212602197
1120.10232577,11.8094302883,0.159575984794
1121.82269284,11.910596359,0.233054158516
1123.54305991,12.1003982254,0.269719329759
1125.26342698,12.290336945,0.212355797036
1126.98379405,12.3456412829,0.171847280557
1128.70416111,12.2355461877,0.137362075784
1130.42452818,12.3055943523,0.258203842629
1132.14489525,12.3757909278,0.262047045395
1133.86526232,12.4461398679,0.157692990633
1135.58562939,12.4877991727,0.182730962597
1137.30599646,12.5644395399,0.202298209183
1139.02636353,12.6988669376,0.269981500393
1140.7467306,12.8334648971,0.243494904803
1142.46709767,12.987086347,0.132664633826
1144.18746473,13.2757534405,0.162681003028
1145.9078318,13.2023070566,0.241366951725
1147.62819887,13.0246052096,0.271003733016
1149.34856594,12.8470922713,0.207886039747
1151.06893301,12.8948938845,0.176194373237
1152.78930008,13.1480016778,0.154619508803
1154.50966715,13.0467990597,0.281935961506
1156.23003422,12.9457866005,0.320092007613
1157.95040129,12.8449586107,0.304672592714
1159.67076835,12.7443094112,0.224911543025
1161.39113542,12.6887101435,0.217182871648
1163.11150249,12.683619008,0.302076141393
1164.83186956,12.6786975754,0.320467983205
1166.55223663,12.6739455685,0.285517387499
1168.2726037,12.6693627197,0.166452919244
1169.99297077,12.7398644365,0.256535320517
1171.71333784,12.8271148499,0.314439227315
1173.43370491,12.9145430485,0.315185763273
1175.15407197,13.0021539568,0.259269338061
1176.87443904,13.1138764016,0.166329710855
1178.59480611,13.3457033447,0.286066773194
1180.31517318,13.5777372824,0.322094142488
1182.03554025,13.8099912838,0.305617118092
1183.75590732,14.0424784307,0.225396156156
1185.47627439,14.0972823756,0.229029271233
1187.19664146,13.9839836606,0.307165069012
1188.91700853,13.870927891,0.322709504156
1190.63737559,13.7581086991,0.286058991076
1192.35774266,13.6455197304,0.165560622345
1194.07810973,13.5712266317,0.264273070224
1195.7984768,13.5032824181,0.31738650124
1197.51884387,13.4355540747,0.315155214672
1199.23921094,13.3680377866,0.25613627653
1200.95957801,13.2838642646,0.176270500629
1202.67994508,13.1360006836,0.288807119956
1204.40031215,12.9883322858,0.321291016235
1206.12067921,12.8408507537,0.300883446257
1207.84104628,12.6935477806,0.212874341386
1209.56141335,12.5147528637,0.227951036615
1211.28178042,12.3108690175,0.30521582087
1213.00214749,12.1071338792,0.318669025141
1214.72251456,11.9035359736,0.277746857646
1216.44288163,11.7000638329,0.141178279129
1218.1632487,11.6576058495,0.261887289133
1219.88361577,11.6323764788,0.314653088205
1221.60398283,11.6072576003,0.310549538255
1223.3243499,11.5822477989,0.246754379021
1225.04471697,11.5456931116,0.175835191148
1226.76508404,11.4745357696,0.287781827008
1228.48545111,11.4034800294,0.31884461744
1230.20581818,11.3325218887,0.295724179371
1231.92618525,11.2616573509,0.200469147762
1233.64655232,11.2005685127,0.228299657478
1235.36691939,11.1460542185,0.304459952779
1237.08728645,11.0916230244,0.31637560068
1238.80765352,11.0372718646,0.272608462611
1240.52802059,10.9829976778,0.123917773268
1242.24838766,10.9641593016,0.263715928993
1243.96875473,10.9473982922,0.314316721638
1245.6891218,10.9307091937,0.30791553678
1247.40948887,10.9140910662,0.239991922136
1249.12985594,10.904118473,0.180493478163
1250.85022301,10.9100162646,0.28899457403
1252.57059007,10.9159838616,0.318189581864
1254.29095714,10.9220216001,0.292851716899
1256.01132421,10.9281298202,0.192527737845
1257.73169128,10.9434525566,0.251014604408
1259.45205835,10.9639599126,0.374485119857
1261.17242542,10.9845401124,0.462331784555
1262.89279249,11.0051943151,0.532503160511
1264.61315956,11.0259236841,0.591338857085
1266.33352663,11.0467293869,0.641974812784
1268.05389369,11.0676125955,0.686238832403
1269.77426076,11.088574486,0.72530759985
1271.49462783,11.1096162391,0.759990936099
1273.2149949,11.13073904,0.790873357243
1274.93536197,11.1519440785,0.818391860805
1276.65572904,11.1732325488,0.842881908838
1278.37609611,11.1946056501,0.86460618594
1280.09646318,11.2160645862,0.883773403492
1281.81683025,11.2376105657,0.900551041485
1283.53719731,11.2592448023,0.915074232163
1285.25756438,11.2809685145,0.927452093518
1286.97793145,11.3027829258,0.937772319318
1288.69829852,11.3246892649,0.946104538962
1290.41866559,11.3466887657,0.952502781938
1292.13903266,11.3687826674,0.957007268863
1293.85939973,11.3909722143,0.959645677171
1295.5797668,11.4132586562,0.960433979045
1297.30013387,11.4356432485,0.959376912815
1299.02050093,11.458127252,0.956468121116
1300.740868,11.480711933,0.951689965351
1302.46123507,11.5033985636,0.945013003601
1304.18160214,11.5261884217,0.936395094988
1305.90196921,11.5490827908,0.925780064585
1307.62233628,11.5720829605,0.913095824993
1309.34270335,11.5951902263,0.898251797507
1311.06307042,11.6184058896,0.881135397345
1312.78343749,11.6417312582,0.861607227142
1314.50380455,11.6651676457,0.839494431401
1316.22417162,11.6887163722,0.814581348272
1317.94453869,11.7123787641,0.786596050969
1319.66490576,11.7361561542,0.755190391924
1321.38527283,11.7600498817,0.719909303751
1323.1056399,11.7840612925,0.680141349067
1324.82600697,11.8081917389,0.635034275571
1326.54637404,11.8324425801,0.583339411673
1328.26674111,11.856815182,0.523093756958
1329.98710817,11.8813109174,0.450865990188
1331.70747524,11.9059311661,0.359483250718
1333.42784231,11.9306773147,0.226836050616
1335.14820938,11.9661287792,0.201723922319
1336.86857645,12.0140644172,0.294741787679
1338.58894352,12.0621320458,0.315082710132
1340.30931059,12.1103343722,0.279120966656
1342.02967766,12.1586741116,0.150871158371
1343.75004473,12.2056090658,0.246643933645
1345.47041179,12.2523214982,0.308566088276
1347.19077886,12.299179341,0.309652585225
1348.91114593,12.3461852332,0.2506959502
1350.631513,12.4021556071,0.14347621841
1352.35188007,12.5058677834,0.277286788051
1354.07224714,12.6097396508,0.315586369329
1355.79261421,12.71377706,0.297843788193
1357.51298128,12.8179858706,0.210318823828
1359.23334835,12.919384,0.211496787983
1360.95371541,13.0180218514,0.298612906219
1362.67408248,13.1168482409,0.316553422762
1364.39444955,13.2158687347,0.279002836815
1366.11481662,13.3150889103,0.148573785366
1367.83518369,13.3006332709,0.254548370247
1369.55555076,13.2664857596,0.311847674757
1371.27591783,13.2325407809,0.310493744419
1372.9962849,13.198796423,0.249533288706
1374.71665197,13.1884668503,0.160078955723
1376.43701903,13.2719146498,0.282562212605
1378.1573861,13.3555652878,0.317448160528
1379.87775317,13.4394234758,0.297364725473
1381.59812024,13.5234939371,0.206871839713
1383.31848731,13.4585504746,0.219985142007
1385.03885438,13.2698753219,0.301357685695
1386.75922145,13.0814028929,0.315993630461
1388.47958852,12.8931225718,0.27477637765
1390.19995559,12.7056296642,0.134994566291
1391.92032265,12.6956215192,0.256835963769
1393.64068972,12.7076048744,0.311790911495
1395.36105679,12.7197592835,0.308137788354
1397.08142386,12.7320854312,0.243249202287
1398.80179093,12.6800353446,0.165783599017
1400.522158,12.4251812897,0.283563697442
1402.24252507,12.1704823814,0.315572242123
1403.96289214,11.9159242737,0.291583488717
1405.68325921,11.6614926288,0.191599482491
1407.40362627,11.5733644008,0.218427858152
1409.12399334,11.6014114149,0.299672445454
1410.84436041,11.629567177,0.312987412848
1412.56472748,11.6578332729,0.268673045232
1414.28509455,11.6861305729,0.119809936958
1416.00546162,11.7084787254,0.257848425409
1417.72582869,11.7304374413,0.310886000382
1419.44619576,11.7525121725,0.304832390345
1421.16656283,11.7747041624,0.235165927855
1422.88692989,11.7046021706,0.16888722154
1424.60729696,11.4013985027,0.283904162279
1426.32766403,11.0982923171,0.313941491262
1428.0480311,10.7952665415,0.287054000539
1429.76839817,10.492304108,0.179220954466
1431.48876524,10.2905142427,0.220330025463
1433.20913231,10.1478196057,0.299082666409
1434.92949938,10.0051518435,0.309661013062
1436.64986645,9.86250292068,0.260509646547
1438.37023351,9.72871790007,0.0979890729756
1440.09060058,9.89431308196,0.164549662837
1441.81096765,9.99078859642,0.219544103675
1443.53133472,10.038285015,0.267027877722
1445.25170179,10.0858021391,0.217345123595
1446.97206886,10.0212288223,0.153121868527
1448.69243593,9.72520307573,0.0994422789304
1450.412803,9.76522931158,0.247564380813
1452.13317007,9.8116146278,0.260921337147
1453.85353713,9.85800788236,0.165998471999
1455.5739042,9.9783351754,0.176171639919
1457.29427127,10.0579007998,0.178030888972
1459.01463834,9.98129546777,0.262950315101
1460.73500541,9.90470763132,0.243567550705
1462.45537248,9.83262953183,0.0985035161978
1464.17573955,9.84607390273,0.159647627259
1465.89610662,9.97850610234,0.223338640442
1467.61647369,10.166656795,0.267041427404
1469.33684075,10.3548354236,0.213560300115
1471.05720782,10.4585410941,0.159808138945
1472.77757489,10.4161027734,0.106266974254
1474.49794196,10.3101805732,0.25091082119
1476.21830903,10.2042943929,0.259720205841
1477.9386761,10.0984382684,0.157444335236
1479.65904317,10.365264775,0.176972843779
1481.37941024,10.4881255327,0.186664597482
1483.09977731,10.1176328107,0.264263423829
1484.82014437,9.74716526334,0.239977830812
1486.54051144,9.3974008179,0.0992004329795
1488.26087851,9.29621762845,0.152276279857
1489.98124558,9.41551775231,0.225890271591
1491.70161265,9.61970736312,0.26583427416
1493.42197972,9.82389410316,0.206960123627
1495.14234679,9.97685198009,0.16261291452
1496.86271386,10.0514134552,0.117915188672
1498.58308093,10.0545782506,0.252726356411
1500.30344799,10.0577646692,0.25809191687
1502.02381506,10.0609728904,0.148751767113
1503.74418213,10.0294629592,0.175838187545
1505.4645492,9.94731884922,0.191120867957
1507.18491627,9.80911053224,0.264533484006
1508.90528334,9.67091001255,0.236736476599
1510.62565041,9.57538098905,0.107385910563
1512.34601748,9.82622114103,0.149219279131
1514.06638455,9.81524120479,0.242270484792
1515.78675161,9.72188252368,0.307400743197
1517.50711868,9.62852672678,0.310817011564
1519.22748575,9.53516855585,0.255012660307
1520.94785282,9.44056477636,0.129833570214
1522.66821989,9.33582549931,0.273340309085
1524.38858696,9.23106736195,0.314302173839
1526.10895403,9.12628446382,0.298454309575
1527.8293211,9.02147090305,0.213494945992
1529.54968817,8.95563690938,0.200456796544
1531.27005523,8.93621881518,0.294160890118
1532.9904223,8.91675935297,0.314658668228
1534.71078937,8.89725742671,0.278610989675
1536.43115644,8.87771193795,0.149558781776
1538.15152351,8.90952549345,0.244942793274
1539.87189058,8.95382881932,0.30766051716
1541.59225765,8.99809176905,0.308938119736
1543.31262472,9.04231683575,0.249720751006
1545.03299179,9.06188240382,0.1387929566
1546.75335885,8.94348043267,0.275547188491
1548.47372592,8.82503750254,0.314120194523
1550.19409299,8.70654694215,0.295811324849
1551.91446006,8.58800207756,0.205966664807
1553.63482713,8.43634748825,0.205595905045
1555.3551942,8.25144016301,0.295380655775
1557.07556127,8.06645289986,0.313301517689
1558.79592834,7.88137527944,0.273854817973
1560.51629541,7.69619687735,0.133268055177
1562.23666247,7.74039737172,0.247007820134
1563.95702954,7.82610683817,0.307429570687
1565.67739661,7.91171240998,0.306360652317
1567.39776368,7.99721890883,0.242990618036
1569.11813075,8.04541734651,0.144518907054
1570.83849782,7.93890741194,0.276725826426
1572.55886489,7.83229993615,0.313163869074
1574.27923196,7.72558891454,0.292188012882
1575.99959903,7.61876833663,0.196165746547
1577.71996609,7.55644162997,0.208959563536
1579.44033316,7.53176784761,0.296067993384
1581.16070023,7.50697359206,0.312086207534
1582.8810673,7.48205746679,0.269983196994
1584.60143437,7.45701806842,0.118870149513
1586.32180144,7.67634885465,0.250735467601
1588.04216851,7.92609544732,0.308518504394
1589.76253558,8.17574377717,0.305598650404
1591.48290265,8.42530790551,0.23976754043
1593.20326972,8.61834878257,0.157635918189
1594.92363678,8.62908194302,0.280808828889
1596.64400385,8.6397564361,0.314478012619
1598.36437092,8.65037286303,0.291516833993
1600.08473799,8.66093182179,0.192632800155
1601.80510506,8.70813165769,0.218032344866
1603.52547213,8.78141743218,0.299626524607
1605.2458392,8.85465311953,0.313231526392
1606.96620627,8.92784284472,0.269358101031
1608.68657334,9.00099073012,0.11441017388
1610.4069404,8.98947923011,0.257754169613
1612.12730747,8.97170761064,0.310986160385
1613.84767454,8.95389662205,0.305181524742
1615.56804161,8.93604526116,0.236022285834
1617.28840868,8.92311171412,0.174226504601
1619.00877575,8.92295083013,0.330308520683
1620.72914282,8.9227478308,0.429089353085
1622.44950989,8.92250270472,0.505384643575
1624.16987696,8.92221543807,0.568337643509
1625.89024402,8.92188601469,0.622024934537
1627.61061109,8.921514416,0.668692801563
1629.33097816,8.92110062108,0.70973683793
1631.05134523,8.92064460663,0.746094306831
1632.7717123,8.92014634695,0.778429826553
1634.49207937,8.919605814,0.807233749416
1636.21244644,8.91902297731,0.832878742044
1637.93281351,8.91839780406,0.855654421754
1639.65318058,8.91773025905,0.875789622163
1641.37354764,8.91702030466,0.893467275338
1643.09391471,8.91626790092,0.908834674464
1644.81428178,8.91547300543,0.92201072804
1646.53464885,8.91463557344,0.933091184433
1648.25501592,8.91375555777,0.942152442125
1649.97538299,8.91283290886,0.949254343247
1651.69575006,8.91186757474,0.954442212373
1653.41611713,8.91085950103,0.957748315097
1655.1364842,8.90980863096,0.959192852061
1656.85685126,8.90871490534,0.958784562745
1658.57721833,8.90757826256,0.9565209823
1660.2975854,8.9063986386,0.952388369379
1662.01795247,8.90517596702,0.946361299952
1663.73831954,8.90391017895,0.938401898445
1665.45868661,8.90260120311,0.928458650195
1667.17905368,8.90124896576,0.916464704284
1668.89942075,8.89985339073,0.902335527826
1670.61978782,8.89841439943,0.885965703074
1672.34015488,8.8969319108,0.867224553051
1674.06052195,8.89540584133,0.845950115113
1675.78088902,8.89383610509,0.821940710164
1677.50125609,8.89222261364,0.794942893854
1679.22162316,8.89056527612,0.764633757239
1680.94199023,8.88886399917,0.730594015721
1682.6623573,8.88711868696,0.692265293484
1684.38272437,8.8853292412,0.648878538587
1686.10309144,8.8834955611,0.59932534554
1687.8234585,8.88161754337,0.54190390015
1689.54382557,8.87969508223,0.473746234982
1691.26419264,8.8777280694,0.389232896772
1692.98455971,8.8757163941,0.273575699443
1694.70492678,8.87605266301,0.105169414005
1696.42529385,8.89706772451,0.265480036359
1698.14566092,8.91813592498,0.309457426769
1699.86602799,8.93916173891,0.293692515341
1701.58639506,8.96014635061,0.204821119896
1703.30676212,8.95795591764,0.187445547551
1705.02712919,8.92703638604,0.28834097464
1706.74749626,8.89607496923,0.310355486067
1708.46786333,8.86506992333,0.273274281632
1710.1882304,8.83401950198,0.134946498861
1711.90859747,8.94430246943,0.235923306114
1713.62896454,9.09124280305,0.302974198175
1715.34933161,9.23815050033,0.305301835566
1717.06969868,9.3850338358,0.244760420575
1718.79006574,9.48812018072,0.121071281485
1720.51043281,9.3256143064,0.269915675693
1722.23079988,9.16306149229,0.310405996418
1723.95116695,9.00048008699,0.291790857376
1725.67153402,8.83786093316,0.198045479289
1727.39190109,8.77550259634,0.194410187617
1729.11226816,8.81794652315,0.290447147426
1730.83263523,8.86034242032,0.309985784802
1732.5530023,8.90269267576,0.270171960429
1734.27336936,8.94499967485,0.12271693294
1735.99373643,8.93914199642,0.240599542833
1737.7141035,8.92383207353,0.304023907188
1739.43447057,8.90848008496,0.303608360645
1741.15483764,8.89308516599,0.239020050746
1742.87520471,8.8844052634,0.130475169674
1744.59557178,8.90566860133,0.272194611421
1746.31593885,8.92688885051,0.310459139476
1748.03630592,8.94806720618,0.28967862432
1749.75667298,8.9692048612,0.191503475224
1751.47704005,8.93444275788,0.201634569817
1753.19740712,8.85038776736,0.292628482165
1754.91777419,8.76628657442,0.309456925403
1756.63814126,8.6821344421,0.266561930621
1758.35850833,8.59792046838,0.108184250377
1760.0788754,8.50943755502,0.244514335309
1761.79924247,8.42030170027,0.304588931088
1763.51960954,8.33109541866,0.301343782597
1765.2399766,8.2418136857,0.232137442598
1766.96034367,8.18609178892,0.137447306141
1768.68071074,8.24520808858,0.273749265477
1770.40107781,8.30424409931,0.309883084745
1772.12144488,8.36320314629,0.286641083773
1773.84181195,8.42208855037,0.182598715114
1775.56217902,8.35236546779,0.206770225501
1777.28254609,8.18715081113,0.293827424073
1779.00291316,8.02185259548,0.308051856379
1780.72328022,7.85646151048,0.26161045142
1782.44364729,7.69253025217,0.091038747346
1784.16401436,7.6993735352,0.247102205673
1785.88438143,7.72250149342,0.304763116651
1787.6047485,7.74551972144,0.299313187673
1789.32511557,7.76842951576,0.226234920934
1791.04548264,7.77341593651,0.146868508723
1792.76584971,7.72986881257,0.276026406403
1794.48621678,7.68621237339,0.309314580459
1796.20658384,7.64244416007,0.28289493951
1797.92695091,7.59856170735,0.171023867685
1799.64731798,7.58401065226,0.169216053432
1801.36768505,7.65958386675,0.157792945725
1803.08805212,7.92793437226,0.257847449623
1804.80841919,8.19618671851,0.244472836249
1806.52878626,8.4486690711,0.0899421913688
1808.24915333,8.02369621293,0.159657131171
1809.9695204,8.08916451287,0.21245388638
1811.68988746,8.48230603588,0.264581911436
1813.41025453,8.8753806244,0.216398408864
1815.1306216,9.00988620461,0.147641298193
1816.85098867,8.57284122966,0.0957650802038
1818.57135574,8.71716262106,0.244579869547
1820.29172281,8.88152124931,0.260041612775
1822.01208988,9.04583542873,0.166138994316
1823.73245695,9.23189149954,0.174443981695
1825.45282402,9.33247393667,0.173381566728
1827.17319108,9.22182916062,0.261401781649
1828.89355815,9.11115910346,0.242688699813
1830.61392522,9.01349183178,0.0900096743407
1832.33429229,9.21381181357,0.159119124274
1834.05465936,9.25989304804,0.220236385908
1835.77502643,9.22147324873,0.265439646708
1837.4953935,9.18302814826,0.211425556955
1839.21576057,9.16416083573,0.15318322103
1840.93612764,9.17878842429,0.0921026358867
1842.6564947,8.94767675846,0.247901893024
1844.37686177,8.71652436998,0.257980408723
1846.09722884,8.48531823929,0.154206590025
1847.81759591,8.49569430762,0.172919434227
1849.53796298,8.55672034487,0.17819970108
1851.25833005,8.52364649036,0.261577667992
1852.97869712,8.49050802986,0.238970714217
1854.69906419,8.44821504381,0.0902758748301
1856.41943126,8.27891611389,0.150914997512
1858.13979832,8.46646848082,0.222291324774
1859.86016539,8.80491325572,0.264688094922
1861.58053246,9.14330926687,0.206823445014
1863.30089953,9.24101498984,0.158774202238
1865.0212666,8.98464996114,0.106347174762
1866.74163367,8.9539211028,0.250072286409
1868.46200074,8.92315187354,0.256790957098
1870.18236781,8.89234054026,0.146720245657
1871.90273488,8.74635616624,0.172932223923
1873.62310194,8.60171042682,0.188826671981
1875.34346901,8.51874197292,0.290164807364
1877.06383608,8.43570863677,0.314147309848
1878.78420315,8.35260574157,0.281313931198
1880.50457022,8.26942860657,0.159806750052
1882.22493729,8.2899955495,0.237152237408
1883.94530436,8.34571817652,0.305093200502
1885.66567143,8.4013661758,0.309685195832
1887.3860385,8.4569426817,0.254383565354
1889.10640556,8.49782993824,0.119877120469
1890.82677263,8.39794193607,0.270467421008
1892.5471397,8.29798224765,0.312840550526
1894.26750677,8.19794524278,0.297532931592
1895.98787384,8.09782528691,0.21241569324
1897.70824091,8.05692240408,0.194497884028
1899.42860798,8.09091024884,0.291862780641
1901.14897505,8.12480911392,0.313764828822
1902.86934212,8.15862090863,0.278614196782
1904.58970918,8.19234753742,0.150704014239
1906.31007625,8.1932653557,0.242168774988
1908.03044332,8.18535523289,0.306468834152
1909.75081039,8.17736144996,0.308495522234
1911.47117746,8.16928355666,0.249769932492
1913.19154453,8.15755468058,0.131160357516
1914.9119116,8.12320529841,0.273308217646
1916.63227867,8.08876875554,0.313242754834
1918.35264574,8.05424311235,0.29576889904
1920.0730128,8.01962642419,0.206808217371
1921.79337987,7.98174492474,0.201954774134
1923.51374694,7.94038867818,0.294142189818
1925.23411401,7.89893497386,0.313261080945
1926.95448108,7.85738147688,0.275003596721
1928.67484815,7.81572584679,0.137833150661
1930.39521522,7.89904688843,0.245709405644
1932.11558229,8.00758887349,0.307207685251
1933.83594936,8.11603718579,0.307029767201
1935.55631642,8.22439793367,0.245041293685
1937.27668349,8.28925174271,0.141818177802
1938.99705056,8.15505450429,0.276061223902
1940.71741763,8.02077189907,0.313314865933
1942.4377847,7.88639636364,0.293234650046
1944.15815177,7.75192032934,0.199168570728
1945.87851884,7.72523010848,0.207358095789
1947.59888591,7.7954052298,0.295789266966
1949.31925298,7.86547472721,0.312797617099
1951.03962004,7.93544254734,0.272126603682
1952.75998711,8.00531263112,0.126954905979
1954.48035418,8.06620280935,0.250441018684
1956.20072125,8.12572334263,0.308564995289
1957.92108832,8.18515685703,0.306002609303
1959.64145539,8.24450670014,0.240823733861
1961.36182246,8.28668948781,0.152946568638
1963.08218953,8.26879460891,0.279326519824
1964.8025566,8.25082076959,0.314023219066
1966.52292366,8.23276695746,0.29182036172
1968.24329073,8.21463215566,0.194077042034
1969.9636578,8.26463209712,0.215119914025
1971.68402487,8.36619071675,0.298542014577
1973.40439194,8.46767586176,0.313041702109
1975.12475901,8.56909324825,0.269966467751
1976.84512608,8.67044858852,0.117396915501
1978.56549315,8.68569184588,0.286175404317
1980.28586022,8.69305643601,0.402601372705
1982.00622728,8.70036596209,0.491003757221
1983.72659435,8.70762083585,0.564716418264
1985.44696142,8.71482146589,0.628939765498
1987.16732849,8.72196825781,0.686355409442
1988.88769556,8.72906161413,0.738564286872
1990.60806263,8.73610193439,0.786614494472
1992.3284297,8.74308961513,0.831237469412
1994.04879677,8.75002504993,0.872968254893
1995.76916384,8.75690862943,0.912212648659
1997.4895309,8.76374074134,0.949287386299
1999.20989797,8.77052177047,0.984445528915
2000.93026504,8.77725209878,1.01789321968
2002.65063211,8.78393210533,1.04980114921
2004.37099918,8.79056216639,1.08031264109
2006.09136625,8.79714265537,1.10954950252
2007.81173332,8.80367394293,1.13761635267
2009.53210039,8.81015639695,1.16460388737
2011.25246746,8.81659038253,1.19059138356
2012.97283452,8.82297626208,1.21564864991
2014.69320159,8.82931439528,1.23983756638
2016.41356866,8.83560513911,1.26321331432
2018.13393573,8.8418488479,1.28582536994
2019.8543028,8.84804587334,1.30771831474
2021.57466987,8.85419656446,1.32893250255
2023.29503694,8.86030126769,1.34950461318
2025.01540401,8.86636032689,1.36946811538
2026.73577108,8.87237408333,1.38885365677
2028.45613814,8.87834287573,1.40768939431
2030.17650521,8.88426704027,1.42600127615
2031.89687228,8.89014691064,1.44381328332
2033.61723935,8.89598281802,1.46114763803
2035.33760642,8.90177509112,1.4780249842
2037.05797349,8.90752405617,1.49446454446
2038.77834056,8.913230037,1.51048425744
2040.49870763,8.91889335498,1.52610089825
2042.2190747,8.9245143291,1.5413301845
2043.93944176,8.93009327596,1.5561868702
2045.65980883,8.93563050979,1.5706848289
2047.3801759,8.94112634248,1.58483712777
2049.10054297,8.94658108358,1.59865609371
2050.82091004,8.95199504031,1.61215337253
2052.54127711,8.95736851763,1.62533998206
2054.26164418,8.96270181819,1.63822636001
2055.98201125,8.96799524238,1.65082240709
2057.70237832,8.97324908836,1.66313752609
2059.42274538,8.97846365205,1.67518065725
2061.14311245,8.98363922715,1.68696031042
2062.86347952,8.98877610518,1.69848459436
2064.58384659,8.99387457547,1.70976124343
2066.30421366,8.99893492519,1.72079764204
2068.02458073,9.00395743937,1.73160084702
2069.7449478,9.00894240088,1.74217760812
2071.46531487,9.01389009052,1.7525343869
2073.18568194,9.01880078696,1.76267737407
2074.906049,9.02367476679,1.77261250549
2076.62641607,9.02851230452,1.78234547701
2078.34678314,9.03331367265,1.79188175808
2080.06715021,9.0380791416,1.80122660444
2081.78751728,9.04280897978,1.81038506987
2083.50788435,9.04750345361,1.81936201708
2085.22825142,9.0521628275,1.82816212786
2086.94861849,9.05678736388,1.83678991251
2088.66898556,9.06137732323,1.84524971867
2090.38935262,9.06593296407,1.85354573949
2092.10971969,9.07045454301,1.86168202132
2093.83008676,9.07494231472,1.8696624709
2095.55045383,9.07939653197,1.87749086207
2097.2708209,9.08381744564,1.88517084204
2098.99118797,9.08820530474,1.89270593735
2100.71155504,9.09256035641,1.90009955938
2102.43192211,9.09688284596,1.90735500958
2104.15228918,9.10117301683,1.91447548434
2105.87265624,9.10543111068,1.92146407969
2107.59302331,9.10965736735,1.92832379558
2109.31339038,9.11385202486,1.93505754001
2111.03375745,9.11801531949,1.94166813294
2112.75412452,9.12214748574,1.94815830991
2114.47449159,9.12624875633,1.95453072552
2116.19485866,9.13031936229,1.96078795673
2117.91522573,9.13435953287,1.96693250593
2119.6355928,9.13836949565,1.97296680391
2121.35595986,9.14234947648,1.97889321264
2123.07632693,9.14629969954,1.98471402794
2124.796694,9.15022038732,1.99043148193
2126.51706107,9.15411176064,1.99604774551
2128.23742814,9.1579740387,2.00156493058
2129.95779521,9.16180743902,2.00698509219
2131.67816228,9.16561217754,2.01231023064
2133.39852935,9.16938846854,2.01754229342
2135.11889642,9.17313652472,2.02268317708
2136.83926348,9.17685655721,2.027734729
2138.55963055,9.18054877551,2.03269874913
2140.27999762,9.18421338759,2.03757699156
2142.00036469,9.18785059987,2.04237116615
2143.72073176,9.19146061721,2.0470829399
2145.44109883,9.19504364294,2.0517139385
2147.1614659,9.19859987887,2.05626574756
2148.88183297,9.20212952531,2.06073991402
2150.60220004,9.20563278106,2.06513794731
2152.3225671,9.20910984345,2.06946132059
2154.04293417,9.21256090831,2.07371147188
2155.76330124,9.21598617003,2.07788980515
2157.48366831,9.21938582153,2.08199769138
2159.20403538,9.2227600543,2.08603646955
2160.92440245,9.22610905839,2.09000744764
2162.64476952,9.22943302243,2.09391190353
2164.36513659,9.23273213365,2.09775108593
2166.08550366,9.23600657785,2.10152621521
2167.80587072,9.23925653949,2.10523848421
2169.52623779,9.2424822016,2.1088890591
2171.24660486,9.24568374587,2.11247908009
2172.96697193,9.24886135263,2.1160096622
2174.687339,9.25201520086,2.11948189593
