    123.98802967
    123.98802967
    123.98802967
    123.98802967
    123.98802967
    124.02246030
    124.02246030
    124.02246030
    124.41887576
    124.41887576
    124.41887576
    124.46711122
    124.46711122
    124.55591085
    123.43350306
    123.99548306
    123.99548306
    123.99548306
    123.96380429
    123.96380429
    123.96380429
    124.80610759
    122.74095480
    122.43539392
    122.43539392
    122.43539392
    122.43539392
    122.43539392
    122.43539392
    122.43539392
    122.43539392
    122.43539392
    122.43539392
    122.43539392
    122.43539392
    122.43539392
    122.43539392
    122.43539392
    122.43539392
    123.11148991
    123.58119402
    123.58119402
    123.39281831
    123.39281831
    123.39281831
    123.39281831
    123.39281831
    124.87021717
    124.87021717
    124.87021717
    124.74566270
    124.74566270
    122.36654972
    122.36654972
    122.36654972
    122.36654972
    122.36654972
    122.36654972
    122.56990043
    123.68489497
    123.68489497
    123.68489497
    123.68489497
    123.68489497
    122.95873498
    122.95873498
    123.32954611
    123.32954611
    123.32954611
    123.32954611
    123.32954611
    123.32954611
    123.32954611
    123.32954611
    123.32954611
    124.33796180
    124.33796180
    124.33796180
    124.45329843
    124.21801471
    124.39382193
    124.14998231
    124.14998231
    124.14998231
    124.14998231
    123.97876520
    123.97876520
    122.68541643
    122.68541643
    122.68541643
    122.68541643
    122.68541643
    122.68541643
    122.68541643
    122.68541643
    122.68541643
    122.68541643
    124.54136715
    124.54136715
    124.54136715
    122.95573170
    122.95573170
    122.95573170
    122.95573170
    122.95573170
    123.58615149
    123.58615149
    123.29561967
    123.29561967
    123.29561967
    121.60493938
    123.68569444
    123.85216942
    122.71246711
    122.71246711
    122.71246711
    122.71246711
    122.71246711
    122.71246711
    122.71246711
    122.71246711
    122.47945412
    121.28712495
    121.28712495
    121.28712495
    121.28712495
    121.28712495
    121.74723331
    121.74723331
    121.74723331
    121.74723331
    121.74723331
    121.74723331
    121.74723331
    122.26239596
    122.26239596
    122.26239596
    122.39493400
    120.40072522
    120.40072522
    120.40072522
    120.40072522
    120.40072522
    120.40072522
    120.40072522
    120.40072522
    120.40072522
    120.40072522
    120.40072522
    124.23072585
    124.23072585
    124.23072585
    124.23072585
    124.23072585
    124.23072585
    124.23072585
    121.37905645
    124.08571531
    124.08571531
    122.40813487
    122.40813487
    122.40813487
    122.40813487
    122.40813487
    123.17187357
    123.17187357
    123.66432144
    123.66432144
    123.22301199
    122.40007030
    122.40007030
    122.40007030
    122.40007030
    122.40007030
    122.66306770
    122.66306770
    124.58643792
    124.58643792
    122.19452304
    122.19452304
    122.19452304
    124.54071263
    124.54071263
    123.80257812
    123.80257812
    123.80257812
    123.17955617
    123.16623379
    123.86949012
    122.16383925
    124.33923955
    124.33923955
    124.33923955
    124.33923955
    124.33923955
    124.33923955
    122.86382245
    122.86382245
    122.86382245
    122.86382245
     85.21228713
     85.21228713
     85.21228713
     85.21228713
     85.21228713
     85.21228713
     85.21228713
     85.21228713
    116.32749857
    116.32749857
    116.32749857
    116.32749857
    116.32749857
    117.15092008
    119.96429579
    119.96429579
    119.96429579
    118.34706161
    119.92425747
    121.85455773
    121.85455773
    121.79967808
    121.79967808
    121.79967808
    121.79967808
    121.79967808
    121.79967808
    121.79967808
    121.81649470
    120.29242799
    120.29242799
    122.22910504
    122.22910504
    122.22910504
    122.22910504
    122.08254826
    122.08254826
    119.93038720
    119.93038720
    119.93038720
    119.93038720
    119.93038720
    119.93038720
    121.22527688
    121.22527688
    119.62387808
    119.62387808
    119.62387808
    121.31062862
    121.31062862
    121.31062862
    121.31062862
    121.31062862
    121.31062862
    121.31062862
    121.31062862
    122.97626756
    122.97626756
    123.46325672
    123.46325672
    123.46325672
    123.53930149
    123.53930149
    123.19135117
    123.19135117
    123.19135117
    120.23264506
    120.23264506
    120.23264506
    119.98487577
    119.98487577
    119.50394117
    121.76146903
    121.76146903
    121.76146903
    121.76146903
    121.76146903
    121.76146903
    121.76146903
    121.76146903
    120.74892675
    120.74892675
    120.74892675
    120.74892675
    122.92002134
    122.92002134
    122.92002134
    122.92002134
    122.92002134
    123.65806894
    123.74359370
    123.74359370
    123.74359370
    124.50736597
    124.50736597
    124.50736597
    124.56052128
    124.56052128
    124.56052128
    124.56052128
     65.14775917
     65.14775917
     65.14775917
     65.14775917
     65.14775917
     65.14775917
     66.21243068
     66.21243068
     66.21243068
     66.21243068
     68.26174453
     68.26174453
     68.26174453
     68.68422536
     68.68422536
     68.68422536
     68.54642964
     68.54642964
     69.30714045
     69.30714045
     68.16881177
     68.16881177
     69.49922260
     70.58966684
     67.40754961
     67.40754961
     66.21435253
     66.21435253
     66.21435253
     66.21435253
     66.21435253
     69.11292354
     69.13414665
     69.13414665
     68.57166657
     68.57166657
     65.99285623
     70.25936513
     69.65212293
     69.65212293
     69.65212293
     69.65212293
     69.65212293
     69.65212293
     69.65212293
     67.68500829
     67.68500829
     67.38212285
     67.38212285
     70.55164673
     70.55164673
     70.55164673
     70.29758973
     70.29758973
     70.29758973
     70.04096861
     70.04096861
     66.33441367
     66.33441367
     66.33441367
     66.33441367
     66.33441367
     68.00667267
     67.66940727
     69.04584707
     67.77478810
     68.50393943
     68.50393943
     68.50393943
     68.50393943
     69.27112174
     70.66871244
     67.40388476
     67.40388476
     70.34006801
     69.91447197
     69.91447197
     69.91447197
     69.91447197
     70.27512215
     70.27512215
     70.27512215
     69.67176972
     69.67176972
     69.67176972
     69.67176972
     69.67176972
     68.65267493
     68.65267493
     68.65267493
     69.12462333
     69.09780936
     69.09780936
     69.09780936
     65.86878736
     65.86878736
     65.86878736
     65.86878736
     68.80606113
     68.80606113
    112.74435436
    112.74435436
    112.74435436
    116.67068242
    116.43345365
    116.43345365
    116.43345365
    116.43345365
    116.43345365
    115.70934751
    118.00343473
    118.00343473
    118.00343473
    118.00343473
    118.00343473
    118.00343473
    118.00343473
    116.89291709
    116.02330184
    116.02330184
    115.91046255
    120.02866854
    120.89835245
    118.40047182
    118.40047182
    118.40047182
    121.23241548
    121.23241548
    120.97387763
    121.17851067
    121.17851067
    121.17851067
    121.08295421
    121.08295421
    121.58337223
    121.99223950
    121.99223950
    121.76127905
    122.18954398
    122.18954398
    123.62710150
    123.62710150
    123.73529968
    123.48285562
    123.48285562
    123.39739964
    123.39739964
    123.39739964
    123.39739964
    123.62288432
    123.62288432
    124.48245746
    124.52124296
    124.52231073
    124.52231073
    124.52231073
    124.52231073
    124.52231073
    124.11095745
    124.07593639
    124.07593639
    124.07593639
    124.07593639
    124.07593639
    124.07593639
    123.18713819
    123.18713819
    123.18713819
    122.88255289
    122.88255289
    122.88255289
    122.88255289
    122.88255289
    122.88255289
    122.88255289
    122.88255289
    121.23118423
    121.23118423
    119.88091484
    119.88091484
    119.88091484
    119.00329269
    119.00329269
    119.00329269
    119.00329269
    119.00329269
    121.27329847
    121.27329847
    121.27329847
    121.27329847
    122.76975330
    120.86395003
    120.86395003
    122.89488782
    122.98795381
    122.57726487
    122.57726487
    121.95120186
    121.95120186
    122.15565494
    117.97187216
    117.75992880
    117.75992880
    117.75992880
    117.75992880
    117.75992880
    117.75992880
    117.75992880
    117.75992880
    117.75992880
    117.75992880
    117.75992880
    117.75992880
    117.75992880
    121.37453124
    121.37453124
    121.37453124
    121.37453124
    121.37453124
    119.93541651
    119.93541651
    119.93541651
    119.93541651
    119.93541651
    121.02934746
    121.02934746
    121.02934746
    121.02934746
    121.02934746
    121.02934746
    121.02934746
    121.02934746
    121.02934746
    121.02934746
    121.02934746
    122.00690863
    122.00690863
    122.00690863
    122.00690863
    122.00690863
    122.00690863
    122.00690863
    122.00690863
    122.00690863
    122.00690863
    121.90104147
    121.82819630
    121.82819630
    121.82819630
    121.82819630
    121.82819630
    121.82819630
    121.82819630
    121.82819630
    124.10689297
    124.10689297
    124.10689297
    124.10689297
    124.10689297
    124.10689297
    124.10689297
    124.10689297
    124.10689297
    124.10689297
    124.10689297
    124.10689297
    124.37156807
    124.37156807
    124.37156807
    124.55440230
    124.55440230
    123.99519212
    123.28730937
    123.28730937
    123.62763447
    123.62763447
    122.28740650
    122.28740650
    122.28740650
    122.28740650
    122.28740650
    122.28740650
    122.28740650
    122.28740650
    122.28740650
    124.44717940
    124.44717940
    122.53581688
    122.83829940
    124.44126038
    124.44126038
    124.44126038
    124.44126038
    124.44126038
    124.44126038
    124.44126038
    124.44126038
    124.44126038
    124.44126038
    124.44126038
     12.47109951
     12.47109951
     12.47109951
     12.47109951
     12.47109951
     12.47109951
     12.47109951
     12.47109951
     12.47109951
     12.47109951
     12.47109951
     12.47109951
     12.47109951
     12.47109951
     12.47109951
     12.47109951
     23.27578652
     23.27578652
     23.27578652
     23.27578652
     23.27578652
     23.60204564
     69.09101778
     69.09101778
     69.09101778
     69.09101778
     69.09101778
     94.69826951
     94.69826951
     94.69826951
     94.69826951
     94.69826951
     94.69826951
     94.69826951
     94.69826951
     94.69826951
     94.69826951
     96.01511303
    107.22383669
    107.22383669
    107.22383669
    107.22383669
    107.22383669
    107.22383669
    107.22383669
    107.22383669
    111.84061893
    111.84061893
    111.84061893
    111.84061893
    111.84061893
    119.73574947
    119.75819032
    119.75819032
    119.75819032
    119.75819032
    119.75819032
    119.75819032
    122.68246459
    122.68246459
    122.68246459
    122.68246459
    122.68246459
    122.83753002
    122.83753002
    122.68038532
    122.24169996
    122.24169996
    122.24169996
    122.24169996
    122.24169996
    122.39766027
    122.39766027
    122.39766027
    117.07482703
    117.07482703
    120.91432668
    120.91432668
    122.10731192
    122.10731192
    122.10731192
    123.39178509
    123.39178509
    122.82717020
    122.82717020
    122.82717020
    123.01499527
    123.22868026
    123.71777088
    123.71777088
    123.71777088
    123.71777088
    123.71777088
    123.71777088
    123.71777088
    123.71777088
    123.28761406
    123.28761406
    123.28761406
    123.89672440
    119.71689397
    119.71689397
    119.71689397
    120.62028664
    120.62028664
    120.91829579
    120.91829579
    122.26647679
    122.26647679
    121.54956025
    121.54956025
    121.54956025
    121.54956025
    121.52749423
    121.52749423
    121.52749423
    121.52749423
    121.52749423
    121.52749423
    121.52749423
    121.52749423
    121.52749423
    121.22681518
    121.22681518
    121.97575953
    121.97575953
    121.97575953
    121.97575953
    121.97575953
    121.97575953
    117.66654128
    117.66654128
    117.66654128
    117.66654128
    117.66654128
    117.66654128
    117.66654128
    117.66654128
    117.66654128
    118.34784409
    118.34784409
    118.34784409
    122.46181852
    120.75355924
    120.75355924
    120.75355924
    120.72601282
    120.72601282
    120.83535616
    123.94852947
    123.94852947
    123.94852947
    123.94852947
    123.94852947
    123.94852947
    123.94852947
    123.94852947
    123.94852947
    123.94852947
    123.94852947
    123.94852947
    123.94852947
    123.94852947
    124.12270769
    124.12270769
    124.12270769
    124.12270769
    124.12270769
    123.29165537
    123.10286709
    123.10286709
    122.30426476
    122.30426476
    122.30426476
    122.30426476
    122.30426476
    122.30426476
    119.98276168
    121.67799362
    121.67799362
    121.67799362
    121.67799362
    121.67799362
    121.67799362
    121.67799362
    121.67799362
    123.82113108
    123.82113108
    123.82113108
    123.48048683
    123.34044410
    123.34044410
    123.99322712
    123.99322712
    123.46851380
    123.46851380
    123.46851380
    123.46851380
    123.46851380
    123.46851380
     68.87290661
     68.87290661
     68.87290661
     68.87290661
     68.87290661
     70.59760788
     70.10572449
     70.10572449
     70.10572449
     70.10572449
     71.17335575
     71.17335575
     71.17335575
     71.17335575
     71.17335575
     71.17335575
     71.17335575
     71.17335575
     71.17335575
     70.46782676
     70.46782676
     69.72937455
     69.72937455
     69.72937455
     72.31191655
     72.31191655
     72.31191655
     72.31191655
     72.31191655
     72.31191655
     72.31191655
     72.31191655
     72.31191655
     72.31191655
     72.31191655
     72.31191655
     72.31191655
     72.31191655
     72.31191655
     72.31191655
     72.24325430
     72.24325430
     72.03267082
     71.84073315
     71.84073315
     72.09175667
     72.09175667
     72.09175667
     72.09175667
     72.09175667
     72.09175667
     70.34203620
     70.34203620
     70.34203620
     71.88886320
     71.88886320
     71.88388108
     71.88388108
     71.04536138
     71.04536138
     71.04536138
     71.04536138
     71.04536138
     71.04536138
     71.04536138
     71.04536138
     71.23229873
     71.23229873
     71.23229873
     71.23229873
     71.23229873
     70.97184409
     70.97184409
     70.97184409
     70.33891328
     70.33891328
     70.33891328
     70.33891328
     70.33891328
     70.33891328
     70.33891328
     70.77714889
     70.77714889
     70.77714889
     68.23038689
     68.23038689
     68.23038689
     68.23038689
     68.23038689
     68.23038689
     68.23038689
     68.23038689
     68.23038689
     68.23038689
     68.23038689
     68.23038689
     68.23038689
     69.80893886
     67.97022595
     67.97022595
    118.88293881
    120.77690142
    120.77690142
    120.77690142
    120.77690142
    120.77690142
    120.76008870
    120.76008870
    118.77380411
    118.77380411
    118.74543594
    118.74543594
    118.74543594
    118.74543594
    118.74543594
    118.74543594
    118.74543594
    120.16496938
    120.16496938
    120.16496938
    120.16496938
    120.16496938
    122.18387317
    121.81647471
    121.81647471
    121.81647471
    121.81647471
    123.19141918
    123.19141918
    122.58399187
    120.61254687
    120.61254687
    120.61254687
    120.68322271
    120.68322271
    120.68322271
    121.31559811
    117.05216269
    117.05216269
    117.05216269
    117.05216269
    117.05216269
    117.05216269
    117.05216269
    121.72442708
    121.72442708
    121.72442708
    121.72442708
    121.72442708
    122.35060735
    122.95952736
    122.96017800
    122.72202775
    124.18783226
    124.18783226
    124.18783226
    124.18783226
    124.18783226
    124.18783226
    123.51971327
    123.51971327
    123.51971327
    121.72738704
    121.72738704
    121.72738704
    121.72738704
    121.72738704
    121.72738704
    121.72738704
    122.72433920
    122.72433920
    122.72433920
    120.20717631
    120.20717631
    120.20717631
    120.20717631
    121.87277449
    121.87277449
    121.87277449
    121.87277449
    123.71906700
    123.71906700
    123.71906700
    123.80641808
    123.80641808
    123.80641808
    123.81320608
    123.81320608
    123.81320608
    123.65903696
    123.33819611
    123.33819611
    122.91278032
    122.91278032
    122.91278032
    123.45939474
    123.45939474
    123.45939474
    123.45939474
    123.45939474
     61.86604797
     61.86604797
     61.86604797
     61.86604797
     61.86604797
     61.86604797
     61.86604797
     61.86604797
     67.54389708
     67.54389708
     67.54389708
     67.54389708
     67.54389708
     67.54389708
     67.54389708
     67.54389708
     69.05990390
     69.05990390
     69.05990390
     69.05990390
     68.63771017
     68.63771017
     70.73731366
     70.73731366
     70.73731366
     70.73731366
     70.73731366
     70.73731366
     70.73731366
     70.77965839
     69.78592500
     69.78592500
     69.78592500
     69.78592500
     69.78592500
     69.78592500
     69.78592500
     71.47184745
     71.47184745
     71.47184745
     71.47184745
     71.47184745
     71.47185625
     70.27628436
     70.27628436
     70.27628436
     70.27628436
     70.96830221
     70.96830221
     70.96830221
     69.83666218
     70.76819887
     70.85347247
     70.85347247
     70.85347247
     70.85347247
     70.84624258
     70.84624258
     70.71623026
     69.95636554
     69.97270216
     69.97270216
     69.97270216
     69.99465627
     69.99465627
     69.99465627
     70.76405656
     70.76405656
     70.76405656
     70.76405656
     70.76405656
     70.30847149
     69.03484164
     69.03484164
     69.03484164
     70.83440355
     70.83440355
     70.83440355
     70.83440355
     70.83440355
     70.78867604
     70.88882440
     71.79440314
     71.79440314
     71.79440314
     71.71070191
     71.71070191
     71.37723962
     71.37723962
     71.37723962
     71.37723962
     71.37723962
     71.37723962
     71.37723962
     71.32344839
     71.32344839
     71.32344839
     71.32344839
     71.32344839
     71.32344839
     70.32387963
     70.32387963
     71.42453146
     71.42453146
     71.09382902
     71.09382902
     70.43239422
     70.43239422
     70.43239422
     70.43239422
     70.43239422
     70.43239422
     70.43239422
     70.43239422
     70.43239422
     70.43239422
     70.43239422
     70.44679281
     70.44679281
     70.44679281
     70.44679281
     70.44679281
     70.44679281
     70.44679281
     70.32842636
     70.32842636
     70.32842636
     70.32842636
     70.32842636
     70.32842636
     70.32842636
     70.32842636
     70.32842636
     70.32842636
     70.32842636
     67.38962609
     67.38962609
     69.96830223
     69.96830223
     71.12673940
     70.89955436
     70.89955436
     70.89955436
     71.80889893
     70.79634132
     70.79634132
     70.79634132
     70.79634132
     70.79634132
     70.79634132
     70.79634132
     70.79634132
     71.68973163
     71.68973163
     71.68973163
     71.68973163
     70.09065372
     70.09065372
     70.09065372
     70.09065372
     70.09065372
     70.09065372
     65.49167475
     69.36445241
     68.58604651
     68.33224649
     68.33224649
     68.33224649
     68.33224649
     68.33224649
     68.33224649
     68.33224649
     68.33224649
     71.22076078
     71.22795718
     71.22795718
     70.80398922
     71.33130444
     71.33130444
     71.33216449
     71.29603694
     71.29603694
     71.29603694
     71.31558703
     71.31558703
     71.31558703
     71.31558703
     71.02605776
     71.02605776
     71.02605776
     71.02605776
     71.11325552
     71.11325552
     71.11325552
     71.11325552
     71.11325552
     71.11325552
     71.11325552
     71.11325552
     71.11325552
     53.83612332
     53.83612332
     53.83612332
     53.83612332
     53.83612332
     53.83612332
     53.83612332
     53.83612332
     53.83612332
     53.83612332
     53.83612332
     66.86426884
     66.86426884
     66.86426884
     66.86426884
     66.86426884
     66.86426884
     68.52771993
     68.52771993
     70.67149728
     70.67149728
     70.21429796
     70.21429796
     70.15990542
     67.74418258
     68.81688131
     68.81688131
     68.81688131
     68.81688131
     68.81688131
     68.81688131
     68.81688131
     70.50538181
     70.50538181
     70.50538181
     70.50538181
     70.50538181
     70.50538181
     70.50538181
     70.50538181
     70.50538181
     70.50538181
     70.50538181
     70.50538181
     70.50538181
     70.50538181
     70.50538181
     70.50538181
     70.50538181
     70.50538181
     70.50538181
     70.50538181
     70.50538181
     70.50538181
     70.54865564
     68.67807488
     71.14220619
     71.14220619
     71.14220619
     71.57765039
     71.47467005
     71.47467005
     71.47467005
     71.47467005
     71.47467005
     71.47467005
     71.82947705
     70.55883102
     71.61877134
     71.61877134
     70.67282322
     70.67282322
     70.67282322
     70.67282322
     70.67282322
     70.67282322
     70.67282322
     70.67282322
     70.81459354
     70.81459354
     70.81459354
     70.81459354
     70.81459354
     70.81459354
     70.81459354
     70.81459354
     70.81459354
     70.15622758
     70.15622758
     70.20853295
     71.78316672
     71.78316672
     71.78316672
     71.78316672
     71.78316672
     71.78316672
     71.55124678
     71.55124678
     71.55124678
     71.55124678
     66.11381396
     66.11381396
     66.11381396
     66.11381396
     66.11381396
     70.24246715
     70.24246715
     70.24246715
     70.24246715
     70.24246715
     70.24246715
     70.24246715
     70.24246715
     70.43334160
     70.43334160
     70.43334160
     70.00232127
     70.03494467
     70.03494467
     70.03494467
     70.03494467
     70.03494467
     70.96475034
     70.96475034
     70.96475034
     70.74053780
     70.74053780
     70.74053780
     70.74053780
     70.74053780
     70.74053780
     70.74053780
     70.74053780
     70.74053780
     70.74053780
     70.74053780
     70.74053780
     70.74053780
     70.74053780
     71.06397430
     71.06397430
     71.55473556
     70.07585085
     70.07585085
     70.07585085
     70.07585085
     70.07585085
     70.07585085
     70.07585085
     70.07585085
     70.07585085
     70.07585085
     70.07585085
     70.07585085
     69.74146535
     69.74146535
     69.74146535
     69.88865240
     69.88865240
     69.88865240
     69.88865240
     69.88865240
     69.88865240
     69.88865240
     69.88865240
     69.88865240
     69.88865240
     69.88865240
     69.88865240
     69.88865240
     69.88865240
     70.73208920
     70.73208920
     70.73208920
     70.73208920
     70.73208920
     70.73208920
     70.73208920
     70.73208920
     70.73208920
     70.73208920
     70.73208920
     70.73208920
     70.73208920
     71.14082273
     71.14082273
     71.14082273
     71.14082273
     71.14082273
     70.76960129
     70.76960129
     71.05686956
     71.05686956
     71.05686956
     71.05686956
     71.05686956
     71.05686956
     70.40726601
     70.40726601
     70.40726601
     56.87511933
     56.87511933
     56.87511933
     56.87511933
     56.87511933
     56.87511933
     56.87511933
     56.87511933
     56.87511933
     56.87511933
     58.38652439
     58.38652439
     58.38652439
     58.38652439
     58.38652439
     58.38652439
     58.38652439
     58.38652439
     58.38652439
     59.32434939
     59.32434939
     59.32434939
     59.32434939
     59.65705361
     59.65705361
     59.65705361
     59.65705361
     59.65705361
     59.65705361
     59.65705361
     59.65705361
     59.65705361
     59.65705361
     59.65705361
     59.65705361
     59.65705361
     59.65705361
     59.65705361
     59.65705361
     62.25966602
     62.25966602
     62.25966602
     63.18045211
     63.18045211
     63.18045211
     63.14656259
     63.14656259
     63.14656259
     63.14656259
     63.14656259
     60.89040882
     60.89040882
     60.89040882
     62.19612158
     62.19612158
     59.21665008
     59.21665008
     59.21665008
     59.21665008
     59.21665008
     59.21665008
     57.66688435
     57.66688435
     58.82313518
     58.82313518
     58.82313518
     58.82313518
     58.82313518
     58.82313518
     58.82313518
     58.82313518
     58.82313518
     58.82313518
     58.82313518
     58.82313518
     58.82313518
     58.82313518
     58.82313518
     58.82313518
     58.82313518
     58.82313518
     58.82313518
     58.82313518
     58.82313518
     58.37142966
     58.81772009
     62.37528716
     62.37528716
     62.50384048
     62.50384048
     62.80600453
     62.80600453
     62.80600453
     62.80600453
     62.80600453
     62.80600453
     62.47255280
     62.47255280
     69.62348942
     69.62348942
     70.08614573
     70.08614573
     70.08614573
     70.08614573
     69.68343732
     70.24436900
     70.24436900
     70.24436900
     70.24436900
     70.24436900
     70.24436900
     70.24436900
     70.24436900
     70.24436900
     70.24436900
     71.11679599
     71.11679599
     71.11679599
     71.11679599
     71.11679599
     71.11679599
     71.13616713
     71.13616713
     71.13616713
     71.13616713
     71.13616713
     71.13616713
     71.13616713
     70.80144882
     70.80144882
     70.80144882
     71.10957699
     69.55360555
     70.83089546
     70.83089546
     70.83089546
     70.83089546
     70.83089546
     70.83089546
     70.83089546
     70.83089546
     70.83089546
     70.83089546
     69.34255571
     69.34255571
     69.34255571
     69.34255571
     69.34255571
     66.82870858
     66.82870858
     68.83714356
     68.83714356
     68.83714356
     68.83714356
     68.83714356
     68.83714356
     68.83714356
     68.83714356
     68.83714356
     68.83714356
     68.83714356
     68.83714356
     68.83714356
     68.56286639
     68.56286639
     67.23414013
     71.25569830
     71.18464523
     71.18464523
     71.18464523
     71.18464523
     71.18464523
     70.43888398
     70.43888398
     70.43888398
     70.43888398
     70.43888398
     70.43888398
     70.43888398
     70.43888398
     70.43888398
     70.43888398
     70.43888398
     70.43888398
     70.43888398
     70.43888398
     70.43888398
     70.43888398
     70.43888398
     70.43888398
     70.43888398
     70.43888398
     67.85194564
     67.85194564
     67.85194564
     70.59070133
     69.88671457
     69.88671457
     69.88671457
     69.88671457
    121.58848641
    121.40337427
    124.10597365
    124.10597365
    124.10597365
    124.10597365
    124.10597365
    123.74262243
    123.74262243
    123.64493080
    123.64493080
    123.64493080
    123.64493080
    123.64493080
    124.58785135
    124.58785135
    124.58785135
    124.58785135
    124.66884547
    124.66884547
    122.24454783
    122.24454783
    122.24454783
    122.24454783
    122.24454783
    121.45362880
    121.45362880
    121.45362880
    121.40577047
    121.70869710
    120.54029942
    123.62660921
    123.62660921
    123.62660921
    123.62660921
    123.62660921
    123.62660921
    123.62660921
    124.60456689
    124.60456689
    124.60456689
    124.60456689
    124.60456689
    124.60456689
    124.60456689
    124.60456689
    122.73550090
    125.02449874
    125.02449874
    125.02449874
    125.02449874
    125.02449874
    125.02449874
    125.02449874
    125.02449874
    125.02449874
    125.09141224
    124.62886047
    124.62886047
    124.62886047
    124.62886047
    124.35861632
    124.35861632
    124.35861632
    124.35861632
    124.35861632
    124.35861632
    124.35861632
    124.35861632
    124.35861632
    124.35861632
    124.98893432
    123.90589107
    124.81237913
    124.81237913
    124.81237913
    124.81237913
    124.81237913
    125.06322440
    125.06322440
    125.06322440
    124.51435021
    124.51435021
    124.51435021
    124.51435021
    124.51435021
    124.51435021
    124.51435021
    124.51435021
    124.51435021
    125.10353902
    125.10353902
    125.11727805
    125.11727805
    125.11727805
    125.11727805
    125.11727805
    125.11727805
    125.11727805
    125.11727805
    120.07811887
    121.25267049
    121.25267049
    121.25267049
    121.11953425
    119.90670907
    119.90670907
    120.09796559
    120.09796559
    120.09796559
    120.09796559
    120.09796559
    120.09796559
    120.09796559
    120.08224491
    120.08224491
    120.46534533
    120.46534533
    121.59680571
    121.48434085
    122.25831384
    121.99947477
    121.99947477
    121.99947477
    121.99947477
    122.00042253
    122.00042253
    122.00042253
    122.07094596
    123.62223609
    123.62223609
    123.62223609
    123.62223609
    123.62223609
    123.28109013
    123.28109013
    122.67145955
    122.67145955
    122.67145955
    122.67145955
    119.12840746
    119.12840746
    119.12840746
    119.12840746
    122.65760149
    122.65760149
    122.65760149
    122.54959391
    122.54959391
    122.54959391
    121.61602122
    121.61602122
    121.61602122
    121.61602122
    121.61602122
    121.61602122
    121.61602122
    121.61602122
    121.61602122
    121.61602122
    121.61602122
    121.61602122
    121.78442232
    120.75309676
    121.01422590
    121.01422590
    121.33740206
    121.33740206
    121.33740206
    121.99080863
    121.99080863
    121.99080863
    121.99080863
    122.31358093
    121.98770688
    121.98770688
    123.46769000
    123.46769000
    122.21298772
    122.21298772
    122.21298772
    122.21298772
    122.21298772
    122.21298772
    122.21298772
    122.21298772
    121.44006403
    121.44006403
    123.57825941
    123.57825941
    124.72883845
    123.44725989
    123.57772409
    123.57772409
    122.74947405
    122.74947405
    122.83510499
    122.83510499
    122.83510499
    122.83510499
     75.41253049
     75.41253049
     75.41253049
     75.41253049
     75.41253049
     75.41253049
     75.41253049
     75.41253049
     75.41253049
     76.01040130
     76.01040130
     76.01040130
     76.01040130
     75.37837491
     75.37837491
     75.37837491
     75.37837491
     75.37837491
     75.37837491
     75.37837491
     75.37837491
     75.37837491
     75.37837491
     77.61195815
     77.61195815
     77.61195815
     77.61195815
     77.61195815
     91.59863083
     91.59863083
     91.59863083
     91.59863083
     91.59863083
     91.59863083
     92.42369912
     92.42369912
     92.42369912
     92.42369912
     92.42369912
     92.42369912
     93.03201803
     93.03201803
     93.03201803
     93.03201803
     93.03201803
     93.03201803
     93.03201803
     93.03201803
     93.03201803
     93.03201803
     92.76868739
     92.76868739
     92.76868739
     92.76868739
     92.76868739
     92.76868739
     92.76868739
     94.05090943
     93.94652970
     93.99845422
     93.99845422
     93.99845422
     93.13074536
     93.13074536
     93.13074536
     93.13074536
     93.13074536
     93.13074536
     93.13074536
     94.34794292
     94.34794292
     94.34794292
     94.34794292
     94.34794292
     94.34794292
     94.34794292
     94.34794292
     94.34794292
     94.34794292
     94.34794292
     94.34794292
     94.34794292
     94.34794292
     92.99633643
     92.99633643
     92.99633643
     92.99633643
     92.99633643
    114.64492536
    114.64492536
    114.64492536
    114.64492536
    114.64492536
    114.64492536
    114.64492536
    114.64492536
    114.64492536
    114.64492536
    114.64492536
    114.64492536
     63.98343049
     66.17137759
     66.17137759
     66.17137759
     66.17137759
     66.17137759
     65.55364127
     65.55364127
     65.55364127
     65.55364127
     65.55364127
     65.55364127
     65.55364127
     65.55364127
     65.55364127
     65.55364127
     65.55364127
     65.55364127
     65.55364127
     70.09306177
     70.09306177
     70.09306177
     70.09306177
     70.09306177
     70.09306177
     70.09306177
     70.09306177
     70.30860738
     70.30860738
     70.30860738
     70.30860738
     70.30860738
     70.30860738
     70.30860738
     70.30860738
     70.30860738
     70.30860738
     70.30860738
     70.18150382
     70.18150382
     70.07483231
     69.87227390
     69.87227390
     69.87227390
     69.87227390
     67.85845355
     67.85845355
     70.30992418
     68.01920556
     68.01920556
     68.12372173
     68.12372173
     68.12372173
     68.12372173
     68.12372173
     68.12372173
     69.86059569
     69.77519133
     69.77519133
     69.77519133
     69.77519133
     69.77519133
     70.47992571
     70.47992571
     70.47992571
     70.47992571
     70.47992571
     71.17298676
     71.17298676
     71.17298676
     71.17298676
     71.17298676
     71.17298676
     71.17298676
     71.17298676
     71.17298676
     71.17298676
     71.17298676
     71.17298676
     71.17298676
     71.17298676
     69.39756952
     69.39756952
     69.39756952
     69.39756952
     69.39756952
     67.42819017
     70.09644116
     70.09644116
     70.09644116
     70.09644116
     70.09644116
     70.09644116
     70.09644116
     70.09644116
     70.88427265
     70.88427265
     70.88427265
     70.88427265
     70.88427265
    106.45564202
    107.60258682
    107.60258682
    107.60258682
    109.38034083
    109.95204885
    109.95204885
    109.95204885
    109.95204885
    109.95204885
    109.95204885
    109.95204885
    109.95204885
    109.95204885
    109.95204885
    109.95204885
    109.95204885
    109.95204885
    109.95204885
    117.02327310
    117.02327310
    120.74913630
    120.74913630
    120.78190913
    120.85511516
    120.85511516
    120.85511516
    121.65149519
    121.68513407
    121.68513407
    121.68513407
    121.68513407
    121.68513407
    121.75587869
    121.75587869
    122.97832295
    122.35702957
    122.35702957
    122.35702957
    122.35702957
    121.41938650
    121.41938650
    119.62821302
    119.62821302
    119.62821302
    119.62821302
    119.62821302
    119.62821302
    120.97276936
    120.97276936
    121.32112018
    121.32112018
    121.41262272
    122.90366013
    122.90366013
    122.90366013
    122.90366013
    122.90366013
    122.90366013
    122.90366013
    121.55097552
    121.55097552
    121.55097552
    123.71718602
    123.71718602
    123.71718602
    123.71718602
    123.71718602
    123.71718602
    123.71718602
    123.71718602
    123.71718602
    123.71718602
    123.71718602
    123.71718602
    123.71718602
    123.71073300
    123.71073300
    123.92115441
    123.92115441
    123.92115441
    123.89953541
    123.89953541
    122.75538649
    122.75538649
    122.75538649
    122.75538649
    122.75538649
    122.75538649
    120.76746133
    120.76746133
    122.17531826
    122.17531826
    122.17531826
    122.28786385
    122.28786385
    122.67749356
    124.14544389
    124.14544389
    124.14544389
     50.08623941
     50.08623941
     50.08623941
     50.08623941
     50.08623941
     50.06195735
     50.06195735
     50.06195735
     50.06195735
     50.06195735
     54.52619639
     54.05972330
     54.05972330
     54.05972330
     54.05972330
     54.05972330
     54.05972330
     54.05972330
     54.05972330
     54.05972330
     54.05972330
     54.05972330
     54.05972330
     54.05972330
     64.90104535
     69.87519086
     69.87519086
     69.87519086
     69.87519086
     69.87519086
     69.87519086
     66.68281161
     66.68281161
     66.68281161
     67.47631018
     67.47631018
     67.54209059
     67.54209059
     67.77176542
     67.37079228
     67.37079228
     67.37079228
     67.37079228
     67.37079228
     67.37079228
     67.37079228
     67.37079228
     67.37079228
     67.37079228
     67.37079228
     67.37079228
     67.37079228
     67.37079228
     70.25849925
     70.25849925
     70.25849925
     71.20021291
     71.20021291
     71.20021291
     71.20021291
     71.20021291
     71.20021291
     71.20021291
     71.20021291
     71.20021291
     71.20021291
     71.29999050
     69.23615275
     69.23615275
     70.23644148
     68.97495982
     68.97495982
     68.97495982
     68.97495982
     68.97495982
     67.51699795
     67.51699795
     67.51699795
     67.45729207
     67.45729207
     68.95727196
     68.95727196
     69.64116889
     69.64116889
     69.64116889
     69.64116889
     69.64116889
     69.64116889
     69.63439060
     69.63439060
     69.63439060
     68.09610191
     68.09610191
     70.14448722
     70.14448722
     70.14448722
     70.14448722
     70.14448722
     70.14448722
     70.14448722
     60.86300344
     60.86300344
     60.69695511
     60.69695511
     60.69695511
     60.69695511
     60.69695511
     60.69695511
     60.37408831
     60.37408831
     60.37408831
     60.37408831
     61.01778309
     61.01778309
     61.01778309
     61.01778309
     61.01778309
     61.01778309
     61.01778309
     61.01778309
     61.01778309
     58.61690743
     58.61690743
     58.61690743
     58.61690743
     58.61690743
     60.18359401
     60.18359401
     60.18359401
     60.18359401
     60.18359401
     60.18359401
     60.18359401
     60.18359401
     60.18359401
     60.18359401
     60.18359401
     60.37804370
     60.37804370
     60.37804370
     60.37804370
     62.73163968
     62.73163968
     63.01725600
     63.01725600
     63.01725600
     63.01725600
     65.44856666
     65.44856666
     65.44856666
     65.44856666
     65.44856666
     65.44856666
     65.44856666
     65.44856666
     65.44856666
     65.44856666
     65.44856666
     65.44856666
     65.44856666
     65.44856666
     65.44856666
     69.90507743
     69.35991707
     69.35991707
     69.35991707
     69.35991707
     69.35991707
     69.35991707
     69.35991707
     70.02141945
     70.02141945
     70.02141945
     70.02141945
     70.02141945
     70.02141945
     70.02141945
     70.02141945
     70.02141945
     70.02141945
     70.02141945
     70.20449890
     70.20449890
     70.20449890
     70.20449890
     70.20449890
     69.88990154
     69.88990154
     69.88990154
     69.88990154
     69.88990154
     69.88990154
     70.52551380
     70.52551380
     70.52551380
     70.52551380
     70.52551380
     70.46587047
     70.46587047
     71.36192217
     56.50398400
     58.81461781
     58.81461781
     58.81461781
     58.81461781
     58.81461781
     58.81461781
     67.08703326
     67.08703326
     67.08703326
     67.08703326
     67.08703326
     67.08703326
     75.69807716
     75.69807716
     75.69807716
     75.69807716
     75.69807716
     75.69807716
     97.54059198
     97.54059198
     97.54059198
     97.54059198
     97.54059198
     97.54059198
     97.54059198
     97.54059198
     97.54059198
     97.54059198
     97.54059198
     97.54059198
     97.54059198
    100.09083270
    100.09083270
    100.09083270
    100.09083270
    100.09083270
    100.09083270
    100.09083270
    100.09083270
    100.09083270
    104.55021562
    104.55021562
    104.55021562
    104.55021562
    104.55021562
    111.96081562
    114.76960896
    114.76960896
    114.76960896
    114.76960896
    114.76960896
    114.76960896
    119.11646547
    119.11646547
    123.27043310
    123.27043310
    123.27043310
    123.27043310
    123.27043310
    123.18359818
    123.18359818
    123.18359818
    123.18359818
    123.18359818
    123.18359818
    123.18359818
    123.10890677
    123.05656940
    123.05656940
    123.05656940
    124.04255738
    124.04255738
    122.85059338
    122.85059338
    122.85059338
    122.85059338
    122.85059338
    120.77889822
    120.77889822
    120.77889822
    120.77889822
    120.77889822
    120.77889822
    118.99917267
    118.99917267
    118.99917267
    118.99917267
    118.99917267
    118.99917267
    118.99917267
    118.99917267
    118.99917267
    122.45251259
    121.53505304
    121.53505304
    121.53505304
    121.53505304
    121.53505304
    121.53505304
     60.96808674
     60.96808674
     60.96808674
     60.96808674
     60.96808674
     60.96808674
     67.26918780
     67.26918780
     67.26918780
     65.54865184
     65.54865184
     65.54865184
     65.54865184
     65.54865184
     65.54865184
     65.54865184
     65.40993666
     65.40993666
     65.40993666
     66.72469908
     66.72469908
     66.72469908
     66.71999639
     65.92568395
     65.92568395
     66.10708471
     67.91069460
     69.99332951
     69.99332951
     69.99332951
     69.99332951
     69.99332951
     68.80268136
     68.80268136
     68.80268136
     68.80268136
     68.80268136
     68.80268136
     68.80268136
     68.80268136
     68.11723360
     68.11723360
     69.97670251
     68.24724409
     66.87670852
     66.87670852
     66.87670852
     67.47517679
     66.94934098
     67.96223044
     67.96223044
     67.96223044
     67.96223044
     67.98747072
     67.98747072
     67.98747072
     67.98747072
     67.98747072
     67.98747072
     67.98747072
     68.26977623
     69.53398647
     69.53398647
     69.53398647
     69.53398647
     70.00967260
     70.00967260
     70.00967260
     70.08631031
     69.34374010
     70.16375839
     70.16375839
     67.90633616
     69.08503346
     69.08503346
     69.08503346
     69.08503346
     69.08503346
     69.08503346
     69.08503346
     68.42803928
     65.40356696
     65.40356696
     65.40356696
     67.30566719
     67.30566719
     67.30566719
     67.30566719
     67.30566719
     65.92462665
     65.92462665
     65.92462665
     69.94523273
     69.94523273
     68.42873228
     71.25042385
     71.25042385
     71.42565715
     71.25123181
     71.25123181
     43.30968537
     43.30968537
     43.30968537
     43.30968537
     43.30968537
     43.30968537
     43.30968537
     43.30968537
     43.30968537
     43.30968537
     43.30968537
     43.30968537
     43.30968537
     43.30968537
     43.30968537
     52.40154917
     52.40154917
     90.28655660
     90.28655660
     90.28655660
     90.28655660
     90.28655660
     90.28655660
     90.28655660
     90.28655660
     90.28655660
     90.28655660
     90.28655660
     90.28655660
     90.28655660
     90.28655660
     90.28655660
     90.28655660
     90.28655660
     90.28655660
     90.28655660
     90.28655660
    105.60190470
    113.97238543
    113.97238543
    113.97238543
    113.33231532
    113.33231532
    113.33231532
    113.33231532
    113.33231532
    113.33231532
    113.33231532
    113.33231532
    113.33231532
    113.33231532
    113.33231532
    120.32617024
    120.32617024
    118.20547441
    118.20547441
    118.20547441
    117.30696901
    117.30696901
    117.30696901
    117.30696901
    117.30696901
    117.30696901
    118.19519075
    121.05178509
    120.51473032
    120.51473032
    120.51473032
    120.51473032
    120.48290413
    120.48290413
    122.04177261
    122.11817762
    123.04230053
    122.58132032
    122.58132032
    122.57351173
    121.45186577
    121.45186577
    121.76007276
    121.76007276
    122.29021195
    122.86300605
    123.68527706
    123.68527706
    123.68527706
    123.80102132
    123.80102132
    124.44654034
    124.44654034
    124.43805063
    124.43805063
    124.61507413
    124.61507413
    124.61507413
    124.61507413
    124.32323120
    124.88664663
    124.95963162
    124.95963162
    115.31382818
    115.31382818
    115.31382818
    115.31382818
    115.31382818
    115.31382818
    115.31382818
    115.31382818
    115.31382818
    115.31382818
    115.31382818
    115.98162654
    116.02572439
    116.02572439
    116.02572439
    115.31245349
    115.31245349
    115.31245349
    115.31245349
    115.31245349
    115.31245349
    115.31245349
    115.31245349
    115.31245349
    115.31245349
    115.31245349
    115.31245349
    115.31245349
    115.31245349
    115.31245349
    115.31245349
    115.31245349
    115.31245349
    115.31245349
    116.21137429
    116.09304057
    116.09304057
    116.09304057
    116.09304057
    116.09304057
    116.09304057
    122.39544892
    122.39544892
    123.33941240
    122.88661459
    122.88661459
    122.88661459
    119.68041108
    119.68041108
    119.68041108
    119.68041108
    119.68041108
    119.68041108
    119.68041108
    119.68041108
    119.68041108
    119.68041108
    119.68041108
    119.68041108
    119.68041108
    119.68041108
    119.68041108
    119.68041108
    119.68041108
    119.68041108
    119.68041108
    119.68041108
    122.63744966
    122.63744966
    122.63744966
    122.63744966
    124.43215467
    124.52537392
    124.52537392
    123.39033108
    123.39033108
    123.94571623
    123.94571623
    123.86735854
    123.86735854
    123.86735854
    123.86735854
    123.59806358
    123.59806358
    123.59806358
    123.59678864
    123.59678864
    123.59678864
    123.59678864
    121.53008503
    121.53008503
    121.53008503
    121.53096552
    121.53096552
    122.50592959
    122.31000719
    124.51603782
    124.51603782
    124.51603782
    123.83153427
    119.24394420
    119.24394420
    119.24394420
    119.24394420
    121.71398157
    121.71398157
    121.71398157
    121.71398157
    121.71398157
    121.71398157
    121.71398157
    121.71398157
    121.71398157
    121.71398157
    121.71398157
    121.71398157
    121.71398157
    121.71398157
    121.71398157
    121.71398157
    121.71398157
    121.71398157
    121.71398157
    121.71398157
    121.71398157
    121.71398157
    121.71398157
    121.71398157
    122.07000006
    122.07000006
    121.78885636
    121.78885636
    122.77035371
    122.77035371
    122.77035371
    122.77035371
    124.45520595
    124.37767310
    124.37767310
    124.37767310
    124.37767310
    124.37767310
    124.37767310
    124.37767310
    124.37767310
    123.75134458
    123.75134458
    123.75134458
    123.75134458
    123.75134458
    123.75134458
    123.75134458
    123.75134458
    123.75134458
    123.75134458
    123.75134458
    123.75134458
    123.29000191
    123.41484068
    123.33730302
    123.33730302
    123.33730302
    123.33730302
    123.33730302
    122.40104391
    123.43295344
    123.43295344
    123.40406184
    123.40406184
    123.40406184
    123.40406184
    123.40406184
    123.65989861
    123.65989861
    123.65989861
    123.65989861
    123.65989861
    123.65989861
    123.65989861
    123.65989861
    123.65989861
    122.19299740
    122.19299740
    122.19299740
    122.19299740
    122.19299740
    122.19299740
    122.19299740
    122.19299740
    122.19299740
    122.19299740
    122.19299740
    122.19299740
    122.19299740
    122.56988851
    123.00684640
    123.00684640
    123.00684640
    123.00684640
    121.81942968
    123.32239968
    123.45724571
    123.45724571
    123.45724571
    123.45724571
    123.45724571
    123.45724571
    123.45724571
    123.45724571
    123.45724571
    121.48876909
    121.48876909
    121.48876909
    121.04291847
    120.11989480
    120.11989480
    120.11989480
    120.11989480
    120.11989480
    120.11989480
    120.11989480
    120.11989480
    120.11989480
    120.11989480
    120.11989480
    120.11989480
    120.11989480
    120.11989480
    120.11989480
    120.11989480
    120.04924040
    120.04924040
    120.04924040
    120.15818994
    120.15818994
    120.15818994
    120.15818994
    119.92302980
    119.92302980
    119.30260923
    119.30260923
    119.30260923
    120.46506752
    122.88503376
    122.87551989
    122.87551989
    122.87551989
    124.49504510
    124.49504510
    124.49504510
    124.49504510
    124.49504510
    124.49504510
    124.49504510
    124.49504510
    124.49504510
    124.49504510
    124.49504510
    124.65192735
    124.22959108
    124.22959108
    124.22959108
    124.22959108
    124.22959108
    124.69762743
    124.69762743
    123.37960563
    124.26193476
    124.26050514
    124.26050514
    124.78939103
    124.78448015
    124.42993236
    124.42993236
    124.42993236
    124.42993236
    124.50936017
    124.50936017
    124.50936017
    124.50936017
    124.50936017
    124.12054843
    124.10345379
    124.10345379
    122.50640891
    122.50640891
    122.50640891
    122.50640891
    122.50640891
    122.50640891
    122.50640891
    122.50640891
    122.50640891
    122.60712738
    122.60712738
    122.60712738
    122.60712738
    122.60712738
    122.60712738
    122.43807345
    122.77146278
    122.77146278
    122.77146278
    122.77146278
    122.77146278
    122.77146278
    122.36332918
    123.49047799
    123.90497411
    123.62992595
    123.62992595
    123.62992595
    123.62992595
    123.52744427
    123.52744427
    123.52744427
    123.52744427
    123.52744427
    123.52744427
    122.16865422
    122.16865422
    122.52616494
    122.52616494
    122.52616494
    122.52616494
    124.58144866
    124.58144866
    124.58144866
    124.58144866
    124.58144866
    122.64099435
    122.64099435
    122.64099435
    122.64099435
    122.64099435
    122.64099435
    122.64099435
    122.64099435
    122.64099435
    122.64099435
    120.69599884
    120.69599884
    120.69599884
    120.69599884
    120.69599884
    118.16471802
    118.16471802
    118.16471802
    118.16471802
    118.16471802
    122.73437766
    122.73437766
    122.73437766
    122.73437766
    122.73437766
    122.73437766
    122.73437766
    122.73437766
    122.33383705
    122.33383705
    122.33383705
    122.33383705
    123.43990795
    123.43990795
    123.99011450
    123.99011450
    123.40009541
    123.80337037
    123.80337037
    124.91377702
    124.91377702
    122.33595070
    122.33595070
    122.33595070
    122.50611562
    123.32057591
    123.32057591
    124.01212035
    123.50257980
    123.50257980
    124.40739190
    124.40739190
    124.40739190
    123.24039971
    123.24039971
    123.24039971
    123.24039971
    123.24039971
    123.97201500
    123.97201500
    122.89521529
    120.41840809
    120.73503640
    120.73503640
    120.84152096
    120.84152096
    120.84152096
    120.84152096
    120.84152096
    120.84152096
    123.12088241
    123.12088241
    123.12088241
    123.12088241
    123.12088241
    123.12088241
    123.12088241
    123.12088241
    123.12088241
    123.73234022
    123.73234022
    123.73234022
    123.73234022
    123.73234022
    122.88049292
    122.88049292
    122.88049292
    122.88049292
    121.97584277
    121.97584277
    121.97584277
    123.49051797
    123.18937753
    123.18937753
    123.18937753
    123.18937753
    123.61528196
    123.61528196
    123.61528196
    123.61528196
    122.88469147
    122.88469147
    122.88469147
    122.88469147
    123.61184553
    123.61184553
    123.61184553
    123.61184553
    123.61184553
    123.64821697
    124.30982660
    124.30982660
    124.28689975
    124.29885976
    123.16874385
    123.16874385
    123.16874385
    123.16874385
    123.16874385
    120.94233443
    120.94233443
    120.94233443
    120.94233443
    120.94233443
    120.94233443
    119.89897044
    119.89897044
    119.89897044
    124.52109357
    124.52109357
    124.52109357
    124.52109357
    124.52109357
    124.52109357
    124.52109357
    124.10901732
    124.10901732
    124.10901732
    124.10901732
    123.32892039
    123.32892039
    123.32892039
    123.01096795
    123.01096795
    123.01096795
    123.01096795
    123.01096795
    123.01096795
    123.01096795
    123.01096795
    123.01096795
    123.01096795
    123.01096795
    123.01096795
    123.62732048
    123.62732048
    123.62732048
    123.62732048
    122.58521091
    122.58521091
    122.60837500
    122.60837500
    122.60837500
    122.60837500
    122.60837500
    122.60837500
    122.54491071
    122.54491071
    121.25606919
    121.25606919
     64.74328692
     67.35324440
     67.35324440
     67.35324440
     67.35324440
     67.35324440
     67.35324440
     67.35324440
     67.35324440
     67.35324440
     66.62983098
     66.62983098
     66.62983098
     67.37061085
     67.37061085
     67.37061085
     68.45276396
     68.45276396
     68.45276396
     68.45276396
     68.45276396
     68.45276396
     68.45276396
     68.45276396
     68.45276396
     68.45276396
     68.45276396
     68.45276396
     65.79053610
     68.90369722
     68.90369722
     68.90369722
     68.90369722
     68.90369722
     68.81163960
     68.81163960
     69.22133284
     69.22133284
     69.22133284
     69.22133284
     69.22133284
     68.37996395
     70.60728778
     70.96944700
     71.43351999
     71.43351999
     71.43351999
     70.57525954
     70.57525954
     70.39547128
     70.39547128
     70.26196631
     70.26196631
     70.26196631
     70.26196631
     69.40859215
     69.40859215
     69.40859215
     69.40859215
     69.40859215
     69.40859215
     69.40859215
     69.40859215
     71.70222164
     71.70222164
     71.76809607
     71.76809607
     71.76809607
     71.76809607
     71.76809607
     71.76809607
     71.76809607
     71.76809607
     71.76809607
     71.76809607
     71.02006244
     71.37864012
     71.37864012
     71.46928074
     71.46928074
     71.46928074
     71.46928074
     71.23207437
     71.23207437
     71.23207437
     71.23207437
     71.23207437
     71.23207437
     71.23207437
     71.23207437
     71.23207437
     71.23207437
     71.23207437
     71.23207437
     71.35785822
     71.35785822
     71.35785822
     71.57743340
     71.57743340
     71.57743340
     69.97208386
     70.88494616
     70.88494616
     70.88494616
     71.18848717
     71.18848717
     71.18848717
     71.18848717
     71.18848717
     71.18848717
     71.00249353
     71.00249353
     71.00249353
     71.00249353
     71.00249353
     71.00249353
     71.00249353
     71.00249353
     71.00249353
     70.97378861
     70.97378861
     70.97378861
     71.04857552
     71.04857552
     71.04857552
     71.04857552
     71.04857552
     71.04857552
     70.51055732
     70.51055732
     68.71799919
     68.67532479
     68.67532479
     68.69026485
     68.69026485
     68.69026485
     68.69026485
     68.69026485
     68.69026485
     68.69026485
     68.69026485
     69.86171996
     69.18223764
     71.09423893
     71.09423893
     71.09423893
     71.09423893
     68.42370655
     68.42370655
     68.42370655
     68.42370655
     68.42370655
     68.42370655
     68.42370655
     69.45494927
     69.45494927
     69.45494927
     69.45494927
     69.45494927
     69.42443285
     69.42443285
     69.42443285
     69.42443285
     69.42443285
     67.79757075
     67.79757075
     67.79757075
     70.67165075
     70.95744954
     70.95744954
     70.42059446
     70.42059446
     70.42059446
     70.42059446
     70.42059446
     69.97907042
     70.95521901
     70.94417953
     70.94417953
     70.94417953
     70.94417953
     70.94417953
     70.73492066
     70.03096491
     70.03096491
     70.03096491
     70.03096491
     70.03096491
     70.03096491
     70.03096491
     70.63664644
     70.63664644
     70.63664644
     69.09264691
     68.95891793
     68.95891793
     68.95891793
     68.95891793
     68.95891793
     68.95891793
     85.19640403
     85.19640403
    105.41359342
    105.41359342
    105.41359342
    105.41359342
    105.41359342
    107.07860200
    107.07860200
    107.07860200
    115.05114267
    115.05114267
    115.05114267
    115.05114267
    115.05114267
    115.05114267
    115.05114267
    115.05114267
    115.05114267
    115.05114267
    115.05114267
    115.05114267
    115.05114267
    115.05114267
    117.36608328
    117.36608328
    118.02686706
    118.02686706
    118.02686706
    120.22883513
    120.22883513
    120.22883513
    121.98665729
    123.57486194
    123.57486194
    123.57486194
    123.57486194
    123.57486194
    123.40891356
    121.61569767
    121.61569767
    121.61569767
    121.61569767
    121.69682232
    121.69682232
    121.69682232
    121.88090919
    121.88090919
    120.86004287
    120.86004287
    120.86004287
    121.16075797
    121.16075797
    121.16075797
    121.16075797
    120.21268107
    120.01571876
    120.01571876
    120.01571876
    120.01571876
    120.01571876
    120.01571876
    120.01571876
    118.59483354
    118.59483354
    118.59483354
    118.59483354
    118.19243599
    118.19243599
    118.19243599
    118.19243599
    118.19243599
    120.96097515
    120.96097515
    122.24613118
    122.24613118
    122.43535514
    122.43535514
    122.43535514
    122.43535514
    120.94826703
    120.94826703
    119.66111537
    122.40821003
    122.40821003
    122.40821003
    122.40821003
    122.40821003
    122.40821003
    122.40821003
    122.40821003
    122.42426699
    122.42426699
    123.14338398
    123.14338398
    122.73722761
    122.80664856
    122.80664856
    122.80664856
    122.80664856
     62.25934311
     62.25934311
     62.25934311
     62.25934311
     62.25934311
     62.25934311
     62.25934311
     62.25934311
     62.25934311
     62.42321592
     62.30578088
     62.30578088
     62.30578088
     62.30646207
     62.30646207
     62.30646207
     62.30646207
     62.30646207
     62.30646207
     62.00221772
     62.00221772
     62.00221772
     62.00221772
     62.00221772
     62.19259450
     62.19259450
     62.19259450
     62.19259450
     62.19259450
     62.19259450
     62.19259450
     62.19259450
     62.19259450
     62.19259450
     62.19259450
     62.19259450
     62.19259450
     62.19259450
     62.19259450
     62.19259450
     62.19259450
     62.19259450
     62.19259450
     62.19259450
     62.13359751
     61.93769021
     61.93769021
     61.93769021
     61.93769021
     61.93769021
     61.93769021
     61.93769021
     61.93769021
     61.93769021
     61.93769021
     61.64159495
     61.64159495
     61.64159495
     61.64159495
     61.64159495
     61.64159495
     61.64159495
     62.06007446
     69.13126140
     66.92266752
     66.92266752
     66.92266752
     66.72977274
     66.72977274
     66.72977274
     66.72977274
     69.55293714
     69.55293714
     70.94144673
     70.94144673
     70.94144673
     70.94144673
     70.94144673
     70.94144673
     70.94144673
     70.94144673
     71.56223590
     71.56223590
     70.46115831
     70.46115831
     70.67324074
     70.17752213
     70.17752213
     68.49087886
     68.49087886
     71.06242608
     71.06242608
     71.06242608
     71.06242608
     71.06242608
     71.06242608
     70.95621681
     70.95621681
     70.82221686
     70.82221686
     67.88044610
     67.88044610
     70.40164259
     70.34000019
     70.34000019
     70.34000019
     68.83272991
     68.83272991
     69.00635930
     69.00635930
     69.00635930
     68.64761154
     69.03606833
     70.20810956
     70.20810956
     70.20810956
     70.20810956
     70.20810956
     70.20810956
     70.20810956
     70.20810956
     70.20810956
     70.20810956
     68.52475847
     68.52475847
     66.89411320
     66.89411320
     65.76058286
     66.66072753
     66.66072753
     66.66072753
     66.66072753
     66.66072753
     66.66072753
     66.66072753
     66.66072753
     66.66072753
     66.66072753
     66.66072753
     66.66072753
     66.66072753
     66.66072753
     67.16115153
     67.47800875
     67.47800875
     67.47800875
     67.47800875
     66.70652477
     66.70652477
     69.54861327
     69.54861327
     69.54861327
     69.54861327
     68.35135425
     68.35135425
     67.40250500
     67.40250500
     69.41216481
     69.41216481
     69.41216481
     69.41216481
     69.41216481
     66.91487819
     66.91487819
     68.81691964
     70.96375000
     70.96375000
     70.96375000
     70.96375000
     70.69262403
     70.65452097
     70.65452097
     70.65452097
     70.65452097
     70.65452097
     70.65452097
     70.65452097
     70.65452097
     70.65452097
     70.65452097
     70.65452097
     68.84835228
     68.84835228
     68.84835228
     67.87692895
     67.87692895
     67.87692895
     67.87692895
     69.51785107
     69.51785107
     69.51785107
     69.51785107
     69.05174284
     69.05174284
     69.05174284
     69.05174284
     70.94326655
     71.41745930
     69.93859949
     69.93859949
    122.88725713
    122.88725713
    123.80323781
    123.80323781
    123.80323781
    123.80323781
    123.80323781
    123.80323781
    123.80323781
    123.80323781
    123.80323781
    123.80323781
    124.05786363
    124.05786363
    124.05786363
    124.05786363
    124.05786363
    124.05786363
    124.05786363
    123.92689375
    123.92689375
    123.93094856
    123.93094856
    123.93094856
    123.93094856
    123.93094856
    123.93094856
    124.09100530
    124.09100530
    124.09100530
    124.57200393
    124.44026564
    121.11500272
    121.11500272
    121.28812266
    121.28812266
    121.28812266
    124.97534441
    124.77347629
    124.77347629
    124.77347629
    124.77347629
    124.77347629
    124.77347629
    124.21917415
    124.21917415
    124.21917415
    124.37887600
    124.37887600
    124.37887600
    124.37887600
    124.37887600
    124.37887600
    124.37887600
    124.37887600
    124.37887600
    124.37887600
    124.37887600
    124.37887600
    124.37887600
    124.76101095
    124.76101095
    124.76101095
    124.76101095
    124.76101095
    124.76101095
    124.76101095
    124.76101095
    124.76101095
    124.59243859
    124.59243859
    124.59243859
    124.59243859
    124.59243859
    124.59243859
    124.59243859
    124.59243859
    124.59243859
    124.59243859
    124.59243859
    124.59243859
    124.59243859
    124.59243859
    124.59243859
    124.59243859
    124.59243859
    124.59243859
    124.59243859
    124.59243859
    124.69450253
    124.69450253
    124.69450253
    124.69450253
    124.69450253
    124.69450253
    124.79302655
    124.79302655
    124.79302655
    124.79302655
    122.38415251
     71.53379077
     71.53379077
     71.53379077
     71.53379077
     71.53379077
     71.53379077
     71.53379077
     71.53379077
     71.53379077
     71.55539796
     70.28192361
     70.18574726
     70.18574726
     70.18574726
     70.75586257
     70.75586257
     70.75586257
     70.76448890
     70.34814642
     70.34814642
     70.34814642
     70.34814642
     70.34814642
     71.02301070
     69.19162241
     69.19162241
     69.19162241
     69.19162241
     69.19162241
     69.19162241
     69.19162241
     69.46492621
     69.46492621
     69.46492621
     69.46492621
     69.46492621
     69.46492621
     69.46492621
     69.46492621
     71.23066810
     71.23066810
     71.23066810
     71.23066810
     71.23066810
     71.23066810
     71.23066810
     71.23066810
     71.23066810
     71.23066810
     71.23066810
     71.67587329
     71.67587329
     71.67587329
     71.61540302
     71.61540302
     71.61540302
     71.61540302
     71.61540302
     71.61540302
     71.61540302
     71.17316805
     70.57266739
     70.57266739
     70.57266739
     70.57266739
     70.57266739
     66.61855054
     66.61855054
     69.65255871
     69.65255871
     69.96019075
     69.96019075
     69.96019075
     67.82455268
     67.82455268
     70.62525181
     70.62525181
     70.62525181
     70.62525181
     70.62525181
     71.12537819
     71.12537819
     71.12537819
     65.12414597
     65.12414597
     65.12414597
     65.12414597
     65.12414597
     65.12414597
     65.12414597
     65.12414597
     66.93131089
     66.93131089
     66.93131089
     66.93131089
     66.93131089
     71.32463205
     71.32463205
     71.32463205
     70.94770444
     54.11205134
     54.11205134
     51.78833038
     51.78833038
     51.78833038
     51.78833038
     51.78833038
     51.78833038
     51.78833038
     56.47524423
     65.86415816
     65.86415816
     65.86415816
     65.86415816
     63.77797693
     63.77797693
     63.77797693
     63.77797693
     63.77797693
     63.77797693
     63.77797693
     63.77797693
     68.70318212
     69.03271760
     69.03271760
     68.08983004
     68.08983004
     68.08983004
     68.08983004
     68.08983004
     69.43513508
     69.43513508
     69.43513508
     70.79312316
     70.97228760
     70.97228760
     70.97228760
     68.89003433
     68.89003433
     68.89003433
     68.89003433
     68.89003433
     68.89003433
     70.77011061
     70.77011061
     70.77011061
     70.77011061
     70.77011061
     70.77011061
     70.77011061
     71.59720480
     71.59720480
     71.59720480
     71.59720480
     71.25017022
     71.25017022
     71.25017022
     71.25017022
     71.25017022
     71.25017022
     70.64189727
     70.83828423
     71.04712808
     71.04712808
     71.04712808
     71.04712808
     71.04712808
     71.86909527
     71.86909527
     71.86909527
     71.22197517
     70.90879972
     70.90879972
     69.53072935
     69.53072935
     69.53072935
     69.53072935
     69.53072935
     68.47962330
     68.47962330
     66.20209685
     66.20209685
     70.88258886
     70.88258886
     70.88258886
     70.88258886
     70.88258886
     70.88258886
     70.88258886
     70.88258886
     70.88258886
     70.88258886
     70.10372475
     71.80465549
     71.80465549
     71.80465549
     71.80465549
     70.36137978
     70.36137978
     70.36137978
     69.78615946
     69.78615946
     69.78615946
     69.78615946
     69.78615946
     69.78615946
     71.45747937
     71.45747937
     71.45747937
     71.45747937
     71.45747937
     71.45747937
     71.45747937
     71.45710732
     71.46062657
     71.46062657
     71.46062657
     71.52198812
     71.22947047
     71.22947047
     71.22947047
     71.22947047
     71.22947047
     71.22947047
     71.22947047
     71.22947047
     71.22947047
     71.22947047
     71.22947047
     71.22947047
     71.13656040
     71.13656040
     71.13656040
     71.13656040
     70.77203040
     70.77203040
     70.77203040
     70.77203040
     70.77203040
     70.77203040
     70.77203040
     70.77203040
     70.77203040
     70.77203040
     70.25138843
     70.25138843
     70.25138843
     69.64120582
     69.64120582
     69.64120582
     69.64120582
     69.64120582
     69.64120582
     69.64120582
     69.67800275
     69.67800275
     69.67800275
     69.67800275
     67.57727381
     67.57727381
     69.88813022
     69.88813022
     69.93803511
     69.93803511
     69.93803511
     69.93803511
     69.93803511
     69.93803511
     69.93803511
     70.62249587
     70.20216070
     70.20216070
     69.05638979
     70.15170731
     70.15170731
     67.70595170
     67.70595170
     67.70595170
     69.28532434
     69.28532434
     69.28532434
     68.47419508
     68.47419508
     68.47419508
     65.46047986
     65.46047986
     65.46047986
     65.46047986
     65.46047986
     66.58488377
     70.53847035
     70.53847035
     70.53986406
     70.53986406
     70.53986406
     70.53986406
     70.53986406
     70.53986406
     70.53986406
     70.53986406
    120.52411081
    122.37419690
    122.37419690
    122.94145047
    122.94145047
    122.94145047
    122.94849728
    122.94849728
    122.94849728
    122.94849728
    122.94849728
    122.94849728
    122.94849728
    122.94849728
    121.05308644
    121.05308644
    121.05308644
    121.05308644
    121.05308644
    121.05308644
    121.05308644
    121.05308644
    120.31341693
    120.31341693
    121.01930967
    121.01930967
    121.01930967
    121.01930967
    121.01930967
    121.01930967
    121.01930967
    121.01930967
    121.95250615
    117.82460101
    117.82460101
    117.82460101
    117.82460101
    117.82460101
    117.82460101
    117.82460101
    117.82460101
    117.82460101
    117.82460101
    119.49521036
    119.49521036
    121.08047305
    121.08047305
    121.08047305
    121.08047305
    121.08047305
    121.08047305
    121.08047305
    121.08047305
    121.91742167
    121.91742167
    124.24358482
    124.24358482
    124.24358482
    124.24358482
    124.24358482
    124.24358482
    124.24358482
    124.24358482
    124.24358482
    124.24358482
    124.24358482
    124.24358482
    119.63918132
    119.63918132
    119.63918132
    119.63918132
    119.63918132
    119.63918132
    119.63918132
    119.63918132
    119.63918132
    119.88987866
    119.88987866
    119.88987866
    119.88987866
    121.52581207
    121.52581207
    121.43299312
    121.43299312
    120.78020025
    120.78020025
    120.78020025
    120.78020025
    120.97390293
    120.97390293
    122.84710122
    122.84710122
    122.84710122
    121.95861857
    122.91704784
    122.91704784
    122.91704784
    122.91704784
    122.07867852
    122.39387653
    119.08105114
    119.71869912
    119.67045908
    119.67045908
    119.67045908
    119.67045908
    119.67045908
    119.67045908
    119.67045908
    119.67045908
    119.67045908
    119.67045908
    119.67045908
    119.67045908
    119.67045908
    119.67045908
    117.57848640
    117.57848640
    121.97968686
    122.35673219
    122.35673219
    122.35673219
    122.35673219
    123.12724772
    123.12724772
    123.12724772
    123.12724772
    122.27695773
    122.27695773
    122.27695773
    122.27695773
    122.27695773
    122.84218989
    122.84218989
    122.84218989
    122.84218989
    123.01443315
    123.01443315
    123.01443315
    123.01443315
    123.01443315
    123.01443315
    123.01443315
    120.19742738
    120.19742738
    120.19742738
    120.19742738
    120.19742738
    121.89227558
    121.89227558
    121.89227558
    121.37214014
    121.37214014
    121.37214014
    121.29399578
    121.29399578
    121.29399578
    121.29399578
    121.29399578
    121.29399578
    121.29399578
    121.29399578
    121.29399578
    121.29399578
    121.29399578
    121.29399578
    121.29399578
    121.29399578
    121.29399578
    121.29399578
    121.29399578
    121.29399578
    121.29399578
    121.29399578
    121.29399578
    121.29399578
    121.29399578
    121.29399578
    121.29399578
    121.29399578
    121.29399578
    121.29399578
    121.29399578
    121.29399578
    121.29399578
    121.29399578
    121.29399578
    121.29399578
    121.29399578
    121.29399578
    121.29399578
    121.29399578
    121.27112450
    121.27112450
    121.27112450
    121.27112450
    121.27112450
    121.19632099
    123.21028370
    123.21028370
    120.17155140
    120.17155140
    120.18993110
    120.03151471
    120.03151471
    120.03151471
    123.18812641
    123.18812641
    123.18812641
    123.18812641
    123.18812641
    123.18812641
    123.18812641
    123.18812641
    123.18812641
    123.18812641
    123.18812641
    123.18812641
    123.18812641
    123.18812641
    123.18812641
    123.18812641
    123.17278804
    124.26577529
    124.26577529
    124.26577529
    124.26577529
    124.26577529
    124.05231197
    124.23740099
    124.22497482
    124.22497482
    124.51279670
    124.51279670
    124.04658095
    124.04658095
    124.04658095
    124.04658095
    124.04658095
    124.04658095
    124.10842719
    124.10842719
    124.10842719
    124.10842719
    124.05846531
    124.05846531
    124.05846531
    124.05846531
    124.05846531
    124.05846531
    124.05846531
    124.05846531
    123.47520811
    123.47520811
    123.47520811
    123.47520811
    123.47520811
    123.47520811
    123.47520811
    121.27058707
    121.27058707
    121.27058707
    121.27058707
    122.22607946
    122.22607946
    122.22607946
    122.22607946
    122.22607946
    122.22607946
    122.22607946
    122.22607946
    122.22607946
    122.22607946
    122.22607946
    122.22607946
    122.22607946
    122.22607946
    122.22607946
    122.22607946
    122.22607946
    122.22607946
    122.22607946
    122.22607946
    122.22607946
    122.22607946
    122.42377566
    123.56987298
    123.64198731
    123.64198731
    124.60614159
    124.60614159
    124.60614159
    124.60614159
    124.60614159
    124.54845253
    124.54845253
    124.54845253
    124.41576102
    124.41576102
    124.41576102
     71.22442601
     71.22442601
     71.22442601
     71.22442601
     69.09214121
     69.09214121
     69.09214121
     69.09214121
     69.09214121
     69.09214121
     68.28104642
     68.06547874
     68.06547874
     66.28392024
     66.28392024
     66.28392024
     66.28392024
     66.28392024
     66.28392024
     66.28392024
     66.28392024
     66.28392024
     66.28392024
     66.28392024
     66.28392024
     66.28392024
     66.28392024
     66.28392024
     67.33537622
     63.66642815
     63.66642815
     63.66642815
     63.66642815
     63.66642815
     63.66642815
     63.66642815
     66.78795105
     66.01173656
     66.01173656
     69.10603854
     69.10603854
     69.10603854
     70.03280628
     70.03280628
     71.08939301
     71.07898578
     71.07898578
     71.07898578
     71.07898578
     71.07898578
     71.07898578
     69.04330889
     69.04330889
     69.39153744
     69.16238032
     69.16238032
     69.16238032
     69.16238032
     68.76842077
     68.76842077
     69.04879441
     69.04879441
     69.04879441
     69.79041484
     69.79041484
     69.79041484
     69.79041484
     69.79041484
     67.86779949
     67.86779949
     70.08836865
     70.42597123
     70.42597123
     70.32218650
     69.48809908
     69.48809908
     69.48809908
     69.32446467
     67.19953296
     67.19953296
     67.19953296
     70.62583919
     70.62583919
     70.62583919
     70.54188714
     70.54188714
     70.54188714
     70.54188714
     70.54188714
     70.45048313
     69.85155179
     69.85155179
     69.85155179
     69.85155179
     69.64325137
     70.96582303
     70.96582303
     70.35067406
     69.87743716
     69.87743716
     70.66423757
     70.66423757
     70.66423757
     70.66423757
     70.66423757
     70.66423757
     70.66423757
     70.66423757
     70.66423757
     71.40567167
     71.40567167
     71.40567167
     71.40567167
     71.40567167
     71.25820867
     68.53424139
     67.88692978
     69.60998778
     69.60998778
     69.60998778
     69.60998778
     69.60998778
     69.60998778
     69.60998778
     69.60998778
     68.91063891
     68.91063891
     68.91063891
     68.91063891
     68.91063891
     68.91063891
     68.91063891
     68.91063891
     68.91063891
     70.46302533
     67.66317295
     67.66317295
     67.66317295
     67.66317295
     67.66317295
     67.66317295
     67.66317295
     67.66317295
     70.20150131
     70.20150131
     70.20150131
     70.20150131
     71.28565996
     71.16439479
     71.16439479
     71.16439479
     71.47498443
     71.47498443
     71.47498443
     71.60555111
     71.44931668
     71.44931668
     71.83008035
     71.83008035
     71.83008035
     71.83008035
     71.98730676
     71.98730676
     71.98730676
     71.98730676
     72.07053195
     72.07053195
     72.07053195
     72.07053195
     72.07053195
     72.07053195
     72.07053195
     72.07053195
     72.07053195
     72.32248676
     72.32248676
     72.32248676
     71.59687387
     71.61913512
     71.54003734
     71.54003734
     71.54003734
     71.54003734
     71.80597274
     71.80597274
     71.80597274
     71.80597274
     71.80597274
     71.80597274
     71.03671641
     68.98943698
     71.00228104
     71.70278305
     70.95442770
     71.24474485
     71.24474485
     71.21048776
     71.21048776
     71.21048776
     71.21048776
    112.95382292
    118.15483595
    118.15483595
    117.42672634
    118.61426670
    115.97452405
    115.97452405
    116.47463977
    116.47463977
    116.47463977
    116.47463977
    116.47463977
    116.47463977
    116.47463977
    116.47463977
    122.97386245
    122.97386245
    122.97386245
    122.97386245
    122.99492952
    122.73911073
    122.73911073
    122.73911073
    122.73911073
    122.73911073
    122.73911073
    122.73911073
    122.73911073
    122.73911073
    122.73911073
    122.73911073
    122.73911073
    122.29742994
    122.29742994
    122.29742994
    122.29742994
    122.29742994
    122.29742994
    122.29742994
    122.29742994
    122.29742994
    122.29742994
    122.29742994
    122.58877244
    122.58877244
    122.58877244
    120.67148304
    120.67148304
    123.66310711
    123.66310711
    123.66310711
    123.66310711
    123.66310711
    123.05736543
    123.05736543
    123.56897704
    123.56897704
    123.56897704
    123.56897704
    123.56897704
    123.60508946
    123.60508946
    119.98022653
    119.88459581
    119.88459581
    119.88459581
    123.57015482
    123.57015482
    123.57015482
    123.57015482
    123.57015482
    123.57015482
    123.57015482
    123.69776534
    123.69776534
    123.69776534
    123.27741335
    122.62152227
    122.62152227
    122.62152227
    122.62152227
    122.62152227
    122.62152227
    122.62152227
    118.81633824
    118.81633824
    120.38275572
    120.38275572
    120.38275572
    123.53103261
    123.53103261
    123.53103261
    123.65609922
    123.59872604
    123.46502112
    123.46502112
    123.46502112
    123.46502112
    123.46502112
    123.46502112
     63.22774721
     63.22774721
     63.22774721
     63.22774721
     63.22774721
     66.19022413
     68.13357281
     70.90681608
     70.90681608
     70.90681608
     70.90681608
     70.92961646
     70.92961646
     70.92961646
     71.16241116
     71.15333878
     71.15333878
     71.15333878
     71.15333878
     71.15333878
     71.15333878
     71.15333878
     71.15333878
     71.15333878
     71.15333878
     71.15333878
     71.15333878
     71.17464512
     71.17464512
     71.17464512
     71.17464512
     71.09209859
     71.09209859
     71.09209859
     71.09209859
     71.12160472
     71.09045754
     71.09045754
     71.09045754
     71.51310859
     71.45487876
     71.45487876
     71.39073618
     71.27578783
     71.30243697
     71.04308263
     71.04308263
     71.04308263
     71.25005950
     70.91890315
     70.91890315
     71.24416098
     71.29409588
     71.12867326
     71.19270517
     71.19270517
     71.19270517
     71.48125568
     71.48125568
     71.48125568
     71.48125568
     71.48125568
     70.15829201
     70.15829201
     70.15829201
     70.15829201
     70.15829201
     70.15829201
     71.00384504
     71.00384504
     71.00384504
     71.00384504
     71.00384504
     71.00384504
     71.39682759
     71.39682759
     71.59173794
     71.62867324
     71.57671600
     71.57671600
     71.57671600
     71.57671600
     71.57671600
     71.57671600
     66.36959436
     66.36959436
     66.36959436
     70.72879823
     71.35029432
     71.36763745
     71.36763745
     71.36763745
     71.32620693
     70.73547563
     70.73547563
     70.60264567
     70.60264567
     70.60264567
     67.30939386
     67.30939386
     69.77207066
     69.77207066
     69.77207066
     69.16547777
     69.16547777
     69.16547777
     69.16547777
     69.69740272
     69.69740272
     69.69740272
     68.97735696
     68.97735696
     68.97735696
     68.97735696
     68.97735696
     68.97735696
     68.97735696
     68.97735696
     68.97735696
     68.97735696
     68.97735696
     68.97735696
     68.97735696
     68.97735696
     68.97735696
     70.43685208
     70.44247741
     70.44247741
     70.44247741
     70.44247741
     70.52454095
     70.52454095
     70.52454095
     71.49765521
     71.49765521
     71.17558067
     71.17558067
     71.17558067
     71.17558067
     70.68913960
     70.68913960
     70.68913960
     70.68913960
     71.05685644
     71.05685644
     71.05685644
     71.05685644
     71.05685644
     71.05685644
     71.05685644
     71.05685644
     71.05685644
     71.05685644
     71.05685644
     70.36489333
     70.36489333
     70.36489333
     71.20429935
     71.20429935
     71.20429935
     71.16347188
     71.16347188
     71.16347188
     71.16347188
     71.16347188
     71.16347188
     71.16347188
     71.16347188
     71.16347188
     71.16347188
     71.16347188
     71.30950343
     71.30950343
     71.30950343
     71.30950343
     71.30950343
     71.30950343
     71.30950343
     71.30950343
     71.30950343
     71.98345374
     71.98345374
     71.98345374
     71.98345374
     71.98345374
     71.98345374
     71.98345374
     72.18267548
     72.18267548
     72.18223084
     72.18223084
     71.77577111
     71.77577111
     71.78447015
     71.78447015
     71.78447015
     71.72121907
     71.72121907
     71.72121907
     71.72121907
     59.14541345
     59.14541345
     59.14541345
     59.14541345
     59.14541345
     59.14541345
     59.14541345
     59.14541345
     59.14541345
     59.14541345
     59.14541345
     59.14541345
     59.14541345
     59.14541345
     59.14541345
     59.14541345
     59.14541345
     59.14541345
     59.14541345
     59.14541345
     59.14541345
     58.38889342
     58.38889342
     58.38889342
     58.38889342
     58.38889342
     58.38889342
     58.38889342
     60.37242724
     60.37242724
     60.37242724
     60.37242724
     60.37242724
     60.37242724
     60.37242724
     60.37242724
     60.37242724
     60.37242724
     61.30135398
     61.30135398
     61.30135398
     61.30135398
     66.88599881
     66.88599881
     66.88599881
     66.88599881
     66.88599881
     68.23875349
     69.05998173
     69.05998173
     69.05998173
     66.67225800
     66.67225800
     66.67225800
     66.67225800
     66.67225800
     66.83980661
     66.83980661
     66.83980661
     66.83980661
     66.83980661
     66.83980661
     68.36383578
     68.36383578
     68.36383578
     68.36383578
     68.36383578
     68.36383578
     68.36383578
     67.15469145
     67.15469145
     67.15469145
     67.15469145
     67.15469145
     67.15469145
     66.17777319
     66.17777319
     66.17777319
     66.17777319
     66.17777319
     66.17777319
     66.17777319
     66.17777319
     66.17777319
     66.17777319
     66.17777319
     65.38616544
     65.38616544
     65.38616544
     65.38616544
     65.38616544
     65.38616544
     67.27811988
     67.27811988
     69.72759990
     69.72759990
     68.53991268
     68.53991268
     68.72904994
     68.72904994
    120.82011851
    120.82011851
    120.33843524
    120.33843524
    120.33843524
    122.04445868
    122.04445868
    122.04445868
    121.43754142
    121.43754142
    121.43754142
    121.43754142
    121.43754142
    121.43754142
    121.43754142
    121.43754142
    121.83584350
    121.83584350
    123.05183174
    123.05183174
    123.05183174
    122.00731052
    122.00731052
    122.00731052
    122.00731052
    122.33114770
    122.33114770
    122.33114770
    122.33114770
    122.26412534
    122.26412534
    122.26412534
    122.26412534
    123.78664329
    123.78664329
    124.23066859
    124.23066859
    124.23066859
    124.23066859
    124.23066859
    122.41469033
    122.41469033
    121.70962192
    121.74989943
    122.57151175
    122.57151175
    122.57151175
    122.11097752
    122.11097752
    122.11097752
    122.11097752
    122.11097752
    122.32701912
    122.32701912
    122.32701912
    122.32701912
    122.32701912
    122.32701912
    122.32701912
    122.32701912
    120.91760189
    120.91760189
    120.91760189
    118.35739362
    118.35739362
    122.47382850
    122.47382850
    122.47382850
    122.47382850
    122.47382850
    122.47382850
    122.47382850
    122.47382850
    122.47382850
    122.47382850
    122.47382850
    122.47382850
    122.47382850
    122.47382850
    122.47382850
    122.47382850
    122.47382850
    122.47382850
    123.16079263
    122.81385222
    122.81385222
    122.81385222
    123.13931099
    123.13931099
    122.95844315
    122.95844315
    122.95844315
    122.95844315
    122.95844315
    122.95844315
    123.28470796
    123.28470796
    123.28470796
    123.28470796
    123.04540886
