146.1405488299319
116.55372833696009
142.33880058078353
175.16979955405463
181.54775154633927
143.97702646822066
139.12244958072685
167.13218171217966
143.37938305969308
144.5095858341457
180.07129265719547
159.7370907421426
168.60351356809025
182.7696923301693
144.90899305464012
147.51954054794965
130.10978242384374
198.5751877649809
140.20876211521406
127.63381319678317
121.81877213661676
142.32866225670355
123.15580291232685
129.0564185232641
157.23481233917786
139.0202837995598
188.45423954168004
146.1405488299319
116.55372833696009
142.33880058078353
175.16979955405463
181.54775154633927
143.97702646822066
139.12244958072685
167.13218171217966
143.37938305969308
144.5095858341457
180.07129265719547
159.7370907421426
168.60351356809025
182.7696923301693
144.90899305464012
147.51954054794965
130.10978242384374
198.5751877649809
140.20876211521406
127.63381319678317
121.81877213661676
142.32866225670355
123.15580291232685
129.0564185232641
157.23481233917786
139.0202837995598
188.45423954168004
146.1405488299319
116.55372833696009
142.33880058078353
175.16979955405463
181.54775154633927
143.97702646822066
139.12244958072685
167.13218171217966
143.37938305969308
144.5095858341457
180.07129265719547
159.7370907421426
168.60351356809025
182.7696923301693
144.90899305464012
147.51954054794965
130.10978242384374
198.5751877649809
140.20876211521406
127.63381319678317
121.81877213661676
142.32866225670355
123.15580291232685
129.0564185232641
157.23481233917786
139.0202837995598
188.45423954168004
146.1405488299319
116.55372833696009
142.33880058078353
175.16979955405463
181.54775154633927
143.97702646822066
139.12244958072685
167.13218171217966
143.37938305969308
144.5095858341457
180.07129265719547
159.7370907421426
168.60351356809025
182.7696923301693
144.90899305464012
147.51954054794965
130.10978242384374
198.5751877649809
140.20876211521406
127.63381319678317
121.81877213661676
142.32866225670355
123.15580291232685
129.0564185232641
157.23481233917786
139.0202837995598
188.45423954168004
146.1405488299319
116.55372833696009
142.33880058078353
175.16979955405463
181.54775154633927
143.97702646822066
139.12244958072685
167.13218171217966
143.37938305969308
144.5095858341457
180.07129265719547
159.7370907421426
168.60351356809025
182.7696923301693
144.90899305464012
147.51954054794965
130.10978242384374
198.5751877649809
140.20876211521406
127.63381319678317
121.81877213661676
142.32866225670355
123.15580291232685
129.0564185232641
157.23481233917786
139.0202837995598
188.45423954168004
146.1405488299319
116.55372833696009
142.33880058078353
175.16979955405463
181.54775154633927
143.97702646822066
139.12244958072685
167.13218171217966
143.37938305969308
144.5095858341457
180.07129265719547
159.7370907421426
168.60351356809025
182.7696923301693
144.90899305464012
147.51954054794965
130.10978242384374
198.5751877649809
140.20876211521406
127.63381319678317
121.81877213661676
142.32866225670355
123.15580291232685
129.0564185232641
157.23481233917786
139.0202837995598
188.45423954168004
146.1405488299319
116.55372833696009
142.33880058078353
175.16979955405463
181.54775154633927
143.97702646822066
139.12244958072685
167.13218171217966
143.37938305969308
144.5095858341457
180.07129265719547
159.7370907421426
168.60351356809025
182.7696923301693
144.90899305464012
147.51954054794965
130.10978242384374
198.5751877649809
140.20876211521406
127.63381319678317
121.81877213661676
142.32866225670355
123.15580291232685
129.0564185232641
157.23481233917786
139.0202837995598
188.45423954168004
146.1405488299319
116.55372833696009
142.33880058078353
175.16979955405463
181.54775154633927
143.97702646822066
139.12244958072685
167.13218171217966
143.37938305969308
144.5095858341457
180.07129265719547
159.7370907421426
168.60351356809025
182.7696923301693
144.90899305464012
147.51954054794965
130.10978242384374
198.5751877649809
140.20876211521406
127.63381319678317
121.81877213661676
142.32866225670355
123.15580291232685
129.0564185232641
157.23481233917786
139.0202837995598
188.45423954168004
146.1405488299319
116.55372833696009
142.33880058078353
175.16979955405463
181.54775154633927
143.97702646822066
139.12244958072685
167.13218171217966
143.37938305969308
144.5095858341457
180.07129265719547
159.7370907421426
168.60351356809025
182.7696923301693
144.90899305464012
147.51954054794965
130.10978242384374
198.5751877649809
140.20876211521406
127.63381319678317
121.81877213661676
142.32866225670355
123.15580291232685
129.0564185232641
157.23481233917786
139.0202837995598
188.45423954168004
146.1405488299319
116.55372833696009
142.33880058078353
175.16979955405463
181.54775154633927
143.97702646822066
139.12244958072685
167.13218171217966
143.37938305969308
144.5095858341457
180.07129265719547
159.7370907421426
168.60351356809025
182.7696923301693
144.90899305464012
147.51954054794965
130.10978242384374
198.5751877649809
140.20876211521406
127.63381319678317
121.81877213661676
142.32866225670355
123.15580291232685
129.0564185232641
157.23481233917786
139.0202837995598
188.45423954168004
146.1405488299319
116.55372833696009
142.33880058078353
175.16979955405463
181.54775154633927
143.97702646822066
139.12244958072685
167.13218171217966
143.37938305969308
144.5095858341457
180.07129265719547
159.7370907421426
168.60351356809025
182.7696923301693
144.90899305464012
147.51954054794965
130.10978242384374
198.5751877649809
140.20876211521406
127.63381319678317
121.81877213661676
142.32866225670355
123.15580291232685
129.0564185232641
157.23481233917786
139.0202837995598
188.45423954168004
146.1405488299319
116.55372833696009
142.33880058078353
175.16979955405463
181.54775154633927
143.97702646822066
139.12244958072685
167.13218171217966
143.37938305969308
144.5095858341457
180.07129265719547
159.7370907421426
168.60351356809025
182.7696923301693
144.90899305464012
147.51954054794965
130.10978242384374
198.5751877649809
140.20876211521406
127.63381319678317
121.81877213661676
142.32866225670355
123.15580291232685
129.0564185232641
157.23481233917786
139.0202837995598
188.45423954168004
146.1405488299319
116.55372833696009
142.33880058078353
175.16979955405463
181.54775154633927
143.97702646822066
139.12244958072685
167.13218171217966
143.37938305969308
144.5095858341457
180.07129265719547
159.7370907421426
168.60351356809025
182.7696923301693
144.90899305464012
147.51954054794965
130.10978242384374
198.5751877649809
140.20876211521406
127.63381319678317
121.81877213661676
142.32866225670355
123.15580291232685
129.0564185232641
157.23481233917786
139.0202837995598
188.45423954168004
146.1405488299319
116.55372833696009
142.33880058078353
175.16979955405463
181.54775154633927
143.97702646822066
139.12244958072685
167.13218171217966
143.37938305969308
144.5095858341457
180.07129265719547
159.7370907421426
168.60351356809025
182.7696923301693
144.90899305464012
147.51954054794965
130.10978242384374
198.5751877649809
140.20876211521406
127.63381319678317
121.81877213661676
142.32866225670355
123.15580291232685
129.0564185232641
157.23481233917786
139.0202837995598
188.45423954168004
146.1405488299319
116.55372833696009
142.33880058078353
175.16979955405463
181.54775154633927
143.97702646822066
139.12244958072685
167.13218171217966
143.37938305969308
144.5095858341457
180.07129265719547
159.7370907421426
168.60351356809025
182.7696923301693
144.90899305464012
147.51954054794965
130.10978242384374
198.5751877649809
140.20876211521406
127.63381319678317
121.81877213661676
142.32866225670355
123.15580291232685
129.0564185232641
157.23481233917786
139.0202837995598
188.45423954168004
146.1405488299319
116.55372833696009
142.33880058078353
175.16979955405463
181.54775154633927
143.97702646822066
139.12244958072685
167.13218171217966
143.37938305969308
144.5095858341457
180.07129265719547
159.7370907421426
168.60351356809025
182.7696923301693
144.90899305464012
147.51954054794965
130.10978242384374
198.5751877649809
140.20876211521406
127.63381319678317
121.81877213661676
142.32866225670355
123.15580291232685
129.0564185232641
157.23481233917786
139.0202837995598
188.45423954168004
146.1405488299319
116.55372833696009
142.33880058078353
175.16979955405463
181.54775154633927
143.97702646822066
139.12244958072685
167.13218171217966
143.37938305969308
144.5095858341457
180.07129265719547
159.7370907421426
168.60351356809025
182.7696923301693
144.90899305464012
147.51954054794965
130.10978242384374
198.5751877649809
140.20876211521406
127.63381319678317
121.81877213661676
142.32866225670355
123.15580291232685
129.0564185232641
157.23481233917786
139.0202837995598
188.45423954168004
146.1405488299319
116.55372833696009
142.33880058078353
175.16979955405463
181.54775154633927
143.97702646822066
139.12244958072685
167.13218171217966
143.37938305969308
144.5095858341457
180.07129265719547
159.7370907421426
168.60351356809025
182.7696923301693
144.90899305464012
147.51954054794965
130.10978242384374
198.5751877649809
140.20876211521406
127.63381319678317
121.81877213661676
142.32866225670355
123.15580291232685
129.0564185232641
157.23481233917786
139.0202837995598
188.45423954168004
146.1405488299319
116.55372833696009
142.33880058078353
175.16979955405463
181.54775154633927
143.97702646822066
139.12244958072685
167.13218171217966
143.37938305969308
144.5095858341457
180.07129265719547
159.7370907421426
168.60351356809025
182.7696923301693
144.90899305464012
147.51954054794965
130.10978242384374
198.5751877649809
140.20876211521406
127.63381319678317
121.81877213661676
142.32866225670355
123.15580291232685
129.0564185232641
157.23481233917786
139.0202837995598
188.45423954168004
146.1405488299319
116.55372833696009
142.33880058078353
175.16979955405463
181.54775154633927
143.97702646822066
139.12244958072685
167.13218171217966
143.37938305969308
144.5095858341457
180.07129265719547
159.7370907421426
168.60351356809025
182.7696923301693
144.90899305464012
147.51954054794965
130.10978242384374
198.5751877649809
140.20876211521406
127.63381319678317
121.81877213661676
142.32866225670355
123.15580291232685
129.0564185232641
157.23481233917786
139.0202837995598
188.45423954168004
146.1405488299319
116.55372833696009
142.33880058078353
175.16979955405463
181.54775154633927
143.97702646822066
139.12244958072685
167.13218171217966
143.37938305969308
144.5095858341457
180.07129265719547
159.7370907421426
168.60351356809025
182.7696923301693
144.90899305464012
147.51954054794965
130.10978242384374
198.5751877649809
140.20876211521406
127.63381319678317
121.81877213661676
142.32866225670355
123.15580291232685
129.0564185232641
157.23481233917786
139.0202837995598
188.45423954168004
146.1405488299319
116.55372833696009
142.33880058078353
175.16979955405463
181.54775154633927
143.97702646822066
139.12244958072685
167.13218171217966
143.37938305969308
144.5095858341457
180.07129265719547
159.7370907421426
168.60351356809025
182.7696923301693
144.90899305464012
147.51954054794965
130.10978242384374
198.5751877649809
140.20876211521406
127.63381319678317
121.81877213661676
142.32866225670355
123.15580291232685
129.0564185232641
157.23481233917786
139.0202837995598
188.45423954168004
146.1405488299319
116.55372833696009
142.33880058078353
175.16979955405463
181.54775154633927
143.97702646822066
139.12244958072685
167.13218171217966
143.37938305969308
144.5095858341457
180.07129265719547
159.7370907421426
168.60351356809025
182.7696923301693
144.90899305464012
147.51954054794965
130.10978242384374
198.5751877649809
140.20876211521406
127.63381319678317
121.81877213661676
142.32866225670355
123.15580291232685
129.0564185232641
157.23481233917786
139.0202837995598
188.45423954168004
146.1405488299319
116.55372833696009
142.33880058078353
175.16979955405463
181.54775154633927
143.97702646822066
139.12244958072685
167.13218171217966
143.37938305969308
144.5095858341457
180.07129265719547
159.7370907421426
168.60351356809025
182.7696923301693
144.90899305464012
147.51954054794965
130.10978242384374
198.5751877649809
140.20876211521406
127.63381319678317
121.81877213661676
142.32866225670355
123.15580291232685
129.0564185232641
157.23481233917786
139.0202837995598
188.45423954168004
146.1405488299319
116.55372833696009
142.33880058078353
175.16979955405463
181.54775154633927
143.97702646822066
139.12244958072685
167.13218171217966
143.37938305969308
144.5095858341457
180.07129265719547
159.7370907421426
168.60351356809025
182.7696923301693
144.90899305464012
147.51954054794965
130.10978242384374
198.5751877649809
140.20876211521406
127.63381319678317
121.81877213661676
142.32866225670355
123.15580291232685
129.0564185232641
157.23481233917786
139.0202837995598
188.45423954168004
146.1405488299319
116.55372833696009
142.33880058078353
175.16979955405463
181.54775154633927
143.97702646822066
139.12244958072685
167.13218171217966
143.37938305969308
144.5095858341457
180.07129265719547
159.7370907421426
168.60351356809025
182.7696923301693
144.90899305464012
147.51954054794965
130.10978242384374
198.5751877649809
140.20876211521406
127.63381319678317
121.81877213661676
142.32866225670355
123.15580291232685
129.0564185232641
157.23481233917786
139.0202837995598
188.45423954168004
146.1405488299319
116.55372833696009
142.33880058078353
175.16979955405463
181.54775154633927
143.97702646822066
139.12244958072685
167.13218171217966
143.37938305969308
144.5095858341457
180.07129265719547
159.7370907421426
168.60351356809025
182.7696923301693
144.90899305464012
147.51954054794965
130.10978242384374
198.5751877649809
140.20876211521406
127.63381319678317
121.81877213661676
142.32866225670355
123.15580291232685
129.0564185232641
157.23481233917786
139.0202837995598
188.45423954168004
146.1405488299319
116.55372833696009
142.33880058078353
175.16979955405463
181.54775154633927
143.97702646822066
139.12244958072685
167.13218171217966
143.37938305969308
144.5095858341457
180.07129265719547
159.7370907421426
168.60351356809025
182.7696923301693
144.90899305464012
147.51954054794965
130.10978242384374
198.5751877649809
140.20876211521406
127.63381319678317
121.81877213661676
142.32866225670355
123.15580291232685
129.0564185232641
157.23481233917786
139.0202837995598
188.45423954168004
146.1405488299319
116.55372833696009
142.33880058078353
175.16979955405463
181.54775154633927
143.97702646822066
139.12244958072685
167.13218171217966
143.37938305969308
144.5095858341457
180.07129265719547
159.7370907421426
168.60351356809025
182.7696923301693
144.90899305464012
147.51954054794965
130.10978242384374
198.5751877649809
140.20876211521406
127.63381319678317
121.81877213661676
142.32866225670355
123.15580291232685
129.0564185232641
157.23481233917786
139.0202837995598
188.45423954168004
146.1405488299319
116.55372833696009
142.33880058078353
175.16979955405463
181.54775154633927
143.97702646822066
139.12244958072685
167.13218171217966
143.37938305969308
144.5095858341457
180.07129265719547
159.7370907421426
168.60351356809025
182.7696923301693
144.90899305464012
147.51954054794965
130.10978242384374
198.5751877649809
140.20876211521406
127.63381319678317
121.81877213661676
142.32866225670355
123.15580291232685
129.0564185232641
157.23481233917786
139.0202837995598
188.45423954168004
146.1405488299319
116.55372833696009
142.33880058078353
175.16979955405463
181.54775154633927
143.97702646822066
139.12244958072685
167.13218171217966
143.37938305969308
144.5095858341457
180.07129265719547
159.7370907421426
168.60351356809025
182.7696923301693
144.90899305464012
147.51954054794965
130.10978242384374
198.5751877649809
140.20876211521406
127.63381319678317
121.81877213661676
142.32866225670355
123.15580291232685
129.0564185232641
157.23481233917786
139.0202837995598
188.45423954168004
146.1405488299319
116.55372833696009
142.33880058078353
175.16979955405463
181.54775154633927
143.97702646822066
139.12244958072685
167.13218171217966
143.37938305969308
144.5095858341457
180.07129265719547
159.7370907421426
168.60351356809025
182.7696923301693
144.90899305464012
147.51954054794965
130.10978242384374
198.5751877649809
140.20876211521406
127.63381319678317
121.81877213661676
142.32866225670355
123.15580291232685
129.0564185232641
157.23481233917786
139.0202837995598
188.45423954168004
146.1405488299319
116.55372833696009
142.33880058078353
175.16979955405463
181.54775154633927
143.97702646822066
139.12244958072685
167.13218171217966
143.37938305969308
144.5095858341457
180.07129265719547
159.7370907421426
168.60351356809025
182.7696923301693
144.90899305464012
147.51954054794965
130.10978242384374
198.5751877649809
140.20876211521406
127.63381319678317
121.81877213661676
142.32866225670355
123.15580291232685
129.0564185232641
157.23481233917786
139.0202837995598
188.45423954168004
146.1405488299319
116.55372833696009
142.33880058078353
175.16979955405463
181.54775154633927
143.97702646822066
139.12244958072685
167.13218171217966
143.37938305969308
144.5095858341457
180.07129265719547
159.7370907421426
168.60351356809025
182.7696923301693
144.90899305464012
147.51954054794965
130.10978242384374
198.5751877649809
140.20876211521406
127.63381319678317
121.81877213661676
142.32866225670355
123.15580291232685
129.0564185232641
157.23481233917786
139.0202837995598
188.45423954168004
146.1405488299319
116.55372833696009
142.33880058078353
175.16979955405463
181.54775154633927
143.97702646822066
139.12244958072685
167.13218171217966
143.37938305969308
144.5095858341457
180.07129265719547
159.7370907421426
168.60351356809025
182.7696923301693
144.90899305464012
147.51954054794965
130.10978242384374
198.5751877649809
140.20876211521406
127.63381319678317
121.81877213661676
142.32866225670355
123.15580291232685
129.0564185232641
157.23481233917786
139.0202837995598
188.45423954168004
146.1405488299319
116.55372833696009
142.33880058078353
175.16979955405463
181.54775154633927
143.97702646822066
139.12244958072685
167.13218171217966
143.37938305969308
144.5095858341457
180.07129265719547
159.7370907421426
168.60351356809025
182.7696923301693
144.90899305464012
147.51954054794965
130.10978242384374
198.5751877649809
140.20876211521406
127.63381319678317
121.81877213661676
142.32866225670355
123.15580291232685
129.0564185232641
157.23481233917786
139.0202837995598
188.45423954168004
146.1405488299319
116.55372833696009
142.33880058078353
175.16979955405463
181.54775154633927
143.97702646822066
139.12244958072685
167.13218171217966
143.37938305969308
144.5095858341457
180.07129265719547
159.7370907421426
168.60351356809025
182.7696923301693
144.90899305464012
147.51954054794965
130.10978242384374
198.5751877649809
140.20876211521406
127.63381319678317
121.81877213661676
142.32866225670355
123.15580291232685
129.0564185232641
157.23481233917786
139.0202837995598
188.45423954168004
146.1405488299319
116.55372833696009
142.33880058078353
175.16979955405463
181.54775154633927
143.97702646822066
139.12244958072685
167.13218171217966
143.37938305969308
144.5095858341457
180.07129265719547
159.7370907421426
168.60351356809025
182.7696923301693
144.90899305464012
147.51954054794965
130.10978242384374
198.5751877649809
140.20876211521406
127.63381319678317
121.81877213661676
142.32866225670355
123.15580291232685
129.0564185232641
157.23481233917786
139.0202837995598
188.45423954168004
146.1405488299319
116.55372833696009
142.33880058078353
175.16979955405463
181.54775154633927
143.97702646822066
139.12244958072685
167.13218171217966
143.37938305969308
144.5095858341457
180.07129265719547
159.7370907421426
168.60351356809025
182.7696923301693
144.90899305464012
147.51954054794965
130.10978242384374
198.5751877649809
140.20876211521406
127.63381319678317
121.81877213661676
142.32866225670355
123.15580291232685
129.0564185232641
157.23481233917786
139.0202837995598
188.45423954168004
146.1405488299319
116.55372833696009
142.33880058078353
175.16979955405463
181.54775154633927
143.97702646822066
139.12244958072685
167.13218171217966
143.37938305969308
144.5095858341457
180.07129265719547
159.7370907421426
168.60351356809025
182.7696923301693
144.90899305464012
147.51954054794965
130.10978242384374
198.5751877649809
140.20876211521406
127.63381319678317
121.81877213661676
142.32866225670355
123.15580291232685
129.0564185232641
157.23481233917786
139.0202837995598
188.45423954168004
146.1405488299319
116.55372833696009
142.33880058078353
175.16979955405463
181.54775154633927
143.97702646822066
139.12244958072685
167.13218171217966
143.37938305969308
144.5095858341457
180.07129265719547
159.7370907421426
168.60351356809025
182.7696923301693
144.90899305464012
147.51954054794965
130.10978242384374
198.5751877649809
140.20876211521406
127.63381319678317
121.81877213661676
142.32866225670355
123.15580291232685
129.0564185232641
157.23481233917786
139.0202837995598
188.45423954168004
146.1405488299319
116.55372833696009
142.33880058078353
175.16979955405463
181.54775154633927
143.97702646822066
139.12244958072685
167.13218171217966
143.37938305969308
144.5095858341457
180.07129265719547
159.7370907421426
168.60351356809025
182.7696923301693
144.90899305464012
147.51954054794965
130.10978242384374
198.5751877649809
140.20876211521406
127.63381319678317
121.81877213661676
142.32866225670355
123.15580291232685
129.0564185232641
157.23481233917786
139.0202837995598
188.45423954168004
146.1405488299319
116.55372833696009
142.33880058078353
175.16979955405463
181.54775154633927
143.97702646822066
139.12244958072685
167.13218171217966
143.37938305969308
144.5095858341457
180.07129265719547
159.7370907421426
168.60351356809025
182.7696923301693
144.90899305464012
147.51954054794965
130.10978242384374
198.5751877649809
140.20876211521406
127.63381319678317
121.81877213661676
142.32866225670355
123.15580291232685
129.0564185232641
157.23481233917786
139.0202837995598
188.45423954168004
146.1405488299319
116.55372833696009
142.33880058078353
175.16979955405463
181.54775154633927
143.97702646822066
139.12244958072685
167.13218171217966
143.37938305969308
144.5095858341457
180.07129265719547
159.7370907421426
168.60351356809025
182.7696923301693
144.90899305464012
147.51954054794965
130.10978242384374
198.5751877649809
140.20876211521406
127.63381319678317
121.81877213661676
142.32866225670355
123.15580291232685
129.0564185232641
157.23481233917786
139.0202837995598
188.45423954168004
146.1405488299319
116.55372833696009
142.33880058078353
175.16979955405463
181.54775154633927
143.97702646822066
139.12244958072685
167.13218171217966
143.37938305969308
144.5095858341457
180.07129265719547
159.7370907421426
168.60351356809025
182.7696923301693
144.90899305464012
147.51954054794965
130.10978242384374
198.5751877649809
140.20876211521406
127.63381319678317
121.81877213661676
142.32866225670355
123.15580291232685
129.0564185232641
157.23481233917786
139.0202837995598
188.45423954168004
140.48053428266437
156.31760440867228
149.704493818379
146.56837801019915
186.64347649539266
145.33176425915644
182.08267392055447
151.9312029194816
129.16855540647217
162.31513939426458
160.1400300860311
98.92384853348997
128.75764190960908
130.42642590307227
137.7331050347897
103.76890841499788
228.90891622033277
158.86671885984669
128.72401418895763
147.85519274284846
137.4150258515341
148.00659094242124
132.18602019216675
137.59838353116973
117.17971228380361
148.12001590592956
132.7764484266725
96.11932481321325
140.48053428266437
156.31760440867228
149.704493818379
146.56837801019915
186.64347649539266
145.33176425915644
182.08267392055447
151.9312029194816
129.16855540647217
162.31513939426458
160.1400300860311
98.92384853348997
128.75764190960908
130.42642590307227
137.7331050347897
103.76890841499788
228.90891622033277
158.86671885984669
128.72401418895763
147.85519274284846
137.4150258515341
148.00659094242124
132.18602019216675
137.59838353116973
117.17971228380361
148.12001590592956
132.7764484266725
96.11932481321325
140.48053428266437
156.31760440867228
149.704493818379
146.56837801019915
186.64347649539266
145.33176425915644
182.08267392055447
151.9312029194816
129.16855540647217
162.31513939426458
160.1400300860311
98.92384853348997
128.75764190960908
130.42642590307227
137.7331050347897
103.76890841499788
228.90891622033277
158.86671885984669
128.72401418895763
147.85519274284846
137.4150258515341
148.00659094242124
132.18602019216675
137.59838353116973
117.17971228380361
148.12001590592956
132.7764484266725
96.11932481321325
140.48053428266437
156.31760440867228
149.704493818379
146.56837801019915
186.64347649539266
145.33176425915644
182.08267392055447
151.9312029194816
129.16855540647217
162.31513939426458
160.1400300860311
98.92384853348997
128.75764190960908
130.42642590307227
137.7331050347897
103.76890841499788
228.90891622033277
158.86671885984669
128.72401418895763
147.85519274284846
137.4150258515341
148.00659094242124
132.18602019216675
137.59838353116973
117.17971228380361
148.12001590592956
132.7764484266725
96.11932481321325
140.48053428266437
156.31760440867228
149.704493818379
146.56837801019915
186.64347649539266
145.33176425915644
182.08267392055447
151.9312029194816
129.16855540647217
162.31513939426458
160.1400300860311
98.92384853348997
128.75764190960908
130.42642590307227
137.7331050347897
103.76890841499788
228.90891622033277
158.86671885984669
128.72401418895763
147.85519274284846
137.4150258515341
148.00659094242124
132.18602019216675
137.59838353116973
117.17971228380361
148.12001590592956
132.7764484266725
96.11932481321325
140.48053428266437
156.31760440867228
149.704493818379
146.56837801019915
186.64347649539266
145.33176425915644
182.08267392055447
151.9312029194816
129.16855540647217
162.31513939426458
160.1400300860311
98.92384853348997
128.75764190960908
130.42642590307227
137.7331050347897
103.76890841499788
228.90891622033277
158.86671885984669
128.72401418895763
147.85519274284846
137.4150258515341
148.00659094242124
132.18602019216675
137.59838353116973
117.17971228380361
148.12001590592956
132.7764484266725
96.11932481321325
140.48053428266437
156.31760440867228
149.704493818379
146.56837801019915
186.64347649539266
145.33176425915644
182.08267392055447
151.9312029194816
129.16855540647217
162.31513939426458
160.1400300860311
98.92384853348997
128.75764190960908
130.42642590307227
137.7331050347897
103.76890841499788
228.90891622033277
158.86671885984669
128.72401418895763
147.85519274284846
137.4150258515341
148.00659094242124
132.18602019216675
137.59838353116973
117.17971228380361
148.12001590592956
132.7764484266725
96.11932481321325
140.48053428266437
156.31760440867228
149.704493818379
146.56837801019915
186.64347649539266
145.33176425915644
182.08267392055447
151.9312029194816
129.16855540647217
162.31513939426458
160.1400300860311
98.92384853348997
128.75764190960908
130.42642590307227
137.7331050347897
103.76890841499788
228.90891622033277
158.86671885984669
128.72401418895763
147.85519274284846
137.4150258515341
148.00659094242124
132.18602019216675
137.59838353116973
117.17971228380361
148.12001590592956
132.7764484266725
96.11932481321325
140.48053428266437
156.31760440867228
149.704493818379
146.56837801019915
186.64347649539266
145.33176425915644
182.08267392055447
151.9312029194816
129.16855540647217
162.31513939426458
160.1400300860311
98.92384853348997
128.75764190960908
130.42642590307227
137.7331050347897
103.76890841499788
228.90891622033277
158.86671885984669
128.72401418895763
147.85519274284846
137.4150258515341
148.00659094242124
132.18602019216675
137.59838353116973
117.17971228380361
148.12001590592956
132.7764484266725
96.11932481321325
140.48053428266437
156.31760440867228
149.704493818379
146.56837801019915
186.64347649539266
145.33176425915644
182.08267392055447
151.9312029194816
129.16855540647217
162.31513939426458
160.1400300860311
98.92384853348997
128.75764190960908
130.42642590307227
137.7331050347897
103.76890841499788
228.90891622033277
158.86671885984669
128.72401418895763
147.85519274284846
137.4150258515341
148.00659094242124
132.18602019216675
137.59838353116973
117.17971228380361
148.12001590592956
132.7764484266725
96.11932481321325
140.48053428266437
156.31760440867228
149.704493818379
146.56837801019915
186.64347649539266
145.33176425915644
182.08267392055447
151.9312029194816
129.16855540647217
162.31513939426458
160.1400300860311
98.92384853348997
128.75764190960908
130.42642590307227
137.7331050347897
103.76890841499788
228.90891622033277
158.86671885984669
128.72401418895763
147.85519274284846
137.4150258515341
148.00659094242124
132.18602019216675
137.59838353116973
117.17971228380361
148.12001590592956
132.7764484266725
96.11932481321325
140.48053428266437
156.31760440867228
149.704493818379
146.56837801019915
186.64347649539266
145.33176425915644
182.08267392055447
151.9312029194816
129.16855540647217
162.31513939426458
160.1400300860311
98.92384853348997
128.75764190960908
130.42642590307227
137.7331050347897
103.76890841499788
228.90891622033277
158.86671885984669
128.72401418895763
147.85519274284846
137.4150258515341
148.00659094242124
132.18602019216675
137.59838353116973
117.17971228380361
148.12001590592956
132.7764484266725
96.11932481321325
140.48053428266437
156.31760440867228
149.704493818379
146.56837801019915
186.64347649539266
145.33176425915644
182.08267392055447
151.9312029194816
129.16855540647217
162.31513939426458
160.1400300860311
98.92384853348997
128.75764190960908
130.42642590307227
137.7331050347897
103.76890841499788
228.90891622033277
158.86671885984669
128.72401418895763
147.85519274284846
137.4150258515341
148.00659094242124
132.18602019216675
137.59838353116973
117.17971228380361
148.12001590592956
132.7764484266725
96.11932481321325
140.48053428266437
156.31760440867228
149.704493818379
146.56837801019915
186.64347649539266
145.33176425915644
182.08267392055447
151.9312029194816
129.16855540647217
162.31513939426458
160.1400300860311
98.92384853348997
128.75764190960908
130.42642590307227
137.7331050347897
103.76890841499788
228.90891622033277
158.86671885984669
128.72401418895763
147.85519274284846
137.4150258515341
148.00659094242124
132.18602019216675
137.59838353116973
117.17971228380361
148.12001590592956
132.7764484266725
96.11932481321325
140.48053428266437
156.31760440867228
149.704493818379
146.56837801019915
186.64347649539266
145.33176425915644
182.08267392055447
151.9312029194816
129.16855540647217
162.31513939426458
160.1400300860311
98.92384853348997
128.75764190960908
130.42642590307227
137.7331050347897
103.76890841499788
228.90891622033277
158.86671885984669
128.72401418895763
147.85519274284846
137.4150258515341
148.00659094242124
132.18602019216675
137.59838353116973
117.17971228380361
148.12001590592956
132.7764484266725
96.11932481321325
140.48053428266437
156.31760440867228
149.704493818379
146.56837801019915
186.64347649539266
145.33176425915644
182.08267392055447
151.9312029194816
129.16855540647217
162.31513939426458
160.1400300860311
98.92384853348997
128.75764190960908
130.42642590307227
137.7331050347897
103.76890841499788
228.90891622033277
158.86671885984669
128.72401418895763
147.85519274284846
137.4150258515341
148.00659094242124
132.18602019216675
137.59838353116973
117.17971228380361
148.12001590592956
132.7764484266725
96.11932481321325
140.48053428266437
156.31760440867228
149.704493818379
146.56837801019915
186.64347649539266
145.33176425915644
182.08267392055447
151.9312029194816
129.16855540647217
162.31513939426458
160.1400300860311
98.92384853348997
128.75764190960908
130.42642590307227
137.7331050347897
103.76890841499788
228.90891622033277
158.86671885984669
128.72401418895763
147.85519274284846
137.4150258515341
148.00659094242124
132.18602019216675
137.59838353116973
117.17971228380361
148.12001590592956
132.7764484266725
96.11932481321325
140.48053428266437
156.31760440867228
149.704493818379
146.56837801019915
186.64347649539266
145.33176425915644
182.08267392055447
151.9312029194816
129.16855540647217
162.31513939426458
160.1400300860311
98.92384853348997
128.75764190960908
130.42642590307227
137.7331050347897
103.76890841499788
228.90891622033277
158.86671885984669
128.72401418895763
147.85519274284846
137.4150258515341
148.00659094242124
132.18602019216675
137.59838353116973
117.17971228380361
148.12001590592956
132.7764484266725
96.11932481321325
140.48053428266437
156.31760440867228
149.704493818379
146.56837801019915
186.64347649539266
145.33176425915644
182.08267392055447
151.9312029194816
129.16855540647217
162.31513939426458
160.1400300860311
98.92384853348997
128.75764190960908
130.42642590307227
137.7331050347897
103.76890841499788
228.90891622033277
158.86671885984669
128.72401418895763
147.85519274284846
137.4150258515341
148.00659094242124
132.18602019216675
137.59838353116973
117.17971228380361
148.12001590592956
132.7764484266725
96.11932481321325
140.48053428266437
156.31760440867228
149.704493818379
146.56837801019915
186.64347649539266
145.33176425915644
182.08267392055447
151.9312029194816
129.16855540647217
162.31513939426458
160.1400300860311
98.92384853348997
128.75764190960908
130.42642590307227
137.7331050347897
103.76890841499788
228.90891622033277
158.86671885984669
128.72401418895763
147.85519274284846
137.4150258515341
148.00659094242124
132.18602019216675
137.59838353116973
117.17971228380361
148.12001590592956
132.7764484266725
96.11932481321325
140.48053428266437
156.31760440867228
149.704493818379
146.56837801019915
186.64347649539266
145.33176425915644
182.08267392055447
151.9312029194816
129.16855540647217
162.31513939426458
160.1400300860311
98.92384853348997
128.75764190960908
130.42642590307227
137.7331050347897
103.76890841499788
228.90891622033277
158.86671885984669
128.72401418895763
147.85519274284846
137.4150258515341
148.00659094242124
132.18602019216675
137.59838353116973
117.17971228380361
148.12001590592956
132.7764484266725
96.11932481321325
140.48053428266437
156.31760440867228
149.704493818379
146.56837801019915
186.64347649539266
145.33176425915644
182.08267392055447
151.9312029194816
129.16855540647217
162.31513939426458
160.1400300860311
98.92384853348997
128.75764190960908
130.42642590307227
137.7331050347897
103.76890841499788
228.90891622033277
158.86671885984669
128.72401418895763
147.85519274284846
137.4150258515341
148.00659094242124
132.18602019216675
137.59838353116973
117.17971228380361
148.12001590592956
132.7764484266725
96.11932481321325
140.48053428266437
156.31760440867228
149.704493818379
146.56837801019915
186.64347649539266
145.33176425915644
182.08267392055447
151.9312029194816
129.16855540647217
162.31513939426458
160.1400300860311
98.92384853348997
128.75764190960908
130.42642590307227
137.7331050347897
103.76890841499788
228.90891622033277
158.86671885984669
128.72401418895763
147.85519274284846
137.4150258515341
148.00659094242124
132.18602019216675
137.59838353116973
117.17971228380361
148.12001590592956
132.7764484266725
96.11932481321325
140.48053428266437
156.31760440867228
149.704493818379
146.56837801019915
186.64347649539266
145.33176425915644
182.08267392055447
151.9312029194816
129.16855540647217
162.31513939426458
160.1400300860311
98.92384853348997
128.75764190960908
130.42642590307227
137.7331050347897
103.76890841499788
228.90891622033277
158.86671885984669
128.72401418895763
147.85519274284846
137.4150258515341
148.00659094242124
132.18602019216675
137.59838353116973
117.17971228380361
148.12001590592956
132.7764484266725
96.11932481321325
140.48053428266437
156.31760440867228
149.704493818379
146.56837801019915
186.64347649539266
145.33176425915644
182.08267392055447
151.9312029194816
129.16855540647217
162.31513939426458
160.1400300860311
98.92384853348997
128.75764190960908
130.42642590307227
137.7331050347897
103.76890841499788
228.90891622033277
158.86671885984669
128.72401418895763
147.85519274284846
137.4150258515341
148.00659094242124
132.18602019216675
137.59838353116973
117.17971228380361
148.12001590592956
132.7764484266725
96.11932481321325
140.48053428266437
156.31760440867228
149.704493818379
146.56837801019915
186.64347649539266
145.33176425915644
182.08267392055447
151.9312029194816
129.16855540647217
162.31513939426458
160.1400300860311
98.92384853348997
128.75764190960908
130.42642590307227
137.7331050347897
103.76890841499788
228.90891622033277
158.86671885984669
128.72401418895763
147.85519274284846
137.4150258515341
148.00659094242124
132.18602019216675
137.59838353116973
117.17971228380361
148.12001590592956
132.7764484266725
96.11932481321325
140.48053428266437
156.31760440867228
149.704493818379
146.56837801019915
186.64347649539266
145.33176425915644
182.08267392055447
151.9312029194816
129.16855540647217
162.31513939426458
160.1400300860311
98.92384853348997
128.75764190960908
130.42642590307227
137.7331050347897
103.76890841499788
228.90891622033277
158.86671885984669
128.72401418895763
147.85519274284846
137.4150258515341
148.00659094242124
132.18602019216675
137.59838353116973
117.17971228380361
148.12001590592956
132.7764484266725
96.11932481321325
140.48053428266437
156.31760440867228
149.704493818379
146.56837801019915
186.64347649539266
145.33176425915644
182.08267392055447
151.9312029194816
129.16855540647217
162.31513939426458
160.1400300860311
98.92384853348997
128.75764190960908
130.42642590307227
137.7331050347897
103.76890841499788
228.90891622033277
158.86671885984669
128.72401418895763
147.85519274284846
137.4150258515341
148.00659094242124
132.18602019216675
137.59838353116973
117.17971228380361
148.12001590592956
132.7764484266725
96.11932481321325
140.48053428266437
156.31760440867228
149.704493818379
146.56837801019915
186.64347649539266
145.33176425915644
182.08267392055447
151.9312029194816
129.16855540647217
162.31513939426458
160.1400300860311
98.92384853348997
128.75764190960908
130.42642590307227
137.7331050347897
103.76890841499788
228.90891622033277
158.86671885984669
128.72401418895763
147.85519274284846
137.4150258515341
148.00659094242124
132.18602019216675
137.59838353116973
117.17971228380361
148.12001590592956
132.7764484266725
96.11932481321325
140.48053428266437
156.31760440867228
149.704493818379
146.56837801019915
186.64347649539266
145.33176425915644
182.08267392055447
151.9312029194816
129.16855540647217
162.31513939426458
160.1400300860311
98.92384853348997
128.75764190960908
130.42642590307227
137.7331050347897
103.76890841499788
228.90891622033277
158.86671885984669
128.72401418895763
147.85519274284846
137.4150258515341
148.00659094242124
132.18602019216675
137.59838353116973
117.17971228380361
148.12001590592956
132.7764484266725
96.11932481321325
140.48053428266437
156.31760440867228
149.704493818379
146.56837801019915
186.64347649539266
145.33176425915644
182.08267392055447
151.9312029194816
129.16855540647217
162.31513939426458
160.1400300860311
98.92384853348997
128.75764190960908
130.42642590307227
137.7331050347897
103.76890841499788
228.90891622033277
158.86671885984669
128.72401418895763
147.85519274284846
137.4150258515341
148.00659094242124
132.18602019216675
137.59838353116973
117.17971228380361
148.12001590592956
132.7764484266725
96.11932481321325
140.48053428266437
156.31760440867228
149.704493818379
146.56837801019915
186.64347649539266
145.33176425915644
182.08267392055447
151.9312029194816
129.16855540647217
162.31513939426458
160.1400300860311
98.92384853348997
128.75764190960908
130.42642590307227
137.7331050347897
103.76890841499788
228.90891622033277
158.86671885984669
128.72401418895763
147.85519274284846
137.4150258515341
148.00659094242124
132.18602019216675
137.59838353116973
117.17971228380361
148.12001590592956
132.7764484266725
96.11932481321325
140.48053428266437
156.31760440867228
149.704493818379
146.56837801019915
186.64347649539266
145.33176425915644
182.08267392055447
151.9312029194816
129.16855540647217
162.31513939426458
160.1400300860311
98.92384853348997
128.75764190960908
130.42642590307227
137.7331050347897
103.76890841499788
228.90891622033277
158.86671885984669
128.72401418895763
147.85519274284846
137.4150258515341
148.00659094242124
132.18602019216675
137.59838353116973
117.17971228380361
148.12001590592956
132.7764484266725
96.11932481321325
140.48053428266437
156.31760440867228
149.704493818379
146.56837801019915
186.64347649539266
145.33176425915644
182.08267392055447
151.9312029194816
129.16855540647217
162.31513939426458
160.1400300860311
98.92384853348997
128.75764190960908
130.42642590307227
137.7331050347897
103.76890841499788
228.90891622033277
158.86671885984669
128.72401418895763
147.85519274284846
137.4150258515341
148.00659094242124
132.18602019216675
137.59838353116973
117.17971228380361
148.12001590592956
132.7764484266725
96.11932481321325
140.48053428266437
156.31760440867228
149.704493818379
146.56837801019915
186.64347649539266
145.33176425915644
182.08267392055447
151.9312029194816
129.16855540647217
162.31513939426458
160.1400300860311
98.92384853348997
128.75764190960908
130.42642590307227
137.7331050347897
103.76890841499788
228.90891622033277
158.86671885984669
128.72401418895763
147.85519274284846
137.4150258515341
148.00659094242124
132.18602019216675
137.59838353116973
117.17971228380361
148.12001590592956
132.7764484266725
96.11932481321325
140.48053428266437
156.31760440867228
149.704493818379
146.56837801019915
186.64347649539266
145.33176425915644
182.08267392055447
151.9312029194816
129.16855540647217
162.31513939426458
160.1400300860311
98.92384853348997
128.75764190960908
130.42642590307227
137.7331050347897
103.76890841499788
228.90891622033277
158.86671885984669
128.72401418895763
147.85519274284846
137.4150258515341
148.00659094242124
132.18602019216675
137.59838353116973
117.17971228380361
148.12001590592956
132.7764484266725
96.11932481321325
140.48053428266437
156.31760440867228
149.704493818379
146.56837801019915
186.64347649539266
145.33176425915644
182.08267392055447
151.9312029194816
129.16855540647217
162.31513939426458
160.1400300860311
98.92384853348997
128.75764190960908
130.42642590307227
137.7331050347897
103.76890841499788
228.90891622033277
158.86671885984669
128.72401418895763
147.85519274284846
137.4150258515341
148.00659094242124
132.18602019216675
137.59838353116973
117.17971228380361
148.12001590592956
132.7764484266725
96.11932481321325
140.48053428266437
156.31760440867228
149.704493818379
146.56837801019915
186.64347649539266
145.33176425915644
182.08267392055447
151.9312029194816
129.16855540647217
162.31513939426458
160.1400300860311
98.92384853348997
128.75764190960908
130.42642590307227
137.7331050347897
103.76890841499788
228.90891622033277
158.86671885984669
128.72401418895763
147.85519274284846
137.4150258515341
148.00659094242124
132.18602019216675
137.59838353116973
117.17971228380361
148.12001590592956
132.7764484266725
96.11932481321325
140.48053428266437
156.31760440867228
149.704493818379
146.56837801019915
186.64347649539266
145.33176425915644
182.08267392055447
151.9312029194816
129.16855540647217
162.31513939426458
160.1400300860311
98.92384853348997
128.75764190960908
130.42642590307227
137.7331050347897
103.76890841499788
228.90891622033277
158.86671885984669
128.72401418895763
147.85519274284846
137.4150258515341
148.00659094242124
132.18602019216675
137.59838353116973
117.17971228380361
148.12001590592956
132.7764484266725
96.11932481321325
140.48053428266437
156.31760440867228
149.704493818379
146.56837801019915
186.64347649539266
145.33176425915644
182.08267392055447
151.9312029194816
129.16855540647217
162.31513939426458
160.1400300860311
98.92384853348997
128.75764190960908
130.42642590307227
137.7331050347897
103.76890841499788
228.90891622033277
158.86671885984669
128.72401418895763
147.85519274284846
137.4150258515341
148.00659094242124
132.18602019216675
137.59838353116973
117.17971228380361
148.12001590592956
132.7764484266725
96.11932481321325
140.48053428266437
156.31760440867228
149.704493818379
146.56837801019915
186.64347649539266
145.33176425915644
182.08267392055447
151.9312029194816
129.16855540647217
162.31513939426458
160.1400300860311
98.92384853348997
128.75764190960908
130.42642590307227
137.7331050347897
103.76890841499788
228.90891622033277
158.86671885984669
128.72401418895763
147.85519274284846
137.4150258515341
148.00659094242124
132.18602019216675
137.59838353116973
117.17971228380361
148.12001590592956
132.7764484266725
96.11932481321325
140.48053428266437
156.31760440867228
149.704493818379
146.56837801019915
186.64347649539266
145.33176425915644
182.08267392055447
151.9312029194816
129.16855540647217
162.31513939426458
160.1400300860311
98.92384853348997
128.75764190960908
130.42642590307227
137.7331050347897
103.76890841499788
228.90891622033277
158.86671885984669
128.72401418895763
147.85519274284846
137.4150258515341
148.00659094242124
132.18602019216675
137.59838353116973
117.17971228380361
148.12001590592956
132.7764484266725
96.11932481321325
140.48053428266437
156.31760440867228
149.704493818379
146.56837801019915
186.64347649539266
145.33176425915644
182.08267392055447
151.9312029194816
129.16855540647217
162.31513939426458
160.1400300860311
98.92384853348997
128.75764190960908
130.42642590307227
137.7331050347897
103.76890841499788
228.90891622033277
158.86671885984669
128.72401418895763
147.85519274284846
137.4150258515341
148.00659094242124
132.18602019216675
137.59838353116973
117.17971228380361
148.12001590592956
132.7764484266725
96.11932481321325
140.48053428266437
156.31760440867228
149.704493818379
146.56837801019915
186.64347649539266
145.33176425915644
182.08267392055447
151.9312029194816
129.16855540647217
162.31513939426458
160.1400300860311
98.92384853348997
128.75764190960908
130.42642590307227
137.7331050347897
103.76890841499788
228.90891622033277
158.86671885984669
128.72401418895763
147.85519274284846
137.4150258515341
148.00659094242124
132.18602019216675
137.59838353116973
117.17971228380361
148.12001590592956
132.7764484266725
96.11932481321325
140.48053428266437
156.31760440867228
149.704493818379
146.56837801019915
186.64347649539266
145.33176425915644
182.08267392055447
151.9312029194816
129.16855540647217
162.31513939426458
160.1400300860311
98.92384853348997
128.75764190960908
130.42642590307227
137.7331050347897
103.76890841499788
228.90891622033277
158.86671885984669
128.72401418895763
147.85519274284846
137.4150258515341
148.00659094242124
132.18602019216675
137.59838353116973
117.17971228380361
148.12001590592956
132.7764484266725
96.11932481321325
140.1885270525671
142.20414736757087
133.81057508213343
134.3380152752238
185.6302780164687
130.29910065604392
141.2103525416294
148.21293033492682
156.6403515474899
159.68279216896664
142.49663346575014
146.37783931631185
192.81751142801306
179.75629948040068
152.29827876417232
193.51127547812467
147.76094214618982
155.11934448063982
177.86895536744277
150.3637589951779
137.61118244198096
143.5385610508948
173.51492609432702
135.3619239774609
140.21028299875428
141.63941682740383
139.62928355220188
144.18904104586977
140.1885270525671
142.20414736757087
133.81057508213343
134.3380152752238
185.6302780164687
130.29910065604392
141.2103525416294
148.21293033492682
156.6403515474899
159.68279216896664
142.49663346575014
146.37783931631185
192.81751142801306
179.75629948040068
152.29827876417232
193.51127547812467
147.76094214618982
155.11934448063982
177.86895536744277
150.3637589951779
137.61118244198096
143.5385610508948
173.51492609432702
135.3619239774609
140.21028299875428
141.63941682740383
139.62928355220188
144.18904104586977
140.1885270525671
142.20414736757087
133.81057508213343
134.3380152752238
185.6302780164687
130.29910065604392
141.2103525416294
148.21293033492682
156.6403515474899
159.68279216896664
142.49663346575014
146.37783931631185
192.81751142801306
179.75629948040068
152.29827876417232
193.51127547812467
147.76094214618982
155.11934448063982
177.86895536744277
150.3637589951779
137.61118244198096
143.5385610508948
173.51492609432702
135.3619239774609
140.21028299875428
141.63941682740383
139.62928355220188
144.18904104586977
140.1885270525671
142.20414736757087
133.81057508213343
134.3380152752238
185.6302780164687
130.29910065604392
141.2103525416294
148.21293033492682
156.6403515474899
159.68279216896664
142.49663346575014
146.37783931631185
192.81751142801306
179.75629948040068
152.29827876417232
193.51127547812467
147.76094214618982
155.11934448063982
177.86895536744277
150.3637589951779
137.61118244198096
143.5385610508948
173.51492609432702
135.3619239774609
140.21028299875428
141.63941682740383
139.62928355220188
144.18904104586977
140.1885270525671
142.20414736757087
133.81057508213343
134.3380152752238
185.6302780164687
130.29910065604392
141.2103525416294
148.21293033492682
156.6403515474899
159.68279216896664
142.49663346575014
146.37783931631185
192.81751142801306
179.75629948040068
152.29827876417232
193.51127547812467
147.76094214618982
155.11934448063982
177.86895536744277
150.3637589951779
137.61118244198096
143.5385610508948
173.51492609432702
135.3619239774609
140.21028299875428
141.63941682740383
139.62928355220188
144.18904104586977
140.1885270525671
142.20414736757087
133.81057508213343
134.3380152752238
185.6302780164687
130.29910065604392
141.2103525416294
148.21293033492682
156.6403515474899
159.68279216896664
142.49663346575014
146.37783931631185
192.81751142801306
179.75629948040068
152.29827876417232
193.51127547812467
147.76094214618982
155.11934448063982
177.86895536744277
150.3637589951779
137.61118244198096
143.5385610508948
173.51492609432702
135.3619239774609
140.21028299875428
141.63941682740383
139.62928355220188
144.18904104586977
140.1885270525671
142.20414736757087
133.81057508213343
134.3380152752238
185.6302780164687
130.29910065604392
141.2103525416294
148.21293033492682
156.6403515474899
159.68279216896664
142.49663346575014
146.37783931631185
192.81751142801306
179.75629948040068
152.29827876417232
193.51127547812467
147.76094214618982
155.11934448063982
177.86895536744277
150.3637589951779
137.61118244198096
143.5385610508948
173.51492609432702
135.3619239774609
140.21028299875428
141.63941682740383
139.62928355220188
144.18904104586977
140.1885270525671
142.20414736757087
133.81057508213343
134.3380152752238
185.6302780164687
130.29910065604392
141.2103525416294
148.21293033492682
156.6403515474899
159.68279216896664
142.49663346575014
146.37783931631185
192.81751142801306
179.75629948040068
152.29827876417232
193.51127547812467
147.76094214618982
155.11934448063982
177.86895536744277
150.3637589951779
137.61118244198096
143.5385610508948
173.51492609432702
135.3619239774609
140.21028299875428
141.63941682740383
139.62928355220188
144.18904104586977
140.1885270525671
142.20414736757087
133.81057508213343
134.3380152752238
185.6302780164687
130.29910065604392
141.2103525416294
148.21293033492682
156.6403515474899
159.68279216896664
142.49663346575014
146.37783931631185
192.81751142801306
179.75629948040068
152.29827876417232
193.51127547812467
147.76094214618982
155.11934448063982
177.86895536744277
150.3637589951779
137.61118244198096
143.5385610508948
173.51492609432702
135.3619239774609
140.21028299875428
141.63941682740383
139.62928355220188
144.18904104586977
140.1885270525671
142.20414736757087
133.81057508213343
134.3380152752238
185.6302780164687
130.29910065604392
141.2103525416294
148.21293033492682
156.6403515474899
159.68279216896664
142.49663346575014
146.37783931631185
192.81751142801306
179.75629948040068
152.29827876417232
193.51127547812467
147.76094214618982
155.11934448063982
177.86895536744277
150.3637589951779
137.61118244198096
143.5385610508948
173.51492609432702
135.3619239774609
140.21028299875428
141.63941682740383
139.62928355220188
144.18904104586977
140.1885270525671
142.20414736757087
133.81057508213343
134.3380152752238
185.6302780164687
130.29910065604392
141.2103525416294
148.21293033492682
156.6403515474899
159.68279216896664
142.49663346575014
146.37783931631185
192.81751142801306
179.75629948040068
152.29827876417232
193.51127547812467
147.76094214618982
155.11934448063982
177.86895536744277
150.3637589951779
137.61118244198096
143.5385610508948
173.51492609432702
135.3619239774609
140.21028299875428
141.63941682740383
139.62928355220188
144.18904104586977
140.1885270525671
142.20414736757087
133.81057508213343
134.3380152752238
185.6302780164687
130.29910065604392
141.2103525416294
148.21293033492682
156.6403515474899
159.68279216896664
142.49663346575014
146.37783931631185
192.81751142801306
179.75629948040068
152.29827876417232
193.51127547812467
147.76094214618982
155.11934448063982
177.86895536744277
150.3637589951779
137.61118244198096
143.5385610508948
173.51492609432702
135.3619239774609
140.21028299875428
141.63941682740383
139.62928355220188
144.18904104586977
140.1885270525671
142.20414736757087
133.81057508213343
134.3380152752238
185.6302780164687
130.29910065604392
141.2103525416294
148.21293033492682
156.6403515474899
159.68279216896664
142.49663346575014
146.37783931631185
192.81751142801306
179.75629948040068
152.29827876417232
193.51127547812467
147.76094214618982
155.11934448063982
177.86895536744277
150.3637589951779
137.61118244198096
143.5385610508948
173.51492609432702
135.3619239774609
140.21028299875428
141.63941682740383
139.62928355220188
144.18904104586977
140.1885270525671
142.20414736757087
133.81057508213343
134.3380152752238
185.6302780164687
130.29910065604392
141.2103525416294
148.21293033492682
156.6403515474899
159.68279216896664
142.49663346575014
146.37783931631185
192.81751142801306
179.75629948040068
152.29827876417232
193.51127547812467
147.76094214618982
155.11934448063982
177.86895536744277
150.3637589951779
137.61118244198096
143.5385610508948
173.51492609432702
135.3619239774609
140.21028299875428
141.63941682740383
139.62928355220188
144.18904104586977
140.1885270525671
142.20414736757087
133.81057508213343
134.3380152752238
185.6302780164687
130.29910065604392
141.2103525416294
148.21293033492682
156.6403515474899
159.68279216896664
142.49663346575014
146.37783931631185
192.81751142801306
179.75629948040068
152.29827876417232
193.51127547812467
147.76094214618982
155.11934448063982
177.86895536744277
150.3637589951779
137.61118244198096
143.5385610508948
173.51492609432702
135.3619239774609
140.21028299875428
141.63941682740383
139.62928355220188
144.18904104586977
140.1885270525671
142.20414736757087
133.81057508213343
134.3380152752238
185.6302780164687
130.29910065604392
141.2103525416294
148.21293033492682
156.6403515474899
159.68279216896664
142.49663346575014
146.37783931631185
192.81751142801306
179.75629948040068
152.29827876417232
193.51127547812467
147.76094214618982
155.11934448063982
177.86895536744277
150.3637589951779
137.61118244198096
143.5385610508948
173.51492609432702
135.3619239774609
140.21028299875428
141.63941682740383
139.62928355220188
144.18904104586977
140.1885270525671
142.20414736757087
133.81057508213343
134.3380152752238
185.6302780164687
130.29910065604392
141.2103525416294
148.21293033492682
156.6403515474899
159.68279216896664
142.49663346575014
146.37783931631185
192.81751142801306
179.75629948040068
152.29827876417232
193.51127547812467
147.76094214618982
155.11934448063982
177.86895536744277
150.3637589951779
137.61118244198096
143.5385610508948
173.51492609432702
135.3619239774609
140.21028299875428
141.63941682740383
139.62928355220188
144.18904104586977
140.1885270525671
142.20414736757087
133.81057508213343
134.3380152752238
185.6302780164687
130.29910065604392
141.2103525416294
148.21293033492682
156.6403515474899
159.68279216896664
142.49663346575014
146.37783931631185
192.81751142801306
179.75629948040068
152.29827876417232
193.51127547812467
147.76094214618982
155.11934448063982
177.86895536744277
150.3637589951779
137.61118244198096
143.5385610508948
173.51492609432702
135.3619239774609
140.21028299875428
141.63941682740383
139.62928355220188
144.18904104586977
140.1885270525671
142.20414736757087
133.81057508213343
134.3380152752238
185.6302780164687
130.29910065604392
141.2103525416294
148.21293033492682
156.6403515474899
159.68279216896664
142.49663346575014
146.37783931631185
192.81751142801306
179.75629948040068
152.29827876417232
193.51127547812467
147.76094214618982
155.11934448063982
177.86895536744277
150.3637589951779
137.61118244198096
143.5385610508948
173.51492609432702
135.3619239774609
140.21028299875428
141.63941682740383
139.62928355220188
144.18904104586977
140.1885270525671
142.20414736757087
133.81057508213343
134.3380152752238
185.6302780164687
130.29910065604392
141.2103525416294
148.21293033492682
156.6403515474899
159.68279216896664
142.49663346575014
146.37783931631185
192.81751142801306
179.75629948040068
152.29827876417232
193.51127547812467
147.76094214618982
155.11934448063982
177.86895536744277
150.3637589951779
137.61118244198096
143.5385610508948
173.51492609432702
135.3619239774609
140.21028299875428
141.63941682740383
139.62928355220188
144.18904104586977
140.1885270525671
142.20414736757087
133.81057508213343
134.3380152752238
185.6302780164687
130.29910065604392
141.2103525416294
148.21293033492682
156.6403515474899
159.68279216896664
142.49663346575014
146.37783931631185
192.81751142801306
179.75629948040068
152.29827876417232
193.51127547812467
147.76094214618982
155.11934448063982
177.86895536744277
150.3637589951779
137.61118244198096
143.5385610508948
173.51492609432702
135.3619239774609
140.21028299875428
141.63941682740383
139.62928355220188
144.18904104586977
140.1885270525671
142.20414736757087
133.81057508213343
134.3380152752238
185.6302780164687
130.29910065604392
141.2103525416294
148.21293033492682
156.6403515474899
159.68279216896664
142.49663346575014
146.37783931631185
192.81751142801306
179.75629948040068
152.29827876417232
193.51127547812467
147.76094214618982
155.11934448063982
177.86895536744277
150.3637589951779
137.61118244198096
143.5385610508948
173.51492609432702
135.3619239774609
140.21028299875428
141.63941682740383
139.62928355220188
144.18904104586977
140.1885270525671
142.20414736757087
133.81057508213343
134.3380152752238
185.6302780164687
130.29910065604392
141.2103525416294
148.21293033492682
156.6403515474899
159.68279216896664
142.49663346575014
146.37783931631185
192.81751142801306
179.75629948040068
152.29827876417232
193.51127547812467
147.76094214618982
155.11934448063982
177.86895536744277
150.3637589951779
137.61118244198096
143.5385610508948
173.51492609432702
135.3619239774609
140.21028299875428
141.63941682740383
139.62928355220188
144.18904104586977
140.1885270525671
142.20414736757087
133.81057508213343
134.3380152752238
185.6302780164687
130.29910065604392
141.2103525416294
148.21293033492682
156.6403515474899
159.68279216896664
142.49663346575014
146.37783931631185
192.81751142801306
179.75629948040068
152.29827876417232
193.51127547812467
147.76094214618982
155.11934448063982
177.86895536744277
150.3637589951779
137.61118244198096
143.5385610508948
173.51492609432702
135.3619239774609
140.21028299875428
141.63941682740383
139.62928355220188
144.18904104586977
140.1885270525671
142.20414736757087
133.81057508213343
134.3380152752238
185.6302780164687
130.29910065604392
141.2103525416294
148.21293033492682
156.6403515474899
159.68279216896664
142.49663346575014
146.37783931631185
192.81751142801306
179.75629948040068
152.29827876417232
193.51127547812467
147.76094214618982
155.11934448063982
177.86895536744277
150.3637589951779
137.61118244198096
143.5385610508948
173.51492609432702
135.3619239774609
140.21028299875428
141.63941682740383
139.62928355220188
144.18904104586977
140.1885270525671
142.20414736757087
133.81057508213343
134.3380152752238
185.6302780164687
130.29910065604392
141.2103525416294
148.21293033492682
156.6403515474899
159.68279216896664
142.49663346575014
146.37783931631185
192.81751142801306
179.75629948040068
152.29827876417232
193.51127547812467
147.76094214618982
155.11934448063982
177.86895536744277
150.3637589951779
137.61118244198096
143.5385610508948
173.51492609432702
135.3619239774609
140.21028299875428
141.63941682740383
139.62928355220188
144.18904104586977
140.1885270525671
142.20414736757087
133.81057508213343
134.3380152752238
185.6302780164687
130.29910065604392
141.2103525416294
148.21293033492682
156.6403515474899
159.68279216896664
142.49663346575014
146.37783931631185
192.81751142801306
179.75629948040068
152.29827876417232
193.51127547812467
147.76094214618982
155.11934448063982
177.86895536744277
150.3637589951779
137.61118244198096
143.5385610508948
173.51492609432702
135.3619239774609
140.21028299875428
141.63941682740383
139.62928355220188
144.18904104586977
140.1885270525671
142.20414736757087
133.81057508213343
134.3380152752238
185.6302780164687
130.29910065604392
141.2103525416294
148.21293033492682
156.6403515474899
159.68279216896664
142.49663346575014
146.37783931631185
192.81751142801306
179.75629948040068
152.29827876417232
193.51127547812467
147.76094214618982
155.11934448063982
177.86895536744277
150.3637589951779
137.61118244198096
143.5385610508948
173.51492609432702
135.3619239774609
140.21028299875428
141.63941682740383
139.62928355220188
144.18904104586977
140.1885270525671
142.20414736757087
133.81057508213343
134.3380152752238
185.6302780164687
130.29910065604392
141.2103525416294
148.21293033492682
156.6403515474899
159.68279216896664
142.49663346575014
146.37783931631185
192.81751142801306
179.75629948040068
152.29827876417232
193.51127547812467
147.76094214618982
155.11934448063982
177.86895536744277
150.3637589951779
137.61118244198096
143.5385610508948
173.51492609432702
135.3619239774609
140.21028299875428
141.63941682740383
139.62928355220188
144.18904104586977
140.1885270525671
142.20414736757087
133.81057508213343
134.3380152752238
185.6302780164687
130.29910065604392
141.2103525416294
148.21293033492682
156.6403515474899
159.68279216896664
142.49663346575014
146.37783931631185
192.81751142801306
179.75629948040068
152.29827876417232
193.51127547812467
147.76094214618982
155.11934448063982
177.86895536744277
150.3637589951779
137.61118244198096
143.5385610508948
173.51492609432702
135.3619239774609
140.21028299875428
141.63941682740383
139.62928355220188
144.18904104586977
140.1885270525671
142.20414736757087
133.81057508213343
134.3380152752238
185.6302780164687
130.29910065604392
141.2103525416294
148.21293033492682
156.6403515474899
159.68279216896664
142.49663346575014
146.37783931631185
192.81751142801306
179.75629948040068
152.29827876417232
193.51127547812467
147.76094214618982
155.11934448063982
177.86895536744277
150.3637589951779
137.61118244198096
143.5385610508948
173.51492609432702
135.3619239774609
140.21028299875428
141.63941682740383
139.62928355220188
144.18904104586977
140.1885270525671
142.20414736757087
133.81057508213343
134.3380152752238
185.6302780164687
130.29910065604392
141.2103525416294
148.21293033492682
156.6403515474899
159.68279216896664
142.49663346575014
146.37783931631185
192.81751142801306
179.75629948040068
152.29827876417232
193.51127547812467
147.76094214618982
155.11934448063982
177.86895536744277
150.3637589951779
137.61118244198096
143.5385610508948
173.51492609432702
135.3619239774609
140.21028299875428
141.63941682740383
139.62928355220188
144.18904104586977
140.1885270525671
142.20414736757087
133.81057508213343
134.3380152752238
185.6302780164687
130.29910065604392
141.2103525416294
148.21293033492682
156.6403515474899
159.68279216896664
142.49663346575014
146.37783931631185
192.81751142801306
179.75629948040068
152.29827876417232
193.51127547812467
147.76094214618982
155.11934448063982
177.86895536744277
150.3637589951779
137.61118244198096
143.5385610508948
173.51492609432702
135.3619239774609
140.21028299875428
141.63941682740383
139.62928355220188
144.18904104586977
140.1885270525671
142.20414736757087
133.81057508213343
134.3380152752238
185.6302780164687
130.29910065604392
141.2103525416294
148.21293033492682
156.6403515474899
159.68279216896664
142.49663346575014
146.37783931631185
192.81751142801306
179.75629948040068
152.29827876417232
193.51127547812467
147.76094214618982
155.11934448063982
177.86895536744277
150.3637589951779
137.61118244198096
143.5385610508948
173.51492609432702
135.3619239774609
140.21028299875428
141.63941682740383
139.62928355220188
144.18904104586977
140.1885270525671
142.20414736757087
133.81057508213343
134.3380152752238
185.6302780164687
130.29910065604392
141.2103525416294
148.21293033492682
156.6403515474899
159.68279216896664
142.49663346575014
146.37783931631185
192.81751142801306
179.75629948040068
152.29827876417232
193.51127547812467
147.76094214618982
155.11934448063982
177.86895536744277
150.3637589951779
137.61118244198096
143.5385610508948
173.51492609432702
135.3619239774609
140.21028299875428
141.63941682740383
139.62928355220188
144.18904104586977
140.1885270525671
142.20414736757087
133.81057508213343
134.3380152752238
185.6302780164687
130.29910065604392
141.2103525416294
148.21293033492682
156.6403515474899
159.68279216896664
142.49663346575014
146.37783931631185
192.81751142801306
179.75629948040068
152.29827876417232
193.51127547812467
147.76094214618982
155.11934448063982
177.86895536744277
150.3637589951779
137.61118244198096
143.5385610508948
173.51492609432702
135.3619239774609
140.21028299875428
141.63941682740383
139.62928355220188
144.18904104586977
140.1885270525671
142.20414736757087
133.81057508213343
134.3380152752238
185.6302780164687
130.29910065604392
141.2103525416294
148.21293033492682
156.6403515474899
159.68279216896664
142.49663346575014
146.37783931631185
192.81751142801306
179.75629948040068
152.29827876417232
193.51127547812467
147.76094214618982
155.11934448063982
177.86895536744277
150.3637589951779
137.61118244198096
143.5385610508948
173.51492609432702
135.3619239774609
140.21028299875428
141.63941682740383
139.62928355220188
144.18904104586977
140.1885270525671
142.20414736757087
133.81057508213343
134.3380152752238
185.6302780164687
130.29910065604392
141.2103525416294
148.21293033492682
156.6403515474899
159.68279216896664
142.49663346575014
146.37783931631185
192.81751142801306
179.75629948040068
152.29827876417232
193.51127547812467
147.76094214618982
155.11934448063982
177.86895536744277
150.3637589951779
137.61118244198096
143.5385610508948
173.51492609432702
135.3619239774609
140.21028299875428
141.63941682740383
139.62928355220188
144.18904104586977
140.1885270525671
142.20414736757087
133.81057508213343
134.3380152752238
185.6302780164687
130.29910065604392
141.2103525416294
148.21293033492682
156.6403515474899
159.68279216896664
142.49663346575014
146.37783931631185
192.81751142801306
179.75629948040068
152.29827876417232
193.51127547812467
147.76094214618982
155.11934448063982
177.86895536744277
150.3637589951779
137.61118244198096
143.5385610508948
173.51492609432702
135.3619239774609
140.21028299875428
141.63941682740383
139.62928355220188
144.18904104586977
140.1885270525671
142.20414736757087
133.81057508213343
134.3380152752238
185.6302780164687
130.29910065604392
141.2103525416294
148.21293033492682
156.6403515474899
159.68279216896664
142.49663346575014
146.37783931631185
192.81751142801306
179.75629948040068
152.29827876417232
193.51127547812467
147.76094214618982
155.11934448063982
177.86895536744277
150.3637589951779
137.61118244198096
143.5385610508948
173.51492609432702
135.3619239774609
140.21028299875428
141.63941682740383
139.62928355220188
144.18904104586977
140.1885270525671
142.20414736757087
133.81057508213343
134.3380152752238
185.6302780164687
130.29910065604392
141.2103525416294
148.21293033492682
156.6403515474899
159.68279216896664
142.49663346575014
146.37783931631185
192.81751142801306
179.75629948040068
152.29827876417232
193.51127547812467
147.76094214618982
155.11934448063982
177.86895536744277
150.3637589951779
137.61118244198096
143.5385610508948
173.51492609432702
135.3619239774609
140.21028299875428
141.63941682740383
139.62928355220188
144.18904104586977
140.1885270525671
142.20414736757087
133.81057508213343
134.3380152752238
185.6302780164687
130.29910065604392
141.2103525416294
148.21293033492682
156.6403515474899
159.68279216896664
142.49663346575014
146.37783931631185
192.81751142801306
179.75629948040068
152.29827876417232
193.51127547812467
147.76094214618982
155.11934448063982
177.86895536744277
150.3637589951779
137.61118244198096
143.5385610508948
173.51492609432702
135.3619239774609
140.21028299875428
141.63941682740383
139.62928355220188
144.18904104586977
140.1885270525671
142.20414736757087
133.81057508213343
134.3380152752238
185.6302780164687
130.29910065604392
141.2103525416294
148.21293033492682
156.6403515474899
159.68279216896664
142.49663346575014
146.37783931631185
192.81751142801306
179.75629948040068
152.29827876417232
193.51127547812467
147.76094214618982
155.11934448063982
177.86895536744277
150.3637589951779
137.61118244198096
143.5385610508948
173.51492609432702
135.3619239774609
140.21028299875428
141.63941682740383
139.62928355220188
144.18904104586977
140.1885270525671
142.20414736757087
133.81057508213343
134.3380152752238
185.6302780164687
130.29910065604392
141.2103525416294
148.21293033492682
156.6403515474899
159.68279216896664
142.49663346575014
146.37783931631185
192.81751142801306
179.75629948040068
152.29827876417232
193.51127547812467
147.76094214618982
155.11934448063982
177.86895536744277
150.3637589951779
137.61118244198096
143.5385610508948
173.51492609432702
135.3619239774609
140.21028299875428
141.63941682740383
139.62928355220188
144.18904104586977
152.81724238223143
161.6579434824741
131.59375627095028
191.78607956210072
127.5290472184219
142.46963290082047
204.64107810660065
111.22056900552514
137.20000095866925
173.34914401935325
112.34596537455333
122.41051834439138
128.5240108452753
174.82382832821585
151.35434318589887
140.53545812987676
175.65151811254597
193.09574912398335
113.23993681904439
249.38474040980418
113.72732268576546
153.54030489939177
126.36350195200086
134.90079734634142
142.96235817531436
113.11042299240401
125.04453838081481
147.88731614561217
152.81724238223143
161.6579434824741
131.59375627095028
191.78607956210072
127.5290472184219
142.46963290082047
204.64107810660065
111.22056900552514
137.20000095866925
173.34914401935325
112.34596537455333
122.41051834439138
128.5240108452753
174.82382832821585
151.35434318589887
140.53545812987676
175.65151811254597
193.09574912398335
113.23993681904439
249.38474040980418
113.72732268576546
153.54030489939177
126.36350195200086
134.90079734634142
142.96235817531436
113.11042299240401
125.04453838081481
147.88731614561217
152.81724238223143
161.6579434824741
131.59375627095028
191.78607956210072
127.5290472184219
142.46963290082047
204.64107810660065
111.22056900552514
137.20000095866925
173.34914401935325
112.34596537455333
122.41051834439138
128.5240108452753
174.82382832821585
151.35434318589887
140.53545812987676
175.65151811254597
193.09574912398335
113.23993681904439
249.38474040980418
113.72732268576546
153.54030489939177
126.36350195200086
134.90079734634142
142.96235817531436
113.11042299240401
125.04453838081481
147.88731614561217
140.1885270525671
142.20414736757087
133.81057508213343
134.3380152752238
185.6302780164687
130.29910065604392
141.2103525416294
148.21293033492682
156.6403515474899
159.68279216896664
142.49663346575014
146.37783931631185
192.81751142801306
179.75629948040068
152.29827876417232
193.51127547812467
147.76094214618982
155.11934448063982
177.86895536744277
150.3637589951779
137.61118244198096
143.5385610508948
173.51492609432702
135.3619239774609
140.21028299875428
141.63941682740383
139.62928355220188
144.18904104586977
152.81724238223143
161.6579434824741
131.59375627095028
191.78607956210072
127.5290472184219
142.46963290082047
204.64107810660065
111.22056900552514
137.20000095866925
173.34914401935325
112.34596537455333
122.41051834439138
128.5240108452753
174.82382832821585
151.35434318589887
140.53545812987676
175.65151811254597
193.09574912398335
113.23993681904439
249.38474040980418
113.72732268576546
153.54030489939177
126.36350195200086
134.90079734634142
142.96235817531436
113.11042299240401
125.04453838081481
147.88731614561217
152.81724238223143
161.6579434824741
131.59375627095028
191.78607956210072
127.5290472184219
142.46963290082047
204.64107810660065
111.22056900552514
137.20000095866925
173.34914401935325
112.34596537455333
122.41051834439138
128.5240108452753
174.82382832821585
151.35434318589887
140.53545812987676
175.65151811254597
193.09574912398335
113.23993681904439
249.38474040980418
113.72732268576546
153.54030489939177
126.36350195200086
134.90079734634142
142.96235817531436
113.11042299240401
125.04453838081481
147.88731614561217
152.81724238223143
161.6579434824741
131.59375627095028
191.78607956210072
127.5290472184219
142.46963290082047
204.64107810660065
111.22056900552514
137.20000095866925
173.34914401935325
112.34596537455333
122.41051834439138
128.5240108452753
174.82382832821585
151.35434318589887
140.53545812987676
175.65151811254597
193.09574912398335
113.23993681904439
249.38474040980418
113.72732268576546
153.54030489939177
126.36350195200086
134.90079734634142
142.96235817531436
113.11042299240401
125.04453838081481
147.88731614561217
152.81724238223143
161.6579434824741
131.59375627095028
191.78607956210072
127.5290472184219
142.46963290082047
204.64107810660065
111.22056900552514
137.20000095866925
173.34914401935325
112.34596537455333
122.41051834439138
128.5240108452753
174.82382832821585
151.35434318589887
140.53545812987676
175.65151811254597
193.09574912398335
113.23993681904439
249.38474040980418
113.72732268576546
153.54030489939177
126.36350195200086
134.90079734634142
142.96235817531436
113.11042299240401
125.04453838081481
147.88731614561217
152.81724238223143
161.6579434824741
131.59375627095028
191.78607956210072
127.5290472184219
142.46963290082047
204.64107810660065
111.22056900552514
137.20000095866925
173.34914401935325
112.34596537455333
122.41051834439138
128.5240108452753
174.82382832821585
151.35434318589887
140.53545812987676
175.65151811254597
193.09574912398335
113.23993681904439
249.38474040980418
113.72732268576546
153.54030489939177
126.36350195200086
134.90079734634142
142.96235817531436
113.11042299240401
125.04453838081481
147.88731614561217
152.81724238223143
161.6579434824741
131.59375627095028
191.78607956210072
127.5290472184219
142.46963290082047
204.64107810660065
111.22056900552514
137.20000095866925
173.34914401935325
112.34596537455333
122.41051834439138
128.5240108452753
174.82382832821585
151.35434318589887
140.53545812987676
175.65151811254597
193.09574912398335
113.23993681904439
249.38474040980418
113.72732268576546
153.54030489939177
126.36350195200086
134.90079734634142
142.96235817531436
113.11042299240401
125.04453838081481
147.88731614561217
152.81724238223143
161.6579434824741
131.59375627095028
191.78607956210072
127.5290472184219
142.46963290082047
204.64107810660065
111.22056900552514
137.20000095866925
173.34914401935325
112.34596537455333
122.41051834439138
128.5240108452753
174.82382832821585
151.35434318589887
140.53545812987676
175.65151811254597
193.09574912398335
113.23993681904439
249.38474040980418
113.72732268576546
153.54030489939177
126.36350195200086
134.90079734634142
142.96235817531436
113.11042299240401
125.04453838081481
147.88731614561217
152.81724238223143
161.6579434824741
131.59375627095028
191.78607956210072
127.5290472184219
142.46963290082047
204.64107810660065
111.22056900552514
137.20000095866925
173.34914401935325
112.34596537455333
122.41051834439138
128.5240108452753
174.82382832821585
151.35434318589887
140.53545812987676
175.65151811254597
193.09574912398335
113.23993681904439
249.38474040980418
113.72732268576546
153.54030489939177
126.36350195200086
134.90079734634142
142.96235817531436
113.11042299240401
125.04453838081481
147.88731614561217
152.81724238223143
161.6579434824741
131.59375627095028
191.78607956210072
127.5290472184219
142.46963290082047
204.64107810660065
111.22056900552514
137.20000095866925
173.34914401935325
112.34596537455333
122.41051834439138
128.5240108452753
174.82382832821585
151.35434318589887
140.53545812987676
175.65151811254597
193.09574912398335
113.23993681904439
249.38474040980418
113.72732268576546
153.54030489939177
126.36350195200086
134.90079734634142
142.96235817531436
113.11042299240401
125.04453838081481
147.88731614561217
152.81724238223143
161.6579434824741
131.59375627095028
191.78607956210072
127.5290472184219
142.46963290082047
204.64107810660065
111.22056900552514
137.20000095866925
173.34914401935325
112.34596537455333
122.41051834439138
128.5240108452753
174.82382832821585
151.35434318589887
140.53545812987676
175.65151811254597
193.09574912398335
113.23993681904439
249.38474040980418
113.72732268576546
153.54030489939177
126.36350195200086
134.90079734634142
142.96235817531436
113.11042299240401
125.04453838081481
147.88731614561217
152.81724238223143
161.6579434824741
131.59375627095028
191.78607956210072
127.5290472184219
142.46963290082047
204.64107810660065
111.22056900552514
137.20000095866925
173.34914401935325
112.34596537455333
122.41051834439138
128.5240108452753
174.82382832821585
151.35434318589887
140.53545812987676
175.65151811254597
193.09574912398335
113.23993681904439
249.38474040980418
113.72732268576546
153.54030489939177
126.36350195200086
134.90079734634142
142.96235817531436
113.11042299240401
125.04453838081481
147.88731614561217
152.81724238223143
161.6579434824741
131.59375627095028
191.78607956210072
127.5290472184219
142.46963290082047
204.64107810660065
111.22056900552514
137.20000095866925
173.34914401935325
112.34596537455333
122.41051834439138
128.5240108452753
174.82382832821585
151.35434318589887
140.53545812987676
175.65151811254597
193.09574912398335
113.23993681904439
249.38474040980418
113.72732268576546
153.54030489939177
126.36350195200086
134.90079734634142
142.96235817531436
113.11042299240401
125.04453838081481
147.88731614561217
152.81724238223143
161.6579434824741
131.59375627095028
191.78607956210072
127.5290472184219
142.46963290082047
204.64107810660065
111.22056900552514
137.20000095866925
173.34914401935325
112.34596537455333
122.41051834439138
128.5240108452753
174.82382832821585
151.35434318589887
140.53545812987676
175.65151811254597
193.09574912398335
113.23993681904439
249.38474040980418
113.72732268576546
153.54030489939177
126.36350195200086
134.90079734634142
142.96235817531436
113.11042299240401
125.04453838081481
147.88731614561217
152.81724238223143
161.6579434824741
131.59375627095028
191.78607956210072
127.5290472184219
142.46963290082047
204.64107810660065
111.22056900552514
137.20000095866925
173.34914401935325
112.34596537455333
122.41051834439138
128.5240108452753
174.82382832821585
151.35434318589887
140.53545812987676
175.65151811254597
193.09574912398335
113.23993681904439
249.38474040980418
113.72732268576546
153.54030489939177
126.36350195200086
134.90079734634142
142.96235817531436
113.11042299240401
125.04453838081481
147.88731614561217
152.81724238223143
161.6579434824741
131.59375627095028
191.78607956210072
127.5290472184219
142.46963290082047
204.64107810660065
111.22056900552514
137.20000095866925
173.34914401935325
112.34596537455333
122.41051834439138
128.5240108452753
174.82382832821585
151.35434318589887
140.53545812987676
175.65151811254597
193.09574912398335
113.23993681904439
249.38474040980418
113.72732268576546
153.54030489939177
126.36350195200086
134.90079734634142
142.96235817531436
113.11042299240401
125.04453838081481
147.88731614561217
152.81724238223143
161.6579434824741
131.59375627095028
191.78607956210072
127.5290472184219
142.46963290082047
204.64107810660065
111.22056900552514
137.20000095866925
173.34914401935325
112.34596537455333
122.41051834439138
128.5240108452753
174.82382832821585
151.35434318589887
140.53545812987676
175.65151811254597
193.09574912398335
113.23993681904439
249.38474040980418
113.72732268576546
153.54030489939177
126.36350195200086
134.90079734634142
142.96235817531436
113.11042299240401
125.04453838081481
147.88731614561217
152.81724238223143
161.6579434824741
131.59375627095028
191.78607956210072
127.5290472184219
142.46963290082047
204.64107810660065
111.22056900552514
137.20000095866925
173.34914401935325
112.34596537455333
122.41051834439138
128.5240108452753
174.82382832821585
151.35434318589887
140.53545812987676
175.65151811254597
193.09574912398335
113.23993681904439
249.38474040980418
113.72732268576546
153.54030489939177
126.36350195200086
134.90079734634142
142.96235817531436
113.11042299240401
125.04453838081481
147.88731614561217
152.81724238223143
161.6579434824741
131.59375627095028
191.78607956210072
127.5290472184219
142.46963290082047
204.64107810660065
111.22056900552514
137.20000095866925
173.34914401935325
112.34596537455333
122.41051834439138
128.5240108452753
174.82382832821585
151.35434318589887
140.53545812987676
175.65151811254597
193.09574912398335
113.23993681904439
249.38474040980418
113.72732268576546
153.54030489939177
126.36350195200086
134.90079734634142
142.96235817531436
113.11042299240401
125.04453838081481
147.88731614561217
152.81724238223143
161.6579434824741
131.59375627095028
191.78607956210072
127.5290472184219
142.46963290082047
204.64107810660065
111.22056900552514
137.20000095866925
173.34914401935325
112.34596537455333
122.41051834439138
128.5240108452753
174.82382832821585
151.35434318589887
140.53545812987676
175.65151811254597
193.09574912398335
113.23993681904439
249.38474040980418
113.72732268576546
153.54030489939177
126.36350195200086
134.90079734634142
142.96235817531436
113.11042299240401
125.04453838081481
147.88731614561217
152.81724238223143
161.6579434824741
131.59375627095028
191.78607956210072
127.5290472184219
142.46963290082047
204.64107810660065
111.22056900552514
137.20000095866925
173.34914401935325
112.34596537455333
122.41051834439138
128.5240108452753
174.82382832821585
151.35434318589887
140.53545812987676
175.65151811254597
193.09574912398335
113.23993681904439
249.38474040980418
113.72732268576546
153.54030489939177
126.36350195200086
134.90079734634142
142.96235817531436
113.11042299240401
125.04453838081481
147.88731614561217
152.81724238223143
161.6579434824741
131.59375627095028
191.78607956210072
127.5290472184219
142.46963290082047
204.64107810660065
111.22056900552514
137.20000095866925
173.34914401935325
112.34596537455333
122.41051834439138
128.5240108452753
174.82382832821585
151.35434318589887
140.53545812987676
175.65151811254597
193.09574912398335
113.23993681904439
249.38474040980418
113.72732268576546
153.54030489939177
126.36350195200086
134.90079734634142
142.96235817531436
113.11042299240401
125.04453838081481
147.88731614561217
152.81724238223143
161.6579434824741
131.59375627095028
191.78607956210072
127.5290472184219
142.46963290082047
204.64107810660065
111.22056900552514
137.20000095866925
173.34914401935325
112.34596537455333
122.41051834439138
128.5240108452753
174.82382832821585
151.35434318589887
140.53545812987676
175.65151811254597
193.09574912398335
113.23993681904439
249.38474040980418
113.72732268576546
153.54030489939177
126.36350195200086
134.90079734634142
142.96235817531436
113.11042299240401
125.04453838081481
147.88731614561217
152.81724238223143
161.6579434824741
131.59375627095028
191.78607956210072
127.5290472184219
142.46963290082047
204.64107810660065
111.22056900552514
137.20000095866925
173.34914401935325
112.34596537455333
122.41051834439138
128.5240108452753
174.82382832821585
151.35434318589887
140.53545812987676
175.65151811254597
193.09574912398335
113.23993681904439
249.38474040980418
113.72732268576546
153.54030489939177
126.36350195200086
134.90079734634142
142.96235817531436
113.11042299240401
125.04453838081481
147.88731614561217
152.81724238223143
161.6579434824741
131.59375627095028
191.78607956210072
127.5290472184219
142.46963290082047
204.64107810660065
111.22056900552514
137.20000095866925
173.34914401935325
112.34596537455333
122.41051834439138
128.5240108452753
174.82382832821585
151.35434318589887
140.53545812987676
175.65151811254597
193.09574912398335
113.23993681904439
249.38474040980418
113.72732268576546
153.54030489939177
126.36350195200086
134.90079734634142
142.96235817531436
113.11042299240401
125.04453838081481
147.88731614561217
152.81724238223143
161.6579434824741
131.59375627095028
191.78607956210072
127.5290472184219
142.46963290082047
204.64107810660065
111.22056900552514
137.20000095866925
173.34914401935325
112.34596537455333
122.41051834439138
128.5240108452753
174.82382832821585
151.35434318589887
140.53545812987676
175.65151811254597
193.09574912398335
113.23993681904439
249.38474040980418
113.72732268576546
153.54030489939177
126.36350195200086
134.90079734634142
142.96235817531436
113.11042299240401
125.04453838081481
147.88731614561217
152.81724238223143
161.6579434824741
131.59375627095028
191.78607956210072
127.5290472184219
142.46963290082047
204.64107810660065
111.22056900552514
137.20000095866925
173.34914401935325
112.34596537455333
122.41051834439138
128.5240108452753
174.82382832821585
151.35434318589887
140.53545812987676
175.65151811254597
193.09574912398335
113.23993681904439
249.38474040980418
113.72732268576546
153.54030489939177
126.36350195200086
134.90079734634142
142.96235817531436
113.11042299240401
125.04453838081481
147.88731614561217
152.81724238223143
161.6579434824741
131.59375627095028
191.78607956210072
127.5290472184219
142.46963290082047
204.64107810660065
111.22056900552514
137.20000095866925
173.34914401935325
112.34596537455333
122.41051834439138
128.5240108452753
174.82382832821585
151.35434318589887
140.53545812987676
175.65151811254597
193.09574912398335
113.23993681904439
249.38474040980418
113.72732268576546
153.54030489939177
126.36350195200086
134.90079734634142
142.96235817531436
113.11042299240401
125.04453838081481
147.88731614561217
152.81724238223143
161.6579434824741
131.59375627095028
191.78607956210072
127.5290472184219
142.46963290082047
204.64107810660065
111.22056900552514
137.20000095866925
173.34914401935325
112.34596537455333
122.41051834439138
128.5240108452753
174.82382832821585
151.35434318589887
140.53545812987676
175.65151811254597
193.09574912398335
113.23993681904439
249.38474040980418
113.72732268576546
153.54030489939177
126.36350195200086
134.90079734634142
142.96235817531436
113.11042299240401
125.04453838081481
147.88731614561217
152.81724238223143
161.6579434824741
131.59375627095028
191.78607956210072
127.5290472184219
142.46963290082047
204.64107810660065
111.22056900552514
137.20000095866925
173.34914401935325
112.34596537455333
122.41051834439138
128.5240108452753
174.82382832821585
151.35434318589887
140.53545812987676
175.65151811254597
193.09574912398335
113.23993681904439
249.38474040980418
113.72732268576546
153.54030489939177
126.36350195200086
134.90079734634142
142.96235817531436
113.11042299240401
125.04453838081481
147.88731614561217
131.8824562272684
161.14707005501845
140.36309902692102
146.35685572514913
142.25500671528982
142.1868414400944
122.0337770531749
176.0459601148062
147.9221837351545
129.77543177548316
135.8178097974375
138.20398809823024
128.79026260453483
122.56196033397265
160.9790615912801
117.41746020622848
154.53443520906453
128.4023103215224
147.27707562072635
173.49575840785255
160.89222327307627
156.23563736865066
146.51850358466373
145.73399626607744
147.61565954635768
128.21666127642638
158.27551381317525
158.89061701005662
131.8824562272684
161.14707005501845
140.36309902692102
146.35685572514913
142.25500671528982
142.1868414400944
122.0337770531749
176.0459601148062
147.9221837351545
129.77543177548316
135.8178097974375
138.20398809823024
128.79026260453483
122.56196033397265
160.9790615912801
117.41746020622848
154.53443520906453
128.4023103215224
147.27707562072635
173.49575840785255
160.89222327307627
156.23563736865066
146.51850358466373
145.73399626607744
147.61565954635768
128.21666127642638
158.27551381317525
158.89061701005662
152.81724238223143
161.6579434824741
131.59375627095028
191.78607956210072
127.5290472184219
142.46963290082047
204.64107810660065
111.22056900552514
137.20000095866925
173.34914401935325
112.34596537455333
122.41051834439138
128.5240108452753
174.82382832821585
151.35434318589887
140.53545812987676
175.65151811254597
193.09574912398335
113.23993681904439
249.38474040980418
113.72732268576546
153.54030489939177
126.36350195200086
134.90079734634142
142.96235817531436
113.11042299240401
125.04453838081481
147.88731614561217
152.81724238223143
161.6579434824741
131.59375627095028
191.78607956210072
127.5290472184219
142.46963290082047
204.64107810660065
111.22056900552514
137.20000095866925
173.34914401935325
112.34596537455333
122.41051834439138
128.5240108452753
174.82382832821585
151.35434318589887
140.53545812987676
175.65151811254597
193.09574912398335
113.23993681904439
249.38474040980418
113.72732268576546
153.54030489939177
126.36350195200086
134.90079734634142
142.96235817531436
113.11042299240401
125.04453838081481
147.88731614561217
152.81724238223143
161.6579434824741
131.59375627095028
191.78607956210072
127.5290472184219
142.46963290082047
204.64107810660065
111.22056900552514
137.20000095866925
173.34914401935325
112.34596537455333
122.41051834439138
128.5240108452753
174.82382832821585
151.35434318589887
140.53545812987676
175.65151811254597
193.09574912398335
113.23993681904439
249.38474040980418
113.72732268576546
153.54030489939177
126.36350195200086
134.90079734634142
142.96235817531436
113.11042299240401
125.04453838081481
147.88731614561217
152.81724238223143
161.6579434824741
131.59375627095028
191.78607956210072
127.5290472184219
142.46963290082047
204.64107810660065
111.22056900552514
137.20000095866925
173.34914401935325
112.34596537455333
122.41051834439138
128.5240108452753
174.82382832821585
151.35434318589887
140.53545812987676
175.65151811254597
193.09574912398335
113.23993681904439
249.38474040980418
113.72732268576546
153.54030489939177
126.36350195200086
134.90079734634142
142.96235817531436
113.11042299240401
125.04453838081481
147.88731614561217
152.81724238223143
161.6579434824741
131.59375627095028
191.78607956210072
127.5290472184219
142.46963290082047
204.64107810660065
111.22056900552514
137.20000095866925
173.34914401935325
112.34596537455333
122.41051834439138
128.5240108452753
174.82382832821585
151.35434318589887
140.53545812987676
175.65151811254597
193.09574912398335
113.23993681904439
249.38474040980418
113.72732268576546
153.54030489939177
126.36350195200086
134.90079734634142
142.96235817531436
113.11042299240401
125.04453838081481
147.88731614561217
131.8824562272684
161.14707005501845
140.36309902692102
146.35685572514913
142.25500671528982
142.1868414400944
122.0337770531749
176.0459601148062
147.9221837351545
129.77543177548316
135.8178097974375
138.20398809823024
128.79026260453483
122.56196033397265
160.9790615912801
117.41746020622848
154.53443520906453
128.4023103215224
147.27707562072635
173.49575840785255
160.89222327307627
156.23563736865066
146.51850358466373
145.73399626607744
147.61565954635768
128.21666127642638
158.27551381317525
158.89061701005662
152.81724238223143
161.6579434824741
131.59375627095028
191.78607956210072
127.5290472184219
142.46963290082047
204.64107810660065
111.22056900552514
137.20000095866925
173.34914401935325
112.34596537455333
122.41051834439138
128.5240108452753
174.82382832821585
151.35434318589887
140.53545812987676
175.65151811254597
193.09574912398335
113.23993681904439
249.38474040980418
113.72732268576546
153.54030489939177
126.36350195200086
134.90079734634142
142.96235817531436
113.11042299240401
125.04453838081481
147.88731614561217
152.81724238223143
161.6579434824741
131.59375627095028
191.78607956210072
127.5290472184219
142.46963290082047
204.64107810660065
111.22056900552514
137.20000095866925
173.34914401935325
112.34596537455333
122.41051834439138
128.5240108452753
174.82382832821585
151.35434318589887
140.53545812987676
175.65151811254597
193.09574912398335
113.23993681904439
249.38474040980418
113.72732268576546
153.54030489939177
126.36350195200086
134.90079734634142
142.96235817531436
113.11042299240401
125.04453838081481
147.88731614561217
152.81724238223143
161.6579434824741
131.59375627095028
191.78607956210072
127.5290472184219
142.46963290082047
204.64107810660065
111.22056900552514
137.20000095866925
173.34914401935325
112.34596537455333
122.41051834439138
128.5240108452753
174.82382832821585
151.35434318589887
140.53545812987676
175.65151811254597
193.09574912398335
113.23993681904439
249.38474040980418
113.72732268576546
153.54030489939177
126.36350195200086
134.90079734634142
142.96235817531436
113.11042299240401
125.04453838081481
147.88731614561217
152.81724238223143
161.6579434824741
131.59375627095028
191.78607956210072
127.5290472184219
142.46963290082047
204.64107810660065
111.22056900552514
137.20000095866925
173.34914401935325
112.34596537455333
122.41051834439138
128.5240108452753
174.82382832821585
151.35434318589887
140.53545812987676
