#Lag,CCF
-1000.0,-0.7794709893222618
-997.9999999999,-0.7809005605715826
-995.9999999997999,-0.7806451382512966
-993.9999999996999,-0.7786573343173936
-991.9999999995998,-0.7769894986880144
-989.9999999994998,-0.7799337918689851
-987.9999999993997,-0.7812466765487487
-985.9999999992997,-0.7808826372757671
-983.9999999991996,-0.7798179430955026
-981.9999999990996,-0.7801322141861142
-979.9999999989996,-0.7787883874709665
-977.9999999988995,-0.7757520315592414
-975.9999999987995,-0.7723573934136372
-973.9999999986994,-0.7715355590789873
-971.9999999985994,-0.7691953098470945
-969.9999999984993,-0.7652955748844024
-967.9999999983993,-0.7613227843974403
-965.9999999982992,-0.7605979956424362
-963.9999999981992,-0.7584625212016117
-961.9999999980992,-0.7548595011465351
-959.9999999979991,-0.7506838814753389
-957.9999999978991,-0.748060969743108
-955.999999997799,-0.7441309773273554
-953.999999997699,-0.7388724333005556
-951.9999999975989,-0.7335987285356159
-949.9999999974989,-0.7312652707976305
-947.9999999973988,-0.7276931701370026
-945.9999999972988,-0.7228648659301757
-943.9999999971988,-0.7185244720524255
-941.9999999970987,-0.7186928812318317
-939.9999999969987,-0.7177935802449295
-937.9999999968986,-0.7158031169101446
-935.9999999967986,-0.7135272961680934
-933.9999999966985,-0.7129119076452919
-931.9999999965985,-0.7113381801973393
-929.9999999964984,-0.7087860683820604
-927.9999999963984,-0.7060723393189838
-925.9999999962984,-0.7051827314282535
-923.9999999961983,-0.703439949120466
-921.9999999960983,-0.7008364299508159
-919.9999999959982,-0.6976451574643914
-917.9999999958982,-0.6947170356519944
-915.9999999957981,-0.6912769080023475
-913.9999999956981,-0.6873119207999384
-911.999999995598,-0.6829921764951083
-909.999999995498,-0.678887487079546
-907.999999995398,-0.674477444241604
-905.9999999952979,-0.6697548527467783
-903.9999999951979,-0.6650683032833093
-901.9999999950978,-0.6614030709876653
-899.9999999949978,-0.6576231415292839
-897.9999999948977,-0.653724579290104
-895.9999999947977,-0.6493592507648818
-893.9999999946976,-0.6443885506947562
-891.9999999945976,-0.6390848706744501
-889.9999999944976,-0.6334454709926701
-887.9999999943975,-0.6266404491772242
-885.9999999942975,-0.6197033812712303
-883.9999999941974,-0.6123601056751489
-881.9999999940974,-0.604620645860216
-879.9999999939973,-0.5978315255291856
-877.9999999938973,-0.590880916532344
-875.9999999937972,-0.5834545892803382
-873.9999999936972,-0.5755709989693933
-871.9999999935972,-0.5731656670763992
-869.9999999934971,-0.5632976555119562
-867.9999999933971,-0.5523806079522973
-865.999999993297,-0.5404862616657393
-863.999999993197,-0.5266698497147877
-861.9999999930969,-0.5169820672260426
-859.9999999929969,-0.5060988490857657
-857.9999999928968,-0.4940825588731669
-855.9999999927968,-0.482983672287324
-853.9999999926968,-0.47243797601356685
-851.9999999925967,-0.4606518520914051
-849.9999999924967,-0.4477344158294872
-847.9999999923966,-0.4378307947138683
-845.9999999922966,-0.4280148860723064
-843.9999999921965,-0.41685228406394526
-841.9999999920965,-0.40452034010351956
-839.9999999919964,-0.40717518244509265
-837.9999999918964,-0.399820368281675
-835.9999999917964,-0.3911632715453881
-833.9999999916963,-0.3813509940636268
-831.9999999915963,-0.39116214447769004
-829.9999999914962,-0.3875260025676953
-827.9999999913962,-0.3826593215545999
-825.9999999912961,-0.3766600059427802
-823.9999999911961,-0.390922268476696
-821.999999991096,-0.38966681766979216
-819.999999990996,-0.3869680098350122
-817.999999990896,-0.382868743722656
-815.9999999907959,-0.3953302222102552
-813.9999999906959,-0.39348093444556126
-811.9999999905958,-0.39015525038021936
-809.9999999904958,-0.38538906296603226
-807.9999999903957,-0.39675054124725817
-805.9999999902957,-0.39739727829943317
-803.9999999901956,-0.3965142555253165
-801.9999999900956,-0.394119333340724
-799.9999999899956,-0.40854583842623227
-797.9999999898955,-0.4094022467045211
-795.9999999897955,-0.4086383115705955
-793.9999999896954,-0.40625879963291545
-791.9999999895954,-0.41586236314741215
-789.9999999894953,-0.41847170747210194
-787.9999999893953,-0.4194112502899424
-785.9999999892952,-0.41868131180409845
-783.9999999891952,-0.4295599941797974
-781.9999999890952,-0.4320223682924088
-779.9999999889951,-0.4327467854101782
-777.9999999888951,-0.43172631280565094
-775.999999988795,-0.4405500421698624
-773.999999988695,-0.44154152492140997
-771.9999999885949,-0.440775829800079
-769.9999999884949,-0.43826382421664434
-767.9999999883948,-0.44313883115638864
-765.9999999882948,-0.44518904590494546
-763.9999999881948,-0.44549832381410936
-761.9999999880947,-0.4440583330172113
-759.9999999879947,-0.4498784773455993
-757.9999999878946,-0.45331160357961675
-755.9999999877946,-0.45493203960885265
-753.9999999876945,-0.45471420801551876
-751.9999999875945,-0.461460575952737
-749.9999999874944,-0.4647032630146955
-747.9999999873944,-0.4660651775197508
-745.9999999872944,-0.4655060716307593
-743.9999999871943,-0.4698337810791099
-741.9999999870943,-0.4750655935478844
-739.9999999869942,-0.4782715838446948
-737.9999999868942,-0.47941235406570615
-735.9999999867941,-0.4885413758593222
-733.9999999866941,-0.496090471222672
-731.999999986594,-0.5015238981733293
-729.999999986494,-0.5047950854266023
-727.999999986394,-0.5146189790922451
-725.9999999862939,-0.5233174440511466
-723.9999999861939,-0.5298167967293386
-721.9999999860938,-0.5340548495005695
-719.9999999859938,-0.5433845166426499
-717.9999999858937,-0.552360707395102
-715.9999999857937,-0.5591028877019864
-713.9999999856936,-0.5635412600753777
-711.9999999855936,-0.5672637875464107
-709.9999999854936,-0.5760893219010867
-707.9999999853935,-0.582711565520629
-705.9999999852935,-0.5870490275205582
-703.9999999851934,-0.5907966867112162
-701.9999999850934,-0.6003419407761238
-699.9999999849933,-0.6077102124745839
-697.9999999848933,-0.6127980372731305
-695.9999999847932,-0.6166722770730745
-693.9999999846932,-0.6235681515215612
-691.9999999845932,-0.6282857114559292
-689.9999999844931,-0.6307402734068057
-687.9999999843931,-0.6329060925042632
-685.999999984293,-0.642540257548896
-683.999999984193,-0.6500870337772919
-681.9999999840929,-0.6554266502438074
-679.9999999839929,-0.6594553016356683
-677.9999999838928,-0.6660059437210485
-675.9999999837928,-0.6704720624397574
-673.9999999836928,-0.6727862965934502
-671.9999999835927,-0.6743765598011677
-669.9999999834927,-0.6810445221254482
-667.9999999833926,-0.6856922689892415
-665.9999999832926,-0.6882387384777942
-663.9999999831925,-0.6893607028560964
-661.9999999830925,-0.6920741377593409
-659.9999999829924,-0.6929358531725434
-657.9999999828924,-0.6918918839351582
-655.9999999827924,-0.6904176841914582
-653.9999999826923,-0.6947344887892677
-651.9999999825923,-0.6973076296696314
-649.9999999824922,-0.6980720432592273
-647.9999999823922,-0.6981618142980468
-645.9999999822921,-0.7025613575983509
-643.9999999821921,-0.7053142386766363
-641.999999982092,-0.7063456135616887
-639.999999981992,-0.7063819724608502
-637.999999981892,-0.7088592548917025
-635.9999999817919,-0.709839261524195
-633.9999999816919,-0.7092743155993716
-631.9999999815918,-0.7080996400648898
-629.9999999814918,-0.71051624200222
-627.9999999813917,-0.711449662771547
-625.9999999812917,-0.7108570882884203
-623.9999999811916,-0.7092310713587018
-621.9999999810916,-0.7089380549077642
-619.9999999809916,-0.7072928202216601
-617.9999999808915,-0.7042589415996671
-615.9999999807915,-0.7010411372439205
-613.9999999806914,-0.7032445919070747
-611.9999999805914,-0.7042514379157876
-609.9999999804913,-0.7040163910335904
-607.9999999803913,-0.703254157765551
-605.9999999802912,-0.7054670520413522
-603.9999999801912,-0.7065724113737395
-601.9999999800912,-0.7065124446847064
-599.9999999799911,-0.7057177610642982
-597.9999999798911,-0.7064793775361695
-595.999999979791,-0.7061861063849303
-593.999999979691,-0.7047979699797409
-591.9999999795909,-0.7028478369133371
-589.9999999794909,-0.7030395583532277
-587.9999999793909,-0.7021917672610266
-585.9999999792908,-0.7002767978466529
-583.9999999791908,-0.6979569717847391
-581.9999999790907,-0.6986038190793248
-579.9999999789907,-0.6983321069682783
-577.9999999788906,-0.6971183368496169
-575.9999999787906,-0.6954853181550535
-573.9999999786905,-0.6961552750699054
-571.9999999785905,-0.6960005145745373
-569.9999999784905,-0.6949979758096555
-567.9999999783904,-0.6935632724310552
-565.9999999782904,-0.69393799759299
-563.9999999781903,-0.6935964837128501
-561.9999999780903,-0.6925276313938957
-559.9999999779902,-0.6911048023615038
-557.9999999778902,-0.691482169083925
-555.9999999777901,-0.6915054639521814
-553.9999999776901,-0.6911576459272805
-551.99999997759,-0.6904117347832708
-549.99999997749,-0.6893108438135884
-547.99999997739,-0.6880019304952912
-545.9999999772899,-0.6864755571151462
-543.9999999771899,-0.6847770810563905
-541.9999999770898,-0.6832818393657591
-539.9999999769898,-0.6817076060868927
-537.9999999768897,-0.680050513265285
-535.9999999767897,-0.6668872680344746
-533.9999999766897,-0.6643911421680624
-531.9999999765896,-0.6616005376136207
-529.9999999764896,-0.6585065543134676
-527.9999999763895,-0.6473416184675169
-525.9999999762895,-0.645143448031466
-523.9999999761894,-0.6425285571547694
-521.9999999760894,-0.639492314486751
-519.9999999759893,-0.6328387752064533
-517.9999999758893,-0.6300290049052988
-515.9999999757893,-0.6267054399955704
-513.9999999756892,-0.6228694784394211
-511.9999999755892,-0.6161472766403655
-509.99999997548923,-0.6158206364332262
-507.99999997538924,-0.6144640830201094
-505.99999997528926,-0.6120885563377503
-503.99999997518927,-0.6100178900884986
-501.9999999750893,-0.6106942011708021
-499.9999999749893,-0.6101771379922496
-497.9999999748893,-0.6084543768343778
-495.9999999747893,-0.6064018872598615
-493.99999997468933,-0.6044353477313886
-491.99999997458934,-0.6008676354618334
-489.99999997448936,-0.595732454407718
-487.99999997438937,-0.5839501999917358
-485.9999999742894,-0.5809569604909941
-483.9999999741894,-0.5760801762283042
-481.9999999740894,-0.5694376057032213
-479.9999999739894,-0.553024543786385
-477.99999997388943,-0.5480326763353438
-475.99999997378944,-0.5412334598659346
-473.99999997368946,-0.5327729517522349
-471.99999997358947,-0.5189502621790612
-469.9999999734895,-0.5108425866699043
-467.9999999733895,-0.5010722910740775
-465.9999999732895,-0.4897940233272898
-463.9999999731895,-0.47111892893605123
-461.99999997308953,-0.46800448570177755
-459.99999997298954,-0.4630100619342724
-457.99999997288955,-0.45620100892656723
-455.99999997278957,-0.44886700043524386
-453.9999999726896,-0.4429291968102924
-451.9999999725896,-0.4351750814436887
-449.9999999724896,-0.4256873180193897
-447.9999999723896,-0.41733364846167
-445.99999997228963,-0.41185761102341045
-443.99999997218964,-0.4045399212780939
-441.99999997208965,-0.395461209783759
-439.99999997198967,-0.3823478756756324
-437.9999999718897,-0.37371064487643313
-435.9999999717897,-0.3632852383857996
-433.9999999716897,-0.35119314490340947
-431.9999999715897,-0.33231973134476894
-429.99999997148973,-0.32486732525528295
-427.99999997138974,-0.31586826340657725
-425.99999997128975,-0.30544340820344523
-423.99999997118977,-0.2911978411241918
-421.9999999710898,-0.2814107813487968
-419.9999999709898,-0.27019322724724076
-417.9999999708898,-0.25769955825349183
-415.9999999707898,-0.23404474710134135
-413.9999999706898,-0.22717386102439246
-411.99999997058984,-0.21916912728380183
-409.99999997048985,-0.2101391971049814
-407.99999997038987,-0.18985119038366854
-405.9999999702899,-0.18209316508915022
-403.9999999701899,-0.17341295422885866
-401.9999999700899,-0.16393090925151965
-399.9999999699899,-0.14551820226469875
-397.9999999698899,-0.1384355533605493
-395.99999996978994,-0.13060620390337876
-393.99999996968995,-0.12213818320139155
-391.99999996958996,-0.11087044104690576
-389.99999996949,-0.10344194161712847
-387.99999996939,-0.09541194405242562
-385.99999996929,-0.08689202313118777
-383.99999996919,-0.07401212007442999
-381.99999996909,-0.06780028210383113
-379.99999996899004,-0.061202396341876075
-377.99999996889005,-0.05431952940772735
-375.99999996879006,-0.044529926445524934
-373.9999999686901,-0.041497574206875304
-371.9999999685901,-0.03823435790493092
-369.9999999684901,-0.03478989874797199
-367.9999999683901,-0.03002979167660795
-365.9999999682901,-0.028820150927936113
-363.99999996819014,-0.02745488160702998
-361.99999996809015,-0.025949583987752954
-359.99999996799016,-0.02789273697818357
-357.9999999678902,-0.027873017101186046
-355.9999999677902,-0.02770963966619564
-353.9999999676902,-0.027398598936313745
-351.9999999675902,-0.027098894138733443
-349.9999999674902,-0.028282273786777994
-347.99999996739024,-0.029324222606910196
-345.99999996729025,-0.030202186669695767
-343.99999996719026,-0.031136373466090685
-341.9999999670903,-0.034415983004256905
-339.9999999669903,-0.03754415887660881
-337.9999999668903,-0.04047017979988368
-335.9999999667903,-0.04311284617627977
-333.9999999666903,-0.04509371686141464
-331.99999996659034,-0.04685994581011331
-329.99999996649035,-0.04837735073342904
-327.99999996639036,-0.04946527179217893
-325.9999999662904,-0.04852082285266321
-323.9999999661904,-0.04733077207022519
-321.9999999660904,-0.04590174775940343
-319.9999999659904,-0.044030407173412126
-317.9999999658904,-0.039379156864654305
-315.99999996579044,-0.03448194142111119
-313.99999996569045,-0.029391463702391166
-311.99999996559046,-0.02436468290787149
-309.9999999654905,-0.02151796198592187
-307.9999999653905,-0.018532146326770152
-305.9999999652905,-0.015430654447565861
-303.9999999651905,-0.012233369479484023
-301.9999999650905,-0.008845827540209218
-299.99999996499054,-0.005381931961572415
-297.99999996489055,-0.0018676448872069137
-295.99999996479056,0.001619830877541903
-293.9999999646906,0.004515113892215088
-291.9999999645906,0.007428727954006141
-289.9999999644906,0.010340241080685063
-287.9999999643906,0.013063363087466674
-285.9999999642906,0.013606585685017387
-283.99999996419064,0.014098388842193929
-281.99999996409065,0.014551566413706599
-279.99999996399066,0.015119346814292188
-277.9999999638907,0.017538456651633644
-275.9999999637907,0.019983232738816907
-273.9999999636907,0.022443230179952492
-271.9999999635907,0.024943348248231717
-269.9999999634907,0.027973799267792337
-267.99999996339074,0.03103000944260928
-265.99999996329075,0.034095069711307914
-263.99999996319076,0.03703640336679985
-261.9999999630908,0.03838100071195834
-259.9999999629908,0.039749378381327284
-257.9999999628908,0.04114085697403102
-255.9999999627908,0.04246160415932235
-253.99999996269082,0.04247133304626142
-251.99999996259083,0.04248753324061315
-249.99999996249085,0.04252315296366934
-247.99999996239086,0.04269791610980344
-245.99999996229087,0.04457201656887819
-243.99999996219088,0.046510769244362746
-241.9999999620909,0.04851933205922841
-239.9999999619909,0.05031913938258202
-237.99999996189092,0.047744781806950416
-235.99999996179093,0.04513838192074369
-233.99999996169095,0.04253337936053968
-231.99999996159096,0.039933104455149714
-229.99999996149097,0.036878170159307486
-227.99999996139098,0.03385059382051768
-225.999999961291,0.030885974977603828
-223.999999961191,0.028099517271462232
-221.99999996109102,0.02679751610387633
-219.99999996099103,0.02559734504940951
-217.99999996089105,0.0245238872164939
-215.99999996079106,0.02375030668665805
-213.99999996069107,0.025799659053412374
-211.99999996059108,0.027991787438039747
-209.9999999604911,0.030325971117686312
-207.9999999603911,0.03273245622128386
-205.99999996029112,0.03408584105932236
-203.99999996019113,0.03556472447750508
-201.99999996009115,0.03716585547426264
-199.99999995999116,0.03876113631182633
-197.99999995989117,0.03812009945871721
-195.99999995979118,0.03752094366564006
-193.9999999596912,0.03697366151662701
-191.9999999595912,0.036520196104178226
-189.99999995949122,0.0367711701819594
-187.99999995939123,0.03708300703864993
-185.99999995929124,0.03746150953280869
-183.99999995919126,0.038040136894062285
-181.99999995909127,0.04133358164887156
-179.99999995899128,0.04467285356381438
-177.9999999588913,0.04805796465240822
-175.9999999587913,0.056521740805867804
-173.99999995869132,0.0604285871867357
-171.99999995859133,0.06435046792165237
-169.99999995849134,0.06828381334443477
-167.99999995839136,0.07845830306908011
-165.99999995829137,0.0835829683758253
-163.99999995819138,0.08870697569603841
-161.9999999580914,0.09381970707603454
-159.9999999579914,0.10871776685330276
-157.99999995789142,0.11679570065837006
-155.99999995779143,0.12478538557120133
-153.99999995769144,0.13263537291491556
-151.99999995759146,0.15407673087228557
-149.99999995749147,0.1630226531074794
-147.99999995739148,0.1716161847911421
-145.9999999572915,0.17978336216844706
-143.9999999571915,0.20293691324462354
-141.99999995709152,0.2118737578282019
-139.99999995699153,0.22037735510972947
-137.99999995689154,0.22836708957065485
-135.99999995679156,0.24735161631482958
-133.99999995669157,0.2557252334007242
-131.99999995659158,0.2633695509566441
-129.9999999564916,0.27020008437658766
-127.99999995639159,0.28941448962852834
-125.99999995629159,0.2951374582194811
-123.99999995619159,0.2998326911959075
-121.99999995609159,0.30346714161852323
-119.99999995599158,0.3079811476827116
-117.99999995589158,0.3123112959393137
-115.99999995579158,0.3155031866330299
-113.99999995569158,0.3175483947535651
-111.99999995559158,0.33325122218930947
-109.99999995549157,0.3371980460295359
-107.99999995539157,0.3399029907052186
-105.99999995529157,0.34137219122594703
-103.99999995519157,0.35647688099013536
-101.99999995509157,0.35944519287271204
-99.99999995499157,0.3610064328644904
-97.99999995489156,0.3611640126114103
-95.99999995479156,0.37431401009520393
-93.99999995469156,0.37783920351454636
-91.99999995459156,0.3799374848014927
-89.99999995449156,0.38061508864125926
-87.99999995439155,0.382320300009307
-85.99999995429155,0.3871370918203638
-83.99999995419155,0.3903731552281559
-81.99999995409155,0.3920073891555163
-79.99999995399155,0.4067826098424003
-77.99999995389155,0.4135960897743061
-75.99999995379154,0.4186972428584734
-73.99999995369154,0.4220334594316667
-71.99999995359154,0.43741889986115656
-69.99999995349154,0.4463067859009028
-67.99999995339154,0.45331289643279205
-65.99999995329154,0.45838930659167243
-63.999999953191534,0.4731698783023832
-61.99999995309153,0.4813647551007155
-59.99999995299153,0.48756369726472315
-57.99999995289153,0.49171449979146264
-55.999999952791526,0.5022971843812103
-53.999999952691525,0.5101976374787917
-51.99999995259152,0.516031125046659
-49.99999995249152,0.5197386147321998
-47.99999995239152,0.5286756004239577
-45.99999995229152,0.5360000169606454
-43.999999952191516,0.5411788951588733
-41.999999952091514,0.5441578240806814
-39.99999995199151,0.5524938491018101
-37.99999995189151,0.5597488260591448
-35.99999995179151,0.5647185784076805
-33.99999995169151,0.5673471709808693
-31.999999951591505,0.5744913917019384
-29.999999951491503,0.5838428120223627
-27.9999999513915,0.5908373802279874
-25.9999999512915,0.5953746638959461
-23.999999951191498,0.6034942045702262
-21.999999951091496,0.6149802467050098
-19.999999950991494,0.6238954457127798
-17.999999950891493,0.6301328190838182
-15.999999950791493,0.6392512253287819
-13.999999950691493,0.6476888407669275
-11.999999950591492,0.6534211128856338
-9.999999950491492,0.6563834399875688
-7.9999999503914925,0.6606367734660525
-5.9999999502914925,0.6681580129003528
-3.9999999501914925,0.6728252416351959
-1.9999999500914925,0.6745925308891232
5.000850755720876e-08,0.673733891297563
2.0000000501085076,0.6823932592004145
4.000000050208508,0.6882630482703158
6.000000050308508,0.6912793601116074
8.000000050408508,0.6914834810328869
10.000000050508508,0.6980919352870663
12.000000050608508,0.7050997642267034
14.000000050708508,0.7092467932924269
16.00000005080851,0.7105408820760597
18.00000005090851,0.7170749249088663
20.000000051008513,0.7237343090853985
22.000000051108515,0.7276447479386375
24.000000051208517,0.7287996846996554
26.00000005130852,0.7365746008513021
28.00000005140852,0.7443419418748858
30.000000051508522,0.7493139781067326
32.000000051608524,0.7514514097871076
34.000000051708525,0.7569596750942884
36.00000005180853,0.7626155669197843
38.00000005190853,0.7656417224222765
40.00000005200853,0.7659786714132397
42.00000005210853,0.7726782307066039
44.000000052208534,0.7796037782875609
46.000000052308536,0.7839444997680922
48.00000005240854,0.7856815227649411
50.00000005250854,0.7913064559397804
52.00000005260854,0.7971052151798994
54.00000005270854,0.8003742558023453
56.000000052808545,0.8010854022128734
58.00000005290855,0.8067783359940063
60.00000005300855,0.8127577862912458
62.00000005310855,0.816320018946078
64.00000005320855,0.8174386244717335
66.00000005330855,0.8216171856196022
68.00000005340856,0.8258951553723097
70.00000005350856,0.8278024757282954
72.00000005360856,0.8272996719615975
74.00000005370856,0.8337939727915291
76.00000005380856,0.8403616155771807
78.00000005390856,0.8446336134971426
80.00000005400857,0.8465563560439863
82.00000005410857,0.8536187931543121
84.00000005420857,0.8599123097392385
86.00000005430857,0.86414135895993
88.00000005440857,0.8662624827753409
90.00000005450858,0.8727095921122325
92.00000005460858,0.8788200289935422
94.00000005470858,0.8828666026446637
96.00000005480858,0.8848003612230368
98.00000005490858,0.8867851137877969
100.00000005500858,0.8888383866059274
102.00000005510859,0.8890163999761382
104.00000005520859,0.8872771514334666
106.00000005530859,0.8844757539658987
108.00000005540859,0.8822737793761919
110.0000000555086,0.8782696562512363
112.0000000556086,0.872445949615083
114.0000000557086,0.8701619195139894
116.0000000558086,0.8696012827139452
118.0000000559086,0.8673295619841076
120.0000000560086,0.8633039354395897
122.0000000561086,0.861247603128687
124.0000000562086,0.8617026828865157
126.00000005630861,0.860707900846272
128.0000000564086,0.8582366888823132
130.00000005650858,0.855663790083901
132.00000005660857,0.8562638498275779
134.00000005670856,0.8553975094602437
136.00000005680855,0.8530413472670328
138.00000005690853,0.8494705597225889
140.00000005700852,0.8494193868272673
142.0000000571085,0.8479941685114498
144.0000000572085,0.8451668131765295
146.00000005730848,0.8409980401733541
148.00000005740847,0.8406797957145373
150.00000005750846,0.8391836394311945
152.00000005760845,0.836485432443651
154.00000005770843,0.8320274094051203
156.00000005780842,0.8315104719573969
158.0000000579084,0.829956905127561
160.0000000580084,0.827353463227612
162.00000005810838,0.8190592271023225
164.00000005820837,0.8175878301617999
166.00000005830836,0.8153964635624261
168.00000005840835,0.8124541631625146
170.00000005850833,0.8015692790286689
172.00000005860832,0.7999845634961742
174.0000000587083,0.7978996893654535
176.0000000588083,0.7952935397112937
178.00000005890828,0.7821481287593094
180.00000005900827,0.7812601427267931
182.00000005910826,0.7802764046139197
184.00000005920825,0.7791930986934517
186.00000005930823,0.7774561843009031
188.00000005940822,0.7754485845888976
190.0000000595082,0.7731850628566246
192.0000000596082,0.7706573685276945
194.00000005970819,0.7668901942481352
196.00000005980817,0.7625580083838451
198.00000005990816,0.7576943760648128
200.00000006000815,0.7522925708155133
202.00000006010814,0.7455072670083165
204.00000006020812,0.737615717428352
206.0000000603081,0.7286779016428644
208.0000000604081,0.7187381689618413
210.00000006050809,0.7081422355487532
212.00000006060807,0.6960652247266121
214.00000006070806,0.6825995934738378
216.00000006080805,0.667895603382654
218.00000006090804,0.658438963475046
220.00000006100802,0.6476904245088004
222.000000061108,0.6353583495464414
224.000000061208,0.6215651629131721
226.000000061308,0.6119904478957277
228.00000006140797,0.6008352668058182
230.00000006150796,0.5878898404790498
232.00000006160795,0.5733408115146981
234.00000006170794,0.5665668765701232
236.00000006180792,0.5582963911260044
238.0000000619079,0.5481123894219115
240.0000000620079,0.5362353402450034
242.0000000621079,0.5318939278578407
244.00000006220787,0.5261523433810128
246.00000006230786,0.5185675372897809
248.00000006240785,0.509337244325208
250.00000006250784,0.5060902905766572
252.00000006260782,0.5014432175393269
254.0000000627078,0.4950047887657866
256.0000000628078,0.48693590678038934
258.0000000629078,0.48447803080006124
260.0000000630078,0.48035914173516364
262.0000000631078,0.4741472771541916
264.0000000632078,0.46599191473947
266.00000006330777,0.46196194262990137
268.00000006340775,0.4562430059750459
270.00000006350774,0.44849659763230676
272.00000006360773,0.43889006947864684
274.0000000637077,0.4318747654628855
276.0000000638077,0.4230569211330214
278.0000000639077,0.4122714875206023
280.0000000640077,0.3997649919858719
282.00000006410767,0.39510956960743976
284.00000006420765,0.38915812921799037
286.00000006430764,0.3812602690852239
288.00000006440763,0.3715796635354742
290.0000000645076,0.3657173804809346
292.0000000646076,0.3582718114657094
294.0000000647076,0.34890235188419993
296.0000000648076,0.33780760587782244
298.00000006490757,0.3371171359010317
300.00000006500755,0.33542813888199297
302.00000006510754,0.3317521773187798
304.00000006520753,0.32618184302562925
306.0000000653075,0.3202613203117878
308.0000000654075,0.3126223214770034
310.0000000655075,0.3032744327028466
312.0000000656075,0.2924378153485915
314.00000006570747,0.2934023971320473
316.00000006580746,0.29380332898341965
318.00000006590744,0.29246554029518324
320.00000006600743,0.289436014644025
322.0000000661074,0.285238335924902
324.0000000662074,0.279272655301013
326.0000000663074,0.27159797101406163
328.0000000664074,0.262425873839002
330.00000006650737,0.25805498017559203
332.00000006660736,0.25258807645895337
334.00000006670734,0.24555732987885
336.00000006680733,0.2371540414716214
338.0000000669073,0.23310434275910596
340.0000000670073,0.2280958954088054
342.0000000671073,0.22169586936365193
344.0000000672073,0.21407910870305014
346.00000006730727,0.21211171005910706
348.00000006740726,0.20941983765708938
350.00000006750724,0.2053889249983542
352.00000006760723,0.20013683625924394
354.0000000677072,0.1971748397253444
356.0000000678072,0.19322464005756013
358.0000000679072,0.1880111467841808
360.0000000680072,0.18168154657721974
362.00000006810717,0.1792796513381369
364.00000006820716,0.17685715785605116
366.00000006830714,0.17328516569165422
368.00000006840713,0.16866908675930492
370.0000000685071,0.16790869404915051
372.0000000686071,0.16546143497263008
374.0000000687071,0.16200588128206825
376.0000000688071,0.1576334188028112
378.00000006890707,0.15762946355534216
380.00000006900706,0.1521828847360682
382.00000006910705,0.145843596018355
384.00000006920703,0.13872705688622194
386.000000069307,0.1467942184516568
388.000000069407,0.14805175450592586
390.000000069507,0.1484591654608436
392.000000069607,0.147989066503021
394.00000006970697,0.15762179603267315
396.00000006980696,0.16025438668136793
398.00000006990695,0.16206828433797746
400.00000007000693,0.16296969276494602
402.0000000701069,0.16288753371743886
404.0000000702069,0.1617913353747623
406.0000000703069,0.15981899972391891
408.0000000704069,0.1569975529613585
410.00000007050687,0.16345016352689926
412.00000007060686,0.16464350413832085
414.00000007070685,0.1650113760967118
416.00000007080683,0.16454281631703643
418.0000000709068,0.1688781037430206
420.0000000710068,0.171938618182412
422.0000000711068,0.1741924695282453
424.0000000712068,0.1756195595796241
426.0000000713068,0.18299720590316204
428.00000007140676,0.18480502047826836
430.00000007150675,0.1857829629465844
432.00000007160673,0.1859115797445046
434.0000000717067,0.1931188526591096
436.0000000718067,0.1974895809315631
438.0000000719067,0.20106527537981253
440.0000000720067,0.20379184703752595
442.0000000721067,0.20971329929772692
444.00000007220666,0.20815829350608717
446.00000007230665,0.20581828342327696
448.00000007240664,0.20271039891272402
450.0000000725066,0.20946051590570014
452.0000000726066,0.21076862966141352
454.0000000727066,0.21131368599657452
456.0000000728066,0.21107151331657587
458.0000000729066,0.22119373750471033
460.00000007300656,0.22346518354496175
462.00000007310655,0.22507307846540117
464.00000007320654,0.22598093625246518
466.0000000733065,0.23258103845372474
468.0000000734065,0.23486014180895293
470.0000000735065,0.23647794517243687
472.0000000736065,0.2373999499059119
474.0000000737065,0.23635264897163544
476.00000007380646,0.235605517826042
478.00000007390645,0.2342170086693527
480.00000007400644,0.23217262763287538
482.0000000741064,0.23596024326038545
484.0000000742064,0.23747066390250593
486.0000000743064,0.23840197879484543
488.0000000744064,0.238732734561618
490.0000000745064,0.2468076506063121
492.00000007460636,0.24878133874280373
494.00000007470635,0.25010112121431183
496.00000007480634,0.2507433429709493
498.0000000749063,0.25590508764004277
500.0000000750063,0.25864753224179315
502.0000000751063,0.26075665370489187
504.0000000752063,0.26217909680260465
506.0000000753063,0.2558465783303179
508.00000007540626,0.25599212870343857
510.00000007550625,0.2555238523739555
512.0000000756063,0.2544006055325323
514.0000000757063,0.2508936137393589
516.0000000758064,0.2502091528392339
518.0000000759064,0.24885595326757315
520.0000000760065,0.24679957919863463
522.0000000761065,0.2596361873532071
524.0000000762066,0.2646792006128562
526.0000000763066,0.269422517861536
528.0000000764066,0.27376050769636734
530.0000000765067,0.3126052327623819
532.0000000766067,0.31785897337149244
534.0000000767068,0.32236500271138163
536.0000000768068,0.3259824093725911
538.0000000769069,0.39854038589932494
540.0000000770069,0.39605733352191524
542.000000077107,0.3933505019491104
544.000000077207,0.390409485260516
546.000000077307,0.3888569349707772
548.0000000774071,0.3871531440462657
550.0000000775071,0.3850122199870406
552.0000000776072,0.3824194019120032
554.0000000777072,0.3804496752962673
556.0000000778073,0.37755074029329944
558.0000000779073,0.37354614286174037
560.0000000780074,0.3685143196762817
562.0000000781074,0.3602546304777537
564.0000000782074,0.34969757002947627
566.0000000783075,0.337888167149324
568.0000000784075,0.32550155412516524
570.0000000785076,0.32038361091282647
572.0000000786076,0.3146061405531254
574.0000000787077,0.307385032048028
576.0000000788077,0.29928332479599173
578.0000000789078,0.29813531739954446
580.0000000790078,0.2964264292664485
582.0000000791078,0.29303817439524993
584.0000000792079,0.2882945019251581
586.0000000793079,0.2822049768791124
588.000000079408,0.27437729823621326
590.000000079508,0.26528906823823784
592.0000000796081,0.25544022776431197
594.0000000797081,0.25059836276465364
596.0000000798082,0.24530465215068478
598.0000000799082,0.2389690545603071
600.0000000800082,0.23201404047582702
602.0000000801083,0.22581311066754897
604.0000000802083,0.21893683004536832
606.0000000803084,0.21144116170303445
608.0000000804084,0.2035992223024951
610.0000000805085,0.19824177099093182
612.0000000806085,0.19281033312153883
614.0000000807086,0.18696625280625723
616.0000000808086,0.18086539175420352
618.0000000809086,0.18085777386085639
620.0000000810087,0.18114841243321556
622.0000000811087,0.18059717601396907
624.0000000812088,0.17928821742240886
626.0000000813088,0.18143409923321152
628.0000000814089,0.18345939499277497
630.0000000815089,0.18459886482084106
632.000000081609,0.18490161843256323
634.000000081709,0.18597083412162654
636.000000081809,0.1864251908838114
638.0000000819091,0.1859949140363997
640.0000000820091,0.18474525026055894
642.0000000821092,0.1845024384296089
644.0000000822092,0.18372949145563267
646.0000000823093,0.18211615294886824
648.0000000824093,0.17973103114112676
650.0000000825094,0.17678456420822725
652.0000000826094,0.173055347690587
654.0000000827094,0.16855977838199127
656.0000000828095,0.16338520103425047
658.0000000829095,0.15672182265673107
660.0000000830096,0.14908951368599443
662.0000000831096,0.14074336953515992
664.0000000832097,0.13181870897995823
666.0000000833097,0.12357625918649184
668.0000000834098,0.11495705548576596
670.0000000835098,0.10582992545057016
672.0000000836098,0.09633239200474679
674.0000000837099,0.09155834468811355
676.0000000838099,0.08738594133493438
678.00000008391,0.08283446139884415
680.00000008401,0.07796187654680431
682.0000000841101,0.06897182091460512
684.0000000842101,0.05875539608614219
686.0000000843102,0.048229089430852995
688.0000000844102,0.037562250369624565
690.0000000845102,0.027643704226342273
692.0000000846103,0.017651570018332285
694.0000000847103,0.007548993237851949
696.0000000848104,-0.0025055348671953644
698.0000000849104,-0.015654206370272636
700.0000000850105,-0.029529054333868834
702.0000000851105,-0.04324583462616969
704.0000000852106,-0.05657950193047612
706.0000000853106,-0.06675957987565406
708.0000000854106,-0.07609399712253462
710.0000000855107,-0.08503298712371207
712.0000000856107,-0.09345268144244334
714.0000000857108,-0.10357702215531026
716.0000000858108,-0.11371432188900168
718.0000000859109,-0.12318715648738417
720.0000000860109,-0.13183135135665386
722.000000086111,-0.14511036021075646
724.000000086211,-0.15189659332904237
726.000000086311,-0.1578262402217296
728.0000000864111,-0.16280887433991167
730.0000000865111,-0.18472707428381452
732.0000000866112,-0.19597860265711212
734.0000000867112,-0.20615703722201034
736.0000000868113,-0.21510025300074995
738.0000000869113,-0.24049111203745915
740.0000000870114,-0.2543313785317213
742.0000000871114,-0.2667654316700754
744.0000000872114,-0.27759070237481615
746.0000000873115,-0.3036748904325298
748.0000000874115,-0.3164072469584458
750.0000000875116,-0.32744985685567746
752.0000000876116,-0.33662336567992346
754.0000000877117,-0.3679436223283809
756.0000000878117,-0.38333997218332927
758.0000000879118,-0.3968627046666982
760.0000000880118,-0.4082806130414183
762.0000000881118,-0.4291528880339097
764.0000000882119,-0.4375013095628932
766.0000000883119,-0.443710106385392
768.000000088412,-0.4476929893103976
770.000000088512,-0.46062026069174866
772.0000000886121,-0.4687287174112784
774.0000000887121,-0.47459634578443916
776.0000000888122,-0.478127515292466
778.0000000889122,-0.48672411784785974
780.0000000890122,-0.4937530486354077
782.0000000891123,-0.49850085580907894
784.0000000892123,-0.5009333142006491
786.0000000893124,-0.5071601966770072
788.0000000894124,-0.5136187947883788
790.0000000895125,-0.5177346974630488
792.0000000896125,-0.519461906344308
794.0000000897126,-0.5304564375289392
796.0000000898126,-0.5349928710992814
798.0000000899126,-0.5373255712029765
800.0000000900127,-0.5374072685768975
802.0000000901127,-0.5397187346644845
804.0000000902128,-0.5450476390154952
806.0000000903128,-0.548458049156495
808.0000000904129,-0.5499226352714025
810.0000000905129,-0.5535818106496281
812.000000090613,-0.5579163055372403
814.000000090713,-0.5603532233149935
816.000000090813,-0.5608562339586889
818.0000000909131,-0.5592728497000445
820.0000000910131,-0.5632445511033312
822.0000000911132,-0.5657394160084271
824.0000000912132,-0.5667132500856831
826.0000000913133,-0.56274535210417
828.0000000914133,-0.5660943786689092
830.0000000915134,-0.5680631124379656
832.0000000916134,-0.5686007541943172
834.0000000917134,-0.5620935541680284
836.0000000918135,-0.5635642915545113
838.0000000919135,-0.5636704582433578
840.0000000920136,-0.5623831567816641
842.0000000921136,-0.5575521509837921
844.0000000922137,-0.5584610782620362
846.0000000923137,-0.5581764013659619
848.0000000924138,-0.5566971149515036
850.0000000925138,-0.5530236071616331
852.0000000926138,-0.5550533434375129
854.0000000927139,-0.5558726592199337
856.0000000928139,-0.5554760040889485
858.000000092914,-0.5455468224285421
860.000000093014,-0.546027845387022
862.0000000931141,-0.5454069459999084
864.0000000932141,-0.5436676689655573
866.0000000933142,-0.5289036437864922
868.0000000934142,-0.527732104975789
870.0000000935142,-0.5255786367197636
872.0000000936143,-0.5224358903191508
874.0000000937143,-0.5166906164609026
876.0000000938144,-0.5191590929576889
878.0000000939144,-0.5208016593707158
880.0000000940145,-0.5215850609962274
882.0000000941145,-0.5134713542118456
884.0000000942146,-0.5132768712772904
886.0000000943146,-0.512306566896278
888.0000000944146,-0.5105075146119155
890.0000000945147,-0.4918484761255458
892.0000000946147,-0.49172398662214023
894.0000000947148,-0.4909469905650442
896.0000000948148,-0.4894870952567104
898.0000000949149,-0.4516248919923119
900.0000000950149,-0.45936475735386134
902.000000095115,-0.4671423372978796
904.000000095215,-0.4749504792243129
906.000000095315,-0.4828760343399388
908.0000000954151,-0.4906972576881923
910.0000000955151,-0.4983415635642042
912.0000000956152,-0.5057822499073958
914.0000000957152,-0.5125799495965683
916.0000000958153,-0.5185380701604847
918.0000000959153,-0.5236978028310144
920.0000000960154,-0.5280624598238555
922.0000000961154,-0.5348971472437396
924.0000000962154,-0.5405222100061844
926.0000000963155,-0.5441632579064186
928.0000000964155,-0.5462229467457972
930.0000000965156,-0.5463701630416016
932.0000000966156,-0.5444230648301422
934.0000000967157,-0.5408398967878544
936.0000000968157,-0.5359921426733637
938.0000000969158,-0.535692825369601
940.0000000970158,-0.5353318570844444
942.0000000971158,-0.5332336648806569
944.0000000972159,-0.5296022836519136
946.0000000973159,-0.530255504581832
948.000000097416,-0.5306728815693653
950.000000097516,-0.5291661693218773
952.0000000976161,-0.5259657094971071
954.0000000977161,-0.528814828141965
956.0000000978162,-0.5315954994549454
958.0000000979162,-0.531979189003109
960.0000000980162,-0.5302439684520461
962.0000000981163,-0.5314164264549617
964.0000000982163,-0.5318657537330288
966.0000000983164,-0.5302483244450454
968.0000000984164,-0.5268599235486835
970.0000000985165,-0.5298066570462058
972.0000000986165,-0.533088394032477
974.0000000987166,-0.5342234893191495
976.0000000988166,-0.5334053270144741
978.0000000989166,-0.5351042985857515
980.0000000990167,-0.5360972328105997
982.0000000991167,-0.5350610458141186
984.0000000992168,-0.5321734600813108
986.0000000993168,-0.5348163649530852
988.0000000994169,-0.5378576653337215
990.0000000995169,-0.53898940743988
992.000000099617,-0.5383564162671831
994.000000099717,-0.5411018312114901
996.000000099817,-0.5432253389041434
998.0000000999171,-0.5430561603837862
1000.0000001000171,-0.5407445032464602
