-197.698849,2.0898689685490375,0.913513011720908
-195.97848193110949,2.0869720801285565,0.9121239685203426
-194.258114862219,2.084051814716533,0.910710245392796
-192.5377477933285,2.0811079805435835,0.9092713610306428
-190.81738072443798,2.078140392457552,0.9078068230652897
-189.0970136555475,2.0751488548578108,0.9063161277448378
-187.376646586657,2.072133177072706,0.9047987595994874
-185.6562795177665,2.0690931618959816,0.9032541910940982
-183.935912448876,2.0660286132035877,0.9016818822672769
-182.21554537998549,2.0629393322359055,0.9000812803563282
-180.495178311095,2.0598251224435087,0.8984518194073658
-178.7748112422045,2.056685782437162,0.8967929198698387
-177.05444417331398,2.053521108135336,0.8951039881746804
-175.3340771044235,2.050330894520261,0.89338441629524
-173.613710035533,2.047114934150544,0.8916335812901057
-171.89334296664248,2.043873020739392,0.8898508448268657
-170.172975897752,2.0406049462565834,0.8880355526858065
-168.4526088288615,2.0373104998633993,0.8861870342424636
-166.73224175997098,2.0339894677425105,0.884304601927891
-165.0118746910805,2.0306416337835165,0.882387550665422
-163.29150762218998,2.0272667818712504,0.8804351572826272
-161.57114055329947,2.0238646943906806,0.8784466798970799
-159.850773484409,2.0204351535553435,0.8764213572744463
-158.13040641551848,2.016977937111225,0.8743584081573215
-156.41003934662797,2.0134928219736876,0.8722570305631143
-154.6896722777375,2.009979580630996,0.8701164010491717
-152.96930520884698,2.006437986571206,0.8679356739432017
-151.2489381399565,2.0028678131590825,0.8657139805369158
-149.52857107106598,1.9992688255185458,0.8634504282406597
-147.8082040021755,1.995640797304568,0.8611440996966391
-146.087836933285,1.991983491597396,0.8587940518481646
-144.36746986439448,1.9882966722757187,0.8563993149621548
-142.647102795504,1.9845800981114037,0.8539588916019144
-140.9267357266135,1.98083353108568,0.8514717555469841
-139.20636865772298,1.9770567277223714,0.8489368506566044
-137.4860015888325,1.9732494483903826,0.8463530896730597
-135.76563451994198,1.9694114451411808,0.843719352960875
-134.04526745105147,1.9655424690292813,0.8410344871775067
-132.324900382161,1.9616422699169442,0.8382973038708104
-130.60453331327048,1.957710594451064,0.8355065779981794
-128.88416624437997,1.9537471911526376,0.8326610463618094
-127.16379917548947,1.9497518042290496,0.8297594059540767
-125.44343210659898,1.945724174600591,0.8268003122064899
-123.72306503770848,1.9416640427186058,0.823782377135104
-122.00269796881798,1.937571146311888,0.8207041673746451
-120.28233089992747,1.933445218170374,0.8175642020928954
-118.56196383103698,1.9292859923164931,0.8143609507761117
-116.84159676214648,1.9250932047782117,0.811092830875386
-115.12122969325597,1.9208665814004986,0.8077582053029015
-113.40086262436547,1.9166058489368654,0.8043553797659859
-111.68049555547498,1.9123107328699929,0.8008825999256561
-109.96012848658448,1.9079809537722285,0.797338048365065
-108.23976141769397,1.9036162330940778,0.7937198413517542
-106.51939434880347,1.899216291162845,0.7900260253759966
-104.79902727991298,1.894780841103791,0.7862545734456502
-103.07866021102248,1.8903095978311422,0.7824033811158773
-101.35829314213197,1.8858022717568739,0.7784702622297597
-99.63792607324147,1.8812585710890835,0.7744529443431992
-97.91755900435098,1.8766782025845723,0.7703490638045424
-96.19719193546047,1.872060870592894,0.7661561604560081
-94.47682486656997,1.8674062764530275,0.761871671920184
-92.75645779767947,1.862714121155851,0.757492927430555
-91.03609072878898,1.857984100926278,0.7530171411600795
-89.31572365989847,1.853215907468054,0.7484414049962362
-87.59535659100797,1.8484092348332721,0.743762680704515
-85.87498952211747,1.8435637731011782,0.7389777914149528
-84.15462245322696,1.83867920973288,0.7340834123578485
-82.43425538433647,1.833755226435259,0.7290760607649736
-80.71388831544597,1.8287915080393953,0.7239520848413251
-78.99352124655547,1.823787731226525,0.7187076516992916
-77.27315417766496,1.8187435749923528,0.7133387341318848
-75.55278710877447,1.8136587132657462,0.7078410960838181
-73.83242003988397,1.808532816467566,0.7022102766583816
-72.11205297099346,1.8033655527563814,0.6964415724735225
-70.39168590210296,1.7981565899228178,0.6905300181516112
-68.67131883321247,1.792905590050844,0.6844703646931507
-66.95095176432196,1.7876122172478537,0.6782570554439984
-65.23058469543147,1.7822761246600214,0.6718841993171024
-63.510217626540964,1.7768969714137954,0.6653455408715699
-61.78985055765045,1.7714744066646047,0.658634426781816
-60.06948348875997,1.7660080827812292,0.651743768144765
-58.34911641986946,1.7604976463151152,0.6446659979700148
-56.62874935097895,1.7549427425345838,0.6373930230718895
-54.90838228208847,1.7493430081545673,0.6299161694274182
-53.18801521319796,1.743698085664886,0.6222261198727775
-51.467648144307475,1.7380076071010704,0.6143128427724542
-49.747281075416964,1.7322712075649411,0.6061655099968141
-48.026914006526454,1.7264885143257116,0.5977724021672506
-46.30654693763597,1.7206591559837188,0.5891207986493157
-44.58617986874546,1.7147827559242073,0.5801968491608989
-42.86581279985495,1.7088589328569634,0.5709854230697279
-41.14544573096447,1.702887303751461,0.5614699314203218
-39.42507866207396,1.6968674833043336,0.5516321153681426
-37.70471159318345,1.690799084820621,0.5414517928845014
-35.984344524292965,1.6846817131289926,0.5309065531519511
-34.263977455402454,1.678514975568203,0.5199713847363461
-32.54361038651194,1.6722984729717654,0.5086182190121065
-30.82324331762146,1.666031801589388,0.4968153638472574
-29.10287624873095,1.6597145586669262,0.4845267933240346
-27.38250917984047,1.6533463364252787,0.4717112458613244
-25.662142110949958,1.6469267227024114,0.45832106323233524
-23.941775042059447,1.6404553036026686,0.44430067285527564
-22.221407973168965,1.6339316601202851,0.4295845689421468
-20.501040904278454,1.6273553692295346,0.41409457330092214
-18.780673835387944,1.6207260088308422,0.39773603313245903
-17.06030676649746,1.6140431500231243,0.3803924016729823
-15.339939697606951,1.6073063609942162,0.3619172692104297
-13.61957262871644,1.6005152062192272,0.342122199752291
-11.899205559825958,1.5936692455812205,0.32075730273292685
-10.178838490935448,1.586768040465043,0.2974783908874278
-8.458471422044965,1.5798111412890536,0.27178726576942763
-6.738104353154455,1.5727981001486464,0.24291200518362036
-5.017737284263944,1.5657284645007659,0.20953120464823433
-3.297370215373462,1.55860177596091,0.16898421632448593
-1.5770031464829515,1.551417577620911,0.11383889980220419
0.14336392240755913,1.542502126927059,0.022952555604335612
1.8637309912980413,1.5199921477253406,0.10921278415598452
3.584098060188552,1.4970475343238805,0.13078127189909722
5.3044651290790625,1.474041433242438,0.12369073208342544
7.024832197969545,1.450972358008788,0.08070894821528823
8.745199266860055,1.4340380831605595,0.06890994307975154
10.465566335750566,1.4252278550758684,0.12039589633337369
12.185933404641048,1.4163514979873257,0.1313589603344991
13.906300473531559,1.4074084394126496,0.11414599119133856
15.626667542422041,1.3983670476878745,0.04343938458571004
17.34703461131255,1.3787159945915066,0.09444426994012524
19.067401680203062,1.3559449763990594,0.12742834648580575
20.787768749093544,1.3331033503029355,0.12870985796316226
22.508135817984055,1.3101896452826525,0.09952154085731126
24.228502886874566,1.2864154005221566,0.028003414053994407
25.948869955765048,1.2577989603162942,0.11061781387466949
27.66923702465556,1.2290273631452218,0.13088187623476757
29.38960409354607,1.2001769601133754,0.12259120351308772
31.10997116243655,1.1712458927046443,0.07701539229124124
32.83033823132706,1.1422704886970267,0.07245313114540136
34.550705300217544,1.1132531749860464,0.1213030364229322
36.271072369108055,1.0841495803385515,0.13106439981155413
37.991439437998565,1.054957822042696,0.11242972723830448
39.71180650688905,1.0263217181877105,0.03581825594143239
41.43217357577956,1.0874082999330215,0.09650164352519859
43.15254064467007,1.1689363100652104,0.12792832930870562
44.87290771356055,1.250381633083319,0.1281530367365513
46.59327478245106,1.3317495343506147,0.09739205423689677
48.31364185134157,1.3989868394931202,0.03529012913866397
50.034008920232054,1.4006519739277623,0.1122857424775832
51.754375989122565,1.4016812973529804,0.1311669308888143
53.474743058013075,1.4026429722424867,0.12171642111270908
55.19511012690356,1.4035370597207129,0.0737417155278792
56.91547719579407,1.3839102458006005,0.07643347174868181
58.63584426468458,1.3450188800299268,0.12244596888547678
60.35621133357506,1.3060562043032506,0.13096657887932445
62.07657840246554,1.2670196977460373,0.11099694610888845
63.79694547135608,1.2287353188325385,0.02949410158402473
65.51731254024656,1.2489837628482627,0.0989098655713077
67.23767960913705,1.2795216987858113,0.12854959511121314
68.95804667802759,1.3099840926238366,0.12757317407285648
70.67841374691807,1.3403729133907527,0.09504128524413985
72.39878081580855,1.3706746015090774,0.04178486399822597
74.11914788469909,1.4008497812161247,0.11377444801863339
75.83951495358957,1.4309570416738078,0.1313394367679828
77.55988202248005,1.4609985460405506,0.1207105642898254
79.28024909137059,1.4909762295603324,0.07004934520634311
81.00061616026107,1.5357130379989643,0.07997942338458539
82.72098322915156,1.5921133167370671,0.12351847400859448
84.4413502980421,1.6484582485857127,0.13093228522890946
86.16171736693258,1.7047514734723146,0.10980230114390552
87.88208443582306,1.7599009179181069,0.02573559604919003
89.60245150471354,1.770168757745627,0.10159888370167805
91.32281857360408,1.7744103778523028,0.12936114760530448
93.04318564249456,1.7786084281844348,0.12720879042032596
94.76355271138505,1.7827631794467047,0.09308866749128177
96.48391978027558,1.7882876263460874,0.04918830836626045
98.20428684916607,1.7979082945300577,0.11552912984870432
99.92465391805655,1.807491764134995,0.13167694004871922
101.64502098694709,1.8170338006892814,0.11987192056728523
103.36538805583757,1.8265350224464507,0.06661527501255213
105.08575512472805,1.8413231457253199,0.08368316663894765
106.80612219361859,1.8596104930868096,0.12464150519037114
108.52648926250907,1.8778597761181226,0.13081151322050422
110.24685633139956,1.8960721703678312,0.10831307033826781
111.9672234002901,1.9119952128074873,0.021915534795769305
113.68759046918058,1.8699006801671318,0.10381802216914182
115.40795753807106,1.8221137614185325,0.12988389287123897
117.1283246069616,1.7742863560524222,0.1264940442679497
118.84869167585208,1.726415369361555,0.09039197954135476
120.56905874474256,1.7051630846664887,0.05455406667561259
122.2894258136331,1.7472768551494022,0.11680921841797169
124.00979288252358,1.7893548669602426,0.13173208719161397
125.73015995141407,1.8313902753717963,0.11874649232366383
127.4505270203046,1.8733857947988435,0.06233548674716772
129.1708940891951,1.875331455328614,0.08676374532878647
130.89126115808557,1.8550622483966182,0.1254991811885355
132.6116282269761,1.8347546835875947,0.13043658325094423
134.3319952958666,1.8144074482565324,0.10639195160923075
136.05236236475707,1.7927940784171605,0.017953687846884794
137.77272943364756,1.750168516182307,0.10557421364541308
139.4930965025381,1.706057421662142,0.13019549392283036
141.21346357142858,1.6618983393978306,0.12564442672069978
142.93383064031906,1.617688420370361,0.08747902425963923
144.6541977092096,1.54083357148063,0.057291878709710926
146.37456477810008,1.4001988795884737,0.09527335173897396
148.09493184699056,1.259624722251858,0.046469386987751535
149.8152989158811,1.3101065507838188,0.0811939135008133
151.53566598477158,1.4182204781056074,0.05319688653720437
153.25603305366207,1.3360664042122439,0.08188011772631448
154.9764001225526,1.1667285800460805,0.08987869751154592
156.6967671914431,1.0408049875969008,0.028395266488145974
158.41713426033357,1.208767539930986,0.08402338401814259
160.1375013292241,1.3539779521709834,0.015126062196425101
161.8578683981146,1.1848259475437972,0.09280538609143256
163.57823546700507,1.0009613137192348,0.0743780568731348
165.2986025358956,0.9691979268801676,0.06722213967043059
167.0189696047861,1.1133438107593792,0.07491660051506481
168.73933667367658,1.1697560468846335,0.06080042054631912
170.45970374256711,1.0836297764441172,0.09481688137162847
172.1800708114576,0.998119279534909,0.039513506382686955
173.90043788034808,1.1524090577822976,0.08198037539802938
175.62080494923862,1.3633613426099673,0.04821249100200071
177.3411720181291,1.3854926341145104,0.08381303133144334
179.06153908701958,1.3369885794766363,0.08881115028543991
180.78190615591006,1.2999245880854717,0.03698217918344139
182.5022732248006,1.321242654310045,0.1129362514889924
184.2226402936911,1.3428382007513777,0.1318338018368509
185.94300736258157,1.364362295958185,0.12284235080603353
187.6633744314721,1.3858163287537026,0.0767090672125145
189.3837415003626,1.3813486371572354,0.07772818917463027
191.10410856925307,1.3515956842622971,0.1231322972637034
192.8244756381436,1.3217718457553191,0.13177857345584018
194.5448427070341,1.2918751962851944,0.11249146768855406
196.26520977592457,1.2622987125126501,0.03504426355880289
197.9855768448151,1.283941979351792,0.09984460073732997
199.7059439137056,1.3148281758707627,0.1292440244352261
201.42631098259608,1.3456411119296279,0.12854655139200322
203.14667805148662,1.3763827766499377,0.09710557070726489
204.8670451203771,1.4075123185782603,0.04404136203583394
206.58741218926758,1.4403671999094856,0.11455976263887557
208.30777925815812,1.473160602910963,0.13211012777919212
210.0281463270486,1.5058909739660793,0.12197571713081387
211.74851339593909,1.5385604273341658,0.07347273635236864
213.46888046482962,1.564205638965281,0.08140989231389746
215.1892475337201,1.5840656808219693,0.12427533588228037
216.9096146026106,1.6038698563570337,0.1317812060633788
218.62998167150113,1.6236194444007,0.11132766381483038
220.3503487403916,1.6436937590469656,0.030901331525616745
222.0707158092821,1.6876353144294116,0.10248312552363088
223.79108287817257,1.7347622413692294,0.13008550289684265
225.5114499470631,1.7818430325957921,0.12829251867157068
227.2318170159536,1.828880736016825,0.09546134331493099
228.95218408484408,1.8578642396025105,0.05184738471255051
230.67255115373462,1.8310210378672425,0.11643866369431428
232.3929182226251,1.8041180283528009,0.13250486314642537
234.11328529151558,1.777173365459075,0.12115999837418423
235.83365236040612,1.7501853145032387,0.07017006597498317
237.5540194292966,1.721461877831179,0.08494668096907161
239.27438649818708,1.6915229567916983,0.12532264699356852
240.99475356707762,1.6615351131298768,0.13155963464031145
242.7151206359681,1.631496405803749,0.10964883721444131
244.4354877048586,1.6009030281238141,0.025253145080080256
246.15585477374913,1.5524444800907604,0.09802665868402911
247.8762218426396,1.5021988257086578,0.10690858848761114
249.5965889115301,1.4518920154861705,0.05777014951200114
251.31695598042063,1.4512951039468023,0.07014993013642233
253.0373230493111,1.4500598694606568,0.05500367808219993
254.7576901182016,1.4031028388017903,0.10645760216136013
256.47805718709213,1.3560781538230673,0.09851261515681024
258.1984242559826,1.3022983251309883,0.03215806818276554
259.9187913248731,1.18566620922459,0.05716567046121634
261.63915839376364,1.137351803243047,0.08344371963172002
263.3595254626541,1.1289031482180265,0.10886617447187046
265.0798925315446,1.1203692169876307,0.08229084120301026
266.8002596004351,1.1546394607308956,0.06385962093698232
268.5206266693256,1.2408643559373589,0.018345689110763723
270.2409937382161,1.2335611729369846,0.0990236971890555
271.9613608071066,1.2199399536543298,0.10593625252920265
273.6817278759971,1.2062393485954148,0.05173225105528659
275.4020949448876,1.1155585343069463,0.0692844579290406
277.1224620137781,1.0495497175482784,0.05880391466379498
278.84282908266863,1.07833854096845,0.10677693558385717
280.5631961515591,1.1070388253852075,0.09677072086876348
282.2835632204496,1.1264603879693995,0.035994477117479856
284.00393028934013,1.084367981911119,0.05355334073541279
285.7242973582306,1.085888209532702,0.08575985044583896
287.4446644271211,1.108325739883317,0.1087604884311012
289.16503149601164,1.1306766672249937,0.0795355235045258
290.8853985649021,1.1925319271323973,0.06563107239630624
292.6057656337926,1.2914317561367854,0.01910143976530726
294.32613270268314,1.2949436594098787,0.10039710951355733
296.0464997715736,1.2942345435588196,0.10527382309736742
297.7668668404641,1.2934508376587504,0.046199731528109564
299.48723390935464,1.3725559886185765,0.06897923114332859
301.2076009782451,1.4100779068543021,0.06404527480023957
302.9279680471356,1.347968840365593,0.10755781653323462
304.64833511602615,1.2857886551596218,0.09533636941976474
306.36870218491663,1.226750038136541,0.04213479908083407
308.0890692538071,1.18336113861118,0.04970521189802844
309.8094363226976,1.1327085192103974,0.0881152606914511
311.52980339158813,1.079160933277291,0.10858942934082746
313.2501704604786,1.025524862527356,0.07641231590947782
314.97053752936915,1.0265166117118847,0.06688222626557062
316.69090459825964,1.0714149555914831,0.021599133088829624
318.4112716671501,1.0464247019365738,0.1013892007466855
320.1316387360406,1.0194975823058607,0.10415614269269716
321.8520058049311,0.99258623142918,0.03846462941405381
323.5723728738217,1.0212970088340478,0.0675154473096159
325.29273994271216,1.0427023358705094,0.06717312163461313
327.01310701160264,1.0412564580075463,0.10773770537537061
328.7334740804931,1.0397196473678045,0.09335303623716469
330.4538411493836,1.0314124128474882,0.05106668936193391
332.1742082182741,0.9982303127299454,0.11651527670336509
333.89457528716457,0.9649544986114309,0.13319103392812331
335.61494235605517,0.9315828198137632,0.12288615975982031
337.33530942494565,0.8981131222139327,0.07522365325679609
339.05567649383613,0.9164298400538096,0.08453933998498629
340.7760435627266,0.9754484575678655,0.12561875507938036
342.4964106316171,1.0343718867006162,0.1327181589978812
344.2167777005076,1.0932039380800989,0.11246994376850238
345.9371447693982,1.1515851863716842,0.033912617075376496
347.65751183828866,1.1721938273335306,0.10482049164731135
349.37787890717914,1.1884321292742408,0.13126350135472092
351.0982459760696,1.2045890080260309,0.129176156151003
352.8186130449601,1.2206655016442207,0.09672803407942737
354.5389801138506,1.258046247107111,0.05650706279489397
356.2593471827412,1.3578884004033158,0.10987954401686273
357.97971425163166,1.4576600744588015,0.1090075660483665
359.70008132052214,1.5572629174831336,0.051278409940857306
361.4204483894126,1.4001116542179348,0.057140723559833406
363.1408154583031,1.3310886791534715,0.08560206684138638
364.8611825271936,1.3859411471974257,0.11419110135024312
366.5815495960842,1.4407249497143555,0.0983957717021785
368.30191666497467,1.4586824935847398,0.019631090667453426
370.02228373386515,1.1550581271658382,0.02788584122971245
371.74265080275563,1.2738746486936998,0.10151523357418364
373.4630178716461,1.4265048287843856,0.11358855345555707
375.1833849405366,1.5790689638723636,0.08015930644458905
376.9037520094271,1.5961744862074143,0.05536548104250512
378.6241190783177,1.509375772424641,0.06184277335384244
380.34448614720816,1.626337596419046,0.11090412233696464
382.06485321609864,1.7432462839936145,0.10833712012262488
383.7852202849891,1.8596988442443747,0.04671995817070146
385.5055873538796,1.7694872643294035,0.05632949857553986
387.2259544227701,1.7134867267733158,0.08872274906595749
388.9463214916607,1.711928446602589,0.11466683230067684
390.66668856055117,1.7103225604775725,0.09693912100640971
392.38705562944165,1.6870442121534746,0.026475050560152247
394.10742269833213,1.5299023050772584,0.029039619321556173
395.8277897672226,1.6225294476239585,0.1033599267633248
397.5481568361131,1.727836570574568,0.1134374799314524
399.2685239050037,1.8330971137724257,0.07757169368601108
400.9888909738942,1.7839295933253334,0.05749241844579344
402.70925804278465,1.6764939766070777,0.06673171308895301
404.42962511167514,1.8101164823186204,0.11185685806319506
406.1499921805656,1.9436977249071363,0.10753422944393864
407.8703592494561,2.0768177077606795,0.04174287140667638
409.5907263183467,2.131004444777454,0.05515390965607758
411.3110933872372,2.192507869009476,0.09168461050349717
413.03146045612766,2.266260889323278,0.1152763766123609
414.75182752501814,2.3400021155517097,0.09600890314436385
416.4721945939086,2.3986798619626173,0.0352119568556459
418.1925616627991,2.3844904326256477,0.03601874323878281
419.9129287316896,2.426093764063201,0.10578733815436471
421.6332958005802,2.469346435692324,0.11371766416490192
423.35366286947067,2.512600433242242,0.07582499785752647
425.07402993836115,2.5145303619623585,0.06010924158252189
426.79439700725163,2.4847198511537245,0.07273687685223792
428.5147640761421,2.4701246164207236,0.11324324830836878
430.2351311450326,2.45553076035796,0.1069530735542226
431.9554982139232,2.441077574380654,0.03775018491426738
433.6758652828137,2.4389652716661745,0.0997450734704769
435.39623235170416,2.439245951163266,0.12924688506806367
437.11659942059464,2.4395260113400683,0.12864729503795583
438.8369664894851,2.4398054672834215,0.0973917213361803
440.5573335583756,2.438842336514086,0.044036108309429445
442.2777006272662,2.432941501518198,0.1143605696750271
443.9980676961567,2.4270138865049526,0.13203696811571758
445.71843476504716,2.421084861442325,0.12197895699910002
447.43880183393765,2.4151540419865443,0.07357305670731008
449.1591689028281,2.4407489808096843,0.08070327476290748
450.8795359717186,2.492822071800913,0.12404733190234069
452.5999030406092,2.5448980050373367,0.13176441845400882
454.3202701094997,2.596980143747385,0.11151633494042064
456.04063717839017,2.649017088086034,0.03396455158896389
457.76100424728065,2.698384345965594,0.10224790546771717
459.48137131617113,2.747371486030606,0.13005355115874856
461.2017383850616,2.796377913642787,0.12843021048324885
462.9221054539522,2.8454067920912545,0.09589423406216147
464.6424725228427,2.8810339025080483,0.0517922279036075
466.3628395917332,2.874236199296985,0.11637613554652211
468.08320666062366,2.867386388239031,0.13258159375338766
469.80357372951414,2.8605636183186904,0.1214240298999386
471.5239407984046,2.8537674464181437,0.0709959199898076
473.2443078672951,2.8665349851168367,0.08485467570575238
474.9646749361857,2.893130714491794,0.12541011317180967
476.6850420050762,2.919755146843248,0.13187745550953217
478.40540907396667,2.9464100027940257,0.110420316715318
480.12577614285715,2.9720518763268062,0.03225148498604528
481.84614321174763,2.9663452489236386,0.10482225351260553
483.5665102806381,2.9572438024057677,0.13080118452491532
485.2868773495287,2.948175199489257,0.12796104714847503
487.0072444184192,2.939138856384816,0.09371634893915402
488.7276114873097,2.9353718988251716,0.057508877605658586
490.44797855620016,2.9450131676489564,0.11788016585385774
492.16834562509064,2.954691417567372,0.1328073198290049
493.8887126939811,2.9644023484311903,0.12052575318487167
495.6090797628717,2.974146584833737,0.0675347941802447
497.3294468317622,2.9786821013836375,0.08819305977684737
499.0498139006527,2.9801535610964693,0.12642550409224618
500.77018096954316,2.981659346678886,0.13166979319570274
502.49054803843364,2.9831995542772036,0.10880691445022307
504.2109151073241,2.980979035949706,0.029994505249741912
505.9312821762147,2.9042815720067354,0.09389150451903286
507.6516492451052,2.821803109241512,0.08139763977211953
509.3720163139957,2.8059708804964645,0.06770569219741414
511.09238338288617,2.8874848150372303,0.080097092602409
512.8127504517767,2.935402454572764,0.05998325615241303
514.5331175206671,2.9130527417320424,0.09730211157829213
516.2534845895576,2.890753722350074,0.05553442594179763
517.9738516584482,2.9364821128598964,0.08359494936372013
519.6942187273387,3.004477261198379,0.05958502169399048
521.4145857962292,3.0690064525950094,0.08406824938100946
523.1349528651197,3.131859106142575,0.09329964028278756
524.8553199340101,3.1860692429231436,0.040706424619144574
526.5756870029006,3.1749563494311746,0.08687869076788297
528.2960540717912,3.168679191699259,0.030663468319413363
530.0164211406817,3.2410907744562367,0.09516766675591935
531.7367882095722,3.317766554171155,0.08055427609078064
533.4571552784627,3.3698523388568136,0.0721775426422398
535.1775223473531,3.3917374613315348,0.0795813292563698
536.8978894162436,3.4171012508129452,0.06570721449391015
538.6182564851342,3.448446419753755,0.09811044560815517
540.3386235540247,3.4796675057272752,0.054056379619482106
542.0589906229152,3.4118251459476996,0.10140580676446437
543.7793576918057,3.318414428154836,0.1308857293429458
545.4997247606962,3.2250598869153793,0.1314093330929749
547.2200918295866,3.1317554912099483,0.10341754755884452
548.9404588984772,3.0590732753867345,0.04611525841018856
550.6608259673677,3.101500901626605,0.11516454264170281
552.3811930362582,3.144897639717752,0.13370430480139847
554.1015601051487,3.1883393417804244,0.1255537823119262
555.8219271740392,3.231828820418042,0.08320492294362852
557.5422942429296,3.2348514909085226,0.08192545897751312
559.2626613118201,3.195987696324896,0.12517001603660113
560.9830283807107,3.1571721671872455,0.13377175492221507
562.7033954496012,3.118402399682741,0.11573419911120322
564.4237625184917,3.079901941812854,0.04804091780312004
566.1441295873822,3.0811093159624052,0.10250350209578414
567.8644966562726,3.0902882146158577,0.1309994244116252
569.5848637251631,3.099508552443642,0.13067581664390268
571.3052307940537,3.108770926038365,0.10125663350180733
573.0255978629442,3.106876986730275,0.05108393988231598
574.7459649318347,3.0570959578002332,0.11650844011742731
576.4663320007252,3.0072043275133113,0.13364845291004754
578.1866990696157,2.9573487670241834,0.12408733105921428
579.9070661385061,2.9075260603981734,0.07861838267890509
581.6274332073967,2.9044749544909836,0.08377965204970046
583.3478002762872,2.9422598100973234,0.12560782407557666
585.0681673451777,2.9800765395552107,0.13335110834786032
586.7885344140682,3.017927589942812,0.11417147666940093
588.5089014829587,3.0552032687734867,0.04315918040082467
590.2292685518491,3.0437023130720364,0.10450548864492973
591.9496356207397,3.0248945318374725,0.13145876183789817
593.6700026896302,3.0061239635508814,0.12998583129071428
595.3903697585207,2.987389398144548,0.09882321899541174
597.1107368274112,2.9731292062634767,0.055644921232097355
598.8311038963017,2.9737984130432595,0.11773045500246365
600.5514709651922,2.9745126464374794,0.13374157941475834
602.2718380340826,2.975260842879476,0.12312303565229425
603.9922051029732,2.9760430457914255,0.07534700227260101
605.7125721718637,2.988831711629456,0.08387775107753927
607.4329392407542,3.010453428621422,0.11100509914272855
609.1533063096447,3.0321114284454227,0.0894595935530384
610.8736733785352,2.9595256143726276,0.06553388017093748
612.5940404474256,2.7339960005094257,0.03443491506233868
614.3144075163162,2.689414935177301,0.09926931838875064
616.0347745852067,2.6646614578053205,0.10853166670507698
617.7551416540972,2.6399219228548576,0.06335305254958082
619.4755087229877,2.540672519174298,0.07213822710390895
621.1958757918782,2.456521407501687,0.05696687037920363
622.9162428607686,2.489730313278071,0.10750344954789659
624.6366099296592,2.52294622569993,0.10070469157865203
626.3569769985497,2.5536236468648186,0.038371285877020496
628.0773440674402,2.5571548033617306,0.06169088015261124
629.7977111363307,2.5641582287147147,0.08534073733830119
631.5180782052212,2.5735713857270115,0.11044574540477702
633.2384452741117,2.582992599230157,0.08606995378541417
634.9588123430023,2.5986939636598736,0.06633105111539549
636.6791794118927,2.6224427435293736,0.030797838572464042
638.3995464807832,2.6278885070584765,0.10048264634035237
640.1199135496737,2.631944755548365,0.10792195809202343
641.8402806185642,2.6360128353536227,0.059153346657477096
643.5606476874547,2.5137343104712686,0.07186368767208427
645.2810147563451,2.387938583038694,0.06143587541588692
647.0013818252357,2.339307766631795,0.10798169072948936
648.7217488941262,2.290669875232614,0.09891112374406995
650.4421159630167,2.234273899943294,0.03999750784641405
652.1624830319072,2.119779403097124,0.05735894159452093
653.8828501007977,2.120274083759303,0.0866553273552465
655.6032171696882,2.1797785227808975,0.10988487204047885
657.3235842385787,2.239265579457009,0.08274278110532127
659.0439513074692,2.26314108625179,0.06720585802651849
660.7643183763597,2.2476096310174585,0.027301322165381673
662.4846854452502,2.271609013022844,0.1012249408042784
664.2050525141407,2.2976091640117504,0.10671706369677646
665.9254195830312,2.3235995453805005,0.052496844041714584
667.6457866519218,2.4053069519529844,0.07110364453247205
669.3661537208122,2.5028783380916737,0.06588869301797447
671.0865207897027,2.605106963465002,0.10883172444480603
672.8068878585932,2.707345685070057,0.09822617843917576
674.5272549274837,2.7849728397913553,0.0471595344296538
676.2476219963742,2.7286310305055084,0.05587813275694833
677.9679890652648,2.7146881017691387,0.0900828022589442
679.6883561341552,2.718605547962544,0.11041903305518593
681.4087232030457,2.722540423938743,0.08113120627431085
683.1290902719362,2.7167708015330563,0.06966843180156732
684.8494573408267,2.707076542696176,0.03360944534076147
686.5698244097172,2.760978715030153,0.10330406330807432
688.2901914786077,2.8169195416282777,0.10690423882832635
690.0105585474982,2.872871844390443,0.050582140035843604
691.7309256163887,2.9087918842948612,0.10527286393252139
693.4512926852792,2.9411836346048377,0.1325025280081416
695.1716597541697,2.9736071903567565,0.13197401408610837
696.8920268230602,3.0060646495606607,0.10326180880537737
698.6123938919507,3.0305577334090588,0.05799594976454315
700.3327609608413,3.0225706038144056,0.11884287400863497
702.0531280297317,3.014620538434035,0.135174759393513
703.7734950986222,3.0067070255761807,0.12573926545149078
705.4938621675127,2.9988295514988907,0.0820818762976156
707.2142292364032,2.947305318559974,0.08842450926275217
708.9345963052937,2.859338315057234,0.12755050055018968
710.6549633741843,2.771397830667934,0.13447480631274314
712.3753304430747,2.683478185858829,0.11516246229410086
714.0956975119652,2.596088317771607,0.04440530769973005
715.8160645808557,2.590317216085414,0.10159929619442766
717.5364316497462,2.595028032854768,0.11524397264827266
719.2567987186367,2.5997482962339875,0.08575310446541382
720.9771657875273,2.6252675523679345,0.05461946591466963
722.6975328564178,2.661996758169484,0.05975330142030161
724.4178999253082,2.6164519336541803,0.11107630477948834
726.1382669941987,2.5709179371293276,0.11048383191098807
727.8586340630892,2.525394429280891,0.05639389701151577
729.5790011319797,2.494875592289344,0.0599577341407569
731.2993682008702,2.5124347236813707,0.08703933819808353
733.0197352697608,2.5593708602492073,0.11530603454729586
734.7401023386512,2.6063141387438096,0.10058325727099074
736.4604694075417,2.6459968766071045,0.027559544019013275
738.1808364764322,2.6138358225448046,0.03770520109271321
739.9012035453227,2.665491798576565,0.1030036926422471
741.6215706142132,2.724927229852658,0.11504740105155609
743.3419376831038,2.784380497660753,0.08357905953702101
745.0623047519942,2.884943603155837,0.05763815652876684
746.7826718208847,2.991492076630931,0.0658718259308998
748.5030388897752,2.957395710375221,0.11245877382366008
750.2234059586657,2.9233321995347312,0.11014193664779759
751.9437730275562,2.8894287373107135,0.053100782456422524
753.6641400964468,2.958532826046839,0.06017991961098208
755.3845071653373,2.979620323114834,0.09068958295611707
757.1048742342277,2.952084548708311,0.11604838701011316
758.8252413031182,2.92458128355634,0.09942833158652765
760.5456083720087,2.894734924717338,0.03273625016041416
762.2659754408992,2.848264623770871,0.03827940224202566
763.9863425097898,2.827069781867512,0.10477922532343907
765.7067095786803,2.8074216988852543,0.11478525461362477
767.4270766475707,2.787796782107013,0.08073456460180617
769.1474437164612,2.8247516300032105,0.059234949641334085
770.8678107853517,2.88042774214819,0.06914578798318391
772.5881778542422,2.8276525388213942,0.11290393787086876
774.3085449231327,2.774901809433712,0.10889087950603965
776.0289119920233,2.7223680197497844,0.04696026315830241
777.7492790609138,2.7190965087704173,0.057643924857084645
779.4696461298042,2.705554376526348,0.09212711350181119
781.1900131986947,2.680541993642792,0.11576090673552358
782.9103802675852,2.6555445794550048,0.09712075081754079
784.6307473364757,2.631911226392945,0.034912984612370836
786.3511144053663,2.6153214142126915,0.036647367062053966
788.0714814742568,2.590040600986108,0.10557948043621447
789.7918485431472,2.5644530952750957,0.11395934609813371
791.5122156120377,2.5388730590691617,0.07693079506751622
793.2325826809282,2.5224205325180273,0.0762619992442606
794.9529497498187,2.515613606882437,0.1227688542835191
796.6733168187093,2.508810996725697,0.13200421354988995
798.3936838875998,2.5020122581058333,0.11346921609444754
800.1140509564902,2.4954300337485593,0.040602265103396255
801.8344180253807,2.5126029241742183,0.09916605067764277
803.5547850942712,2.534816923694671,0.1291889452738239
805.2751521631617,2.557036478239252,0.12903475887840365
806.9955192320523,2.5792630235907845,0.09856191745184552
808.7158863009428,2.6074018019303695,0.04316565322633335
810.4362533698333,2.661079972497377,0.11415952452127537
812.1566204387237,2.7149487896254785,0.13224638405182554
813.8769875076142,2.7688347987465542,0.12272850884689784
815.5973545765047,2.822741480864786,0.07583740683530175
817.3177216453952,2.859628637630121,0.08046310359949212
819.0380887142858,2.8813477713761673,0.12414304098298541
820.7584557831763,2.9030948486175463,0.1322319933131797
822.4788228520667,2.9248712684140417,0.1126776962840327
824.1991899209572,2.946226017319927,0.03853535965797535
825.9195569898477,2.94077207147484,0.10223965876445879
827.6399240587383,2.9309764527419846,0.13020115630444182
829.3602911276288,2.9212119823761187,0.12882745001743198
831.0806581965193,2.9114780270611265,0.09687810999925604
832.8010252654097,2.899945320959369,0.05023868689462322
834.5213923343002,2.8821909615385026,0.11597363663221763
836.2417594031907,2.8644470906833,0.1325644358411591
837.9621264720812,2.846730071869339,0.12177707493575772
839.6824935409717,2.8290387557992362,0.07223679376118647
841.4028606098622,2.809715606336458,0.0836938902817907
843.1232276787526,2.7891722433955524,0.12501899502726393
844.8435947476434,2.768650869789597,0.1318302296304702
846.5639618165338,2.748150156459528,0.11069552990303468
848.2843288854243,2.7277772254370953,0.03195536926860876
850.0046959543148,2.711252448854478,0.10376335865956206
851.7250630232053,2.6952112514478985,0.13038374443072068
853.4454300920958,2.679185970739991,0.1278676514955104
855.1657971609862,2.6631755717827135,0.09390054923588223
856.8861642298767,2.6403931394228204,0.054297492237352564
858.6065312987672,2.5989812270780073,0.1169303806332369
860.3268983676577,2.557565466369536,0.13234232650544295
862.0472654365482,2.5161567298484373,0.12024332218784886
863.7676325054387,2.4747523419385447,0.06711050306068304
865.4879995743291,2.427317565899206,0.07993575697609524
867.2083666432198,2.376084372549365,0.09323339431591776
868.9287337121103,2.3314734033589213,0.029630892947731434
870.6491007810008,2.365849201308671,0.08579003892487094
872.3694678498913,2.3960361378448427,0.024872854126686352
874.0898349187818,2.2695365154451475,0.0925643317200345
875.8102019876723,2.129220819825126,0.0805398024570777
877.5305690565627,2.0834369632473697,0.06445815881583225
879.2509361254532,2.184575512307135,0.07927510124638645
880.9713031943437,2.231325839172851,0.05584856002173495
882.6916702632342,2.1563316724689523,0.09612271213865296
884.4120373321247,2.081323708318039,0.053152172589673384
886.1324044010152,2.1108629410269986,0.08152221760860887
887.8527714699059,2.1773262316672346,0.05822957286998162
889.5731385387963,2.1579141003300313,0.08162189601835267
891.2935056076868,2.0935017663168454,0.09177785621800595
893.0138726765773,2.041636883818817,0.030520087190716333
894.7342397454678,2.0955522149696018,0.08520194071208345
896.4546068143583,2.14279966568363,0.02115124995791842
898.1749738832488,2.0559107878294265,0.09314809377051853
899.8953409521392,1.9607703218060353,0.07790309492432057
901.6157080210297,1.9361566057776818,0.07288503993676476
903.3360750899202,2.0035161400059307,0.12202444759167037
905.0564421588107,2.0708469076338067,0.13272570495060662
906.7768092277012,2.138153254074253,0.11615237567022259
908.4971762965916,2.205425324734578,0.05041473033646415
910.2175433654824,2.2602327585964526,0.09770668884664546
911.9379104343728,2.3115260354859073,0.12922484661026695
913.6582775032633,2.3628104421543545,0.1304872721559258
915.3786445721538,2.414089291165987,0.10261716904557794
917.0990116410443,2.4624679354585988,0.039700477430043686
918.8193787099348,2.4929378625516323,0.11345044557960951
920.5397457788252,2.5232220369654597,0.13278933505507562
922.2601128477157,2.5535110168597024,0.12484765882572034
923.9804799166062,2.5838067589224734,0.08205038762612606
925.7008469854967,2.6092543598577373,0.07842992936162381
927.4212140543872,2.6293773859924316,0.12384669120099949
929.1415811232777,2.649512074033642,0.13314960292810948
930.8619481921684,2.669659729562569,0.11543098875868771
932.5823152610589,2.6895318309197433,0.047163624663294136
934.3026823299493,2.6382030715584515,0.1007687087653085
936.0230493988398,2.5712664865202397,0.13014454599552844
937.7434164677303,2.5043378090504502,0.1300610368968553
939.4637835366208,2.4374127172513687,0.10044470457270135
941.1841506055113,2.4017034303250595,0.04487762977000247
942.9045176744017,2.5122334136511286,0.11492109731442801
944.6248847432922,2.6234279600789785,0.13311368049462224
946.3452518121827,2.734633787298656,0.1242540268925934
948.0656188810732,2.8458580775925535,0.07978535676070787
949.7859859499637,2.894931234763882,0.08270744956010519
951.5063530188542,2.8864213185821272,0.12524599893038155
953.2267200877449,2.877939673921756,0.13330259489971408
954.9470871566353,2.869485748711731,0.11441208492015902
956.6674542255258,2.861541002473868,0.04358713144947823
958.3878212944163,2.9030501488471794,0.10345822376995288
960.1081883633068,2.9528303521942183,0.13117822974976587
961.8285554321973,3.0026431172068095,0.1302433961449273
963.5489225010878,3.052491656888237,0.09985180963497539
965.2692895699782,3.1025550554541725,0.05366095012897755
966.9896566388687,3.1533014876244048,0.10763127511877761
968.7100237077592,3.204094291087281,0.10375278459181397
970.4303907766497,3.2485868287019875,0.042113840851323164
972.1507578455402,3.173866407833935,0.06659667588623289
973.8711249144309,3.165481859868369,0.08342102640857135
975.5914919833214,3.212577048157983,0.1112681195916631
977.3118590522118,3.259721575836539,0.09080433443359529
979.0322261211023,3.2562958573470366,0.06564841025439544
980.7525931899928,3.1656158411154776,0.0386702024889032
982.4729602588833,3.214797915832121,0.09964090225144455
984.1933273277738,3.281209856444467,0.10970859678668435
985.9136943966643,3.347675571744362,0.06776045176556811
987.6340614655547,3.2364461797438056,0.07380342015813963
989.3544285344452,3.0983259220061,0.058372211219560696
991.0747956033357,3.094939413113587,0.1082788194254515
992.7951626722262,3.0916154281046717,0.1023161392203471
994.5155297411167,3.0888553305482427,0.04196714246097523
996.2358968100074,3.092516612344924,0.06432579457712566
997.9562638788979,3.1333055217439663,0.08592002528988997
999.6766309477883,3.1983572928702086,0.11133581423452045
1001.3969980166788,3.263457485381781,0.08859861931749546
1003.1173650855693,3.2997987531511237,0.06768559657954049
1004.8377321544598,3.294058090138434,0.03715249633713517
1006.5580992233503,3.3071885106038783,0.10128172516292562
1008.2784662922408,3.322014098985691,0.10916232315331865
1009.9988333611312,3.3368960980422573,0.06351067257950872
1011.7192004300217,3.32143552417729,0.07381250530211332
1013.4395674989122,3.2993990982943524,0.06372976430482209
1015.1599345678027,3.285612238381538,0.10922436261909776
1016.8803016366934,3.271879431560973,0.10131500128036
1018.6006687055839,3.2489581026446084,0.0452566231430032
1020.3210357744744,3.1480562381559887,0.06179192457455485
1022.0414028433648,3.170073756151816,0.08825093237641626
1023.7617699122553,3.2596607399150566,0.11139096372407942
1025.4821369811457,3.3493001027719265,0.08646384717988218
1027.2025040500362,3.3054581698914154,0.06949068194932333
1028.9228711189267,3.1108649222001654,0.035247878369448135
1030.6432381878171,3.215099893374922,0.1024545193321598
1032.3636052567076,3.3370289324883826,0.10867296546257305
1034.083972325598,3.459015351785948,0.05991336286733948
1035.8043393944886,3.3605307802759645,0.07351346298931133
1037.524706463379,3.2823096914496324,0.06758274605536532
1039.24507353227,3.3543225099214604,0.10986612915028915
1040.9654406011605,3.426393826470174,0.10031786965169098
1042.685807670051,3.4840251757743514,0.050011234997813424
1044.4061747389414,3.45372173827129,0.060082373279910756
1046.126541807832,3.5006339255263557,0.09131232543932882
1047.8469088767224,3.5824789495198397,0.1120142933719205
1049.567275945613,3.66439720808754,0.08551392501470556
1051.2876430145034,3.7073322402793396,0.08711108071934398
1053.0080100833939,3.709299984928344,0.1277132428778149
1054.7283771522843,3.7113491559129885,0.13607006824878726
1056.4487442211748,3.7134798887137626,0.11917249361604094
1058.1691112900653,3.715691909533162,0.058062716975926805
1059.8894783589558,3.702692095608957,0.10652532416144685
1061.6098454278463,3.6867529059689454,0.1334208367807328
1063.3302124967367,3.6708936887602706,0.13315717665693583
1065.0505795656272,3.655113419199954,0.10553088907274231
1066.7709466345177,3.6480752180648386,0.05971292359339995
1068.4913137034082,3.679897134996158,0.11961931844824779
1070.2116807722987,3.7117985808570984,0.13614755636989168
1071.9320478411892,3.7437816205277104,0.12747098864690845
1073.6524149100796,3.7758483146861055,0.0862918176419375
1075.3727819789701,3.7557378237323222,0.08781379008854495
1077.0931490478606,3.689385371678754,0.11676488312842143
1078.813516116751,3.623113065506005,0.1043929628252231
1080.5338831856416,3.5659236443135365,0.03385457393431033
1082.2542502545325,3.6549980299842604,0.047790764211528704
1083.974617323423,3.5748788698265175,0.10294381412693523
1085.6949843923135,3.4690471242630254,0.1164519950820116
1087.415351461204,3.36328128521846,0.08832801579886983
1089.1357185300944,3.3083558775868243,0.05595072283894731
1090.856085598985,3.310861803301724,0.06122151315813783
1092.5764526678754,3.177276428934097,0.11171231545307755
1094.2968197367659,3.0437381123499607,0.1114050267482311
1096.0171868056564,2.9102404372222077,0.059526524021346214
1097.7375538745468,2.820000212212922,0.06107960223063266
1099.4579209434373,2.778235581106231,0.08682969263240953
1101.1782880123278,2.758243936150131,0.11546377120972444
1102.8986550812183,2.7382722790122935,0.10127772068889265
1104.6190221501088,2.720102584905079,0.027230700223583794
1106.3393892189993,2.7219458427835805,0.03920581717723484
1108.0597562878897,2.7058783414154783,0.10263403652155728
1109.7801233567802,2.687904970304097,0.11511209248762894
1111.5004904256707,2.6699470442003603,0.084198354697189
1113.2208574945612,2.64830911265332,0.056322004599418066
1114.9412245634517,2.647198604000679,0.06272676650640245
1116.6615916323422,2.7183020569693968,0.11169703100880467
1118.3819587012326,2.789422917199137,0.1101992323510441
1120.1023257701231,2.860574351923849,0.0543446013828665
1121.8226928390136,2.943548726884951,0.06035609557564943
1123.5430599079045,2.922765395940959,0.08966285468650508
1125.263426976795,2.834387435194171,0.11580509075007864
1126.9837940456855,2.7460343827108344,0.09965279249723236
1128.704161114576,2.6760390617879084,0.029865288900204467
1130.4245281834665,2.7538334736722865,0.03829374417820452
1132.144895252357,2.737959510055272,0.10424439512374362
1133.8652623212474,2.7153391574349746,0.11483561005607512
1135.585629390138,2.6927360195073264,0.08149898105831573
1137.3059964590284,2.707014267099299,0.05843411425157845
1139.0263635279189,2.75463462919556,0.06757139648377808
1140.7467305968094,2.7671733557363813,0.11261084174912032
1142.4670976656998,2.7797326472352326,0.10925330639097325
1144.1874647345903,2.792255791711164,0.04895029007778481
1145.9078318034808,2.7842576164233153,0.058446391637257726
1147.6281988723713,2.7855117280629687,0.09152449786996723
1149.3485659412618,2.794721623542231,0.11587102201852725
1151.0689330101523,2.803953863443774,0.09805888346274301
1152.7893000790427,2.8097276614944198,0.03693855946092354
1154.5096671479332,2.794157968465604,0.1123437607920572
1156.2300342168237,2.778250396304757,0.13207318406084997
1157.9504012857142,2.7623641067717566,0.12405215373607881
1159.6707683546047,2.746498070063404,0.08035808855602823
1161.3911354234951,2.7518048326252282,0.0757410327264389
1163.1115024923856,2.78085904041484,0.12273588794777476
1164.831869561276,2.8099346986883473,0.13234692219319316
1166.552236630167,2.839033684634372,0.11442100526646536
1168.2726036990575,2.867950368040603,0.04431801027341509
1169.992970767948,2.8669541497772935,0.09896357422186518
1171.7133378368385,2.8590610977570092,0.12928674697266634
1173.433704905729,2.851194548092735,0.12948285276128096
1175.1540719746195,2.8433539884745995,0.09972983899369135
1176.87443904351,2.8303551932559996,0.04240044636872054
1178.5948061124004,2.792937012708447,0.11389588544475956
1180.315173181291,2.755321774632108,0.13226390766950824
1182.0355402501814,2.7177263352553505,0.12303361153224326
1183.7559073190719,2.6801482679702566,0.0768260935735067
1185.4762743879623,2.661084693786977,0.07905192515154379
1187.1966414568528,2.6595385983670994,0.12363754605526064
1188.9170085257433,2.658006115588627,0.13204951772383614
1190.6373755946338,2.6564871462607638,0.11270430200565709
1192.3577426635243,2.6554552165293783,0.03791490300032424
1194.0781097324148,2.6889232512094594,0.10086022061594979
1195.7984768013052,2.7285848980608822,0.1297303772582264
1197.5188438701957,2.768264618866782,0.12888247810736528
1199.2392109390862,2.8079649740319645,0.09754432108696277
1200.9595780079767,2.841365802016667,0.04805766816532194
1202.6799450768672,2.851377908643297,0.115426340099683
1204.4003121457577,2.8613228876973613,0.13253746468015076
1206.1206792146481,2.8712945133801844,0.12224663336424942
1207.8410462835386,2.8812934316910983,0.07386976317168358
1209.5614133524296,2.886686538996467,0.08288108930119371
1211.28178042132,2.8884127381031304,0.12483586402835775
1213.0021474902105,2.890167335629945,0.13203873181778567
1214.722514559101,2.89195044504487,0.1114470921645536
1216.4428816279915,2.894876287674874,0.034386527317825426
1218.163248696882,2.9445242942478878,0.10331646294779474
1219.8836157657724,3.000522761811564,0.13048168461771603
1221.603982834663,3.0565568728985824,0.1285492592815426
1223.3243499035534,3.1126302426267074,0.09577310837164511
1225.044716972444,3.1650819189307864,0.053078013316052455
1226.7650840413344,3.206732436493989,0.09766521322968472
1228.4854511102249,3.248418281828359,0.06424990018969129
1230.2058181791153,3.231784768252254,0.08228058353574175
1231.9261852480058,3.187943719156399,0.06619769042286251
1233.6465523168963,3.1427510651593957,0.0808476327703025
1235.3669193857868,3.096665863005377,0.09476867020798346
1237.0872864546773,3.0538578253519075,0.03513623650069541
1238.8076535235678,3.055091969392393,0.08700392530815904
1240.5280205924582,3.0591889803864953,0.031876883456375765
1242.2483876613487,3.0900965218173333,0.09353021859570697
1243.9687547302392,3.123697840470286,0.08371762092797727
1245.6891217991297,3.150927248457953,0.06681922345355223
1247.4094888680202,3.1675858060407878,0.08167985210214654
1249.1298559369106,3.1785735447800967,0.05793112509270446
1250.8502230058011,3.175880353828086,0.09765544642937687
1252.570590074692,3.1732313206987444,0.059490586827023954
1254.2909571435825,3.1494713412621413,0.0831617381840837
1256.011324212473,3.1176974803547095,0.0625028325937222
1257.7316912813635,3.0382469579516105,0.08274127489547294
1259.452058350254,2.932150722330232,0.09352505662066037
1261.1724254191445,2.836501904707049,0.03640814617091994
1262.892792488035,2.8394062802403797,0.11198023111681767
1264.6131595569254,2.8447682277545345,0.13285885058379995
1266.333526625816,2.8501557533634037,0.12646237657509277
1268.0538936947064,2.855569205080692,0.08696504514005092
1269.7742607635969,2.853219070657792,0.07459684144299562
1271.4946278324874,2.840101701409666,0.12283600729771268
1273.2149949013778,2.8270096071901767,0.13357027228290916
1274.9353619702683,2.81394194608328,0.11756869827998222
1276.6557290391588,2.8009191286575676,0.05518879273005264
1278.3760961080493,2.8226992647579063,0.09814285755899077
1280.0964631769398,2.8551214174782755,0.12968339477696522
1281.8168302458303,2.887569815794942,0.13129395146901038
1283.5371973147207,2.9200465588662423,0.10436994561067023
1285.2575643836112,2.945848700734409,0.04156247292777506
1286.9779314525017,2.9257089576955684,0.11375249267447334
1288.6982985213922,2.904981392336322,0.13320049841781545
1290.4186655902827,2.884283297884598,0.12562530782715606
1292.1390326591732,2.8636133342893695,0.08400689521911847
1293.8593997280636,2.8593427633989146,0.07816407000452394
1295.5797667969546,2.8741879700935433,0.12389874540220096
1297.300133865845,2.8890606588397114,0.133516388705475
1299.0205009347355,2.90396178562806,0.11635051563160786
1300.740868003626,2.918871912856205,0.05049395677439435
1302.4612350725165,2.9264645681576242,0.1005938427856934
1304.181602141407,2.9323255409472724,0.1303730939279995
1305.9019692102975,2.9382177485845924,0.13082576388069053
1307.622336279188,2.944141568198744,0.10234189028228656
1309.3427033480784,2.9383431117041026,0.04644365342005504
1311.063070416969,2.8721113209296645,0.1152116168964687
1312.7834374858594,2.805528892974169,0.13332278328956013
1314.5038045547499,2.738969508228281,0.12451445706279646
1316.2241716236404,2.672428866453985,0.08037279587593689
1317.9445386925308,2.6916445302478715,0.08102435404065086
1319.6649057614213,2.795185989236539,0.12472942468564462
1321.3852728303118,2.8987498202567297,0.13335023585031128
1323.1056398992023,3.0023427178672746,0.11506558526722475
1324.8260069680928,3.10475396968559,0.04601755676481617
1326.5463740369833,3.0427531634880447,0.09730171605983745
1328.2667411058737,2.950517662649683,0.10979224041850615
1329.9871081747642,2.85831457357746,0.07084197632691748
1331.7074752436547,2.8290402748898567,0.07265426503067052
1333.4278423125452,2.8491943292240576,0.050037277760880475
1335.1482093814357,2.9311347453020327,0.10682774636065222
1336.8685764503261,3.0132409290677318,0.10365154316832476
1338.588943519217,3.089576801361873,0.04032370215677724
1340.3093105881076,3.036498760081952,0.06682582291348498
1342.029677656998,3.0543715740204425,0.08213038241988403
1343.7500447258885,3.13615865200764,0.11109243808253885
1345.470411794779,3.2179901330103524,0.09144288430827564
1347.1907788636695,3.2300975637343194,0.0648013467227799
1348.91114593256,3.1111570597997487,0.040065572518628245
1350.6315130014505,3.0730468712241104,0.09908628339413962
1352.351880070341,3.046064806347913,0.10958359968375032
1354.0722471392314,3.0191213223986564,0.06791993419406467
1355.792614208122,3.0002315341386074,0.07325233389334787
1357.5129812770124,2.9975735047348353,0.055919354897815896
1359.2333483459029,3.0345207576404674,0.10785357431696088
1360.9537154147934,3.0715216387260993,0.10273236266408788
1362.6740824836838,3.0938866516596066,0.04161357511923647
1364.3944495525743,2.9097302859076644,0.0643113198346234
1366.1148166214648,2.8657844072342185,0.0842226330921822
1367.8351836903553,2.9234598026682397,0.11082955988488069
1369.5555507592458,2.9811658588802183,0.08851616613685075
1371.2759178281362,3.019511219977482,0.06602964177665056
1372.9962848970267,3.028148617575604,0.03639641876004878
1374.7166519659172,3.0689177197211093,0.10046579009547156
1376.4370190348077,3.1128955309974,0.10919963471490719
1378.1573861036982,3.156916239049303,0.06467911480580854
1379.8777531725887,3.1701647034964067,0.07359856122085931
1381.5981202414796,3.1794566930053305,0.06145701220900867
1383.31848731037,3.206661229157157,0.10880210494846054
1385.0388543792606,3.2339147899864615,0.10169338359577638
1386.759221448151,3.2540340017611564,0.04418839656289333
1388.4795885170415,3.2055588151435037,0.06293741618460179
1390.199955585932,3.257490094955842,0.08766389133769761
1391.9203226548225,3.368465401665337,0.11165712563404882
1393.640689723713,3.479500113111306,0.08797477553816177
1395.3610567926034,3.4818159667333815,0.06969922303844574
1397.081423861494,3.3477366330468667,0.03718209537301991
1398.8017909303844,3.3828210423395744,0.10237383237744671
1400.522157999275,3.4294725009415066,0.10905989811804605
1402.2425250681654,3.476187308594091,0.06169660521008145
1403.9628921370559,3.36556899108695,0.07361610545891517
1405.6832592059463,3.2672235528899156,0.06587185319217048
1407.4036262748368,3.286775217464931,0.10954407092577156
1409.1239933437273,3.3063810161577036,0.10065228801279513
1410.8443604126178,3.32345386920512,0.051248394202474186
1412.5647274815083,3.32301622656112,0.11710059020957181
1414.2850945503988,3.3225782825868064,0.13530831518403905
1416.0054616192892,3.3221967833754276,0.1277978288224917
1417.7258286881797,3.3218717068147585,0.08822625609791096
1419.4461957570702,3.334722295873129,0.08444009189942699
1421.1665628259607,3.362261502918826,0.12666032523344
1422.8869298948512,3.3898597200160454,0.1356054013992597
1424.607296963742,3.417518729505015,0.11903233200846691
1426.3276640326326,3.4452403195072216,0.0581494708567213
1428.048031101523,3.512852778588168,0.10517992648150251
1429.7683981704135,3.589260931894155,0.13302846248256137
1431.488765239304,3.6657427592370118,0.1334210869024308
1433.2091323081945,3.7423032019629536,0.10666155712406962
1434.929499377085,3.792160713629751,0.05847953747924184
1436.6498664459755,3.7092195040591927,0.1117254136545099
1438.370233514866,3.6263594626939044,0.11350126842784934
1440.0906005837564,3.5435754927858474,0.06796928115932828
1441.810967652647,3.5675563736213727,0.06406262020917527
1443.5313347215374,3.571643717103176,0.08581876854353847
1445.251701790428,3.499061472715117,0.11619544932522237
1446.9720688593184,3.426547076511807,0.10450256302159117
1448.6924359282089,3.364193626741268,0.032666829729837914
1450.4128029970993,3.49003561595583,0.04773435395918268
1452.1331700659898,3.423878643364735,0.10201123412659834
1453.8535371348803,3.3245345772845623,0.11630404378383215
1455.5739042037708,3.2252470827893704,0.08882789016157235
1457.2942712726613,3.1982711655025744,0.05461160143185872
1459.0146383415517,3.274130842251961,0.05956258463689952
1460.7350054104422,3.1824415569212485,0.11144255704519636
1462.4553724793327,3.0907996624009195,0.11179851408992927
1464.1757395482232,2.9991996964787893,0.06153237123511616
1465.8961066171137,2.983108439409576,0.06182409580624311
1467.6164736860046,2.9544939915802404,0.08648433839892078
1469.336840754895,2.8873344358753945,0.11558580227613835
1471.0572078237856,2.8202032089023996,0.10198547160218463
1472.777574892676,2.7701225445188724,0.027418079365821267
1474.4979419615665,2.9366689077228374,0.04179676224825938
1476.218309030457,2.9230989968144643,0.10258405780598234
1477.9386760993475,2.8874316424212134,0.1154671028819352
1479.659043168238,2.8517926207583146,0.08544830627576339
1481.3794102371285,2.839285416467967,0.055976869625035744
1483.099777306019,2.8468177037709177,0.06215110741664166
1484.8201443749094,2.797964710036177,0.11164715987233816
1486.5405114438,2.7491342684703186,0.11048522538959675
1488.2608785126904,2.70035770470965,0.05564403743978037
1489.9812455815809,2.7451819857128212,0.06027529088041549
1491.7016126504714,2.781368696605189,0.08838977155342924
1493.4219797193618,2.787412767303839,0.11562097448298032
1495.1423467882523,2.793478713604352,0.10029226213448693
1496.8627138571428,2.795803324460988,0.029215092000481467
1498.5830809260333,2.7643728278171613,0.038308843489273096
1500.3034479949238,2.7622237949813533,0.10368111649972703
1502.0238150638143,2.7625190004432953,0.11498318123651213
1503.7441821327047,2.762834472018114,0.08262312585878515
1505.4645492015952,2.765071441267934,0.05789359133581564
1507.1849162704857,2.7694602874786183,0.06596307788760934
1508.9052833393762,2.7725332938828773,0.1123036039347537
1510.6256504082671,2.7756272138660423,0.10957750340129421
1512.3460174771576,2.778717290770569,0.050782558672338565
1514.066384546048,2.7685167019527235,0.09569570992044439
1515.7867516149386,2.754126189733512,0.12837105093279014
1517.507118683829,2.739755397997368,0.13007893571243248
1519.2274857527195,2.7254033996046942,0.10238159677631713
1520.94785282161,2.717322619368751,0.0345826426240296
1522.6682198905005,2.751595523040611,0.1116901877893704
1524.388586959391,2.7867522442242185,0.13199185207162606
1526.1089540282815,2.821930794899677,0.1244760202291846
1527.829321097172,2.857133449968739,0.08180153867042937
1529.5496881660624,2.8853141744867195,0.07484200463904611
1531.270055234953,2.905130737203245,0.12253934373516484
1532.9904223038434,2.9249767786121126,0.1325481996092494
1534.7107893727339,2.9448535795455077,0.11515810349513314
1536.4311564416244,2.9646451081640484,0.04710138290499768
1538.1515235105148,2.961979613661744,0.09849372314866339
1539.8718905794053,2.953689420076767,0.12923252013544925
1541.5922576482958,2.945431842976469,0.12977676359125923
1543.3126247171863,2.937206346188278,0.10061780284889678
1545.0329917860768,2.9298031046275756,0.040917608047586665
1546.7533588549672,2.9265079136176366,0.11349727358383532
1548.4737259238577,2.9232899137530737,0.1323509559328283
1550.1940929927482,2.920102564578575,0.12365334355315807
1551.9144600616387,2.916945661236503,0.07874755374218967
1553.6348271305296,2.923586239240869,0.07858758841250063
1555.35519419942,2.9400644720821267,0.12361662129021417
1557.0755612683106,2.956574440978673,0.13238557866945422
1558.795928337201,2.973117208389998,0.11362748921868607
1560.5162954060916,2.9895273063264822,0.041433171198241296
1562.236662474982,2.990853106109354,0.1005906059346704
1563.9570295438725,2.98924512773904,0.12977465870548072
1565.677396612763,2.987672059763511,0.1292524591133635
1567.3977636816535,2.9861338042226997,0.0985527446703525
1569.118130750544,2.987942502623822,0.04670320776255448
1570.8384978194345,3.0031026282278868,0.11509709188906478
1572.558864888325,3.018370892312161,0.13265132299577953
1574.2792319572154,3.0336759509035485,0.12287029349671137
1575.999599026106,3.049018791346766,0.07582150950852974
1577.7199660949964,3.0564908575182494,0.0823785217167561
1579.4403331638869,3.0573049544369453,0.1247850964431386
1581.1607002327773,3.058158361098622,0.13233579428321487
1582.8810673016678,3.0590511307687343,0.11229892699437487
1584.6014343705583,3.0596771627869543,0.03729729081170368
1586.3218014394488,3.044958483073132,0.0919412060757779
1588.0421685083393,3.027974799998213,0.0858649598756114
1589.7625355772298,3.026934173971308,0.06163159183538533
1591.4829026461202,3.059835906102588,0.08308612058923304
1593.2032697150107,3.085054459731025,0.05109505766193322
1594.9236367839012,3.0856393074241115,0.0973594034498552
1596.6440038527921,3.08621626203499,0.06458805925203395
1598.3643709216826,3.08970354020485,0.08128146084538122
1600.084737990573,3.094665750903714,0.06678597654627896
1601.8051050594636,3.109410728133113,0.07971717734146372
1603.525472128354,3.1311370133962524,0.09504936533193127
1605.2458391972445,3.1521868109659703,0.03529109474043756
1606.966206266135,3.1620319622813815,0.08712882048830971
1608.6865733350255,3.1726278479444847,0.03355934373929891
1610.406940403916,3.2215004812297394,0.09333615074778177
1612.1273074728065,3.274662982299809,0.08465364388867298
1613.847674541697,3.3308908962643478,0.06610598267797423
1615.5680416105874,3.3924882493702233,0.08244000334535262
1617.288408679478,3.439209025239336,0.05703177499190354
1619.0087757483684,3.4474666018143894,0.09804577743195875
1620.729142817259,3.4557729603564935,0.06239304043479051
1622.4495098861494,3.44932134091881,0.09658261279364289
1624.1698769550399,3.436860335973245,0.1296437541136
1625.8902440239303,3.4244631608185956,0.1326310815735925
1627.6106110928208,3.4121290104655855,0.10806898759863055
1629.3309781617113,3.403252493483177,0.040632186500269535
1631.0513452306018,3.4307150553219543,0.11264951522413938
1632.7717122994923,3.459320136669941,0.13358493212019007
1634.4920793683827,3.4879904974912295,0.12769877625723364
1636.2124464372732,3.5167279915851495,0.089864597557028
1637.9328135061637,3.5087165352889125,0.07574153078599598
1639.6531805750546,3.4465354706532416,0.12344068390720722
1641.3735476439451,3.3844188606315173,0.13428740606213313
1643.0939147128356,3.3223626911163633,0.11884450688527742
1644.814281781726,3.260376994668329,0.05929109185504113
1646.5346488506166,3.249558914029347,0.09843652677916762
1648.255015919507,3.255686583921432,0.13003237094070877
1649.9753829883975,3.2618663768450853,0.1319400981760535
1651.695750057288,3.268098694556853,0.1057789918642569
1653.4161171261785,3.2641923576670013,0.04247447270982531
1655.136484195069,3.1824805710900232,0.11376910380752214
1656.8568512639595,3.099502564232364,0.13336493831324653
1658.57721833285,3.0165665942192668,0.12603709658038612
1660.2975854017404,2.933667298214961,0.0850902251039168
1662.017952470631,2.89229610271709,0.07695760565984247
1663.7383195395214,2.9023215176254338,0.12354870963943654
1665.4586866084119,2.912376229717202,0.1335706641405854
1667.1790536773024,2.922460888779087,0.11684885571641082
1668.8994207461928,2.9325734684015217,0.05237612359114223
1670.6197878150833,2.941218241861134,0.09984797791045197
1672.3401548839738,2.949502690020563,0.13017456938023256
1674.0605219528643,2.9578194818998726,0.13100091652010395
1675.7808890217548,2.966169155471177,0.10303950343151262
1677.5012560906453,2.958762078402975,0.044592506521303886
1679.2216231595357,2.8618977859213377,0.11464772157813205
1680.9419902284262,2.7643113331591547,0.13315242154757587
1682.6623572973172,2.6667452614150617,0.12462348237877399
1684.3827243662076,2.569193265573902,0.08091889070801986
1686.1030914350981,2.5102108515089805,0.07687364672584365
1687.8234585039886,2.491470182009203,0.10993748338808551
1689.543825572879,2.4727322657564708,0.09241323744160058
1691.2641926417696,2.4292921844740816,0.05848748507522163
1692.98455971066,2.325300868564642,0.04052332076539401
1694.7049267795505,2.3244245472066174,0.09531190343651506
1696.425293848441,2.3444243469637085,0.10914610376990176
1698.1456609173315,2.3644174001080467,0.0705944092403497
1699.866027986222,2.403394943117374,0.07163758807125388
1701.5863950551125,2.4472389071886065,0.04617111900783182
1703.306762124003,2.4649662056756148,0.10589734087994752
1705.0271291928934,2.482608420609462,0.10316632981317471
1706.747496261784,2.496357881055638,0.03656645558776579
1708.4678633306744,2.4055475304702663,0.06586066165288001
1710.1882303995649,2.369271369849762,0.07945680149438017
1711.9085974684554,2.3861413415518884,0.10999522950373251
1713.6289645373458,2.403007263890628,0.09020367291319148
1715.3493316062363,2.398960143453798,0.06112398885936693
1717.0696986751268,2.353838716409192,0.036016331457578196
1718.7900657440173,2.416744839454812,0.09709511141307424
1720.5104328129078,2.4961377414094565,0.10888729415224853
1722.2307998817982,2.575533699554133,0.06747237536711377
1723.9511669506887,2.5804037897897887,0.07223612027720433
1725.6715340195797,2.566256816794035,0.052189184730920636
1727.3919010884701,2.60772898607241,0.10691296698982695
1729.1122681573606,2.6492567127039495,0.1022436972987188
1730.832635226251,2.677916738228636,0.037482571489366553
1732.5530022951416,2.4958577168146556,0.06382508578859922
1734.273369364032,2.3823224789558397,0.08217782481662816
1735.9937364329226,2.324763148401363,0.10999493106776209
1737.714103501813,2.267195802474541,0.0875949272528117
1739.4344705707035,2.2252618177106482,0.06303174824933856
1741.154837639594,2.211647428101309,0.030801082936648537
1742.8752047084845,2.287162834425131,0.0984279595336734
1744.595571777375,2.372586796313775,0.10820886905279599
1746.3159388462655,2.4580058318192695,0.06302328875896074
1748.036305915156,2.4345645953851944,0.07195285341253244
1749.7566729840464,2.3938788457109323,0.0565129352779881
1751.477040052937,2.4209991711380567,0.10738925649587462
1753.1974071218274,2.4481209071399963,0.10065066962835661
1754.9177741907179,2.470044630257205,0.037760868547523814
1756.6381412596083,2.435466248582352,0.06138991469874923
1758.3585083284988,2.425481065782516,0.08485991911041087
1760.0788753973893,2.4313544982716975,0.11022927598779135
1761.7992424662798,2.437226802119624,0.08578389614690163
1763.5196095351703,2.3870490702205744,0.06572463733376216
1765.2399766040608,2.2628457983199333,0.028104128900586108
1766.9603436729512,2.2659286229487865,0.09987568623972784
1768.6807107418422,2.278916007967161,0.10748185865016416
1770.4010778107327,2.2918924160120016,0.05796228916059337
1772.1214448796231,2.269613986045875,0.09955931648778454
1773.8418119485136,2.236370553829384,0.1304579974931417
1775.562179017404,2.2031133963772307,0.13201392521873295
1777.2825460862946,2.1698403624866467,0.1055335257491019
1779.002913155185,2.139691313252926,0.041776916913083176
1780.7232802240756,2.1334566654894633,0.11444147056165266
1782.443647292966,2.1273390830591206,0.13376711810414454
1784.1640143618565,2.1212007301382707,0.1264247121927302
1785.884381430747,2.115041210535699,0.08581989511642198
1787.6047484996375,2.118708273234991,0.07958249037938435
1789.325115568528,2.1340125409840605,0.12456150088462928
1791.0454826374184,2.14929646763139,0.13412402033199827
1792.765849706309,2.1645610449127357,0.11728200202343222
1794.4862167751994,2.1798072556978916,0.05302752893206134
1796.20658384409,2.184701901814071,0.09730637212120997
1797.9269509129804,2.1870827244806526,0.11511753178037974
1799.6473179818709,2.189446636218631,0.08983504927962344
1801.3676850507613,2.1475564138665817,0.046573328769560766
1803.0880521196518,2.012264174190978,0.045761548711472096
1804.8084191885423,2.0145922634953317,0.10840741321197062
1806.5287862574328,2.0169531354942576,0.1114946391043297
1808.2491533263233,2.019286104849458,0.06418853062703535
1809.9695203952137,1.8618318475436295,0.05986345204095532
1811.6898874641047,1.773788084726725,0.07988149411833183
1813.4102545329952,1.8531617687864914,0.11388854100537533
1815.1306216018857,1.9324969699650998,0.10272333335577759
1816.8509886707761,2.0030163820559244,0.021007983345088698
1818.5713557396666,1.8849021898676712,0.040670487011758016
1820.291722808557,1.8590095359694123,0.09847604544994348
1822.0120898774476,1.8525503178761875,0.11461468598802335
1823.732456946338,1.846052579591948,0.08694687144785167
1825.4528240152285,1.802073667259478,0.04940714961866122
1827.173191084119,1.7119113817882505,0.0504160255826527
1828.8935581530095,1.7683160971376841,0.10904367568138087
1830.6139252219,1.8246768481209044,0.11051941724509978
1832.3342922907905,1.8809972772881576,0.05927828028451373
1834.054659359681,1.7612510786398756,0.05917181571298659
1835.7750264285714,1.735157338074158,0.08254159855835468
1837.495393497462,1.8636960922684316,0.11422143293794783
1839.2157605663524,1.9921970441013381,0.10135225479221209
1840.9361276352429,2.108672717725308,0.020811030556333036
1842.6564947041334,2.0511464579881387,0.03729931187994668
1844.3768617730238,2.0949791485962743,0.10045923492231208
1846.0972288419143,2.1533409310751823,0.11466898248365735
1847.8175959108048,2.211683622973415,0.0850313619064266
1849.5379629796953,2.1869455840050387,0.053331050198283526
1851.2583300485862,2.0608904245020074,0.05713842197665148
1852.9786971174767,2.0903538941210584,0.11033741976750645
1854.6990641863672,2.119794204637693,0.11003807767358427
1856.4194312552577,2.149210454683552,0.055408313520470674
1858.1397983241482,2.160029101625458,0.059188703184194884
1859.8601653930386,2.204114075999043,0.08614858500607207
1861.5805324619291,2.2772846638715807,0.11491461975672451
1863.3008995308196,2.3504441681679147,0.10018770893768578
1865.02126659971,2.3958643336472027,0.024987473626470313
1866.7416336686006,2.160674023687476,0.03470234790164328
1868.462000737491,2.1358841597816447,0.10211391523675703
1870.1823678063815,2.1312966156659607,0.11436583966555292
1871.902734875272,2.1266885579085084,0.0822118363348096
1873.6231019441625,2.1284004803666603,0.06734068582343074
1875.343469013053,2.139637882919345,0.12016685636681483
1877.0638360819435,2.1508553107627666,0.13194662867278445
1878.784203150834,2.1620534885722,0.11595280837538292
1880.5045702197244,2.1732310355344993,0.05070607501492884
1882.224937288615,2.182598761728233,0.093750760315599
1883.9453043575054,2.1913376194019563,0.12756842616703656
1885.6656714263959,2.2000598420621893,0.12972069996904412
1887.3860384952868,2.208765992528148,0.10222826466708651
1889.1064055641773,2.2120602408730816,0.028991070347627185
1890.8267726330678,2.174893952038106,0.11034723276551174
1892.5471397019583,2.136721582089822,0.13128978913093767
1894.2675067708487,2.098529048394628,0.12393408189963731
1895.9878738397392,2.0603138841109923,0.08089481082743503
1897.7082409086297,2.0547894084813008,0.07115226036726333
1899.4286079775202,2.090602865201653,0.12119983254260804
1901.1489750464107,2.1263931785792964,0.131828535133882
1902.8693421153012,2.1621626609921556,0.11459244710322769
1904.5897091841916,2.1978083231817482,0.045142207587509996
1906.3100762530821,2.205733503822623,0.09624527023363372
1908.0304433219726,2.2060784383194836,0.12825090062708633
1909.750810390863,2.206407689159837,0.12925202771047442
1911.4711774597536,2.2067212796773754,0.10018282351387733
1913.191544528644,2.2174296672549705,0.03482498581646151
1914.9119115975345,2.286982482664844,0.11204317732209679
1916.632278666425,2.357356884308424,0.13170857212359594
1918.3526457353155,2.4277253753047985,0.12338607807754919
1920.073012804206,2.49809250304828,0.07863875531432933
1921.7933798730965,2.496089308349309,0.07605119793743706
1923.513746941987,2.4169740935659556,0.12263897278623978
1925.2341140108774,2.3378568211131032,0.13182066948855606
1926.954481079768,2.2587323780215476,0.11310836503073615
1928.6748481486584,2.1802059124936397,0.038854025908918434
1930.3952152175493,2.172028296226098,0.09843188395226796
1932.1155822864398,2.1789346664105063,0.12878452411406058
1933.8359493553303,2.18582359981383,0.12864512760919372
1935.5563164242208,2.192695540368544,0.09788346195382693
1937.2766834931112,2.19980449009795,0.04046394064493332
1938.9970505620017,2.2080066429736016,0.11347304139534956
1940.7174176308922,2.2162012104323656,0.13177004784345395
1942.4377846997827,2.224380749859959,0.12214737529111426
1944.1581517686732,2.232545789793229,0.07446748998286006
1945.8785188375637,2.1971538864046645,0.07428254396732079
1947.5988859064541,2.122609348705086,0.09440182744890908
1949.3192529753446,2.052456842594787,0.027161958572541302
1951.039620044235,2.10816697786085,0.08520088190214428
1952.7599871131256,2.172833038158765,0.03224695415242838
1954.480354182016,2.14654101115568,0.09007878514911451
1956.2007212509066,2.1052159320014088,0.08456027826647534
1957.921088319797,2.0954821432262953,0.05679644110342324
1959.6414553886875,2.157940520571069,0.08192164295032761
1961.361822457578,2.1908969782582135,0.04533637382743379
1963.0821895264685,2.1219612732875044,0.09590875630064824
1964.802556595359,2.0527043511019256,0.06214979624534251
1966.5229236642494,2.080647730105274,0.07864236032871448
1968.24329073314,2.1604645222997743,0.06548258033505823
1969.9636578020304,2.2073379829814996,0.07694185878789359
1971.684024870921,2.229272912975733,0.09390303964906402
1973.4043919398118,2.253350840439855,0.02751748933429335
1975.1247590087023,2.316342444199152,0.08566351619426976
1976.8451260775928,2.3763689737294094,0.02829058144302504
1978.5654931464833,2.2508137220161997,0.0914186928749456
1980.2858602153738,2.1023052217665485,0.08264328943155458
1982.0062272842642,2.010187681099449,0.06478364526806436
1983.7265943531547,2.0242095419798467,0.11975994009291598
1985.4469614220452,2.0382039700354353,0.13277043451127582
1987.1673284909357,2.0521718702787783,0.11855127489256587
1988.8876955598262,2.066114143926514,0.06017282827038952
1990.6080626287167,2.066893270433215,0.09217118539922602
1992.3284296976071,2.061868110339824,0.1275341060638616
1994.0487967664976,2.0568179544006764,0.13106723009846913
1995.769163835388,2.051742470536878,0.10600365688998911
1997.4895309042786,2.0475395821804367,0.027792394017403146
1999.209897973169,2.054208808378619,0.10954981303491661
2000.9302650420595,2.0612391638773646,0.13180151077745475
2002.65063211095,2.068244478700273,0.1260537556030777
2004.3709991798405,2.0752252061492236,0.08691669418956371
2006.091366248731,2.069056452330962,0.06918892506730691
2007.8117333176215,2.042290551646188,0.1209546126787833
2009.532100386512,2.0154983841928624,0.13271001106824085
2011.2524674554024,1.9886782244226167,0.11719071551873485
2012.972834524293,1.9618282355742744,0.05473734043628374
2014.6932015931834,1.933842178169277,0.09453576395606647
2016.4135686620743,1.9054284991507648,0.12810044448473143
2018.1339357309648,1.876979713199904,0.13042344574685835
2019.8543027998553,1.8484939853916673,0.10362827616531273
2021.5746698687458,1.8248994985837124,0.029508490037471732
2023.2950369376363,1.843414930522946,0.11082111965743387
2025.0154040065268,1.862768712620535,0.13187573909009373
2026.7357710754172,1.8820846315659372,0.12501655629814912
2028.4561381443077,1.9013639364841337,0.08363403303913546
2030.1765052131982,1.8894614471272275,0.07272542247205149
2031.8968722820887,1.8365723121216453,0.1218689867603673
2033.6172393509792,1.7836436231150996,0.13242326775321211
2035.3376064198696,1.7306719617704571,0.11550453037915777
2037.0579734887601,1.6777038323535658,0.04787664976000986
2038.7783405576506,1.671970393143094,0.09645230268947837
2040.498707626541,1.6796394282994767,0.12852502306392558
2042.2190746954316,1.6872587697438748,0.12979102305712575
2043.939441764322,1.6948289117962654,0.10141112124775928
2045.6598088332125,1.7010347848362235,0.034192633349030034
2047.380175902103,1.6989480353497468,0.10362818202586732
2049.1005429709935,1.696722958171354,0.10348203449728198
2050.820910039884,1.693946894432357,0.03442746268058183
2052.5412771087745,1.6568375444892984,0.06652650871537462
2054.261644177665,1.6549909818399504,0.07345981877659902
2055.9820112465554,1.6959014671611579,0.10883289788243151
2057.702378315446,1.7367633080042912,0.09168789828207252
2059.422745384337,1.7962028407738115,0.05502647414316293
2061.1431124532273,1.9049174857542068,0.04037673648363511
2062.863479522118,1.9434399748088707,0.09406637518859079
2064.5838465910083,1.9663503741680382,0.1088128570747341
2066.304213659899,1.9892296001826812,0.07070301918244759
2068.0245807287893,2.059008473762991,0.07078783789086565
2069.7449477976797,2.147525112292347,0.04261390249215981
2071.46531486657,2.1888877382655947,0.10521708590086772
2073.1856819354607,2.2300105446617424,0.10325211131397559
2074.906049004351,2.2670137622014037,0.03585102359684241
2076.6264160732417,2.1688898567472554,0.06602134054611003
2078.346783142132,2.1377127944961716,0.07790351979735136
2080.0671502110226,2.1773262495091634,0.10967369238995706
2081.787517279913,2.216922162635762,0.0905443244875093
2083.5078843488036,2.208821025562229,0.05954997717274882
2085.228251417694,2.098488428999162,0.0356697143804853
2086.9486184865846,2.1176915975833674,0.09595736170779919
2088.668985555475,2.1587746683469318,0.10860019804926557
2090.3893526243655,2.199838998215312,0.06765035246584712
2092.109719693256,2.177462288149969,0.07135799999271734
2093.8300867621465,2.1266829583779883,0.048019693640093064
2095.550453831037,2.0900666914401604,0.10594177229494862
2097.2708208999275,2.0534476773837698,0.10180418242785946
2098.991187968818,2.0146285689939027,0.033322109161496846
2100.7115550377084,1.9339995191867478,0.0633875966000015
2102.4319221065994,1.8970741727371658,0.08014005043654064
2104.15228917549,1.89587549029853,0.10947486993775937
2105.8726562443803,1.894641083923661,0.08772851092211614
2107.593023313271,1.8989935341793904,0.06136080688805524
2109.3133903821613,1.9142960716184154,0.030063833472035697
2111.0337574510518,1.9784491816287186,0.09740903400715986
2112.7541245199423,2.0486717566433006,0.10799077502249256
2114.4744915888327,2.11886847930092,0.06335341503355821
2116.194858657723,2.1699498288820145,0.07144341906054125
2117.9152257266137,2.188879815303567,0.05380248309717908
2119.635592795504,2.137087663930134,0.10676118726243676
2121.3559598643947,2.085262702626923,0.1004748157744748
2123.076326933285,2.0378934694385267,0.034028669824413924
2124.7966940021756,2.046248609439723,0.06127356988707798
2126.517061071066,2.0240747360309532,0.08313872441875568
2128.2374281399566,1.9809052870977935,0.10968038141551609
2129.957795208847,1.9377056083656337,0.08553933282202922
2131.6781622777376,1.9192023117353214,0.07423318213971597
2133.398529346628,1.9376735317486649,0.12292238325900144
2135.1188964155185,1.9561117287928873,0.13410755980592803
2136.839263484409,1.9745180936291842,0.11889526539419674
2138.5596305532995,1.9928938168074035,0.05968799989242313
2140.27999762219,1.973099156654504,0.09822213876282544
2142.0003646910804,1.9404281797104916,0.1299187344026301
2143.720731759971,1.9077243565733202,0.13184010425877074
2145.441098828862,1.8749855775878022,0.1056244533074221
2147.1614658977524,1.8467775922786922,0.03796541621730595
2148.881832966643,1.8577435651743714,0.11342219548313565
2150.6022000355333,1.8690219438046674,0.133413351640701
2152.322567104424,1.8802628630316178,0.12650149395795238
2154.0429341733143,1.8914670504921869,0.08645604037232162
2155.7633012422048,1.8965757933920298,0.07795648535918924
2157.4836683110952,1.8940319923109241,0.12400758372513286
2159.2040353799857,1.891452348078781,0.13398876464964682
2160.924402448876,1.8888366955033922,0.11748703653292716
2162.6447695177667,1.8861848641491523,0.054105938220006644
2164.365136586657,1.8769260731938902,0.10032505144028227
2166.0855036555477,1.8658896804977685,0.13048723228583478
2167.805870724438,1.854815627790277,0.13137658616624007
2169.5262377933286,1.8437031986014238,0.10374895150466583
2171.246604862219,1.8322212454069486,0.04364623175237861
2172.9669719311096,1.818663980960756,0.11500554164461463
2174.687339,1.8050626916850128,0.13362077297179764
