# time,flux,err
5.474873000000000320e+04,2.922629999999999839e+00,6.449983000000000244e-01
5.475772000000000116e+04,2.920307999999999904e+00,6.313265999999999600e-01
5.476669999999999709e+04,2.917980000000000018e+00,6.173157999999999701e-01
5.477569000000000233e+04,2.915645000000000042e+00,6.029421999999999837e-01
5.478468000000000029e+04,2.913302999999999976e+00,5.881790999999999547e-01
5.479366000000000349e+04,2.910954999999999959e+00,5.729963000000000140e-01
5.480265000000000146e+04,2.908599999999999852e+00,5.573593999999999493e-01
5.481163999999999942e+04,2.906238000000000099e+00,5.412287999999999544e-01
5.482062000000000262e+04,2.903869999999999951e+00,5.245589000000000501e-01
5.482961000000000058e+04,2.901495000000000157e+00,5.072963999999999807e-01
5.483859999999999854e+04,2.899112999999999829e+00,4.893784999999999941e-01
5.484758000000000175e+04,2.896723999999999855e+00,4.708839000000000219e-01
5.485656999999999971e+04,2.894327999999999790e+00,4.517825999999999786e-01
5.486555999999999767e+04,2.891926000000000219e+00,4.317124999999999990e-01
5.487454000000000087e+04,2.889517000000000113e+00,4.105308999999999764e-01
5.488352999999999884e+04,2.887100000000000222e+00,3.880546000000000273e-01
5.489251999999999680e+04,2.884676999999999936e+00,3.640431000000000084e-01
5.490150000000000000e+04,2.882247000000000003e+00,3.381681999999999744e-01
5.491048999999999796e+04,2.879809999999999981e+00,3.099624999999999742e-01
5.491948000000000320e+04,2.877365000000000173e+00,2.787180000000000213e-01
5.492845999999999913e+04,2.874913999999999970e+00,2.432649000000000061e-01
5.493744999999999709e+04,2.872454999999999981e+00,2.013909000000000116e-01
5.494643000000000029e+04,2.869990000000000041e+00,1.477305999999999897e-01
5.495541999999999825e+04,2.855140000000000011e+00,1.158076999999999995e-01
5.496441000000000349e+04,2.813762000000000096e+00,1.500570999999999988e-01
5.497338999999999942e+04,2.772375999999999951e+00,1.559888000000000108e-01
5.498237999999999738e+04,2.730983000000000160e+00,1.373233000000000092e-01
5.499137000000000262e+04,2.689581000000000000e+00,7.805375000000000507e-02
5.500034999999999854e+04,2.646628000000000203e+00,1.210439999999999988e-01
5.500933999999999651e+04,2.645553000000000043e+00,1.777102999999999877e-01
5.501833000000000175e+04,2.644468999999999959e+00,2.167405000000000026e-01
5.502730999999999767e+04,2.643377000000000088e+00,2.466560999999999892e-01
5.503630000000000291e+04,2.642275999999999847e+00,2.704999000000000153e-01
5.504529000000000087e+04,2.641166999999999820e+00,2.897760999999999809e-01
5.505426999999999680e+04,2.640048999999999868e+00,3.053521000000000152e-01
5.506326000000000204e+04,2.638923000000000130e+00,3.177734999999999865e-01
5.507225000000000000e+04,2.637788000000000022e+00,3.274003999999999803e-01
5.508123000000000320e+04,2.636643999999999988e+00,3.344747000000000137e-01
5.509022000000000116e+04,2.635492000000000168e+00,3.391566999999999776e-01
5.509920999999999913e+04,2.634332000000000118e+00,3.415449999999999875e-01
5.510819000000000233e+04,2.633162000000000003e+00,3.416879999999999917e-01
5.511718000000000029e+04,2.631984000000000101e+00,3.395885000000000153e-01
5.512616999999999825e+04,2.630797999999999970e+00,3.352041000000000048e-01
5.513515000000000146e+04,2.629602999999999913e+00,3.284431999999999907e-01
5.514413999999999942e+04,2.628398999999999930e+00,3.191543000000000019e-01
5.515312999999999738e+04,2.627187000000000161e+00,3.071073000000000275e-01
5.516211000000000058e+04,2.625966000000000022e+00,2.919602000000000031e-01
5.517109999999999854e+04,2.624735999999999958e+00,2.731968000000000174e-01
5.518008999999999651e+04,2.623496999999999968e+00,2.500027000000000221e-01
5.518906999999999971e+04,2.622250000000000192e+00,2.209852999999999956e-01
5.519805999999999767e+04,2.620995000000000186e+00,1.833985999999999950e-01
5.520705000000000291e+04,2.619730000000000114e+00,1.300076000000000009e-01
5.521602999999999884e+04,2.639243000000000006e+00,7.353756000000000181e-02
5.522501999999999680e+04,2.755717999999999890e+00,6.750209999999999544e-02
5.523400000000000000e+04,2.795326999999999895e+00,5.863196999999999853e-02
5.524298999999999796e+04,2.850998000000000143e+00,3.881555999999999895e-02
5.525198000000000320e+04,2.917629999999999946e+00,8.972488000000000685e-02
5.526095999999999913e+04,2.887637999999999927e+00,8.226031000000000315e-02
5.526994999999999709e+04,2.933189000000000046e+00,7.113199000000000605e-02
5.527894000000000233e+04,3.075327999999999840e+00,6.859764999999999613e-02
5.528791999999999825e+04,3.131733000000000100e+00,9.042137000000000091e-02
5.529691000000000349e+04,3.129464000000000024e+00,1.024981999999999976e-01
5.530590000000000146e+04,3.135170000000000012e+00,6.506884000000000279e-02
5.531487999999999738e+04,3.167034000000000127e+00,1.108057999999999960e-01
5.532387000000000262e+04,3.198892999999999986e+00,7.589808000000000665e-02
5.533286000000000058e+04,3.174892999999999965e+00,3.845563999999999927e-02
5.534183999999999651e+04,3.177728000000000108e+00,8.896521999999999764e-02
5.535083000000000175e+04,3.171978000000000186e+00,3.401102999999999765e-02
5.535981999999999971e+04,3.223685000000000134e+00,6.280818000000000512e-02
5.536880000000000291e+04,3.244556000000000218e+00,4.429087000000000302e-02
5.537779000000000087e+04,3.222558999999999951e+00,3.941225000000000284e-02
5.538677999999999884e+04,3.272854999999999848e+00,6.702518000000000364e-02
5.539576000000000204e+04,3.313137999999999916e+00,1.172453999999999996e-01
5.540475000000000000e+04,3.351230999999999849e+00,1.749342999999999870e-01
5.541373999999999796e+04,3.389320000000000110e+00,2.140197000000000072e-01
5.542272000000000116e+04,3.427404000000000117e+00,2.436284999999999978e-01
5.543170999999999913e+04,3.465485000000000149e+00,2.669348000000000276e-01
5.544069999999999709e+04,3.503562000000000065e+00,2.854875000000000052e-01
5.544968000000000029e+04,3.541634999999999867e+00,3.001707000000000125e-01
5.545866999999999825e+04,3.579705999999999833e+00,3.115329000000000015e-01
5.546766000000000349e+04,3.617773000000000128e+00,3.199288000000000132e-01
5.547663999999999942e+04,3.655838000000000143e+00,3.255885000000000029e-01
5.548562999999999738e+04,3.693900000000000183e+00,3.286537999999999959e-01
5.549462000000000262e+04,3.731959999999999944e+00,3.291973999999999734e-01
5.550359999999999854e+04,3.770017999999999869e+00,3.272319000000000200e-01
5.551258999999999651e+04,3.808075000000000099e+00,3.227112999999999787e-01
5.552158000000000175e+04,3.846128999999999909e+00,3.155254000000000114e-01
5.553055999999999767e+04,3.884183000000000163e+00,3.054858999999999769e-01
5.553955000000000291e+04,3.922235000000000138e+00,2.922980000000000023e-01
5.554852999999999884e+04,3.960285999999999973e+00,2.755090000000000039e-01
5.555751999999999680e+04,3.998336999999999808e+00,2.544058000000000153e-01
5.556651000000000204e+04,4.036387000000000391e+00,2.277907000000000126e-01
5.557548999999999796e+04,4.074437999999999782e+00,1.933993999999999991e-01
5.558448000000000320e+04,4.112487999999999921e+00,1.458267000000000035e-01
5.559347000000000116e+04,4.150538000000000061e+00,5.893922000000000050e-02
5.560244999999999709e+04,4.073888000000000176e+00,4.270891000000000270e-02
5.561144000000000233e+04,4.030403999999999876e+00,1.157297999999999938e-01
5.562043000000000029e+04,3.987728000000000161e+00,1.158504000000000062e-01
5.562941000000000349e+04,3.945052000000000003e+00,3.792024000000000089e-02
5.563840000000000146e+04,3.964789999999999814e+00,7.666589000000000043e-02
5.564738999999999942e+04,3.819636000000000031e+00,8.225728000000000206e-02
5.565637000000000262e+04,3.806858000000000075e+00,7.295387000000000399e-02
5.566536000000000058e+04,3.720053000000000054e+00,4.781480999999999926e-02
5.567434999999999854e+04,3.637096999999999802e+00,3.520079999999999737e-02
5.568333000000000175e+04,3.567956999999999823e+00,1.010413000000000006e-01
5.569231999999999971e+04,3.523457000000000061e+00,1.239847000000000032e-01
5.570130999999999767e+04,3.478953999999999880e+00,9.433940999999999855e-02
5.571029000000000087e+04,3.474034000000000066e+00,2.403508999999999854e-02
5.571927999999999884e+04,3.413911000000000140e+00,2.616604000000000152e-02
5.572826999999999680e+04,3.422960999999999920e+00,9.397121999999999420e-02
5.573725000000000000e+04,3.405837000000000003e+00,8.628339999999999621e-02
5.574623999999999796e+04,3.336727999999999916e+00,2.643449999999999966e-02
5.575523000000000320e+04,3.386703999999999937e+00,6.433292999999999651e-02
5.576420999999999913e+04,3.382131999999999916e+00,8.589676999999999729e-02
5.577319999999999709e+04,3.375748999999999889e+00,1.576151000000000080e-01
5.578219000000000233e+04,3.369362000000000190e+00,2.016894999999999938e-01
5.579116999999999825e+04,3.362970999999999933e+00,2.342812999999999979e-01
5.580016000000000349e+04,3.356574999999999864e+00,2.597512000000000154e-01
5.580915000000000146e+04,3.350175999999999821e+00,2.800505999999999829e-01
5.581812999999999738e+04,3.343771999999999966e+00,2.962455999999999978e-01
5.582712000000000262e+04,3.337362999999999857e+00,3.089832000000000134e-01
5.583611000000000058e+04,3.330950000000000077e+00,3.186791999999999958e-01
5.584508999999999651e+04,3.324533000000000182e+00,3.256060000000000065e-01
5.585408000000000175e+04,3.318111000000000033e+00,3.299384000000000206e-01
5.586305999999999767e+04,3.311685000000000212e+00,3.317784999999999762e-01
5.587205000000000291e+04,3.305254000000000136e+00,3.311679000000000150e-01
5.588104000000000087e+04,3.298818999999999946e+00,3.280929000000000206e-01
5.589001999999999680e+04,3.292378999999999944e+00,3.224828000000000139e-01
5.589901000000000204e+04,3.285934000000000133e+00,3.142014000000000196e-01
5.590800000000000000e+04,3.279485000000000205e+00,3.030291999999999986e-01
5.591698000000000320e+04,3.273031000000000024e+00,2.886298999999999948e-01
5.592597000000000116e+04,3.266572000000000031e+00,2.704876999999999976e-01
5.593495999999999913e+04,3.260107999999999784e+00,2.477801000000000031e-01
5.594394000000000233e+04,3.253639999999999866e+00,2.190906999999999993e-01
5.595293000000000029e+04,3.247167000000000137e+00,1.816037000000000068e-01
5.596191999999999825e+04,3.240688000000000013e+00,1.277946000000000082e-01
5.597090000000000146e+04,3.253807999999999812e+00,4.688563999999999926e-02
5.597988999999999942e+04,3.306211999999999929e+00,4.430560000000000054e-02
5.598887999999999738e+04,3.230116999999999905e+00,9.886167999999999345e-02
5.599786000000000058e+04,3.155453000000000063e+00,7.330055000000000598e-02
5.600684999999999854e+04,3.261061000000000210e+00,3.275078000000000017e-02
5.601583999999999651e+04,3.257047000000000025e+00,4.472363000000000033e-02
5.602481999999999971e+04,3.262802000000000202e+00,7.085310999999999693e-02
5.603380999999999767e+04,3.365905000000000147e+00,4.443594000000000016e-02
5.604280000000000291e+04,3.218872000000000178e+00,5.474564999999999987e-02
5.605177999999999884e+04,3.218030000000000168e+00,7.569011000000000489e-02
5.606076999999999680e+04,3.192210000000000214e+00,5.437650000000000122e-02
5.606976000000000204e+04,3.090542000000000122e+00,6.544403999999999499e-02
5.607873999999999796e+04,3.145439000000000096e+00,1.023030000000000050e-01
5.608773000000000320e+04,3.190888999999999864e+00,3.866155000000000286e-02
5.609672000000000116e+04,3.127094000000000040e+00,7.457007999999999692e-02
5.610569999999999709e+04,3.117027999999999910e+00,1.531830000000000136e-01
5.611469000000000233e+04,3.106956999999999969e+00,2.002232999999999929e-01
5.612368000000000029e+04,3.096881000000000217e+00,2.354459000000000135e-01
5.613266000000000349e+04,3.086797999999999931e+00,2.636328000000000005e-01
5.614165000000000146e+04,3.076709999999999834e+00,2.868672999999999917e-01
5.615062999999999738e+04,3.066615000000000091e+00,3.062797999999999909e-01
5.615962000000000262e+04,3.056515000000000093e+00,3.225623000000000240e-01
5.616861000000000058e+04,3.046408000000000005e+00,3.361709999999999976e-01
5.617758999999999651e+04,3.036296000000000106e+00,3.474210999999999827e-01
5.618658000000000175e+04,3.026177000000000117e+00,3.565365999999999813e-01
5.619556999999999971e+04,3.016052000000000177e+00,3.636787000000000214e-01
5.620455000000000291e+04,3.005920999999999843e+00,3.689624000000000237e-01
5.621354000000000087e+04,2.995782999999999863e+00,3.724671999999999983e-01
5.622252999999999884e+04,2.985638999999999932e+00,3.742433000000000010e-01
5.623151000000000204e+04,2.975487999999999911e+00,3.743155000000000232e-01
5.624050000000000000e+04,2.965330999999999939e+00,3.726846999999999799e-01
5.624948999999999796e+04,2.955166999999999877e+00,3.693282999999999983e-01
5.625847000000000116e+04,2.944996999999999865e+00,3.641982999999999748e-01
5.626745999999999913e+04,2.934820000000000206e+00,3.572178999999999771e-01
5.627644999999999709e+04,2.924636000000000013e+00,3.482755000000000156e-01
5.628543000000000029e+04,2.914445000000000174e+00,3.372144000000000252e-01
5.629441999999999825e+04,2.904246999999999801e+00,3.238167000000000129e-01
5.630341000000000349e+04,2.894041999999999781e+00,3.077765000000000084e-01
5.631238999999999942e+04,2.883830999999999811e+00,2.886524999999999785e-01
5.632137999999999738e+04,2.873612000000000055e+00,2.657783000000000229e-01
5.633037000000000262e+04,2.863386000000000209e+00,2.380736999999999992e-01
5.633934999999999854e+04,2.853152000000000132e+00,2.035735999999999934e-01
5.634833999999999651e+04,2.842912000000000106e+00,1.578815000000000079e-01
5.635733000000000175e+04,2.832663999999999849e+00,8.444504999999999373e-02
5.636630999999999767e+04,2.859608000000000150e+00,1.178000000000000019e-01
5.637530000000000291e+04,2.892672999999999828e+00,1.181673000000000029e-01
5.638429000000000087e+04,2.925731999999999999e+00,4.903108999999999940e-02
5.639326999999999680e+04,2.978047000000000111e+00,5.089273999999999881e-02
5.640226000000000204e+04,2.987708000000000030e+00,4.092969999999999942e-02
5.641125000000000000e+04,2.969333999999999918e+00,8.033357000000000692e-02
5.642023000000000320e+04,2.885620999999999992e+00,3.014166000000000067e-02
5.642922000000000116e+04,2.977181999999999995e+00,5.519844000000000139e-02
5.643820999999999913e+04,2.945424000000000042e+00,8.047437000000000340e-02
5.644719000000000233e+04,3.000074000000000130e+00,4.508431000000000244e-02
5.645618000000000029e+04,2.968052000000000135e+00,6.567257999999999429e-02
5.646516000000000349e+04,2.871945000000000192e+00,7.128246000000000582e-02
5.647415000000000146e+04,2.934293999999999958e+00,4.391992000000000118e-02
5.648313999999999942e+04,2.897838999999999832e+00,6.434594999999999898e-02
5.649212000000000262e+04,2.848943999999999921e+00,6.174526999999999793e-02
5.650111000000000058e+04,2.882308000000000092e+00,9.797048999999999341e-02
5.651009999999999854e+04,2.901022000000000212e+00,6.967070000000000207e-02
5.651908000000000175e+04,2.863433000000000117e+00,1.427132000000000123e-01
5.652806999999999971e+04,2.825854000000000088e+00,1.774140999999999913e-01
5.653705999999999767e+04,2.788327000000000222e+00,1.967752999999999863e-01
5.654604000000000087e+04,2.750982000000000038e+00,2.046871000000000107e-01
5.655502999999999884e+04,2.714189000000000185e+00,2.024999000000000104e-01
5.656401999999999680e+04,2.678917999999999910e+00,1.899379999999999957e-01
5.657300000000000000e+04,2.647434000000000065e+00,1.655173000000000061e-01
5.658198999999999796e+04,2.624305000000000110e+00,1.380901999999999963e-01
5.659098000000000320e+04,2.616861000000000104e+00,9.673447000000000295e-02
5.659995999999999913e+04,2.632397000000000098e+00,9.567812000000000539e-02
5.660894999999999709e+04,2.669747000000000092e+00,9.443074999999999386e-02
5.661794000000000233e+04,2.713833999999999858e+00,9.142023000000000510e-02
5.662691999999999825e+04,2.752134999999999998e+00,8.938321999999999934e-02
5.663591000000000349e+04,2.794942999999999955e+00,8.659437000000000384e-02
5.664490000000000146e+04,2.851360999999999812e+00,8.175667000000000351e-02
5.665387999999999738e+04,2.901362000000000219e+00,7.819869000000000125e-02
5.666287000000000262e+04,2.928872000000000142e+00,6.600759000000000487e-02
5.667186000000000058e+04,2.848524999999999974e+00,3.610337000000000268e-02
5.668083999999999651e+04,2.855776999999999788e+00,4.483855999999999953e-02
5.668983000000000175e+04,2.850149000000000044e+00,6.609647000000000439e-02
5.669881999999999971e+04,2.907951999999999870e+00,5.881325999999999915e-02
5.670780000000000291e+04,2.952461000000000002e+00,4.785745000000000277e-02
5.671679000000000087e+04,3.020945000000000213e+00,4.884451000000000070e-02
5.672577999999999884e+04,2.987820999999999838e+00,5.098223000000000338e-02
5.673476000000000204e+04,3.038828999999999780e+00,5.748613000000000334e-02
5.674375000000000000e+04,3.068827000000000194e+00,4.237961999999999979e-02
5.675273000000000320e+04,3.173715000000000064e+00,5.557606999999999825e-02
5.676172000000000116e+04,3.166551999999999811e+00,3.550230000000000052e-02
5.677070999999999913e+04,3.238579999999999792e+00,3.926910000000000123e-02
5.677969000000000233e+04,3.391071000000000168e+00,4.605477999999999655e-02
5.678868000000000029e+04,3.498384000000000160e+00,5.201110999999999929e-02
5.679766999999999825e+04,3.598349999999999937e+00,4.933389999999999997e-02
5.680665000000000146e+04,3.643126000000000086e+00,5.186955000000000038e-02
5.681563999999999942e+04,3.556035000000000057e+00,5.361578000000000177e-02
5.682462999999999738e+04,3.615015000000000089e+00,6.312257000000000284e-02
5.683361000000000058e+04,3.633932999999999858e+00,4.478424999999999767e-02
5.684259999999999854e+04,3.598041999999999963e+00,6.418907000000000085e-02
5.685158999999999651e+04,3.608515000000000139e+00,8.031778000000000528e-02
5.686056999999999971e+04,3.597204000000000068e+00,9.724842000000000208e-02
5.686955999999999767e+04,3.563559999999999839e+00,1.585407000000000066e-01
5.687855000000000291e+04,3.529898999999999898e+00,1.940071999999999908e-01
5.688752999999999884e+04,3.496239000000000097e+00,2.167233000000000076e-01
5.689651999999999680e+04,3.462598999999999982e+00,2.310548000000000046e-01
5.690551000000000204e+04,3.429035999999999973e+00,2.387705999999999995e-01
5.691448999999999796e+04,3.395731000000000055e+00,2.401577000000000017e-01
5.692348000000000320e+04,3.363180999999999976e+00,2.353281000000000123e-01
5.693247000000000116e+04,3.332650999999999808e+00,2.238829999999999987e-01
5.694144999999999709e+04,3.307004000000000055e+00,2.047768000000000088e-01
5.695044000000000233e+04,3.291870999999999992e+00,1.762644999999999906e-01
5.695943000000000029e+04,3.296175999999999995e+00,1.463023999999999991e-01
5.696841000000000349e+04,3.328730999999999884e+00,1.053726999999999997e-01
5.697740000000000146e+04,3.386792999999999942e+00,9.866062000000000443e-02
5.698638999999999942e+04,3.444525000000000059e+00,9.896849000000000618e-02
5.699537000000000262e+04,3.467556000000000083e+00,9.665381000000000666e-02
5.700436000000000058e+04,3.449021000000000114e+00,9.266845999999999417e-02
5.701334999999999854e+04,3.413031000000000148e+00,9.169038999999999662e-02
5.702233000000000175e+04,3.393142999999999798e+00,9.034880000000000688e-02
5.703131999999999971e+04,3.430375000000000174e+00,4.236079000000000233e-02
5.704030999999999767e+04,3.415608000000000199e+00,7.944565000000000654e-02
5.704929000000000087e+04,3.379513999999999907e+00,7.494873999999999981e-02
5.705827999999999884e+04,3.498397999999999897e+00,3.745889000000000163e-02
5.706726000000000204e+04,3.415710999999999942e+00,6.365452000000000610e-02
5.707625000000000000e+04,3.322413000000000061e+00,7.664614000000000149e-02
5.708523999999999796e+04,3.406146000000000118e+00,6.519643999999999440e-02
5.709422000000000116e+04,3.399493999999999794e+00,7.744892999999999916e-02
5.710320999999999913e+04,3.391817000000000082e+00,6.039184000000000219e-02
5.711219999999999709e+04,3.348406999999999911e+00,7.769549000000000594e-02
5.712118000000000029e+04,3.317919999999999980e+00,7.267255999999999716e-02
5.713016999999999825e+04,3.310280999999999807e+00,7.288053999999999366e-02
5.713916000000000349e+04,3.335401000000000060e+00,8.161279000000000450e-02
5.714813999999999942e+04,3.347881999999999802e+00,4.476267999999999914e-02
5.715712999999999738e+04,3.363478999999999886e+00,6.272088000000000663e-02
5.716612000000000262e+04,3.360297999999999785e+00,5.686373000000000122e-02
5.717509999999999854e+04,3.391672999999999938e+00,8.334231999999999752e-02
5.718408999999999651e+04,3.448655000000000026e+00,7.646148999999999307e-02
5.719308000000000175e+04,3.529783999999999811e+00,6.717608999999999386e-02
5.720205999999999767e+04,3.502593000000000067e+00,9.788937999999999806e-02
5.721105000000000291e+04,3.475964999999999971e+00,3.434046000000000320e-02
5.722004000000000087e+04,3.548944000000000099e+00,5.900384000000000184e-02
5.722901999999999680e+04,3.551232000000000166e+00,1.201214000000000032e-01
5.723801000000000204e+04,3.578371999999999886e+00,1.731424000000000019e-01
5.724700000000000000e+04,3.605507999999999935e+00,2.072326999999999919e-01
5.725598000000000320e+04,3.632642000000000149e+00,2.309358999999999995e-01
5.726497000000000116e+04,3.659772999999999943e+00,2.472588000000000008e-01
5.727395999999999913e+04,3.686903000000000041e+00,2.578923000000000187e-01
5.728294000000000233e+04,3.714036000000000115e+00,2.639897999999999967e-01
5.729193000000000029e+04,3.741184000000000065e+00,2.654160999999999881e-01
5.730091999999999825e+04,3.768388999999999989e+00,2.622474000000000194e-01
5.730990000000000146e+04,3.795774000000000203e+00,2.543119999999999825e-01
5.731888999999999942e+04,3.823672000000000182e+00,2.411404000000000047e-01
5.732787999999999738e+04,3.852907000000000082e+00,2.218196000000000057e-01
5.733686000000000058e+04,3.885304999999999787e+00,1.947867000000000071e-01
5.734584999999999854e+04,3.924460999999999977e+00,1.616374999999999895e-01
5.735483999999999651e+04,3.976513000000000186e+00,1.246198000000000028e-01
5.736381999999999971e+04,4.049648000000000359e+00,9.962785999999999864e-02
5.737280999999999767e+04,4.148717999999999684e+00,1.002274999999999971e-01
5.738179000000000087e+04,4.262904999999999944e+00,9.921692999999999485e-02
5.739077999999999884e+04,4.360625999999999891e+00,9.568390000000000228e-02
5.739976999999999680e+04,4.410012000000000043e+00,9.392338999999999549e-02
5.740875000000000000e+04,4.393920999999999744e+00,9.029199999999999726e-02
5.741773999999999796e+04,4.298265999999999920e+00,4.075014999999999887e-02
5.742673000000000320e+04,4.255793999999999855e+00,7.682113000000000136e-02
5.743570999999999913e+04,4.183596999999999788e+00,4.797404000000000251e-02
5.744469999999999709e+04,4.263480000000000381e+00,8.295252999999999655e-02
5.745369000000000233e+04,4.333332000000000406e+00,6.595887000000000278e-02
5.746266999999999825e+04,4.263353999999999644e+00,6.912471000000000587e-02
5.747166000000000349e+04,4.158164000000000193e+00,7.648596000000000561e-02
5.748065000000000146e+04,4.175552999999999848e+00,4.602859000000000117e-02
5.748962999999999738e+04,4.171804999999999986e+00,7.145683999999999370e-02
5.749862000000000262e+04,4.200689999999999813e+00,7.772363999999999662e-02
5.750761000000000058e+04,4.307763999999999704e+00,5.964272000000000323e-02
5.751658999999999651e+04,4.236570000000000391e+00,7.333754000000000661e-02
5.752558000000000175e+04,4.301454999999999806e+00,8.193314000000000152e-02
5.753456999999999971e+04,4.390335999999999572e+00,6.601042000000000021e-02
5.754355000000000291e+04,4.473321999999999576e+00,6.442332000000000614e-02
5.755254000000000087e+04,4.566339000000000148e+00,6.917924000000000295e-02
5.756152999999999884e+04,4.666246000000000116e+00,1.049999999999999961e-01
5.757051000000000204e+04,4.764720999999999762e+00,8.388102000000000058e-02
5.757950000000000000e+04,4.764332999999999707e+00,7.976614999999999400e-02
5.758848999999999796e+04,4.718791999999999653e+00,1.518449000000000049e-01
5.759747000000000116e+04,4.673206000000000415e+00,1.926404999999999923e-01
5.760645999999999913e+04,4.627608999999999639e+00,2.202819000000000027e-01
5.761544999999999709e+04,4.582011999999999752e+00,2.393718999999999986e-01
5.762443000000000029e+04,4.536418000000000283e+00,2.519297999999999815e-01
5.763341999999999825e+04,4.490827000000000346e+00,2.597350999999999965e-01
5.764241000000000349e+04,4.445240000000000080e+00,2.626333000000000140e-01
5.765138999999999942e+04,4.399662000000000184e+00,2.607880000000000198e-01
5.766037999999999738e+04,4.354104999999999670e+00,2.540958999999999857e-01
5.766936000000000058e+04,4.308606000000000158e+00,2.421557000000000015e-01
5.767834999999999854e+04,4.263259999999999827e+00,2.241412999999999878e-01
5.768733999999999651e+04,4.218281000000000169e+00,1.985815999999999970e-01
5.769631999999999971e+04,4.174051999999999651e+00,1.664561999999999986e-01
5.770530999999999767e+04,4.130891000000000091e+00,1.321241999999999972e-01
5.771430000000000291e+04,4.087913000000000352e+00,9.879356999999999722e-02
5.772327999999999884e+04,4.041712999999999667e+00,9.973287999999999598e-02
5.773226999999999680e+04,3.989759999999999973e+00,1.001160999999999995e-01
5.774126000000000204e+04,3.939731000000000094e+00,9.769194999999999962e-02
5.775023999999999796e+04,3.907595999999999847e+00,9.387996999999999315e-02
5.775923000000000320e+04,3.899630999999999847e+00,9.150916000000000605e-02
5.776822000000000116e+04,3.898496000000000183e+00,9.148090999999999862e-02
5.777719999999999709e+04,3.859046000000000198e+00,8.452337999999999518e-02
5.778619000000000233e+04,3.773966999999999850e+00,6.450002999999999986e-02
5.779518000000000029e+04,3.855458000000000052e+00,7.555526999999999382e-02
5.780416000000000349e+04,3.833741999999999983e+00,6.265597000000000527e-02
5.781315000000000146e+04,3.819157000000000135e+00,7.604832999999999732e-02
5.782213999999999942e+04,3.811744000000000021e+00,7.377657999999999439e-02
5.783112000000000262e+04,3.828720999999999819e+00,3.986991000000000146e-02
5.784011000000000058e+04,3.802135999999999960e+00,7.971831000000000056e-02
5.784909999999999854e+04,3.729385000000000172e+00,6.061173000000000255e-02
5.785808000000000175e+04,3.630637999999999810e+00,6.770304000000000599e-02
5.786706999999999971e+04,3.585876999999999981e+00,8.591653000000000484e-02
5.787605999999999767e+04,3.508258000000000099e+00,8.062060000000000060e-02
5.788504000000000087e+04,3.453879000000000143e+00,9.669408999999999643e-02
5.789402999999999884e+04,3.417164999999999786e+00,5.503878000000000242e-02
5.790301999999999680e+04,3.380076999999999998e+00,5.559669999999999890e-02
5.791200000000000000e+04,3.412316999999999823e+00,8.726543000000000494e-02
5.792098999999999796e+04,3.393409999999999815e+00,5.275872999999999674e-02
5.792998000000000320e+04,3.210439000000000043e+00,9.267461999999999922e-02
5.793895999999999913e+04,3.131415000000000060e+00,1.137477999999999961e-01
5.794794999999999709e+04,3.119010999999999978e+00,1.257285999999999959e-01
5.795694000000000233e+04,3.106593000000000160e+00,8.704037000000000579e-02
5.796591999999999825e+04,3.127835999999999839e+00,1.132531999999999983e-01
5.797491000000000349e+04,3.168479000000000045e+00,1.648669000000000107e-01
5.798388999999999942e+04,3.209111000000000047e+00,1.944774999999999976e-01
5.799287999999999738e+04,3.249724000000000057e+00,2.124989999999999934e-01
5.800187000000000262e+04,3.290278999999999954e+00,2.216745999999999994e-01
5.801084999999999854e+04,3.330671000000000159e+00,2.229212000000000138e-01
5.801983999999999651e+04,3.370601000000000180e+00,2.163777000000000061e-01
5.802883000000000175e+04,3.409342999999999790e+00,2.013241000000000058e-01
5.803780999999999767e+04,3.445310000000000095e+00,1.760923000000000072e-01
5.804680000000000291e+04,3.475604999999999833e+00,1.474128000000000105e-01
5.805579000000000087e+04,3.496319999999999872e+00,1.072411999999999949e-01
5.806476999999999680e+04,3.505157000000000078e+00,1.018994000000000011e-01
5.807376000000000204e+04,3.505958000000000130e+00,1.036129999999999968e-01
5.808275000000000000e+04,3.508408000000000193e+00,1.042695000000000011e-01
5.809173000000000320e+04,3.516916999999999849e+00,1.013330000000000064e-01
5.810072000000000116e+04,3.519623000000000168e+00,9.713394999999999668e-02
5.810970999999999913e+04,3.492909000000000042e+00,9.764332000000000567e-02
5.811869000000000233e+04,3.419697000000000209e+00,9.542019000000000195e-02
5.812768000000000029e+04,3.313298000000000076e+00,7.599105000000000443e-02
5.813666999999999825e+04,3.304842999999999975e+00,9.596303000000000472e-02
5.814565000000000146e+04,3.283370000000000122e+00,7.863874999999999338e-02
5.815463999999999942e+04,3.297962000000000060e+00,8.969937999999999523e-02
5.816362999999999738e+04,3.276818000000000008e+00,9.161239999999999661e-02
5.817261000000000058e+04,3.191068000000000016e+00,7.357497999999999816e-02
5.818159999999999854e+04,3.257797000000000054e+00,9.299195999999999851e-02
5.819058999999999651e+04,3.287868000000000013e+00,9.213266000000000511e-02
5.819956999999999971e+04,3.245750999999999831e+00,7.474247000000000529e-02
5.820855999999999767e+04,3.345105000000000217e+00,7.395106999999999375e-02
5.821755000000000291e+04,3.230840000000000156e+00,5.703520000000000117e-02
5.822652999999999884e+04,3.134799999999999809e+00,6.101423999999999737e-02
5.823551999999999680e+04,3.242615999999999943e+00,5.629286000000000012e-02
5.824451000000000204e+04,3.161350000000000104e+00,5.919579999999999981e-02
5.825348999999999796e+04,3.127972999999999892e+00,7.539648000000000183e-02
5.826248000000000320e+04,3.112713999999999981e+00,8.364628999999999814e-02
5.827145999999999913e+04,3.061754000000000087e+00,6.740588999999999609e-02
5.828044999999999709e+04,3.045068000000000108e+00,6.253905999999999354e-02
5.828944000000000233e+04,3.032828999999999997e+00,5.322485999999999884e-02
5.829841999999999825e+04,3.049538000000000082e+00,7.948813999999999880e-02
5.830741000000000349e+04,3.012220000000000120e+00,1.029959000000000013e-01
5.831640000000000146e+04,3.028271999999999853e+00,1.017397000000000024e-01
5.832537999999999738e+04,2.995330000000000048e+00,1.158427000000000068e-01
5.833437000000000262e+04,2.889549000000000145e+00,1.089732000000000062e-01
5.834336000000000058e+04,2.898012000000000032e+00,1.086155000000000037e-01
5.835233999999999651e+04,2.992945000000000189e+00,1.059411999999999993e-01
5.836133000000000175e+04,2.938823999999999881e+00,1.242457000000000006e-01
5.837031999999999971e+04,2.925111999999999934e+00,1.347595000000000043e-01
5.837930000000000291e+04,2.961590999999999863e+00,1.526491000000000098e-01
5.838829000000000087e+04,3.031432999999999822e+00,1.738915000000000044e-01
5.839727999999999884e+04,3.108998999999999846e+00,1.844519000000000020e-01
5.840626000000000204e+04,3.184511000000000092e+00,1.811694000000000082e-01
5.841525000000000000e+04,3.255173000000000094e+00,1.638944999999999985e-01
5.842423999999999796e+04,3.315739999999999910e+00,1.365263999999999922e-01
5.843322000000000116e+04,3.358610999999999791e+00,1.030945000000000056e-01
5.844220999999999913e+04,3.377130000000000187e+00,1.021095000000000058e-01
5.845119999999999709e+04,3.383274000000000115e+00,1.031215000000000048e-01
5.846018000000000029e+04,3.401638000000000162e+00,1.026651999999999981e-01
5.846916999999999825e+04,3.425781000000000187e+00,9.155497999999999414e-02
5.847816000000000349e+04,3.526043000000000038e+00,9.178670999999999358e-02
5.848713999999999942e+04,3.549498999999999960e+00,8.858166000000000651e-02
5.849612999999999738e+04,3.535038999999999820e+00,8.729560000000000097e-02
5.850512000000000262e+04,3.489351999999999787e+00,8.005905000000000660e-02
5.851409999999999854e+04,3.375440999999999914e+00,9.010321000000000302e-02
5.852308999999999651e+04,3.293794000000000111e+00,8.362888000000000266e-02
5.853208000000000175e+04,3.285445000000000171e+00,7.654595000000000149e-02
5.854105999999999767e+04,3.209468999999999905e+00,7.247894000000000558e-02
5.855005000000000291e+04,3.238764000000000198e+00,8.440063000000000426e-02
5.855904000000000087e+04,3.383356000000000030e+00,6.465925000000000145e-02
5.856801999999999680e+04,3.307636000000000021e+00,6.887551000000000090e-02
5.857701000000000204e+04,3.252102999999999966e+00,7.036623000000000183e-02
5.858598999999999796e+04,3.334902000000000033e+00,5.595180999999999766e-02
5.859498000000000320e+04,3.449340999999999990e+00,6.678530000000000577e-02
5.860397000000000116e+04,3.481396999999999853e+00,7.603392999999999957e-02
5.861294999999999709e+04,3.507416999999999785e+00,7.550790000000000279e-02
5.862194000000000233e+04,3.685726999999999975e+00,9.079924999999999802e-02
5.863093000000000029e+04,3.816625000000000156e+00,8.967403999999999653e-02
5.863991000000000349e+04,3.898051000000000155e+00,7.276153999999999955e-02
5.864890000000000146e+04,4.026843000000000394e+00,6.946898999999999436e-02
5.865788999999999942e+04,4.009123999999999910e+00,7.639174999999999438e-02
5.866687000000000262e+04,4.037831999999999866e+00,1.073833000000000010e-01
5.867586000000000058e+04,4.099124999999999908e+00,1.118521999999999988e-01
5.868484999999999854e+04,4.154542000000000179e+00,1.201446000000000042e-01
5.869383000000000175e+04,4.228168000000000148e+00,1.334036000000000111e-01
5.870281999999999971e+04,4.316355999999999860e+00,1.367219000000000073e-01
5.871180999999999767e+04,4.400402999999999842e+00,1.340410999999999964e-01
5.872079000000000087e+04,4.485466999999999871e+00,1.302593999999999974e-01
5.872977999999999884e+04,4.586555999999999855e+00,1.367953000000000086e-01
5.873876999999999680e+04,4.616639000000000159e+00,1.468278000000000083e-01
5.874775000000000000e+04,4.527959000000000067e+00,1.505540999999999963e-01
5.875673999999999796e+04,4.578875000000000028e+00,1.639329999999999954e-01
5.876573000000000320e+04,4.624037000000000397e+00,1.717839999999999923e-01
5.877470999999999913e+04,4.638476999999999961e+00,1.704488999999999865e-01
5.878369999999999709e+04,4.648416000000000103e+00,1.529359000000000135e-01
5.879269000000000233e+04,4.650506000000000029e+00,1.257823000000000135e-01
5.880166999999999825e+04,4.641574999999999562e+00,1.070286000000000015e-01
5.881066000000000349e+04,4.588315999999999839e+00,1.068889999999999979e-01
5.881965000000000146e+04,4.505583999999999811e+00,1.067352000000000023e-01
5.882862999999999738e+04,4.430486000000000146e+00,1.018025999999999931e-01
5.883762000000000262e+04,4.397282999999999831e+00,1.120160000000000045e-01
5.884661000000000058e+04,4.387643999999999878e+00,1.210825999999999986e-01
5.885558999999999651e+04,4.394864000000000104e+00,1.279250000000000109e-01
5.886458000000000175e+04,4.396002000000000187e+00,1.135304000000000035e-01
5.887355999999999767e+04,4.374291000000000373e+00,1.075074000000000030e-01
5.888255000000000291e+04,4.356556999999999569e+00,1.062132999999999966e-01
5.889154000000000087e+04,4.361982000000000248e+00,1.008319000000000021e-01
5.890051999999999680e+04,4.325211999999999612e+00,9.424129000000000533e-02
5.890951000000000204e+04,4.326292999999999722e+00,9.943422000000000371e-02
5.891850000000000000e+04,4.378694000000000308e+00,1.206923000000000024e-01
5.892748000000000320e+04,4.474788000000000210e+00,1.316102000000000105e-01
5.893647000000000116e+04,4.575086999999999904e+00,1.097788999999999987e-01
5.894545999999999913e+04,4.703011000000000053e+00,1.022910000000000069e-01
5.895444000000000233e+04,4.812799000000000049e+00,9.936498000000000552e-02
5.896343000000000029e+04,4.964182000000000095e+00,9.886029000000000344e-02
5.897241999999999825e+04,5.169824000000000197e+00,9.730882999999999894e-02
5.898140000000000146e+04,5.356508999999999965e+00,1.138952000000000020e-01
5.899038999999999942e+04,5.589398000000000089e+00,1.199574000000000057e-01
5.899937999999999738e+04,5.843098000000000347e+00,1.201813999999999938e-01
5.900836000000000058e+04,6.023183999999999649e+00,1.224168999999999952e-01
5.901734999999999854e+04,6.151294000000000040e+00,1.286531999999999953e-01
5.902633999999999651e+04,6.286340000000000039e+00,1.403870999999999869e-01
5.903531999999999971e+04,6.313844999999999708e+00,1.853179000000000076e-01
5.904430999999999767e+04,6.309694999999999609e+00,2.302178000000000002e-01
5.905330000000000291e+04,6.305645000000000167e+00,2.674768000000000145e-01
5.906227999999999884e+04,6.301631000000000427e+00,2.999571999999999794e-01
5.907126999999999680e+04,6.297635999999999790e+00,3.290781999999999874e-01
5.908026000000000204e+04,6.293655000000000221e+00,3.556670000000000109e-01
5.908923999999999796e+04,6.289686999999999806e+00,3.802560999999999858e-01
5.909823000000000320e+04,6.285732999999999571e+00,4.032124999999999737e-01
5.910722000000000116e+04,6.281791000000000125e+00,4.248019000000000100e-01
5.911619999999999709e+04,6.277862999999999971e+00,4.452240000000000086e-01
5.912519000000000233e+04,6.273946999999999719e+00,4.646334999999999771e-01
5.913418000000000029e+04,6.270044000000000395e+00,4.833926000000000056e-01
5.914316000000000349e+04,6.266153000000000084e+00,5.015393999999999686e-01
5.915215000000000146e+04,6.262275999999999954e+00,5.190078000000000191e-01
5.916113999999999942e+04,6.258410999999999724e+00,5.358642999999999601e-01
5.917012000000000262e+04,6.254558000000000284e+00,5.521650999999999643e-01
5.917911000000000058e+04,6.250719000000000136e+00,5.679581000000000213e-01
5.918808999999999651e+04,6.246890999999999750e+00,5.832846999999999893e-01
5.919708000000000175e+04,6.243076000000000292e+00,5.981809000000000154e-01
5.920606999999999971e+04,6.239272999999999847e+00,6.126781999999999506e-01
5.921505000000000291e+04,6.235483000000000331e+00,6.268042999999999809e-01
5.922404000000000087e+04,6.231703999999999688e+00,6.405840000000000423e-01
5.923302999999999884e+04,6.227937999999999974e+00,6.540390999999999844e-01
