# lags,weights,weighted_lags
1.051426642005774141e+02,6.352180202756667615e-01,6.678851500000000385e+01
1.004797963097617668e+02,6.024051821661531303e-01,6.052955000000000041e+01
1.037176019610666629e+02,6.106013425163140385e-01,6.333010699999999105e+01
1.049197739686345869e+02,6.038188761151832562e-01,6.335253999999999053e+01
1.031177132140031318e+02,6.074162338143692663e-01,6.263537300000000130e+01
9.833228726939621822e+01,6.155586804786796762e-01,6.052929300000000978e+01
1.011976054822869031e+02,6.239949522427472584e-01,6.314679499999999734e+01
1.012940236358471253e+02,6.052134943359565034e-01,6.130451000000000050e+01
1.060827162611952019e+02,6.035387691465079474e-01,6.402503199999999595e+01
9.779862735163361265e+01,6.448058598334369673e-01,6.306112799999999652e+01
1.110041895222313570e+02,6.324728400087932245e-01,7.020713499999999385e+01
1.084002334872995732e+02,6.122840317292882473e-01,6.637173199999999440e+01
9.959871470168592111e+01,6.137368658128404819e-01,6.112740300000000104e+01
1.039277009335644379e+02,6.077455426477289535e-01,6.316159700000000043e+01
1.037893113619121550e+02,6.075207183920015019e-01,6.305415699999999646e+01
9.842111108381881479e+01,6.437041840143978844e-01,6.335408100000000076e+01
1.081797735550638890e+02,6.013194228668727881e-01,6.505059900000000539e+01
1.003494286737190890e+02,6.312905896652193372e-01,6.334964999999999691e+01
1.098210477757679655e+02,6.028173682623294560e-01,6.620203499999999508e+01
9.707283663409751284e+01,6.073245208875636125e-01,5.895471400000000273e+01
1.015004334799264569e+02,6.103620336976405270e-01,6.195201099999999883e+01
1.005904991250480407e+02,6.014607495364796552e-01,6.050123700000000326e+01
1.069089060849564277e+02,6.126515123814971764e-01,6.549790299999999377e+01
1.051978795178122823e+02,6.055258650837558321e-01,6.370003700000000180e+01
9.866010285724924245e+01,6.242589579408146516e-01,6.158945299999999889e+01
9.724968910162354518e+01,6.335755678932176727e-01,6.161502699999999777e+01
1.017699737360921546e+02,6.186608848231547331e-01,6.296110199999999679e+01
1.003790241867830275e+02,6.448058598334369673e-01,6.472498299999999460e+01
9.797288345509558383e+01,6.437041840143978844e-01,6.306555500000000336e+01
1.024449933883070969e+02,6.086700182960539385e-01,6.235519599999999940e+01
1.101793958701878324e+02,6.008932384962724083e-01,6.620605399999999463e+01
9.992801190600791017e+01,6.248697818458833764e-01,6.244199499999999858e+01
1.068504321270843036e+02,6.153894251152270956e-01,6.575462600000000180e+01
1.045049873173210244e+02,6.057560086369934149e-01,6.330452400000000068e+01
1.078226150854874561e+02,6.156750320641686258e-01,6.638369199999999637e+01
1.013568887089600992e+02,6.248229183696473177e-01,6.333010699999999815e+01
1.058869233726141914e+02,6.317591811086773479e-01,6.689503600000000461e+01
1.026845062422175943e+02,6.075207183920015019e-01,6.238296499999999156e+01
1.011073372995561357e+02,6.258434619094433993e-01,6.327736600000000067e+01
1.066965149550720184e+02,6.153894251152270956e-01,6.565990700000000402e+01
1.045567929205383280e+02,6.052134943359565034e-01,6.327918199999999160e+01
1.035220432235902734e+02,6.057554028812877078e-01,6.270903700000000924e+01
1.066965149550720184e+02,6.153894251152270956e-01,6.565990700000000402e+01
9.321411666906797677e+01,6.509893476267464285e-01,6.068139699999999692e+01
9.560558717934841866e+01,6.202764582027450180e-01,5.930189500000000180e+01
9.707640667272610813e+01,6.073269501905057544e-01,5.895711800000000835e+01
1.072992899207098247e+02,6.066489447236911303e-01,6.509300100000000100e+01
9.707244834352756868e+01,6.073269501905057544e-01,5.895471400000000273e+01
9.732359842133210748e+01,6.120918047245444971e-01,5.957097699999999918e+01
1.078920741704767039e+02,6.155155928791297137e-01,6.640925400000000423e+01
1.016122055010588952e+02,6.117252715211682901e-01,6.215875400000000184e+01
1.074263667864305489e+02,6.074800158674189543e-01,6.525937100000000157e+01
1.051052591432002288e+02,6.060656290586873274e-01,6.370068500000000000e+01
9.514097853781130709e+01,6.240348891976598145e-01,5.937129000000000190e+01
1.036017381194099727e+02,6.014625539214348837e-01,6.231256599999999679e+01
1.032065754703887279e+02,6.073245208875636125e-01,6.267988400000000837e+01
1.053881160276230986e+02,6.006216961256709563e-01,6.329838900000000024e+01
9.909485527596156373e+01,6.247148333543927068e-01,6.190602599999999001e+01
9.803824769950631435e+01,6.272682493111274571e-01,6.149627999999999872e+01
1.012940236358471253e+02,6.052134943359565034e-01,6.130451000000000050e+01
9.707640667272610813e+01,6.073269501905057544e-01,5.895711800000000835e+01
1.012943045284603727e+02,6.052134943359565034e-01,6.130467999999999762e+01
1.017699737360921546e+02,6.186608848231547331e-01,6.296110199999999679e+01
1.074355426996305454e+02,6.073233062397364046e-01,6.524810899999999947e+01
1.075370944639000896e+02,6.174988949723916321e-01,6.640403700000000242e+01
9.514097853781130709e+01,6.240348891976598145e-01,5.937129000000000190e+01
1.072901649187886477e+02,6.129340098393659675e-01,6.576179100000000233e+01
1.002782131644997037e+02,6.212678311070584103e-01,6.229962800000000556e+01
1.062685743024239713e+02,6.057111843508733440e-01,6.436806400000000394e+01
9.380349988823847696e+01,6.247067121143473623e-01,5.859967600000000232e+01
1.084002334872995732e+02,6.122840317292882473e-01,6.637173199999999440e+01
1.037893113619121550e+02,6.075207183920015019e-01,6.305415699999999646e+01
1.039002729008715136e+02,6.014619524591817701e-01,6.249206099999999253e+01
9.709428263696675288e+01,6.135374337409184031e-01,5.957097699999999918e+01
1.002967574674260476e+02,6.316221042397549557e-01,6.334964899999999943e+01
1.071087912388771031e+02,6.064797132769979005e-01,6.495930900000000463e+01
1.051754127646308348e+02,6.074010485983399876e-01,6.388365599999999489e+01
9.939653707430103680e+01,6.153605024919337474e-01,6.116470300000000293e+01
1.052317344067020031e+02,6.352180202756667615e-01,6.684509400000000312e+01
1.082196530000435644e+02,6.076695792027122511e-01,6.576179100000000233e+01
1.073984395617626149e+02,6.076379812061486474e-01,6.525937100000000157e+01
9.892057722314606849e+01,6.047494735605164484e-01,5.982216700000000031e+01
9.909485527596156373e+01,6.247148333543927068e-01,6.190602599999999001e+01
1.027300670972527001e+02,6.093691727149093129e-01,6.260053599999999818e+01
1.051231057822498371e+02,6.318286784408824186e-01,6.641979299999999853e+01
9.836355157163362151e+01,6.440808611293600272e-01,6.335408100000000076e+01
9.716780215925577124e+01,6.255231120735018635e-01,6.078070600000000212e+01
1.004793696866057786e+02,6.024051821661531303e-01,6.052929300000000268e+01
9.989608304627638802e+01,6.280628738059281790e-01,6.274102100000000348e+01
1.039324201621131323e+02,6.164093542714770280e-01,6.406491599999999664e+01
9.981297266004230551e+01,6.412050387276069241e-01,6.400058099999999683e+01
1.034740600742894259e+02,6.196025840096550663e-01,6.411279500000000553e+01
9.994448116269722959e+01,6.269446623870891244e-01,6.265965899999999777e+01
1.022560144768093409e+02,6.073245208875636125e-01,6.210258499999999771e+01
1.048046604805978745e+02,6.350471696086574802e-01,6.655590300000000070e+01
1.002909758785902596e+02,6.193783284669456268e-01,6.211805700000000030e+01
1.002705265040148390e+02,6.164173676451693007e-01,6.180849400000000315e+01
1.025754585869143227e+02,6.126705048727630887e-01,6.284495800000000543e+01
1.038101273289108093e+02,6.107650056059827914e-01,6.340359300000000076e+01
1.006348377824856755e+02,6.316221042397549557e-01,6.356318799999999669e+01
1.072767544863432789e+02,6.130106313793424189e-01,6.576179100000000233e+01
1.078645235577434960e+02,6.156750320641686258e-01,6.640949399999999514e+01
1.046159574433557538e+02,5.824447196116533387e-01,6.093301199999999795e+01
1.004793696866057786e+02,6.024051821661531303e-01,6.052929300000000268e+01
1.037176019610666629e+02,6.106013425163140385e-01,6.333010699999999105e+01
1.066965149550720184e+02,6.153894251152270956e-01,6.565990700000000402e+01
1.035220432235902734e+02,6.057554028812877078e-01,6.270903700000000924e+01
1.048046604805978745e+02,6.350471696086574802e-01,6.655590300000000070e+01
1.046328772481227958e+02,6.057111843508733440e-01,6.337730400000000230e+01
1.024684700464984957e+02,6.391385659440510514e-01,6.549155100000000118e+01
1.084791610714858905e+02,6.122809703167831907e-01,6.641972599999999716e+01
1.004797963097617668e+02,6.024051821661531303e-01,6.052955000000000041e+01
1.051358171114349176e+02,6.137276598288983198e-01,6.452475900000000308e+01
1.057323476533442062e+02,6.077455426477289535e-01,6.425836300000000278e+01
1.073984395617626149e+02,6.076379812061486474e-01,6.525937100000000157e+01
1.032499948967847985e+02,6.066380251409626556e-01,6.263537300000000130e+01
1.051709513817026647e+02,6.350471696086574802e-01,6.678851500000000385e+01
1.045698272668386721e+02,6.198746492579878531e-01,6.482018499999999506e+01
1.012590200250275814e+02,6.210808576308149975e-01,6.289003900000000158e+01
1.038101273289108093e+02,6.107650056059827914e-01,6.340359300000000076e+01
1.022515556400874317e+02,6.191950196127682382e-01,6.331365400000000676e+01
1.071087912388771031e+02,6.064797132769979005e-01,6.495930900000000463e+01
1.036166001108795314e+02,6.074162338143692663e-01,6.293840500000000304e+01
1.019404949192739593e+02,5.996380834564949414e-01,6.112740299999999394e+01
9.803824769950631435e+01,6.272682493111274571e-01,6.149627999999999872e+01
1.002705265040148390e+02,6.164173676451693007e-01,6.180849400000000315e+01
1.051342494220652242e+02,6.317617081504558474e-01,6.641979299999999853e+01
1.012591212840982422e+02,6.210802365502678946e-01,6.289003900000000158e+01
1.004679313484659104e+02,6.236649462073029504e-01,6.265832699999999988e+01
9.693602786950232542e+01,6.236131841649223961e-01,6.045058499999999668e+01
1.007047846038382062e+02,6.164999731068760980e-01,6.208449700000000604e+01
1.010925968478134251e+02,6.292157980248365146e-01,6.360905900000000202e+01
1.078920741704767039e+02,6.155155928791297137e-01,6.640925400000000423e+01
1.048517488926865440e+02,6.078190843075700345e-01,6.373089400000000637e+01
1.072381418054277873e+02,6.132313549344950987e-01,6.576179100000000233e+01
1.048293211595341319e+02,6.317617081504558474e-01,6.622715100000000632e+01
1.074543012731209330e+02,6.073220915943385867e-01,6.525937100000000157e+01
1.018895364706565090e+02,6.239793525639379945e-01,6.357696699999999623e+01
1.004797830296635226e+02,6.024051821661531303e-01,6.052954199999999929e+01
1.051978795178122823e+02,6.055258650837558321e-01,6.370003700000000180e+01
1.051978795178122823e+02,6.055258650837558321e-01,6.370003700000000180e+01
1.063769732521282521e+02,6.126459985426980781e-01,6.517142699999999422e+01
1.078920741704767039e+02,6.155155928791297137e-01,6.640925400000000423e+01
1.015609359319264655e+02,6.135374337409184031e-01,6.231143600000000049e+01
1.002967574674260476e+02,6.316221042397549557e-01,6.334964899999999943e+01
1.004352202463471713e+02,6.256663732689474733e-01,6.283893999999999380e+01
1.005904991250480407e+02,6.014607495364796552e-01,6.050123700000000326e+01
1.033180949459458731e+02,6.108511295433681765e-01,6.311197500000000105e+01
9.724968910162354518e+01,6.335755678932176727e-01,6.161502699999999777e+01
9.899290646796509918e+01,6.200265371525633951e-01,6.137822899999999038e+01
1.017839388673696703e+02,6.222421209551359800e-01,6.333425400000000138e+01
1.022719907327014113e+02,6.192321724285183571e-01,6.333010699999999815e+01
9.470566095639551918e+01,6.269032854048269821e-01,5.937129000000000190e+01
1.061827406913050140e+02,6.074800158674189543e-01,6.450389300000000503e+01
9.855154229325238191e+01,6.252398142755284383e-01,6.161834800000000456e+01
1.032065754703887279e+02,6.073245208875636125e-01,6.267988400000000837e+01
1.003494286737190890e+02,6.312905896652193372e-01,6.334964999999999691e+01
9.514097853781130709e+01,6.240348891976598145e-01,5.937129000000000190e+01
1.035219397015988108e+02,6.057560086369934149e-01,6.270903700000000214e+01
1.072381418054277873e+02,6.132313549344950987e-01,6.576179100000000233e+01
9.707283663409751284e+01,6.073245208875636125e-01,5.895471400000000273e+01
1.015691815575750212e+02,6.135374337409184031e-01,6.231649500000000330e+01
1.078226150854874561e+02,6.156750320641686258e-01,6.638369199999999637e+01
1.040922871181859932e+02,6.154626608142534927e-01,6.406491599999999664e+01
1.078920741704767039e+02,6.155155928791297137e-01,6.640925400000000423e+01
9.779453392858982852e+01,6.288314645980618289e-01,6.149627999999999162e+01
9.892875544199934268e+01,6.200271571794105929e-01,6.133851500000000101e+01
9.797288345509558383e+01,6.437041840143978844e-01,6.306555500000000336e+01
1.045698272668386721e+02,6.198746492579878531e-01,6.482018499999999506e+01
1.015004334799264569e+02,6.103620336976405270e-01,6.195201099999999883e+01
1.010023942548887845e+02,6.153641946660250994e-01,6.215325700000000353e+01
1.006348916121407484e+02,6.316221042397549557e-01,6.356322200000000322e+01
9.716255523960728624e+01,6.255568912335829346e-01,6.078070600000000212e+01
9.801755001551823909e+01,6.272682493111274571e-01,6.148329700000000031e+01
9.707244834352756868e+01,6.073269501905057544e-01,5.895471400000000273e+01
1.063200728300318048e+02,6.247154580695384318e-01,6.641979299999999853e+01
1.031522389924971606e+02,6.237067331585461893e-01,6.433674600000000510e+01
1.061827406913050140e+02,6.074800158674189543e-01,6.450389300000000503e+01
1.008615816048662737e+02,6.191950196127682382e-01,6.245298900000000231e+01
1.016122055010588952e+02,6.117252715211682901e-01,6.215875400000000184e+01
1.074263667864305489e+02,6.074800158674189543e-01,6.525937100000000157e+01
9.400110925477088131e+01,6.469462911887232659e-01,6.081366899999999021e+01
1.022861554705623348e+02,6.065403642808251394e-01,6.204068199999999678e+01
1.003494286737190890e+02,6.312905896652193372e-01,6.334964999999999691e+01
9.514097853781130709e+01,6.240348891976598145e-01,5.937129000000000190e+01
1.016122055010588952e+02,6.117252715211682901e-01,6.215875400000000184e+01
9.467671630534732685e+01,5.927319534299319015e-01,5.611791500000000354e+01
1.078920741704767039e+02,6.155155928791297137e-01,6.640925400000000423e+01
9.693602786950232542e+01,6.236131841649223961e-01,6.045058499999999668e+01
9.828355147867182495e+01,6.269446623870891244e-01,6.161834799999999746e+01
9.307001064384721190e+01,6.455491042105293564e-01,6.008126200000000239e+01
1.070823037378617926e+02,6.124959186585916537e-01,6.558747400000000027e+01
1.081028664703267452e+02,6.156719536967041329e-01,6.655590300000000070e+01
1.079536435846955840e+02,6.132822552492884771e-01,6.620605399999999463e+01
9.380349988823847696e+01,6.247067121143473623e-01,5.859967600000000232e+01
9.926772559155492104e+01,6.100483882261114044e-01,6.055811599999999828e+01
1.046672199572059583e+02,6.054090098686857324e-01,6.336647800000000075e+01
1.031232220160763262e+02,6.073202696307967718e-01,6.262882299999999702e+01
1.074355426996305454e+02,6.073233062397364046e-01,6.524810899999999947e+01
1.061673075685831833e+02,6.073986189990047135e-01,6.448587600000000464e+01
1.012940236358471253e+02,6.052134943359565034e-01,6.130451000000000050e+01
1.026845062422175943e+02,6.075207183920015019e-01,6.238296499999999156e+01
1.020592559733587024e+02,6.139406602803000323e-01,6.265832699999999988e+01
1.058869233726141914e+02,6.317591811086773479e-01,6.689503600000000461e+01
1.037390585206706959e+02,6.057111843508733440e-01,6.283590800000000343e+01
1.004679313484659104e+02,6.236649462073029504e-01,6.265832699999999988e+01
1.070823037378617926e+02,6.124959186585916537e-01,6.558747400000000027e+01
1.060827162611952019e+02,6.035387691465079474e-01,6.402503199999999595e+01
1.063200728300318048e+02,6.247154580695384318e-01,6.641979299999999853e+01
9.770116589332569390e+01,6.097263676980286817e-01,5.957097699999999918e+01
1.084007754898220242e+02,6.122809703167831907e-01,6.637173199999999440e+01
1.044824034609726482e+02,6.103150376304176117e-01,6.376718199999999825e+01
1.046927438829719961e+02,6.046696518983519786e-01,6.330452499999999816e+01
1.074412369342895062e+02,6.072911189574762281e-01,6.524810899999999947e+01
1.006348377824856755e+02,6.316221042397549557e-01,6.356318799999999669e+01
1.038047947282911423e+02,6.135797692844059403e-01,6.369252200000000386e+01
1.030669565239921184e+02,6.073773604193670739e-01,6.260053599999999818e+01
1.045567929205383280e+02,6.052134943359565034e-01,6.327918199999999160e+01
1.072293944723310091e+02,6.066489447236911303e-01,6.505059900000000539e+01
1.022560144768093409e+02,6.073245208875636125e-01,6.210258499999999771e+01
9.797288345509558383e+01,6.437041840143978844e-01,6.306555500000000336e+01
1.012532263275708857e+02,6.201579967126606974e-01,6.279299799999999721e+01
1.058869233726141914e+02,6.317591811086773479e-01,6.689503600000000461e+01
1.008992838790975810e+02,6.316221042397549557e-01,6.373021800000000070e+01
1.022560144768093409e+02,6.073245208875636125e-01,6.210258499999999771e+01
1.051978795178122823e+02,6.055258650837558321e-01,6.370003700000000180e+01
9.833228726939621822e+01,6.155586804786796762e-01,6.052929300000000978e+01
9.890100821318760893e+01,6.153875789497209592e-01,6.086245199999999755e+01
1.070254856812800455e+02,6.099434689266549636e-01,6.527949599999999464e+01
1.038047947282911423e+02,6.135797692844059403e-01,6.369252200000000386e+01
1.027858534591032509e+02,6.065403642808251394e-01,6.234376900000000177e+01
1.017779507804880552e+02,6.178540589368550773e-01,6.288392000000000337e+01
1.005904991250480407e+02,6.014607495364796552e-01,6.050123700000000326e+01
1.014697216339204573e+02,6.201778420860798446e-01,6.292927300000000201e+01
1.049197739686345869e+02,6.038188761151832562e-01,6.335253999999999053e+01
1.074263667864305489e+02,6.074800158674189543e-01,6.525937100000000157e+01
1.037201886595537417e+02,6.151248645470261955e-01,6.380086699999999666e+01
9.801755001551823909e+01,6.272682493111274571e-01,6.148329700000000031e+01
1.005904991250480407e+02,6.014607495364796552e-01,6.050123700000000326e+01
1.072475363022251713e+02,6.132313549344950987e-01,6.576755199999999491e+01
1.011073372995561357e+02,6.258434619094433993e-01,6.327736600000000067e+01
9.805631093145278498e+01,6.431469774962871311e-01,6.306461999999999790e+01
1.016122055010588952e+02,6.117252715211682901e-01,6.215875400000000184e+01
1.079536435846955840e+02,6.132822552492884771e-01,6.620605399999999463e+01
1.012590200250275814e+02,6.210808576308149975e-01,6.289003900000000158e+01
1.088508335066822355e+02,5.824487967389605503e-01,6.340003699999999043e+01
1.038047947282911423e+02,6.135797692844059403e-01,6.369252200000000386e+01
1.088508335066822355e+02,5.824487967389605503e-01,6.340003699999999043e+01
1.082196530000435644e+02,6.076695792027122511e-01,6.576179100000000233e+01
9.974535979757868631e+01,6.073099452739704196e-01,6.057634899999999334e+01
9.971231974999597014e+01,6.342633704497939728e-01,6.324387200000000320e+01
1.069520913752279085e+02,6.103620336976405270e-01,6.527949599999999464e+01
1.063200728300318048e+02,6.247154580695384318e-01,6.641979299999999853e+01
9.651804319081848860e+01,6.408864390019491930e-01,6.185710499999999712e+01
1.042270248315511765e+02,6.235869929612065654e-01,6.499461700000000519e+01
1.101649633146818701e+02,6.009719606667049963e-01,6.620605399999999463e+01
1.003494286737190890e+02,6.312905896652193372e-01,6.334964999999999691e+01
9.489976806775379714e+01,6.248897779988391576e-01,5.930189500000000180e+01
1.005788313038962372e+02,6.015305230302103734e-01,6.050123699999999616e+01
1.027858534591032509e+02,6.065403642808251394e-01,6.234376900000000177e+01
1.079536435846955840e+02,6.132822552492884771e-01,6.620605399999999463e+01
9.769989578642478989e+01,6.097342941923308279e-01,5.957097699999999918e+01
9.543442705906770129e+01,6.136141307135969392e-01,5.855991300000000166e+01
9.779453392858982852e+01,6.288314645980618289e-01,6.149627999999999162e+01
1.079536435846955840e+02,6.132822552492884771e-01,6.620605399999999463e+01
1.038047947282911423e+02,6.135797692844059403e-01,6.369252200000000386e+01
1.004793696866057786e+02,6.024051821661531303e-01,6.052929300000000268e+01
1.072381418054277873e+02,6.132313549344950987e-01,6.576179100000000233e+01
9.287204334938043360e+01,6.469462911887232659e-01,6.008322400000000840e+01
1.079536435846955840e+02,6.132822552492884771e-01,6.620605399999999463e+01
9.809259847927978626e+01,6.429090571325950521e-01,6.306461999999999790e+01
1.003097179747507255e+02,6.028517298316158346e-01,6.047188700000000239e+01
9.716780215925577124e+01,6.255231120735018635e-01,6.078070600000000212e+01
9.779862735163361265e+01,6.448058598334369673e-01,6.306112799999999652e+01
1.017779507804880552e+02,6.178540589368550773e-01,6.288392000000000337e+01
9.956815618441336824e+01,6.248610337301744311e-01,6.221626100000000292e+01
1.036892985662398985e+02,6.107686702070103113e-01,6.333017500000000410e+01
1.070254856812800455e+02,6.099434689266549636e-01,6.527949599999999464e+01
1.051709513817026647e+02,6.350471696086574802e-01,6.678851500000000385e+01
9.836169301923028740e+01,6.153746559462550669e-01,6.052929300000000268e+01
1.075369406174709326e+02,6.174988949723916321e-01,6.640394200000000069e+01
9.966111024908023808e+01,6.236119369398012147e-01,6.214985800000000182e+01
1.030900471493713724e+02,6.135227090192060251e-01,6.324808500000000322e+01
1.038738751189373346e+02,6.177966011812009439e-01,6.417292700000000139e+01
1.069222827516307461e+02,6.224699032530233156e-01,6.655590300000000070e+01
9.965989022114189311e+01,6.073761456658610669e-01,6.053103999999999729e+01
1.035296006085867901e+02,6.057111843508733440e-01,6.270903700000000214e+01
1.071087912388771031e+02,6.064797132769979005e-01,6.495930900000000463e+01
9.403088452536609054e+01,6.255387503467813026e-01,5.881996200000000385e+01
9.842111108381881479e+01,6.437041840143978844e-01,6.335408100000000076e+01
9.858461495371086869e+01,6.242589579408146516e-01,6.154232900000000228e+01
1.072992899207098247e+02,6.066489447236911303e-01,6.509300100000000100e+01
1.045698272668386721e+02,6.198746492579878531e-01,6.482018499999999506e+01
1.015004334799264569e+02,6.103620336976405270e-01,6.195201099999999883e+01
1.049197739686345869e+02,6.038188761151832562e-01,6.335253999999999053e+01
1.005904991250480407e+02,6.014607495364796552e-01,6.050123700000000326e+01
1.079536435846955840e+02,6.132822552492884771e-01,6.620605399999999463e+01
9.766140960975961605e+01,6.099745768368152188e-01,5.957097700000000629e+01
1.046147653465481397e+02,6.066489447236911303e-01,6.346443699999999666e+01
1.015995047691835396e+02,6.118017419594112827e-01,6.215875400000000184e+01
1.022719907327014113e+02,6.192321724285183571e-01,6.333010699999999815e+01
9.403088452536609054e+01,6.255387503467813026e-01,5.881996200000000385e+01
1.002967574674260476e+02,6.316221042397549557e-01,6.334964899999999943e+01
9.892057722314606849e+01,6.047494735605164484e-01,5.982216700000000031e+01
1.004793696866057786e+02,6.024051821661531303e-01,6.052929300000000268e+01
1.001066651207648732e+02,6.191739673399920818e-01,6.198344099999999912e+01
9.971231974999597014e+01,6.342633704497939728e-01,6.324387200000000320e+01
9.779862735163361265e+01,6.448058598334369673e-01,6.306112799999999652e+01
9.380349988823847696e+01,6.247067121143473623e-01,5.859967600000000232e+01
1.051959030369055199e+02,6.059783618914896808e-01,6.374644099999999725e+01
1.038738751189373346e+02,6.177966011812009439e-01,6.417292700000000139e+01
1.005778239396545501e+02,6.191733481663342920e-01,6.227510800000000302e+01
1.070286302723423404e+02,6.064797132769979005e-01,6.491069299999999487e+01
1.070823102685175598e+02,6.124959186585916537e-01,6.558747800000000439e+01
1.046169662476504101e+02,6.074010485983399876e-01,6.354445499999999925e+01
9.795273880490310603e+01,6.316221042397549557e-01,6.186911500000000075e+01
1.071641414650783730e+02,6.135877458732544865e-01,6.575460400000000050e+01
1.005555450546087712e+02,6.028776530133429512e-01,6.062269100000000321e+01
9.926772559155492104e+01,6.100483882261114044e-01,6.055811599999999828e+01
1.037893113619121550e+02,6.075207183920015019e-01,6.305415699999999646e+01
9.779862735163361265e+01,6.448058598334369673e-01,6.306112799999999652e+01
9.833228726939621822e+01,6.155586804786796762e-01,6.052929300000000978e+01
1.019404949192739593e+02,5.996380834564949414e-01,6.112740299999999394e+01
1.015004334799264569e+02,6.103620336976405270e-01,6.195201099999999883e+01
1.068504321270843036e+02,6.153894251152270956e-01,6.575462600000000180e+01
1.016122055010588952e+02,6.117252715211682901e-01,6.215875400000000184e+01
1.014740824093135672e+02,6.212199953257643292e-01,6.303772899999999879e+01
1.031232220160763262e+02,6.073202696307967718e-01,6.262882299999999702e+01
1.005904991250480407e+02,6.014607495364796552e-01,6.050123700000000326e+01
9.707640667272610813e+01,6.073269501905057544e-01,5.895711800000000835e+01
1.048297404776573956e+02,6.317591811086773479e-01,6.622715100000000632e+01
1.032838805414326231e+02,6.161104682203814020e-01,6.363427999999999685e+01
1.079536435846955840e+02,6.132822552492884771e-01,6.620605399999999463e+01
1.011073372995561357e+02,6.258434619094433993e-01,6.327736600000000067e+01
1.062685743024239713e+02,6.057111843508733440e-01,6.436806400000000394e+01
1.044909490977461530e+02,6.046702565683063080e-01,6.318256900000000087e+01
1.029250721526101415e+02,6.204129340353407018e-01,6.385604599999999920e+01
1.025517915101262076e+02,6.251747927160234974e-01,6.411279500000000553e+01
1.015004334799264569e+02,6.103620336976405270e-01,6.195201099999999883e+01
9.967631105619649645e+01,6.073269501905057544e-01,6.053611000000000075e+01
9.927669915982001214e+01,6.200265371525633951e-01,6.155418799999999635e+01
1.021332100172496240e+02,6.192835708318341625e-01,6.324941900000000317e+01
1.007161955079698146e+02,6.194811538037380272e-01,6.239178500000000582e+01
1.080587335979039381e+02,6.126858218268460554e-01,6.620605399999999463e+01
1.084791610714858905e+02,6.122809703167831907e-01,6.641972599999999716e+01
1.022861554705623348e+02,6.065403642808251394e-01,6.204068199999999678e+01
9.316697614269394023e+01,6.513168776354942846e-01,6.068122400000000027e+01
1.055455002524557244e+02,6.205053824497478443e-01,6.549155100000000118e+01
1.030362580958540093e+02,6.117986829583489383e-01,6.303744700000000023e+01
1.004679313484659104e+02,6.236649462073029504e-01,6.265832699999999988e+01
9.651804319081848860e+01,6.408864390019491930e-01,6.185710499999999712e+01
9.895265919663523846e+01,6.247148333543927068e-01,6.181719400000000064e+01
1.071641414650783730e+02,6.135877458732544865e-01,6.575460400000000050e+01
1.011976054822869031e+02,6.239949522427472584e-01,6.314679499999999734e+01
9.766717180290960698e+01,6.099385893984217155e-01,5.957097699999999207e+01
9.766717180290960698e+01,6.099385893984217155e-01,5.957097699999999207e+01
1.047927930248384030e+02,6.045505437094699230e-01,6.335253999999999763e+01
1.041791961327197527e+02,6.064797132769979005e-01,6.318256900000000087e+01
1.005046574499505283e+02,6.164093542714770280e-01,6.195201099999999172e+01
9.724968910162354518e+01,6.335755678932176727e-01,6.161502699999999777e+01
1.078462297815769375e+02,6.157772426027312562e-01,6.640925400000000423e+01
1.045049873173210244e+02,6.057560086369934149e-01,6.330452400000000068e+01
1.030900471493713724e+02,6.135227090192060251e-01,6.324808500000000322e+01
1.078920741704767039e+02,6.155155928791297137e-01,6.640925400000000423e+01
1.023175810137618242e+02,6.391385659440510514e-01,6.539511199999999747e+01
1.005161667570762205e+02,6.135975633557280151e-01,6.167647500000000349e+01
9.716780215925577124e+01,6.255231120735018635e-01,6.078070600000000212e+01
1.015004334799264569e+02,6.103620336976405270e-01,6.195201099999999883e+01
1.067982773554803657e+02,6.124959186585916537e-01,6.541350900000000479e+01
1.005788279790441777e+02,6.015305230302103734e-01,6.050123500000000121e+01
9.840200759354702598e+01,6.160710384121826921e-01,6.062262700000000137e+01
1.005904991250480407e+02,6.014607495364796552e-01,6.050123700000000326e+01
1.019404949192739593e+02,5.996380834564949414e-01,6.112740299999999394e+01
1.078231541999106753e+02,6.156719536967041329e-01,6.638369199999999637e+01
1.070823102685175598e+02,6.124959186585916537e-01,6.558747800000000439e+01
1.047355069862659036e+02,5.824447196116533387e-01,6.100264299999999906e+01
9.973611481496298836e+01,6.073761456658610669e-01,6.057733699999999999e+01
1.002967574674260476e+02,6.316221042397549557e-01,6.334964899999999943e+01
1.071641414650783730e+02,6.135877458732544865e-01,6.575460400000000050e+01
9.380349988823847696e+01,6.247067121143473623e-01,5.859967600000000232e+01
9.651804319081848860e+01,6.408864390019491930e-01,6.185710499999999712e+01
1.052022138378880669e+02,6.074010485983399876e-01,6.389993499999999926e+01
9.842111108381881479e+01,6.437041840143978844e-01,6.335408100000000076e+01
1.023720791230120710e+02,6.302964592764197516e-01,6.452475900000000308e+01
1.004679313484659104e+02,6.236649462073029504e-01,6.265832699999999988e+01
9.975279118946352241e+01,6.178237848296889156e-01,6.162964699999999851e+01
9.967631105619649645e+01,6.073269501905057544e-01,6.053611000000000075e+01
1.052425254405914217e+02,6.055621977256293587e-01,6.373089499999999674e+01
9.489976806775379714e+01,6.248897779988391576e-01,5.930189500000000180e+01
1.038738751189373346e+02,6.177966011812009439e-01,6.417292700000000139e+01
1.051033672655626106e+02,6.060765383381936378e-01,6.370068500000000000e+01
9.833228726939621822e+01,6.155586804786796762e-01,6.052929300000000978e+01
1.044136439927935953e+02,6.051287703775648508e-01,6.318370000000000175e+01
1.048046604805978745e+02,6.350471696086574802e-01,6.655590300000000070e+01
9.992801190600791017e+01,6.248697818458833764e-01,6.244199499999999858e+01
1.036166001108795314e+02,6.074162338143692663e-01,6.293840500000000304e+01
1.032065754703887279e+02,6.073245208875636125e-01,6.267988400000000837e+01
1.062685743024239713e+02,6.057111843508733440e-01,6.436806400000000394e+01
9.707640667272610813e+01,6.073269501905057544e-01,5.895711800000000835e+01
9.971231974999597014e+01,6.342633704497939728e-01,6.324387200000000320e+01
1.005555450546087712e+02,6.028776530133429512e-01,6.062269100000000321e+01
1.031232220160763262e+02,6.073202696307967718e-01,6.262882299999999702e+01
9.724317527721311194e+01,6.335755678932176727e-01,6.161090000000000089e+01
1.055409157862547573e+02,5.849786079650511894e-01,6.173917800000000256e+01
1.074263667864305489e+02,6.074800158674189543e-01,6.525937100000000157e+01
1.003085047726973187e+02,6.226049938788319471e-01,6.245257600000000053e+01
1.051978580488697474e+02,6.055258650837558321e-01,6.370002399999999909e+01
1.084791610714858905e+02,6.122809703167831907e-01,6.641972599999999716e+01
1.022560144768093409e+02,6.073245208875636125e-01,6.210258499999999771e+01
9.915399404788111326e+01,6.242589579408146516e-01,6.189776900000000381e+01
1.074263667864305489e+02,6.074800158674189543e-01,6.525937100000000157e+01
9.403323532686411568e+01,6.255231120735018635e-01,5.881996199999999675e+01
1.078462297815769375e+02,6.157772426027312562e-01,6.640925400000000423e+01
1.037176019610666629e+02,6.106013425163140385e-01,6.333010699999999105e+01
1.039002729008715136e+02,6.014619524591817701e-01,6.249206099999999253e+01
1.071087912388771031e+02,6.064797132769979005e-01,6.495930900000000463e+01
9.380349988823847696e+01,6.247067121143473623e-01,5.859967600000000232e+01
1.055455002524557244e+02,6.205053824497478443e-01,6.549155100000000118e+01
1.002432969992130296e+02,6.028517298316158346e-01,6.043184500000000270e+01
1.015272092031348876e+02,6.324146551840553743e-01,6.420729500000000201e+01
9.866006601356488659e+01,6.242589579408146516e-01,6.158943000000000012e+01
1.009685210881855539e+02,6.107527904280228848e-01,6.166680600000000112e+01
1.078990524708721495e+02,6.155728384911471895e-01,6.641972599999999716e+01
1.035219397015988108e+02,6.057560086369934149e-01,6.270903700000000214e+01
9.872505188619142302e+01,6.223566240393524351e-01,6.144218999999999653e+01
1.032065754703887279e+02,6.073245208875636125e-01,6.267988400000000837e+01
1.008992838790975810e+02,6.316221042397549557e-01,6.373021800000000070e+01
1.070823102685175598e+02,6.124959186585916537e-01,6.558747800000000439e+01
1.012940236358471253e+02,6.052134943359565034e-01,6.130451000000000050e+01
9.316697614269394023e+01,6.513168776354942846e-01,6.068122400000000027e+01
9.959532840295348421e+01,6.137577332210220060e-01,6.112740300000000104e+01
1.051978795178122823e+02,6.055258650837558321e-01,6.370003700000000180e+01
9.514097853781130709e+01,6.240348891976598145e-01,5.937129000000000190e+01
1.022563607005884734e+02,6.066780645719086484e-01,6.203669099999999759e+01
9.766717180290960698e+01,6.099385893984217155e-01,5.957097699999999207e+01
9.766140960975961605e+01,6.099745768368152188e-01,5.957097700000000629e+01
9.965989022114189311e+01,6.073761456658610669e-01,6.053103999999999729e+01
1.027974811685519825e+02,6.152688206075324073e-01,6.324808500000000322e+01
1.046672199572059583e+02,6.054090098686857324e-01,6.336647800000000075e+01
1.019404949192739593e+02,5.996380834564949414e-01,6.112740299999999394e+01
1.051358171114349176e+02,6.137276598288983198e-01,6.452475900000000308e+01
1.029250721526101415e+02,6.204129340353407018e-01,6.385604599999999920e+01
1.062685743024239713e+02,6.057111843508733440e-01,6.436806400000000394e+01
1.022560144768093409e+02,6.073245208875636125e-01,6.210258499999999771e+01
1.070823102685175598e+02,6.124959186585916537e-01,6.558747800000000439e+01
1.069520913752279085e+02,6.103620336976405270e-01,6.527949599999999464e+01
9.840200759354702598e+01,6.160710384121826921e-01,6.062262700000000137e+01
9.959532840295348421e+01,6.137577332210220060e-01,6.112740300000000104e+01
1.004675459964782078e+02,6.126515123814971764e-01,6.155159400000000147e+01
1.072263306024589156e+02,6.132313549344950987e-01,6.575454799999999977e+01
1.040930302866121195e+02,6.141224136139094014e-01,6.392586299999999966e+01
1.017060428913587202e+02,6.134779234961390548e-01,6.239441200000000265e+01
1.045049873173210244e+02,6.057560086369934149e-01,6.330452400000000068e+01
1.048297404776573956e+02,6.317591811086773479e-01,6.622715100000000632e+01
9.770329438617375217e+01,6.122840317292882473e-01,5.982216700000000031e+01
1.074263667864305489e+02,6.074800158674189543e-01,6.525937100000000157e+01
1.070823102685175598e+02,6.124959186585916537e-01,6.558747800000000439e+01
1.072992899207098247e+02,6.066489447236911303e-01,6.509300100000000100e+01
1.078920741704767039e+02,6.155155928791297137e-01,6.640925400000000423e+01
1.074263667864305489e+02,6.074800158674189543e-01,6.525937100000000157e+01
1.046147653465481397e+02,6.066489447236911303e-01,6.346443699999999666e+01
1.084007754898220242e+02,6.122809703167831907e-01,6.637173199999999440e+01
1.072475363022251713e+02,6.132313549344950987e-01,6.576755199999999491e+01
1.002967574674260476e+02,6.316221042397549557e-01,6.334964899999999943e+01
1.037176019610666629e+02,6.106013425163140385e-01,6.333010699999999105e+01
1.001066651207648732e+02,6.191739673399920818e-01,6.198344099999999912e+01
1.004797963097617668e+02,6.024051821661531303e-01,6.052955000000000041e+01
1.084007754898220242e+02,6.122809703167831907e-01,6.637173199999999440e+01
1.002967574674260476e+02,6.316221042397549557e-01,6.334964899999999943e+01
9.867317337894215257e+01,6.200265371525633951e-01,6.117998600000000664e+01
1.055409157862547573e+02,5.849786079650511894e-01,6.173917800000000256e+01
1.013568887089600992e+02,6.248229183696473177e-01,6.333010699999999815e+01
9.707640667272610813e+01,6.073269501905057544e-01,5.895711800000000835e+01
1.048046604805978745e+02,6.350471696086574802e-01,6.655590300000000070e+01
9.872505188619142302e+01,6.223566240393524351e-01,6.144218999999999653e+01
1.044136439927935953e+02,6.051287703775648508e-01,6.318370000000000175e+01
1.005904991250480407e+02,6.014607495364796552e-01,6.050123700000000326e+01
1.022629391484227739e+02,6.066780645719086484e-01,6.204068199999999678e+01
9.921644682831664852e+01,6.100489982748047435e-01,6.052689399999999864e+01
1.049197739686345869e+02,6.038188761151832562e-01,6.335253999999999053e+01
9.725601574090124757e+01,6.340680474129871680e-01,6.166693200000000274e+01
9.380893443845886281e+01,6.247067121143473623e-01,5.860307099999999991e+01
1.015004334799264569e+02,6.103620336976405270e-01,6.195201099999999883e+01
1.022515556400874317e+02,6.191950196127682382e-01,6.331365400000000676e+01
1.051358171114349176e+02,6.137276598288983198e-01,6.452475900000000308e+01
1.036166001108795314e+02,6.074162338143692663e-01,6.293840500000000304e+01
9.716780215925577124e+01,6.255231120735018635e-01,6.078070600000000212e+01
1.045734568324067340e+02,6.164093542714770280e-01,6.446005700000000616e+01
9.965989022114189311e+01,6.073761456658610669e-01,6.053103999999999729e+01
1.014698937180243519e+02,6.328359836312072995e-01,6.421380000000000621e+01
1.041791961327197527e+02,6.064797132769979005e-01,6.318256900000000087e+01
1.078920741704767039e+02,6.155155928791297137e-01,6.640925400000000423e+01
1.101793958701878324e+02,6.008932384962724083e-01,6.620605399999999463e+01
9.855154229325238191e+01,6.252398142755284383e-01,6.161834800000000456e+01
1.051358171114349176e+02,6.137276598288983198e-01,6.452475900000000308e+01
1.052021726789205900e+02,6.074010485983399876e-01,6.389990999999999843e+01
1.067768626375185335e+02,6.105775295283122350e-01,6.519555300000000386e+01
1.013192980753360217e+02,6.278079320358442850e-01,6.360905900000000202e+01
1.014697377583275539e+02,6.201778420860798446e-01,6.292928299999999808e+01
1.070284488977677455e+02,6.064797132769979005e-01,6.491058300000000258e+01
9.380349988823847696e+01,6.247067121143473623e-01,5.859967600000000232e+01
1.022563607005884734e+02,6.066780645719086484e-01,6.203669099999999759e+01
9.971231974999597014e+01,6.342633704497939728e-01,6.324387200000000320e+01
1.034706454866479817e+02,6.196230312323046663e-01,6.411279500000000553e+01
1.015272092031348876e+02,6.324146551840553743e-01,6.420729500000000201e+01
1.035220432235902734e+02,6.057554028812877078e-01,6.270903700000000924e+01
9.801755001551823909e+01,6.272682493111274571e-01,6.148329700000000031e+01
9.973611481496298836e+01,6.073761456658610669e-01,6.057733699999999999e+01
1.081797735550638890e+02,6.013194228668727881e-01,6.505059900000000539e+01
9.873012021249257941e+01,6.274884591111947740e-01,6.195201099999999883e+01
9.892875544199934268e+01,6.200271571794105929e-01,6.133851500000000101e+01
1.049197739686345869e+02,6.038188761151832562e-01,6.335253999999999053e+01
1.011976054822869031e+02,6.239949522427472584e-01,6.314679499999999734e+01
1.034740600742894259e+02,6.196025840096550663e-01,6.411279500000000553e+01
9.965989022114189311e+01,6.073761456658610669e-01,6.053103999999999729e+01
1.026845062422175943e+02,6.075207183920015019e-01,6.238296499999999156e+01
1.026845062422175943e+02,6.075207183920015019e-01,6.238296499999999156e+01
1.067982773554803657e+02,6.124959186585916537e-01,6.541350900000000479e+01
1.082196530000435644e+02,6.076695792027122511e-01,6.576179100000000233e+01
1.037893113619121550e+02,6.075207183920015019e-01,6.305415699999999646e+01
1.075370944639000896e+02,6.174988949723916321e-01,6.640403700000000242e+01
1.034362926214823517e+02,6.302964592764197516e-01,6.519552899999999340e+01
9.489976806775379714e+01,6.248897779988391576e-01,5.930189500000000180e+01
1.006348377824856755e+02,6.316221042397549557e-01,6.356318799999999669e+01
1.044823346440544753e+02,6.103150376304176117e-01,6.376713999999999771e+01
9.379638592332301528e+01,6.469462911887232659e-01,6.068122399999999317e+01
9.766717180290960698e+01,6.099385893984217155e-01,5.957097699999999207e+01
1.054392458808602839e+02,6.199874767111396290e-01,6.537101199999999324e+01
1.067857809456809832e+02,6.124959186585916537e-01,6.540585500000000252e+01
1.006348916121407484e+02,6.316221042397549557e-01,6.356322200000000322e+01
1.002624483440685310e+02,6.135975633557280151e-01,6.152079400000000220e+01
1.048046604805978745e+02,6.350471696086574802e-01,6.655590300000000070e+01
1.048297404776573956e+02,6.317591811086773479e-01,6.622715100000000632e+01
9.998233508632286259e+01,6.200265371525633951e-01,6.199170100000000616e+01
1.037390585206706959e+02,6.057111843508733440e-01,6.283590800000000343e+01
1.051959030369055199e+02,6.059783618914896808e-01,6.374644099999999725e+01
1.021433055584678442e+02,6.192321724285183571e-01,6.325042100000000289e+01
1.066965149550720184e+02,6.153894251152270956e-01,6.565990700000000402e+01
1.087190426938673511e+02,6.026576428242951255e-01,6.552036200000000576e+01
1.037176019610666629e+02,6.106013425163140385e-01,6.333010699999999105e+01
9.974535979757868631e+01,6.073099452739704196e-01,6.057634899999999334e+01
1.022836261587300726e+02,6.352554992444816584e-01,6.497623600000000010e+01
1.033305821295080165e+02,6.073202696307967718e-01,6.275475699999999790e+01
9.866010285724924245e+01,6.242589579408146516e-01,6.158945299999999889e+01
1.070286302723423404e+02,6.064797132769979005e-01,6.491069299999999487e+01
1.015995047691835396e+02,6.118017419594112827e-01,6.215875400000000184e+01
1.021433055584678442e+02,6.192321724285183571e-01,6.325042100000000289e+01
9.926772559155492104e+01,6.100483882261114044e-01,6.055811599999999828e+01
1.052317344067020031e+02,6.352180202756667615e-01,6.684509400000000312e+01
9.766717180290960698e+01,6.099385893984217155e-01,5.957097699999999207e+01
1.126632074148722040e+02,6.121787279322170594e-01,6.897001899999999353e+01
1.032838805414326231e+02,6.161104682203814020e-01,6.363427999999999685e+01
1.002967574674260476e+02,6.316221042397549557e-01,6.334964899999999943e+01
9.379638592332301528e+01,6.469462911887232659e-01,6.068122399999999317e+01
1.078920741704767039e+02,6.155155928791297137e-01,6.640925400000000423e+01
9.966111024908023808e+01,6.236119369398012147e-01,6.214985800000000182e+01
1.058869233726141914e+02,6.317591811086773479e-01,6.689503600000000461e+01
1.029207805571322325e+02,6.204842856253927064e-01,6.386072699999999713e+01
1.037390585206706959e+02,6.057111843508733440e-01,6.283590800000000343e+01
9.797288345509558383e+01,6.437041840143978844e-01,6.306555500000000336e+01
1.084002334872995732e+02,6.122840317292882473e-01,6.637173199999999440e+01
1.035296006085867901e+02,6.057111843508733440e-01,6.270903700000000214e+01
9.950609704696357483e+01,6.258991644562799106e-01,6.228078299999999956e+01
1.074263667864305489e+02,6.074800158674189543e-01,6.525937100000000157e+01
1.048046604805978745e+02,6.350471696086574802e-01,6.655590300000000070e+01
9.927669915982001214e+01,6.200265371525633951e-01,6.155418799999999635e+01
9.380893443845886281e+01,6.247067121143473623e-01,5.860307099999999991e+01
1.008992838790975810e+02,6.316221042397549557e-01,6.373021800000000070e+01
9.361583561861853298e+01,6.586552648122366849e-01,6.166056300000000334e+01
1.022515556400874317e+02,6.191950196127682382e-01,6.331365400000000676e+01
1.044375233547521873e+02,6.105775295283122350e-01,6.376720499999999703e+01
1.041791961327197527e+02,6.064797132769979005e-01,6.318256900000000087e+01
9.892875544199934268e+01,6.200271571794105929e-01,6.133851500000000101e+01
9.904686276872065775e+01,6.108511295433681765e-01,6.050288799999999156e+01
9.873322867285305904e+01,6.245168301373873465e-01,6.166056299999999624e+01
1.004675459964782078e+02,6.126515123814971764e-01,6.155159400000000147e+01
1.022515556400874317e+02,6.191950196127682382e-01,6.331365400000000676e+01
1.003493283243406040e+02,6.312912209561246657e-01,6.334964999999999691e+01
1.075369406174709326e+02,6.174988949723916321e-01,6.640394200000000069e+01
1.027453750176619280e+02,6.092783834721413605e-01,6.260053599999999818e+01
1.014389055251958069e+02,6.199217615215748545e-01,6.288418499999999511e+01
1.014698937180243519e+02,6.328359836312072995e-01,6.421380000000000621e+01
9.766140960975961605e+01,6.099745768368152188e-01,5.957097700000000629e+01
9.489976806775379714e+01,6.248897779988391576e-01,5.930189500000000180e+01
9.855154229325238191e+01,6.252398142755284383e-01,6.161834800000000456e+01
9.994448116269722959e+01,6.269446623870891244e-01,6.265965899999999777e+01
1.038047947282911423e+02,6.135797692844059403e-01,6.369252200000000386e+01
9.707283663409751284e+01,6.073245208875636125e-01,5.895471400000000273e+01
1.060827162611952019e+02,6.035387691465079474e-01,6.402503199999999595e+01
1.044283242827750087e+02,6.250791482897231077e-01,6.527596800000000599e+01
1.002330781903893779e+02,6.166424010504579778e-01,6.180796600000000041e+01
1.084791610714858905e+02,6.122809703167831907e-01,6.641972599999999716e+01
1.084007754898220242e+02,6.122809703167831907e-01,6.637173199999999440e+01
9.651804319081848860e+01,6.408864390019491930e-01,6.185710499999999712e+01
9.514097853781130709e+01,6.240348891976598145e-01,5.937129000000000190e+01
1.077882956178283962e+02,6.126459985426980781e-01,6.603606800000000021e+01
1.032065754703887279e+02,6.073245208875636125e-01,6.267988400000000837e+01
1.078645235577434960e+02,6.156750320641686258e-01,6.640949399999999514e+01
1.101793958701878324e+02,6.008932384962724083e-01,6.620605399999999463e+01
1.051358171114349176e+02,6.137276598288983198e-01,6.452475900000000308e+01
1.069520913752279085e+02,6.103620336976405270e-01,6.527949599999999464e+01
1.016839750744960185e+02,6.136110626506136034e-01,6.239441200000000265e+01
9.860999318975591166e+01,6.234947089154361244e-01,6.148280900000000315e+01
1.072475363022251713e+02,6.132313549344950987e-01,6.576755199999999491e+01
1.046147653465481397e+02,6.066489447236911303e-01,6.346443699999999666e+01
9.904686276872065775e+01,6.108511295433681765e-01,6.050288799999999156e+01
1.045049873173210244e+02,6.057560086369934149e-01,6.330452400000000068e+01
1.074263667864305489e+02,6.074800158674189543e-01,6.525937100000000157e+01
1.085417380479007790e+02,6.026576428242951255e-01,6.541350799999999310e+01
9.992801190600791017e+01,6.248697818458833764e-01,6.244199499999999858e+01
9.707640667272610813e+01,6.073269501905057544e-01,5.895711800000000835e+01
9.998724294077368313e+01,6.200265371525633951e-01,6.199474399999999719e+01
1.027300670972527001e+02,6.093691727149093129e-01,6.260053599999999818e+01
1.056202190156493970e+02,6.151666944600162612e-01,6.497404099999999971e+01
1.037935588498538664e+02,6.193826641304197578e-01,6.428793100000000038e+01
1.060827162611952019e+02,6.035387691465079474e-01,6.402503199999999595e+01
1.071087912388771031e+02,6.064797132769979005e-01,6.495930900000000463e+01
1.078920741704767039e+02,6.155155928791297137e-01,6.640925400000000423e+01
1.072475363022251713e+02,6.132313549344950987e-01,6.576755199999999491e+01
1.002503418483875350e+02,6.258434619094433993e-01,6.274102100000000348e+01
1.047917486261875979e+02,6.074010485983399876e-01,6.365061799999999437e+01
1.070285709133906664e+02,6.064797132769979005e-01,6.491065700000000049e+01
1.027453750176619280e+02,6.092783834721413605e-01,6.260053599999999818e+01
1.045698272668386721e+02,6.198746492579878531e-01,6.482018499999999506e+01
1.078462297815769375e+02,6.157772426027312562e-01,6.640925400000000423e+01
1.072992899207098247e+02,6.066489447236911303e-01,6.509300100000000100e+01
1.017699737360921546e+02,6.186608848231547331e-01,6.296110199999999679e+01
