   -182.69909122
   -178.68992332
   -178.68992332
   -178.68992332
   -178.68992332
   -157.60175344
   -157.60175344
   -157.60175344
   -157.60175344
   -157.60175344
   -157.60175344
   -157.60175344
   -157.60175344
   -157.60175344
   -157.60175344
   -157.60175344
   -157.60175344
   -157.60175344
   -157.60175344
   -157.60175344
   -157.60175344
   -157.60175344
   -157.60175344
   -157.60175344
   -157.60175344
   -157.60175344
   -157.60175344
   -157.60175344
   -157.60175344
   -157.60175344
   -157.60175344
   -157.60175344
   -157.60175344
   -157.60175344
   -149.87088548
   -149.87088548
   -149.87088548
   -149.87088548
   -149.87088548
   -149.87088548
   -149.87088548
   -149.87088548
   -149.87088548
   -149.87088548
   -149.87088548
   -149.87088548
   -149.87088548
   -149.87088548
   -149.87088548
   -138.20628658
   -138.20628658
   -138.20628658
   -138.20628658
   -138.20628658
   -138.20628658
   -138.20628658
   -138.20628658
   -138.20628658
   -138.20628658
   -138.20628658
    -52.82620853
    -52.82620853
    -52.82620853
    -52.82620853
    -52.82620853
    -52.82620853
    -45.41824767
    -45.41824767
    -13.10812776
    -12.78383309
     -9.09348164
     -9.09348164
     -9.09348164
     -9.09348164
     -9.09348164
     -9.09348164
     -9.09348164
     -9.09348164
     -9.09348164
     -9.09348164
     -9.09348164
     -9.09348164
     -9.09348164
     -9.09348164
     -9.09348164
     -9.09348164
     -9.09348164
     -9.09348164
     -9.09348164
     -9.09348164
     -9.09348164
     -9.09348164
     -9.09348164
      5.71293571
      5.71293571
      5.71293571
      5.71293571
      5.71293571
      9.72152107
      9.72152107
    -93.50465657
    -93.50465657
    -93.50465657
    -93.50465657
    -93.50465657
    -93.50465657
    -93.50465657
    -93.50465657
    -93.50465657
    -93.50465657
    -93.50465657
    -67.15027158
    -67.15027158
    -67.15027158
    -67.15027158
    -67.15027158
    -67.15027158
    -67.15027158
    -67.15027158
    -67.15027158
    -67.15027158
    -67.15027158
    -67.15027158
    -67.15027158
    -67.15027158
    -67.15027158
    -67.15027158
    -67.15027158
    -67.15027158
    -67.15027158
    -67.15027158
    -67.15027158
    -67.15027158
    -67.15027158
    -67.15027158
    -67.15027158
    -67.15027158
    -67.15027158
    -67.15027158
    -66.31373095
    -66.31373095
    -66.31373095
    -65.17394590
    -65.17394590
    -65.17394590
    -65.17394590
    -65.17394590
    -65.17394590
    -65.17394590
    -65.17394590
    -65.17394590
    -65.17394590
    -65.17394590
    -65.17394590
    -32.22888529
    -32.22888529
    -32.22888529
    -32.22888529
    -32.22888529
    -32.22888529
    -32.22888529
    -32.22888529
    -32.22888529
    -32.22888529
    -32.22888529
    -18.88087038
    -18.88087038
     25.51423872
     25.51423872
     25.51423872
     25.65744111
     25.65744111
     25.65744111
     25.65744111
     25.65744111
     25.65744111
     25.65744111
     25.65744111
     25.65744111
     25.65744111
     25.65744111
     25.65744111
     25.65744111
     25.65744111
     25.65744111
     25.65744111
     25.65744111
     25.65744111
     25.65744111
     25.65744111
     25.65744111
     25.65744111
     25.65744111
     25.65744111
     25.65744111
     36.50812329
     36.50812329
     36.50812329
     38.86269185
     38.86269185
   -190.95724478
   -190.95724478
   -190.95724478
   -190.95724478
   -190.95724478
      0.38420269
      0.38420269
      0.38420269
     -0.00673013
     -0.00673013
     -0.00673013
     -0.00673013
     -0.00673013
     -0.00673013
     -0.00673013
     -0.00673013
     -0.00673013
     -0.00673013
     -0.00673013
      8.96166586
      8.96166586
      8.96166586
      8.96166586
      8.96166586
      8.96166586
      8.96166586
      8.96166586
      8.96166586
      8.96166586
      8.96166586
      8.96166586
      8.96166586
      8.96166586
      8.96166586
     14.74544290
     14.74544290
     14.74544290
     14.74544290
     16.13830956
     16.13830956
     16.13830956
     16.13830956
     16.42412835
     16.42412835
     14.79019575
     14.79019575
     14.79019575
     14.79019575
     14.79019575
     18.38572230
     18.38572230
     18.38572230
     18.38572230
     18.38572230
     18.38572230
     18.94052176
     18.94052176
     18.94052176
     18.94052176
     18.94052176
     18.94052176
     18.94052176
     18.94052176
     18.94052176
     18.94052176
     18.94052176
     18.94052176
     18.94052176
     18.94052176
     18.94052176
     18.94052176
     18.94052176
     18.94052176
     18.94052176
     18.94052176
     18.94052176
     18.94052176
     18.94052176
     34.48395671
     34.48395671
     34.48395671
     34.48395671
     34.48395671
     34.48395671
     34.65066069
     34.65066069
     34.65066069
     34.65066069
     45.06607124
     45.06607124
     45.06607124
     52.77207703
     52.77207703
     52.77207703
     52.77207703
     52.77207703
     52.77207703
     52.77207703
     52.77207703
     52.77207703
    -72.81734979
      3.72453800
      3.72453800
      3.72453800
      3.72453800
      3.72453800
      3.72453800
      3.72453800
      3.72453800
      3.72453800
     20.17146727
     20.17146727
     20.17146727
     20.17146727
     20.17146727
     20.17146727
     20.17146727
     20.17146727
     20.17146727
     20.17146727
     20.17146727
     20.17146727
     41.44267935
     41.44267935
     41.44267935
     41.44267935
     41.44267935
     41.44267935
     41.44267935
     41.44267935
     41.44267935
     41.44267935
     41.44267935
     41.44267935
     41.44267935
     41.44267935
     41.44267935
     41.44267935
     41.44267935
     41.44267935
     41.44267935
     41.44267935
     50.50125084
     50.50125084
     50.50125084
     50.50125084
     50.50125084
     50.50125084
     50.50125084
     50.50125084
     50.50125084
     50.50125084
     50.50125084
     50.50125084
     50.50125084
     50.50125084
     50.50125084
     50.50125084
     50.50125084
     50.50125084
     50.50125084
     50.50125084
     50.50125084
     50.50125084
     50.50125084
     50.50125084
     50.50125084
     50.50125084
     50.50125084
     50.50125084
     50.50125084
     50.50125084
     50.50125084
     50.50125084
     50.50125084
     50.50125084
     50.50125084
     50.50125084
     50.50125084
     50.50125084
     50.50125084
     50.50125084
     50.50125084
     50.50125084
     50.50125084
     55.63488103
     55.63488103
     55.63488103
     55.63488103
     55.63488103
     55.63488103
     55.63488103
     55.63488103
     55.63488103
     55.63488103
     55.63488103
     55.63488103
     55.63488103
     55.63488103
     55.63488103
    -32.22630001
    -32.22630001
    -32.22630001
    -32.22630001
    -32.22630001
    -32.22630001
    -32.22630001
    -32.22630001
    -32.22630001
    -32.22630001
    -32.22630001
    -32.22630001
    -32.17893993
    -32.17893993
    -32.17893993
    -32.17893993
    -32.17893993
    -32.17893993
    -32.17893993
    -32.17893993
    -32.17893993
     -3.65255418
     -3.65255418
     -3.65255418
     -3.65255418
     -3.65255418
     -3.65255418
     -3.65255418
     -3.65255418
     -3.65255418
     -3.65255418
      8.91920427
      8.91920427
      8.91920427
      8.91920427
      8.91920427
      8.91920427
      8.91920427
      8.91920427
      8.91920427
      8.91920427
      8.91920427
      8.91920427
      8.91920427
      8.91920427
      8.91920427
      8.91920427
      8.91920427
      8.91920427
      8.91920427
      8.91920427
      8.91920427
      8.91920427
      8.91920427
      8.91920427
      8.91920427
      8.91920427
      8.91920427
      8.91920427
      8.91920427
      8.91920427
      8.91920427
      8.91920427
      8.91920427
      8.91920427
      8.91920427
      8.91920427
      8.91920427
      8.91920427
      8.91920427
      8.91920427
      8.91920427
      8.91920427
      8.91920427
      8.91920427
      7.56017248
      7.56017248
      7.56017248
      7.56017248
      7.56017248
      7.56017248
      7.56017248
      7.56017248
      7.56017248
      7.56017248
      7.56017248
      7.56017248
      7.56017248
      7.56017248
      7.56017248
      7.56017248
      7.56017248
      7.56017248
      7.56017248
      7.56017248
      7.56017248
      7.56017248
      7.56017248
      7.56017248
      7.56017248
   -268.88467964
   -268.88467964
   -268.88467964
   -268.88467964
   -268.88467964
   -268.88467964
   -268.88467964
   -268.88467964
   -268.88467964
   -268.88467964
   -268.88467964
   -268.88467964
   -268.88467964
   -268.88467964
   -268.88467964
   -268.88467964
   -268.88467964
   -268.88467964
   -268.88467964
   -268.88467964
   -268.88467964
   -186.45245353
   -176.29133356
   -176.29133356
   -176.29133356
   -176.29133356
   -176.29133356
   -150.71991219
   -150.71991219
   -150.71991219
   -150.71991219
   -150.71991219
   -150.71991219
   -150.71991219
   -150.71991219
   -150.71991219
   -150.71991219
   -150.71991219
   -150.71991219
   -150.71991219
   -150.71991219
   -150.71991219
   -149.70179838
   -149.70179838
   -149.70179838
   -149.70179838
   -149.70179838
   -149.70179838
   -149.70179838
   -149.70179838
   -149.70179838
   -149.70179838
   -149.70179838
   -149.70179838
   -149.70179838
   -150.17844637
   -150.17844637
   -150.17844637
   -128.84657870
   -119.38722676
   -119.38722676
   -119.38722676
   -119.38722676
   -119.38722676
   -119.38722676
   -119.38722676
   -119.38722676
     -8.93713215
     -8.93713215
     -8.93713215
     -8.93713215
     -8.93713215
     -3.44619777
     -3.44619777
     -3.44619777
     -3.44619777
     -3.44619777
     -3.44619777
     -3.44619777
     -3.44619777
     -3.44619777
     -3.44619777
     -3.44619777
      5.20192660
      5.20192660
      5.20192660
      5.20192660
      5.20192660
      5.20192660
      5.20192660
      5.20192660
      5.20192660
      5.20192660
      5.20192660
      5.20192660
      5.20192660
      5.20192660
      3.25443852
      3.25443852
      3.25443852
     12.10166870
     12.10166870
     12.10166870
     12.10166870
     12.10166870
     12.10166870
     12.10166870
     24.66551526
     24.66551526
     24.66551526
     24.66551526
     24.66551526
     24.66551526
     24.66551526
     24.66551526
     24.66551526
     24.66551526
     41.05944892
     41.05944892
     41.05944892
     41.05944892
     41.05944892
     41.05944892
     41.05944892
     41.05944892
     41.05944892
     41.31121701
     41.31121701
     41.31121701
     41.31121701
     41.31121701
     41.31121701
     41.31121701
     41.31121701
     41.31121701
     41.31121701
     41.31121701
     41.31121701
     41.31121701
     41.31121701
     41.31121701
     41.31121701
     41.31121701
     41.31121701
     41.31121701
     41.31121701
     41.31121701
     41.31121701
     41.31121701
     47.21771881
     47.21771881
     47.21771881
     47.21771881
     47.21771881
     47.21771881
     47.21771881
     47.21771881
     47.21771881
     47.21771881
     47.21771881
     47.21771881
     47.21771881
     47.21771881
     47.21771881
     47.21771881
     47.21771881
     45.38922228
     45.13259357
     45.13259357
     45.13259357
     45.13259357
     45.13259357
     44.96183399
     44.96183399
     44.96183399
     44.96183399
     44.96183399
     44.96183399
     44.96183399
     44.96183399
     44.96183399
     44.96183399
     44.96183399
     44.96183399
     44.96183399
     44.96183399
     44.96183399
     44.96183399
     44.96183399
     44.96183399
     44.96183399
     44.96183399
     44.96183399
     44.96183399
     44.96183399
     44.96183399
     44.96183399
     44.96183399
     44.96183399
     44.96183399
    -85.64437989
    -85.64437989
    -85.64437989
    -85.64437989
    -85.64437989
    -85.64437989
    -85.64437989
    -85.64437989
    -85.64437989
    -85.64437989
    -85.64437989
    -85.64437989
    -85.64437989
    -85.64437989
    -85.64437989
    -85.64437989
    -85.64437989
    -85.64437989
    -85.64437989
    -46.98918850
    -46.98918850
    -46.98918850
    -46.98918850
    -46.98918850
    -46.98918850
    -46.98918850
    -46.98918850
    -46.98918850
    -46.98918850
    -46.98918850
    -46.98918850
    -47.38071559
    -47.38071559
    -47.38071559
    -47.38071559
    -47.38071559
    -47.38071559
     -8.16449227
     -8.16449227
     -8.16449227
     -8.16449227
     13.21437244
     13.21437244
     13.21437244
     13.21437244
     13.21437244
     13.21437244
     13.21437244
     13.21437244
     13.21437244
     12.08765777
     23.81033110
     23.81033110
     23.81033110
     23.81033110
     23.81033110
     23.81033110
     23.81033110
     23.81033110
     23.81033110
     23.81033110
     23.81033110
     23.81033110
     23.81033110
     23.81033110
     23.81033110
     23.81033110
     23.81033110
     23.81033110
     23.81033110
     23.81033110
     27.93185357
     27.93185357
     27.93185357
     27.93185357
     27.93185357
     27.93185357
     27.93185357
     27.93185357
     27.93185357
     27.93185357
     27.93185357
     27.93185357
     27.93185357
     27.93185357
     27.93185357
     27.93185357
     39.22675372
     47.06930881
     47.06930881
     47.06930881
     47.06930881
     47.06930881
     47.06930881
     47.06930881
     47.06930881
     47.06930881
     47.06930881
     47.06930881
     47.06930881
    -21.60696150
    -21.60696150
    -21.60696150
    -21.60696150
    -21.60696150
    -21.60696150
    -21.60696150
    -21.60696150
    -21.60696150
    -21.60696150
    -21.60696150
    -21.60696150
    -21.60696150
    -21.60696150
    -21.60696150
    -21.60696150
    -21.60696150
    -21.60696150
    -21.60696150
    -21.60696150
    -21.60696150
    -21.60696150
    -21.60696150
    -21.60696150
    -21.60696150
    -21.60696150
    -21.60696150
    -21.60696150
    -21.60696150
    -21.60696150
    -21.60696150
    -21.60696150
    -21.60696150
    -21.60696150
    -21.60696150
    -21.60696150
    -21.60696150
    -21.60696150
    -21.60696150
    -21.60696150
    -21.60696150
    -21.60696150
    -21.60696150
    -21.60696150
    -21.60696150
    -21.60696150
    -21.60696150
    -11.40091051
    -11.40091051
    -11.40091051
    -11.40091051
    -11.40091051
    -11.40091051
    -11.40091051
    -11.40091051
    -11.40091051
    -11.40091051
    -11.40091051
    -11.40091051
    -11.40091051
    -11.40091051
    -11.40091051
    -11.40091051
    -11.40091051
    -11.40091051
    -11.40091051
    -11.40091051
    -11.40091051
    -11.40091051
    -13.99486130
    -13.99486130
    -13.99486130
    -13.99486130
    -13.99486130
    -13.99486130
    -13.99486130
    -13.99486130
    -13.99486130
    -13.99486130
    -13.99486130
    -13.99486130
    -13.99486130
    -13.99486130
    -13.99486130
    -13.99486130
    -13.99486130
    -13.99486130
    -13.99486130
    -13.99486130
    -13.99486130
    -13.99486130
    -13.99486130
    -13.99486130
    -13.99486130
    -13.99486130
    -13.99486130
    -13.99486130
    -13.99486130
    -13.99486130
    -13.99486130
     27.63267626
     27.63267626
     27.63267626
     27.63267626
     27.63267626
     27.63267626
     27.63267626
     27.63267626
     27.63267626
     27.63267626
     27.63267626
     32.83723965
     32.83723965
     32.83723965
     32.83723965
     32.83723965
     32.83723965
     32.83723965
     32.83723965
     32.83723965
     32.83723965
     32.83723965
     32.83723965
     32.83723965
     32.83723965
     32.83723965
     32.83723965
     32.83723965
     32.83723965
     32.83723965
     32.83723965
     39.10511527
     39.10511527
     39.10511527
     39.10511527
     39.10511527
     39.10511527
     39.10511527
     39.10511527
     39.10511527
     41.50601029
     41.50601029
     41.50601029
     41.50601029
     41.50601029
     41.50601029
     41.50601029
     41.50601029
     41.50601029
     41.50601029
     41.50601029
     41.50601029
     41.50601029
     39.12385086
     39.12385086
     39.12385086
     39.12385086
     39.12385086
     39.12385086
     39.12385086
     40.29976663
     40.29976663
     40.29976663
     40.29976663
     45.64435417
     45.64435417
     45.64435417
     45.64435417
     45.64435417
     45.64435417
     45.64435417
     45.64435417
     45.64435417
     45.64435417
     45.64435417
     45.64435417
     45.64435417
     45.64435417
     45.64435417
     47.72233071
     47.72233071
     47.72233071
     47.72233071
     47.72233071
     47.72233071
     47.72233071
     47.72233071
     47.72233071
     47.72233071
     47.69609098
     51.23736582
     51.23736582
     51.23736582
     51.23736582
     51.23736582
     51.23736582
     51.23736582
     51.23736582
     51.23736582
     51.23736582
    -68.28285162
    -68.28285162
    -68.28285162
    -68.28285162
    -68.28285162
    -68.28285162
    -68.28285162
    -68.28285162
    -68.28285162
    -68.28285162
    -68.28285162
    -68.28285162
    -68.28285162
    -68.28285162
    -68.28285162
    -68.28285162
    -68.28285162
    -68.28285162
    -68.28285162
    -68.28285162
    -68.28285162
    -68.28285162
    -68.28285162
    -68.28285162
    -68.28285162
    -68.28285162
    -68.28285162
    -68.28285162
    -68.28285162
    -68.28285162
    -68.28285162
    -68.28285162
    -68.28285162
    -68.28285162
    -68.28285162
    -68.28285162
    -68.28285162
    -68.28285162
    -68.28285162
    -68.28285162
    -68.28285162
    -68.28285162
    -68.28285162
    -68.28285162
    -68.28285162
    -68.28285162
    -60.67981170
    -60.67981170
    -60.67981170
    -60.67981170
    -60.67981170
    -60.67981170
    -60.67981170
    -60.67981170
    -60.67981170
    -60.67981170
    -60.67981170
    -60.67981170
    -60.67981170
    -60.67981170
    -60.67981170
    -60.67981170
    -60.67981170
    -60.67981170
    -60.67981170
    -60.67981170
    -60.67981170
    -60.67981170
    -60.67981170
    -60.67981170
    -56.28184450
    -56.28184450
    -56.28184450
    -56.28184450
    -56.28184450
    -56.28184450
    -56.28184450
    -56.28184450
    -56.28184450
    -56.28184450
    -56.28184450
    -56.28184450
    -56.28184450
    -56.74559574
    -56.74559574
    -56.74559574
    -56.74559574
    -56.74559574
    -56.74559574
    -56.74559574
    -56.74559574
    -56.74559574
    -56.74559574
    -56.74559574
    -56.74559574
    -56.74559574
    -56.74559574
    -56.74559574
    -56.74559574
    -56.74559574
   -214.80455529
   -214.80455529
   -214.80455529
   -214.80455529
   -102.85577269
   -102.85577269
   -102.85577269
   -102.85577269
   -102.85577269
   -102.85577269
   -102.85577269
   -102.85577269
   -102.85577269
   -102.85577269
   -102.85577269
   -102.85577269
   -102.85577269
   -102.85577269
   -102.85577269
   -102.85577269
   -102.85577269
   -102.85577269
   -102.85577269
   -102.85577269
   -102.85577269
   -102.85577269
   -102.85577269
   -102.85577269
   -102.85577269
   -102.85577269
   -102.85577269
   -102.85577269
   -102.85577269
   -102.85577269
   -102.85577269
   -102.85577269
   -102.85577269
   -102.85577269
   -102.85577269
   -102.85577269
   -102.85577269
   -102.85577269
   -102.85577269
   -102.85577269
   -102.85577269
   -102.85577269
   -102.85577269
   -102.85577269
   -102.85577269
   -102.85577269
   -102.85577269
   -102.85577269
   -102.85577269
   -102.85577269
   -102.85577269
   -102.85577269
   -102.85577269
   -102.85577269
    -61.43742898
    -61.43742898
    -61.43742898
    -61.43742898
    -61.43742898
    -61.43742898
      8.07189874
      8.07189874
      8.07189874
      8.07189874
      8.07189874
      8.07189874
      8.07189874
      8.07189874
      8.07189874
      8.07189874
      8.07189874
      8.07189874
      8.07189874
      8.07189874
      8.07189874
      8.07189874
      8.07189874
      8.07189874
      8.07189874
      8.07189874
      8.07189874
      8.07189874
      8.07189874
      8.07189874
      8.07189874
      8.07189874
      8.07189874
      8.07189874
      8.07189874
      8.07189874
      8.07189874
      8.07189874
     22.01396799
     22.01396799
     22.01396799
     22.01396799
     31.30659953
     31.30659953
     31.30659953
     31.30659953
     31.30659953
     31.30659953
     31.30659953
     31.30659953
     31.30659953
     31.30659953
     31.30659953
     31.30659953
     31.30659953
     31.30659953
     31.30659953
     31.30659953
     31.30659953
     31.30659953
     31.30659953
     31.30659953
     31.30659953
     31.30659953
     31.30659953
     31.30659953
     31.30659953
     31.30659953
     31.30659953
     31.30659953
     31.30659953
     31.30659953
     31.30659953
     31.30659953
     31.30659953
     31.30659953
     31.30659953
     31.30659953
     31.15128304
     31.15128304
     31.15128304
     31.15128304
     31.15128304
     31.15128304
     31.15128304
     31.15128304
     31.15128304
     31.15128304
     31.15128304
     31.15128304
     31.15128304
     31.15128304
     31.15128304
     31.15128304
     31.15128304
     31.15128304
     31.15128304
     31.15128304
     31.15128304
     36.42909718
     36.42909718
     36.42909718
     44.37064734
     44.37064734
     44.37064734
     44.37064734
     44.37064734
     44.37064734
     44.37064734
     44.37064734
     44.37064734
     44.37064734
     44.37064734
     44.37064734
     44.37064734
     44.37064734
     44.37064734
     44.37064734
     44.37064734
     44.37064734
     44.70726485
     44.70726485
     44.70726485
     44.70726485
     44.70726485
     44.70726485
     44.70726485
     44.70726485
     44.70726485
     44.70726485
     44.70726485
     44.70726485
     44.70726485
     44.70726485
     44.70726485
     44.70726485
     44.70726485
     44.70726485
     44.70726485
     44.70726485
     44.70726485
     44.70726485
    -24.65381970
    -24.65381970
    -24.65381970
    -24.65381970
    -24.65381970
    -24.65381970
    -24.65381970
    -24.65381970
    -24.65381970
    -24.65381970
    -15.16641784
    -15.16641784
    -15.16641784
    -15.16641784
    -15.16641784
    -15.16641784
    -15.16641784
    -15.16641784
    -15.16641784
    -15.16641784
    -15.16641784
    -15.16641784
    -15.16641784
    -15.16641784
    -15.16641784
    -15.16641784
    -14.10049964
    -14.10049964
    -14.10049964
    -14.10049964
    -14.10049964
    -14.10049964
    -14.10049964
    -14.10049964
    -14.10049964
    -14.10049964
    -14.10049964
    -14.10049964
    -14.10049964
    -14.10049964
    -14.10049964
    -14.10049964
    -14.10049964
    -14.10049964
    -14.10049964
    -14.10049964
    -14.10049964
      5.39321764
      5.39321764
      5.39321764
      5.39321764
      5.39321764
      5.39321764
      5.39321764
      5.39321764
      5.39321764
      5.39321764
      5.39321764
      5.39321764
      5.39321764
      6.74657485
      6.74657485
      6.74657485
      9.54310828
      9.54310828
      9.54310828
      9.54310828
     14.90087917
     16.15248212
     16.15248212
     16.15248212
     16.15248212
     16.15248212
     16.15248212
     16.15248212
     16.15248212
     22.26297662
     35.23465221
     35.23465221
     35.23465221
     35.23465221
     35.23465221
     35.23465221
     35.84639882
     35.84639882
     35.84639882
     47.52109427
     47.52109427
     47.52109427
     47.52109427
     47.52109427
     47.52109427
     47.52109427
     47.52109427
     47.52109427
     47.52109427
     47.52109427
     47.52109427
     47.52109427
     47.52109427
    -58.11563298
    -58.11563298
    -58.11563298
    -58.11563298
    -58.11563298
    -58.11563298
    -58.11563298
    -58.11563298
    -58.11563298
    -58.11563298
    -58.11563298
    -58.11563298
    -58.11563298
    -58.11563298
    -58.11563298
    -58.11563298
     30.41665687
     30.41665687
     30.41665687
     30.41665687
     30.41665687
     30.41665687
     30.41665687
     30.41665687
     43.37513873
     43.37513873
     43.37513873
     43.37513873
     43.37513873
     43.37513873
     43.37513873
     43.37513873
     43.37513873
     43.37513873
     43.37513873
     43.37513873
     43.37513873
     43.37513873
     43.37513873
     41.29899082
     41.29899082
     41.29899082
     41.29899082
     41.29899082
     41.29899082
     41.29899082
     41.29899082
     41.29899082
     41.29899082
     43.00555984
     43.00555984
     43.00555984
     43.92964640
     43.92964640
     43.92964640
     43.92964640
     43.92964640
     43.92964640
     43.92964640
     43.92964640
     43.92964640
     43.92964640
     43.92964640
     43.92964640
     43.92964640
     43.92964640
     43.92964640
     43.92964640
     43.92964640
     43.92964640
     43.92964640
     43.92964640
     43.92964640
     45.38145526
     45.38145526
     55.26055006
     55.26055006
     55.26055006
     55.26055006
     55.26055006
     55.26055006
     55.26055006
     55.26055006
     55.62530185
     55.62530185
     55.62530185
     55.62530185
     55.62530185
     55.62530185
     55.62530185
     55.62530185
     55.62530185
     55.62530185
     55.62530185
     55.62530185
     55.62530185
     55.62530185
     55.62530185
     55.62530185
     55.62530185
    -52.39582835
    -52.39582835
    -52.39582835
    -52.39582835
    -52.39582835
    -52.39582835
    -52.39582835
    -52.39582835
    -52.39582835
    -52.39582835
    -52.39582835
    -52.39582835
    -52.39582835
    -52.39582835
    -52.39582835
    -52.39582835
    -52.39582835
    -52.39582835
    -52.39582835
    -52.39582835
    -52.39582835
    -52.39582835
    -52.39582835
    -52.39582835
    -52.39582835
    -52.39582835
    -52.39582835
    -52.39582835
    -52.39582835
    -49.41286594
    -49.41286594
    -49.41286594
    -49.41286594
    -49.41286594
    -49.41286594
    -49.41286594
    -49.41286594
    -49.41286594
    -49.41286594
    -49.41286594
    -49.41286594
    -49.41286594
    -49.41286594
    -49.41286594
    -49.41286594
    -49.41286594
    -49.41286594
    -49.41286594
    -49.41286594
    -49.41286594
    -49.41286594
    -49.41286594
    -49.41286594
    -49.41286594
    -49.41286594
    -49.41286594
    -49.41286594
    -29.54922341
    -29.54922341
    -29.54922341
      9.35600436
      9.35600436
      9.35600436
      9.35600436
      9.35600436
      9.35600436
      9.35600436
      9.35600436
      9.35600436
      9.35600436
      9.35600436
      9.35600436
      9.35600436
      9.35600436
      9.35600436
      9.35600436
      9.35600436
      9.35600436
      9.35600436
      9.35600436
      9.35600436
      9.35600436
      9.35600436
      9.35600436
      9.35600436
      9.35600436
      9.35600436
     27.60556869
     27.60556869
     27.60556869
     27.60556869
     27.60556869
     27.60556869
     49.61207645
     49.61207645
     49.61207645
     49.61207645
     49.61207645
     49.61207645
     49.61207645
    -95.99662733
    -95.99662733
    -58.23049663
    -58.23049663
    -58.23049663
    -58.23049663
    -58.23049663
    -58.23049663
    -15.54228518
    -15.54228518
    -15.54228518
    -15.54228518
    -15.54228518
    -15.54228518
    -15.54228518
    -15.54228518
    -15.54228518
    -15.54228518
    -15.54228518
    -15.54228518
    -15.54228518
    -15.54228518
    -12.50365548
    -12.50365548
    -12.50365548
    -12.50365548
    -12.50365548
    -12.50365548
    -12.50365548
    -12.50365548
    -12.50365548
    -12.50365548
     -7.36910013
     -7.36910013
     10.87993722
     10.87993722
     10.87993722
     10.87993722
     10.87993722
     10.87993722
     10.87993722
     10.87993722
     10.87993722
     10.87993722
     10.87993722
     10.87993722
     10.87993722
     10.87993722
     10.87993722
     10.87993722
     10.87993722
     10.87993722
     10.87993722
     10.87993722
     10.87993722
     10.87993722
     10.87993722
     10.87993722
     10.87993722
     10.87993722
     13.25680364
     13.25680364
     18.07487094
     18.07487094
     18.07487094
     18.07487094
     18.07487094
     18.07487094
     18.07487094
     18.07487094
     18.07487094
     18.07487094
     23.96018853
     23.96018853
     23.96018853
     23.96018853
     23.96018853
     23.96018853
     23.96018853
     23.96018853
     23.96018853
     23.96018853
     23.96018853
     23.96018853
     23.96018853
     23.96018853
     23.96018853
     23.96018853
     23.96018853
     23.96018853
     23.96018853
     23.96018853
     23.96018853
     23.96018853
     23.96018853
     23.96018853
     23.96018853
     23.96018853
     23.96018853
     23.96018853
     -7.94437569
     -7.94437569
     -7.94437569
     -7.94437569
     -7.94437569
     -7.94437569
     -7.94437569
     -7.94437569
     -7.94437569
     -7.94437569
     -7.94437569
     -7.94437569
     -7.94437569
     -7.94437569
     -7.94437569
     -7.94437569
     -7.94437569
     -7.94437569
     -7.94437569
     -7.94437569
     -7.94437569
     -7.94437569
     -7.94437569
     -7.94437569
      1.94352371
      1.94352371
      1.94352371
      1.94352371
      1.94352371
      1.94352371
      1.94352371
      1.94352371
      1.94352371
      5.64946414
      5.64946414
      5.64946414
      5.64946414
      5.64946414
      5.64946414
      5.64946414
      5.64946414
      5.64946414
      5.64946414
      5.64946414
      5.64946414
      5.64946414
      5.64946414
      5.64946414
      5.64946414
      5.64946414
      5.64946414
      5.64946414
      5.64946414
      5.64946414
      5.64946414
      5.64946414
      5.64946414
      5.64946414
      5.64946414
      5.64946414
      5.64946414
      5.64946414
      5.64946414
      5.64946414
      5.64946414
      8.90873454
      8.90873454
     21.05918457
     21.05918457
     21.05918457
     21.05918457
     21.05918457
     21.05918457
     21.05918457
     21.05918457
     21.05918457
     21.05918457
     21.05918457
     21.05918457
     21.05918457
     21.05918457
     21.05918457
     21.05918457
     21.05918457
     21.05918457
     21.05918457
     21.05918457
     21.05918457
     21.05918457
     21.06438249
     21.06438249
     24.81517016
     24.81517016
     24.81517016
     24.81517016
     24.81517016
     24.81517016
     24.81517016
     24.81517016
     24.81517016
     37.28510968
     37.28510968
     37.28510968
     37.28510968
     37.28510968
     37.28510968
     37.28510968
     37.28510968
     37.28510968
     37.28510968
     37.28510968
     37.28510968
     37.28510968
     37.39380021
     37.39380021
     37.39380021
     37.39380021
     37.39380021
     37.39380021
     37.39380021
     37.39380021
     37.39380021
     37.39380021
     37.39380021
     37.39380021
     37.39380021
     37.39380021
     37.39380021
     37.39380021
     37.39380021
     37.39380021
     37.39380021
     37.39380021
     37.39380021
     37.39380021
     37.39380021
     37.39380021
     37.39380021
     37.39380021
     37.39380021
     37.39380021
     37.39380021
     37.39380021
     37.39380021
     37.39380021
     37.39380021
     37.39380021
     37.66281555
     37.66281555
     37.66281555
     37.66281555
     37.66281555
     37.66281555
     37.66281555
     37.66281555
     37.66281555
     37.66281555
     37.66281555
     37.66281555
     37.66281555
     37.66281555
     37.66281555
     37.66281555
     37.66281555
     37.66281555
     37.66281555
     37.66281555
     37.66281555
     37.66281555
     37.66281555
     39.30403483
     40.05666368
     40.05666368
     40.05666368
     40.05666368
     40.05666368
     40.05666368
     40.05666368
     39.69837067
     39.69837067
     39.69837067
     39.69837067
     39.69837067
     39.69837067
     42.62432572
     42.62432572
     42.62432572
     42.62432572
     42.62432572
     42.62432572
     42.62432572
     42.62432572
     42.62432572
     42.62432572
     42.62432572
     42.62432572
     42.62432572
     42.62432572
     46.52836767
     46.52836767
   -508.12117993
   -508.12117993
   -508.12117993
   -508.12117993
   -508.12117993
   -508.12117993
   -508.12117993
   -508.12117993
   -508.12117993
   -508.12117993
   -508.12117993
   -508.12117993
   -508.12117993
   -508.12117993
   -508.12117993
   -508.12117993
   -508.12117993
   -508.12117993
   -508.12117993
   -508.12117993
   -508.12117993
   -508.12117993
   -508.12117993
   -508.12117993
   -508.12117993
   -508.12117993
   -508.12117993
   -508.12117993
   -508.12117993
   -508.12117993
   -508.12117993
   -508.12117993
   -508.12117993
   -508.12117993
   -508.12117993
   -508.12117993
   -508.12117993
   -508.12117993
   -508.12117993
   -508.12117993
   -508.12117993
   -508.12117993
   -508.12117993
   -508.12117993
   -508.12117993
   -508.12117993
   -508.12117993
   -508.12117993
   -508.12117993
   -508.12117993
   -508.12117993
   -508.12117993
   -295.34022579
   -295.34022579
   -295.34022579
   -295.34022579
   -295.34022579
   -295.34022579
   -295.34022579
   -295.34022579
   -295.34022579
   -295.34022579
   -295.34022579
   -295.34022579
   -295.34022579
   -295.34022579
   -295.34022579
   -295.34022579
   -295.34022579
   -295.34022579
   -295.34022579
   -295.34022579
   -295.34022579
   -295.34022579
   -295.34022579
   -295.34022579
   -295.34022579
   -295.34022579
   -295.34022579
   -295.34022579
   -295.34022579
   -295.34022579
   -295.34022579
   -295.34022579
   -295.34022579
   -295.34022579
   -295.34022579
   -295.34022579
   -295.34022579
   -295.34022579
   -295.34022579
   -295.34022579
   -295.34022579
   -295.34022579
   -295.34022579
   -295.34022579
   -295.34022579
   -295.34022579
   -295.34022579
   -295.34022579
   -387.69144005
   -166.85806461
   -166.85806461
   -166.85806461
   -166.85806461
   -166.85806461
   -166.85806461
   -166.85806461
   -166.85806461
   -166.85806461
   -166.85806461
   -166.85806461
   -166.85806461
   -166.85806461
   -166.85806461
   -128.37339311
   -128.37339311
   -128.37339311
   -128.37339311
   -128.37339311
   -128.37339311
   -128.37339311
   -128.37339311
   -128.37339311
   -128.37339311
   -128.37339311
   -128.37339311
   -128.37339311
   -128.37339311
   -128.37339311
   -128.37339311
   -128.37339311
   -128.37339311
   -128.37339311
   -128.37339311
   -128.37339311
   -128.37339311
   -128.37339311
   -128.37339311
   -128.37339311
   -128.37339311
   -128.37339311
   -128.37339311
   -128.37339311
   -128.37339311
   -128.37339311
   -128.37339311
   -128.37339311
   -128.37339311
   -128.37339311
   -128.37339311
   -128.37339311
   -128.37339311
   -128.37339311
   -128.37339311
   -128.37339311
   -128.37339311
   -128.37339311
   -128.37339311
   -128.37339311
   -128.37339311
   -128.37339311
   -128.37339311
   -128.37339311
   -128.37339311
   -128.37339311
   -128.37339311
   -128.37339311
   -128.37339311
   -128.37339311
   -128.37339311
   -128.37339311
   -128.37339311
   -128.37339311
   -128.37339311
   -128.37339311
   -128.37339311
   -128.37339311
   -128.37339311
   -124.66563103
   -124.66563103
   -124.66563103
   -124.66563103
   -124.66563103
   -124.66563103
   -124.66563103
   -124.66563103
   -124.66563103
   -124.66563103
   -124.66563103
   -124.66563103
   -124.66563103
   -124.66563103
   -124.66563103
   -124.66563103
   -124.66563103
   -124.66563103
   -124.66563103
   -124.66563103
   -124.66563103
      7.99303002
      7.99303002
      7.99303002
      7.99303002
      7.99303002
      7.99303002
      7.99303002
      7.99303002
      9.70609563
      9.70609563
      9.70609563
      9.70609563
      9.70609563
      9.70609563
      9.70609563
      9.70609563
      9.70609563
      9.70609563
      9.70609563
      9.70609563
      9.70609563
      9.70609563
      9.70609563
      9.70609563
      9.70609563
      9.70609563
      9.70609563
      9.70609563
      9.70609563
     21.59038840
     21.59038840
     36.41438029
     36.41438029
     41.50156920
     41.73288416
     41.73288416
     41.73288416
     41.73288416
     41.73288416
     41.73288416
     41.73288416
     41.73288416
     41.73288416
     41.73288416
     43.89398405
     43.89398405
     43.89398405
     43.89398405
     43.89398405
     49.01059161
     49.01059161
     49.01059161
     49.01059161
     49.58691838
     49.58691838
     49.58691838
     49.58691838
     49.58691838
     49.58691838
     49.58691838
     48.09676725
     48.09676725
     48.09676725
     48.09676725
     48.09676725
     48.09676725
     48.09676725
     48.09676725
     55.68726528
     55.68726528
     55.13280412
     56.58662334
     56.58662334
     56.58662334
     56.58662334
     56.58662334
     56.58662334
     57.41333005
     57.41333005
     57.41333005
     57.41333005
     57.41333005
     57.05802780
     57.05802780
     57.05802780
     57.05802780
     57.05802780
     57.05802780
     57.05802780
     57.05802780
     57.05802780
     57.05802780
     57.05802780
     57.05802780
     57.05802780
     57.05802780
     57.05802780
     57.05802780
     57.05802780
     57.05802780
    -70.58027366
    -70.58027366
    -70.58027366
    -70.58027366
    -70.58027366
    -64.66395360
    -64.66395360
    -64.66395360
    -64.66395360
    -64.66395360
    -18.34159751
    -18.34159751
    -18.34159751
    -18.34159751
    -18.34159751
    -18.34159751
     -3.16547673
     -3.16547673
      1.31858333
      1.31858333
      1.31858333
      1.31858333
      1.31858333
      1.31858333
      1.31858333
      1.31858333
      1.31858333
      1.31858333
      1.31858333
     27.46264263
     27.46264263
     27.46264263
     27.46264263
     27.46264263
     29.27752599
     35.69665500
     35.69665500
     35.69665500
     35.69665500
     35.69665500
     35.01900746
     33.46501212
     33.33871023
     33.33871023
     33.33871023
     33.33871023
     33.33871023
     33.33871023
     33.33871023
     33.33871023
     33.24427330
     33.24427330
     33.24427330
     33.24427330
     33.24427330
     33.24427330
     33.24427330
     33.24427330
     33.24427330
     33.24427330
     33.24427330
     33.24427330
     33.24427330
     33.24427330
     33.24427330
     33.24427330
     33.24427330
     33.24427330
     33.24427330
     33.24427330
     33.24427330
     33.24427330
     33.24427330
     33.24427330
     33.24427330
     33.24427330
     33.24427330
     33.24427330
     33.24427330
     33.24427330
     33.24427330
     33.24427330
     33.24427330
     33.24427330
     33.24427330
     33.24427330
     33.24427330
     33.24427330
     33.25893579
     33.25893579
     33.25893579
     33.25893579
     33.25893579
     33.25893579
     33.25893579
     33.25893579
     33.14862807
     33.14862807
     33.14862807
     33.82971834
   -847.72665650
   -847.72665650
   -847.72665650
   -847.72665650
   -847.72665650
   -847.72665650
   -847.72665650
   -505.53430517
   -505.53430517
    -52.83626097
    -52.83626097
    -52.83626097
    -52.83626097
    -52.83626097
    -52.83626097
    -52.83626097
    -52.83626097
    -52.83626097
    -52.83626097
    -52.83626097
    -52.83626097
    -52.83626097
    -52.83626097
    -52.83626097
    -52.83626097
    -52.83626097
    -52.83626097
    -52.83626097
    -44.85179253
    -44.85179253
    -44.85179253
    -44.85179253
    -44.85179253
    -44.85179253
    -44.85179253
    -44.85179253
    -44.85179253
    -44.85179253
    -44.85179253
    -44.85179253
    -44.85179253
    -44.85179253
    -44.85179253
    -16.97673885
    -16.97673885
    -16.97673885
    -16.97673885
    -16.97673885
     20.73514437
     20.73514437
     20.73514437
     20.73514437
     20.73514437
     20.73514437
     20.73514437
     20.73514437
     20.73514437
     20.73514437
     20.73514437
     20.73514437
     20.73514437
     20.73514437
     19.53962793
     19.53962793
     19.53962793
     19.53962793
     19.53962793
     19.53962793
     19.53962793
     19.53962793
     19.53962793
     19.53962793
     30.68869099
     30.68869099
     30.68869099
     30.68869099
     30.68869099
     30.68869099
     30.68869099
     30.68869099
     30.68869099
     30.68869099
     30.68869099
     30.68869099
     30.68869099
     40.56422793
     45.13777181
     44.82833462
     46.51118130
     46.51118130
     46.51118130
     48.59548634
     48.59548634
     48.59548634
     48.59548634
     48.59548634
     49.97878217
     49.97878217
     49.97878217
     49.97878217
    -15.13112868
    -15.13112868
    -15.13112868
    -15.13112868
    -15.13112868
    -15.13112868
    -15.13112868
    -15.13112868
    -15.13112868
    -15.13112868
    -15.13112868
    -15.13112868
    -15.13112868
    -15.13112868
    -15.13112868
    -15.13112868
    -15.13112868
    -15.13112868
    -15.13112868
    -15.13112868
    -15.13112868
    -15.13112868
    -15.13112868
    -15.13112868
    -15.13112868
    -15.13112868
    -15.13112868
    -15.13112868
    -15.13112868
    -15.13112868
    -15.13112868
    -15.13112868
    -15.13112868
    -15.13112868
     11.49475729
     11.49475729
     11.49475729
     11.49475729
     11.49475729
     11.49475729
     11.49475729
     11.49475729
     11.49475729
     11.49475729
     11.49475729
     11.49475729
     38.49638153
     38.49638153
     38.49638153
     38.49638153
     38.49638153
     38.49638153
     38.49638153
     38.49638153
     38.49638153
     38.49638153
     45.95290826
     45.95290826
     45.95290826
     45.95290826
     45.95290826
     45.95290826
     45.95290826
     45.95290826
     45.95290826
     45.95290826
     45.95290826
     45.95290826
     46.16528172
     46.16528172
     46.16528172
     49.44297664
     52.52452677
     56.24707607
     56.24707607
     56.24707607
     56.24707607
     56.24707607
     56.24707607
     56.24707607
     56.24707607
     56.24707607
     56.24707607
     56.24707607
     56.24707607
     56.24707607
     56.24707607
     56.24707607
     56.24707607
     56.24707607
     56.24707607
     56.24707607
     56.24707607
     56.24707607
     56.24707607
     56.24707607
     56.24707607
     56.24707607
     56.24707607
     56.24707607
    -35.35955867
    -35.35955867
    -35.35955867
    -35.35955867
    -33.92748937
    -33.92748937
    -33.92748937
    -33.92748937
    -33.92748937
    -33.92748937
    -33.92748937
    -33.92748937
    -33.92748937
    -33.92748937
    -33.92748937
    -33.92748937
    -33.92748937
    -33.92748937
    -33.92748937
    -33.92748937
    -33.92748937
    -33.92748937
    -33.92748937
    -33.92748937
    -33.92748937
    -33.92748937
    -33.92748937
    -33.92748937
    -33.92748937
    -33.92748937
    -33.92748937
    -33.92748937
    -33.92748937
    -33.92748937
    -33.92748937
    -33.92748937
    -33.92748937
    -33.92748937
    -33.92748937
    -33.92748937
    -33.92748937
    -33.92748937
    -33.92748937
    -33.92748937
    -33.92748937
    -33.92748937
    -33.92748937
    -33.92748937
    -33.92748937
    -33.92748937
    -33.92748937
    -33.92748937
    -33.92748937
    -33.92748937
    -33.92748937
    -33.92748937
    -33.92748937
    -33.92748937
    -33.92748937
    -33.92748937
    -33.92748937
    -33.92748937
    -33.92748937
    -33.92748937
    -33.92748937
    -33.92748937
    -33.92748937
    -33.92748937
    -33.92748937
    -33.92748937
    -33.92748937
    -33.92748937
    -33.92748937
    -33.92748937
    -33.92748937
    -33.92748937
    -33.92748937
    -33.92748937
    -33.92748937
    -33.92748937
    -33.92748937
    -33.92748937
    -22.30080863
    -22.30080863
    -22.30080863
    -22.30080863
    -22.30080863
    -22.30080863
    -22.30080863
    -22.30080863
    -22.30080863
    -22.30080863
    -22.30080863
    -22.30080863
    -22.30080863
    -22.30080863
    -22.30080863
    -22.30080863
    -22.30080863
    -22.30080863
   -712.33976948
   -712.33976948
   -712.33976948
   -712.33976948
   -712.33976948
   -712.33976948
   -712.33976948
   -712.33976948
   -712.33976948
   -712.33976948
   -712.33976948
   -712.33976948
   -712.33976948
   -712.33976948
   -712.33976948
   -712.33976948
   -712.33976948
   -712.33976948
   -712.33976948
   -712.33976948
   -242.89389133
   -242.89389133
   -242.89389133
   -242.89389133
   -242.89389133
   -242.89389133
   -242.89389133
   -242.89389133
   -242.89389133
   -242.89389133
   -242.89389133
   -242.89389133
   -242.89389133
   -242.89389133
   -242.89389133
   -245.51717733
   -245.51717733
   -245.51717733
   -245.51717733
   -245.51717733
   -245.51717733
   -245.51717733
   -245.51717733
   -245.51717733
   -245.51717733
   -245.51717733
   -245.51717733
   -245.51717733
   -245.51717733
   -245.51717733
   -245.51717733
   -245.51717733
   -245.51717733
   -245.51717733
   -245.51717733
   -245.51717733
   -245.51717733
   -245.51717733
   -245.51717733
   -245.51717733
   -245.51717733
   -245.51717733
   -245.51717733
   -245.51717733
   -245.51717733
   -245.51717733
   -245.51717733
   -245.51717733
   -245.51717733
   -245.51717733
   -245.51717733
   -245.51717733
   -245.51717733
   -245.51717733
   -245.51717733
   -245.51717733
   -245.51717733
   -245.51717733
   -245.51717733
   -245.51717733
   -245.51717733
   -245.51717733
   -245.51717733
   -151.05579317
   -151.05579317
   -151.05579317
   -151.05579317
   -151.05579317
    -65.87539443
    -65.87539443
    -65.87539443
    -65.87539443
    -65.87539443
    -65.87539443
    -65.87539443
    -38.43042852
    -38.43042852
    -38.43042852
    -38.43042852
    -38.43042852
     29.67312981
     29.67312981
     29.67312981
     29.67312981
     29.67312981
     29.67312981
     29.67312981
     29.67312981
     29.67312981
     29.67312981
     29.67312981
     29.67312981
     29.67312981
     29.67312981
     29.67312981
     29.67312981
     29.67312981
     29.67312981
     41.15208566
     41.15208566
     41.15208566
     41.15208566
     41.15208566
     45.68838427
     45.68838427
     45.68838427
     45.68838427
     45.68838427
     45.68838427
     45.68838427
     45.68838427
     45.68838427
     43.49903495
     43.49903495
     48.07713425
     48.07713425
     48.07713425
     48.07713425
     45.81650034
     45.81650034
     45.81650034
     45.81650034
     45.81650034
     45.81650034
     45.81650034
     45.81650034
     45.81650034
     45.81650034
     47.82152702
     47.82152702
     47.82152702
     47.82152702
     47.82152702
     47.82152702
     47.82152702
     47.82152702
     47.82152702
     47.82152702
     47.82152702
     47.82152702
     47.82152702
     47.82152702
     47.82152702
     47.82152702
     47.82152702
     47.82152702
     47.82152702
     51.02417286
     51.02417286
     51.02417286
     51.02417286
     51.02417286
     51.02417286
     51.02417286
     51.02417286
     51.02417286
     51.02417286
     51.75911376
     51.75911376
     51.75911376
     51.75911376
     51.75911376
     51.75911376
     51.75911376
     51.75911376
     54.02660925
     54.02660925
     54.02660925
     54.02660925
     54.02660925
     54.02660925
     54.02660925
     54.02660925
     54.02660925
     54.02660925
     54.02660925
     54.02660925
     54.02660925
     54.02660925
     54.02660925
   -206.31274811
   -194.84803754
   -194.84803754
   -194.84803754
   -194.84803754
   -194.84803754
   -194.84803754
   -194.84803754
   -194.84803754
   -194.84803754
   -194.84803754
   -194.84803754
   -194.84803754
   -194.84803754
   -194.84803754
   -194.84803754
   -194.84803754
   -194.84803754
   -194.84803754
   -194.84803754
   -194.84803754
   -194.84803754
   -194.84803754
   -194.84803754
   -194.84803754
   -194.84803754
   -194.84803754
   -194.84803754
   -181.29449270
   -181.29449270
   -181.29449270
   -181.29449270
   -181.29449270
   -181.29449270
   -181.29449270
   -181.29449270
   -181.29449270
   -181.29449270
   -181.29449270
   -181.29449270
   -181.29449270
   -181.29449270
   -181.29449270
   -181.29449270
   -181.29449270
   -181.29449270
   -181.29449270
   -181.29449270
   -181.29449270
   -181.29449270
   -181.29449270
   -181.29449270
   -181.29449270
   -181.29449270
   -181.29449270
   -181.29449270
   -181.29449270
   -181.29449270
   -181.29449270
   -181.29449270
   -181.29449270
   -181.29449270
   -181.29449270
   -181.29449270
   -181.29449270
   -181.29449270
   -181.29449270
   -181.29449270
   -181.29449270
   -181.29449270
   -181.29449270
   -181.29449270
   -181.29449270
   -181.29449270
   -181.29449270
   -181.29449270
   -181.29449270
   -181.29449270
   -181.29449270
   -181.29449270
   -181.29449270
   -181.29449270
   -181.29449270
   -158.53375221
   -158.53375221
    -94.88266685
    -94.88266685
    -94.88266685
    -94.88266685
    -94.88266685
    -94.88266685
    -94.88266685
    -94.88266685
    -94.88266685
    -94.88266685
    -94.88266685
    -94.88266685
    -94.88266685
    -94.88266685
    -94.88266685
     20.53624792
     20.53624792
     20.53624792
     20.53624792
     20.53624792
     20.53624792
     20.53624792
     20.53624792
     20.53624792
     20.53624792
     20.53624792
     20.53624792
     20.53624792
     20.53624792
     20.53624792
     20.53624792
     20.53624792
     20.53624792
     20.53624792
     20.53624792
     20.53624792
     20.53624792
     20.53624792
     20.53624792
     20.53624792
     20.53624792
     20.53624792
     20.53624792
     20.53624792
     20.53624792
     20.53624792
     20.53624792
     20.53624792
     20.53624792
     20.53624792
     20.53624792
     20.61619400
     20.61619400
     39.94498794
     39.94498794
     39.94498794
     39.94498794
     39.94498794
     39.94498794
     45.33623615
     45.33623615
     45.33623615
     45.95996167
     45.95996167
     45.95996167
     45.95996167
     45.95996167
     45.95996167
     45.95996167
     45.93234759
     45.93234759
     45.93234759
     45.93234759
     45.93234759
     45.93234759
     45.93234759
     45.93234759
     45.93234759
     45.93234759
     45.93234759
     45.93234759
     45.93234759
     45.93234759
     45.93234759
     45.93234759
     45.93234759
     45.93234759
     45.93234759
     45.93234759
     45.93234759
     45.93234759
     47.68900103
     47.68900103
     47.68900103
     47.68900103
     44.48031081
     48.06507356
     48.06507356
     48.06507356
     48.06507356
     48.06507356
     52.34223716
     52.34223716
     52.34223716
     52.34223716
     52.34223716
     52.34223716
     52.34223716
     52.34223716
     52.34223716
     52.34223716
     52.34223716
     52.34223716
     52.34223716
     52.34223716
    -21.52319068
    -21.52319068
    -21.52319068
    -21.52319068
    -21.52319068
    -21.52319068
    -21.52319068
    -21.52319068
    -21.52319068
    -21.52319068
    -21.52319068
    -21.52319068
    -21.52319068
    -21.52319068
    -21.52319068
    -21.52319068
    -21.52319068
    -21.52319068
    -21.52319068
    -21.52319068
    -21.52319068
    -21.52319068
    -21.52319068
    -21.52319068
    -21.52319068
    -21.52319068
     -0.03854912
     -0.03854912
     -0.03854912
     -0.03854912
     -0.03854912
     -0.03854912
     -0.03854912
     -0.03854912
     -0.03854912
     -0.03854912
     -0.03854912
     -0.03854912
     24.07274248
     24.07274248
     24.07274248
     25.18747969
     25.18747969
     25.18747969
     25.18747969
     25.18747969
     25.18747969
     25.18747969
     25.18747969
     25.18747969
     25.18747969
     25.18747969
     25.79835459
     25.79835459
     25.79835459
     25.79835459
     25.79835459
     25.79835459
     25.79835459
     25.79835459
     25.79835459
     25.79835459
     25.79835459
     25.79835459
     25.79835459
     43.94434349
     43.94434349
     43.94434349
     43.94434349
     43.94434349
     43.94434349
     43.94434349
     43.94434349
     43.94434349
     43.94434349
     43.94434349
     43.94434349
     43.94434349
     43.94434349
     43.94434349
     43.94434349
     41.50481217
     41.50481217
     41.50481217
     49.41344103
     49.41344103
     49.41344103
     52.03456216
     52.03456216
     52.03456216
     53.45574665
     53.45574665
     53.45574665
     56.74987136
     56.74987136
     56.74987136
     56.74987136
     56.74987136
     56.74987136
     56.74987136
   -175.14627557
   -175.14627557
   -175.14627557
   -175.14627557
   -175.14627557
   -175.14627557
   -175.14627557
   -175.14627557
   -175.14627557
   -175.14627557
   -175.14627557
    -93.72253532
    -93.72253532
    -93.72253532
    -93.72253532
    -93.72253532
    -93.72253532
    -93.72253532
    -93.72253532
    -93.72253532
    -93.72253532
    -93.72253532
    -93.72253532
    -93.72253532
    -93.72253532
    -93.72253532
    -93.72253532
    -93.72253532
    -93.72253532
    -93.72253532
    -93.72253532
    -93.72253532
    -93.72253532
    -93.72253532
    -93.72253532
    -93.72253532
    -93.72253532
    -93.72253532
    -93.72253532
    -93.72253532
    -93.72253532
    -93.72253532
    -93.72253532
    -93.72253532
    -93.72253532
    -93.72253532
    -93.72253532
    -93.72253532
    -93.72253532
    -93.72253532
    -93.72253532
    -93.72253532
    -93.72253532
    -93.72253532
    -93.72253532
    -93.72253532
    -93.72253532
    -93.72253532
    -93.72253532
    -93.72253532
    -93.72253532
    -93.72253532
    -93.72253532
    -93.72253532
    -93.72253532
    -93.72253532
    -93.72253532
    -93.72253532
    -93.72253532
    -93.72253532
    -93.72253532
    -93.72253532
    -93.72253532
    -93.72253532
    -93.72253532
    -93.72253532
    -93.72253532
    -93.72253532
    -93.72253532
    -93.72253532
    -93.72253532
    -93.72253532
    -93.72253532
    -93.72253532
    -41.37306322
    -41.37306322
    -17.99102222
    -17.99102222
    -17.99102222
    -14.26685626
    -14.26685626
      5.05486778
      5.05486778
      5.05486778
      5.05486778
      5.05486778
      5.05486778
      5.05486778
      5.05486778
     10.77044094
     14.71973228
     14.71973228
     14.71973228
     14.71973228
     14.31165995
     14.31165995
     14.31165995
     14.31165995
     14.31165995
     14.31165995
     14.31165995
     14.31165995
     14.31165995
     14.31165995
     14.31165995
     14.31165995
     14.31165995
     14.31165995
     21.60525346
     21.60525346
     21.60525346
     21.60525346
     19.30356557
     19.30356557
     19.30356557
     29.65490822
     29.65490822
     29.65490822
     29.65490822
     29.65490822
     29.65490822
     31.91839200
     38.46027075
     38.46027075
     38.46027075
     42.39481720
     42.39481720
     42.39481720
     42.39481720
     42.39481720
     42.39481720
     42.39481720
     42.39481720
     42.39481720
     42.39481720
     42.39481720
     42.39481720
     42.39481720
     42.39481720
     45.01507885
     45.01507885
     45.61601807
     42.57189662
     44.60325726
     44.60325726
     44.60325726
     44.60325726
     44.60325726
     44.60325726
     44.60325726
     44.60325726
     44.60325726
     44.60325726
     45.42619379
     45.42619379
     45.42619379
     45.42619379
     45.42619379
     45.42619379
     45.42619379
     45.42619379
     45.42619379
     45.42619379
     45.42619379
     45.42619379
     45.42619379
     45.42619379
     45.42619379
     44.90766486
     44.90766486
     44.90766486
     44.90766486
     44.90766486
     44.90766486
     44.90766486
     44.90766486
     44.90766486
     44.90766486
     44.90766486
     44.90766486
     44.90766486
     44.90766486
     44.90766486
     44.90766486
     44.90766486
     44.90766486
     44.90766486
     44.90766486
     44.90766486
     44.90766486
   -134.00185339
   -134.00185339
   -134.00185339
   -130.25195096
   -130.25195096
   -130.25195096
   -130.25195096
   -130.25195096
   -130.25195096
   -130.25195096
   -130.25195096
   -130.25195096
   -130.25195096
   -130.25195096
   -130.25195096
   -130.25195096
   -130.25195096
   -130.25195096
   -130.25195096
   -130.25195096
   -130.25195096
   -130.25195096
   -130.25195096
   -130.25195096
   -130.25195096
   -130.25195096
   -130.25195096
   -130.25195096
   -130.25195096
   -130.25195096
   -130.25195096
   -100.10166761
    -81.86776177
    -81.86776177
    -81.86776177
    -81.86776177
    -81.86776177
    -81.86776177
    -81.86776177
    -81.86776177
    -81.86776177
    -81.86776177
    -81.86776177
    -81.86776177
    -81.86776177
    -81.86776177
    -81.86776177
    -81.86776177
    -81.86776177
    -81.86776177
    -81.86776177
    -70.95451383
    -70.95451383
    -70.95451383
    -70.95451383
    -70.95451383
    -70.95451383
    -70.95451383
    -70.95451383
    -70.95451383
    -70.95451383
    -55.36834985
    -55.36834985
    -55.36834985
    -55.36834985
    -55.36834985
    -55.36834985
    -55.36834985
    -55.36834985
    -55.36834985
    -55.36834985
    -55.36834985
    -55.36834985
    -25.37268403
    -25.37268403
    -25.37268403
    -25.37268403
    -25.37268403
    -25.37268403
    -25.37268403
    -25.37268403
    -25.37268403
    -25.37268403
    -25.37268403
    -25.37268403
    -25.37268403
    -25.37268403
    -25.37268403
    -25.37268403
    -25.37268403
    -25.37268403
    -25.37268403
    -25.37268403
    -25.37268403
    -25.37268403
    -25.37268403
    -26.11424645
    -26.11424645
    -26.11424645
    -26.11424645
   -130.33974418
   -130.33974418
   -130.33974418
   -126.30752050
   -126.30752050
   -121.14126330
   -121.14126330
   -121.14126330
   -121.14126330
   -121.14126330
   -121.14126330
   -121.14126330
   -121.14126330
    -45.99556459
    -45.99556459
    -45.99556459
    -45.99556459
    -45.99556459
    -45.99556459
    -45.99556459
    -45.99556459
    -45.99556459
    -45.99556459
    -45.99556459
    -45.99556459
    -45.99556459
    -45.99556459
    -45.99556459
    -45.99556459
    -45.99556459
    -45.99556459
    -45.99556459
    -45.99556459
    -45.99556459
    -45.99556459
    -45.99556459
    -45.99556459
    -45.99556459
    -45.99556459
    -45.99556459
    -45.99556459
    -45.99556459
    -45.99556459
    -45.99556459
    -45.99556459
    -45.99556459
    -45.99556459
    -45.99556459
    -45.99556459
    -45.99556459
    -45.99556459
    -45.99556459
    -45.99556459
    -45.99556459
    -45.99556459
    -45.99556459
    -45.99556459
    -45.99556459
    -45.99556459
    -45.99556459
    -45.99556459
    -45.99556459
    -45.99556459
    -45.99556459
    -45.99556459
    -45.99556459
    -45.99556459
    -45.99556459
    -45.99556459
    -45.99556459
    -45.99556459
    -45.99556459
    -45.99556459
    -45.99556459
    -45.99556459
    -45.99556459
    -45.99556459
    -45.99556459
    -45.99556459
    -45.99556459
    -45.99556459
    -45.99556459
    -45.99556459
    -42.85472576
    -42.85472576
    -39.69272991
    -39.69272991
    -39.69272991
    -39.69272991
    -39.69272991
    -39.69272991
    -39.69272991
    -39.69272991
    -39.69272991
    -39.69272991
    -39.69272991
    -39.69272991
    -39.69272991
    -39.69272991
    -39.69272991
   -157.79806218
   -157.79806218
   -157.79806218
   -157.79806218
   -157.79806218
   -157.79806218
   -157.79806218
   -157.79806218
   -157.79806218
   -157.79806218
   -157.79806218
   -157.79806218
   -157.79806218
   -157.79806218
   -157.79806218
   -157.79806218
   -157.79806218
   -157.79806218
   -157.79806218
   -157.79806218
   -157.79806218
   -157.79806218
   -157.79806218
   -157.79806218
   -157.79806218
   -157.79806218
   -157.79806218
   -157.79806218
   -157.79806218
   -157.79806218
   -157.79806218
   -157.79806218
   -157.79806218
   -157.79806218
   -157.79806218
   -157.79806218
   -157.79806218
   -157.79806218
   -157.79806218
   -157.79806218
   -157.79806218
   -157.79806218
   -157.79806218
   -157.79806218
   -157.79806218
   -157.79806218
   -157.79806218
   -157.79806218
   -157.79806218
    -76.41912962
    -76.41912962
    -76.41912962
    -10.25363903
    -10.25363903
    -10.25363903
    -10.25363903
     -4.76106587
     -4.76106587
     -4.76106587
     -4.76106587
     -4.76106587
     -4.76106587
     -4.76106587
     -4.76106587
     -4.76106587
     -4.76106587
     -4.76106587
     -4.76106587
     -4.76106587
     -4.76106587
     -4.76106587
     -2.30450760
      9.39158344
      9.39158344
      9.39158344
      9.39158344
      9.39158344
      9.39158344
      9.39158344
      9.39158344
      9.39158344
      9.39158344
      9.39158344
      9.39158344
      9.39158344
      9.39158344
      9.39158344
      9.39158344
      9.39158344
      9.39158344
      9.39158344
      9.39158344
      9.39158344
      9.39158344
      9.39158344
      9.39158344
      9.39158344
      9.39158344
      9.39158344
      9.39158344
   -167.20032395
   -167.20032395
   -167.20032395
   -167.20032395
   -167.20032395
   -161.70600442
   -161.70600442
   -161.70600442
   -161.70600442
   -161.70600442
   -161.70600442
   -161.70600442
   -161.70600442
   -161.70600442
   -122.77070007
   -122.77070007
   -122.77070007
   -122.77070007
   -122.77070007
   -122.77070007
   -122.77070007
   -122.77070007
   -122.77070007
     -8.91221442
     -8.91221442
     -8.91221442
     -8.91221442
     -8.91221442
     -8.91221442
     -8.91221442
     -8.91221442
      4.84834877
      4.84834877
      4.84834877
      4.84834877
      4.84834877
     10.02341068
     10.02341068
     10.02341068
     10.02341068
     10.02341068
     10.02341068
     10.02341068
     10.02341068
     10.02341068
     10.02341068
     10.02341068
     10.16016862
     10.16016862
     10.16016862
     10.16016862
     10.16016862
     10.16016862
     10.16016862
     10.16016862
     10.16016862
     10.16016862
     10.16016862
     10.16016862
     14.47592389
     14.47592389
     14.47592389
     17.13217749
     17.13217749
     16.69376884
     16.69376884
     16.69376884
     16.69376884
     16.69376884
     16.69376884
     16.69376884
     16.69376884
     16.69376884
     16.69376884
     16.69376884
     16.69376884
     16.69376884
     16.69376884
     16.69376884
     16.69376884
     16.69376884
     16.69376884
     16.69376884
     16.69376884
     16.69376884
     16.69376884
     16.69376884
     16.69376884
     16.69376884
     16.69376884
     16.69376884
     16.69376884
     16.69376884
     16.69376884
     16.69376884
     16.69376884
     16.69376884
     16.69376884
     16.69376884
     16.69376884
    -80.61850593
    -80.61850593
    -80.61850593
    -80.61850593
    -80.61850593
    -80.61850593
    -80.61850593
    -80.61850593
    -80.61850593
    -80.61850593
    -80.61850593
    -80.61850593
    -80.61850593
    -31.57806521
    -31.57806521
    -31.57806521
    -31.57806521
    -21.29170694
    -21.29170694
    -21.29170694
    -21.29170694
    -21.29170694
    -21.29170694
    -21.29170694
    -21.29170694
    -21.29170694
    -21.29170694
    -21.29170694
    -21.29170694
    -21.29170694
     -9.72109728
     -9.72109728
     -9.72109728
     -9.72109728
     -9.72109728
     -9.72109728
     -9.72109728
     -9.72109728
     -9.72109728
     -9.72109728
     -9.72109728
     -9.72109728
     -9.72109728
     -9.72109728
     -9.72109728
     -9.72109728
     -9.72109728
     -9.72109728
     -9.72109728
     -9.72109728
     -7.40565552
     -7.40565552
     -7.40565552
     13.76062901
     13.76062901
     13.76062901
     13.76062901
     17.78296131
     17.78296131
     17.78296131
     19.20055153
     19.20055153
     20.80733548
     25.59763863
     25.59763863
     25.59763863
     25.59763863
     25.59763863
     25.39667771
     25.39667771
     25.39667771
     25.39667771
     25.39667771
     25.39667771
     31.04208506
     31.04208506
     31.04208506
     31.04208506
     31.04208506
     31.04208506
     31.04208506
     31.04208506
     31.04208506
     31.04208506
     31.04208506
     31.04208506
     31.04208506
     31.04208506
     35.15098818
     35.15098818
     35.15098818
     35.15098818
     35.15098818
     35.15098818
     35.15098818
     35.15098818
     35.15098818
     35.15098818
     35.15098818
     35.15098818
     16.76663316
     16.76663316
     16.76663316
     16.76663316
     16.76663316
     16.76663316
     16.76663316
     16.76663316
     16.76663316
     16.76663316
     16.76663316
     16.76663316
     16.76663316
     16.76663316
     16.76663316
     16.76663316
     16.76663316
     16.76663316
     16.76663316
     16.76663316
     16.76663316
     16.76663316
     16.76663316
     16.76663316
     16.76663316
     16.76663316
     16.76663316
     16.76663316
     16.76663316
     16.76663316
     16.76663316
     16.76663316
     16.76663316
     16.76663316
     16.76663316
     17.80300336
     28.35104056
     28.35104056
     28.96006120
     37.84054198
     37.84054198
     37.84054198
     37.84054198
     37.84054198
     37.84054198
     37.84054198
     37.84054198
     37.84054198
     37.84054198
     37.84054198
     37.84054198
     37.84054198
     37.84054198
     37.84054198
     37.84054198
     37.84054198
     37.84054198
     37.84054198
     37.84054198
     37.84054198
     37.84054198
     40.93926535
     40.93926535
     44.29280635
     44.29280635
     44.29280635
     44.29280635
     44.29280635
     44.29280635
     44.29280635
     44.29280635
     44.29280635
     44.29280635
     44.29280635
     44.29280635
     44.29280635
     44.29280635
     44.29280635
     44.29280635
     44.29280635
     44.29280635
     44.29280635
     44.29280635
     44.29280635
     44.29280635
     44.29280635
     44.29280635
     44.29280635
     44.29280635
     44.29280635
     44.29280635
     44.29280635
     44.29280635
     44.29280635
     44.29280635
     44.29280635
     44.29280635
     44.29280635
     44.29280635
     44.29280635
   -185.35088247
   -185.35088247
   -185.35088247
   -185.35088247
   -185.35088247
   -185.35088247
   -185.35088247
   -185.35088247
   -185.35088247
   -185.35088247
   -185.35088247
   -185.35088247
   -185.35088247
   -185.35088247
   -185.35088247
   -185.35088247
   -185.35088247
   -185.35088247
   -185.35088247
   -185.35088247
   -185.35088247
   -185.35088247
   -185.35088247
   -185.35088247
   -181.23160050
   -181.23160050
   -181.23160050
   -181.23160050
   -181.23160050
   -181.23160050
   -181.23160050
   -181.23160050
   -181.23160050
   -181.23160050
   -181.23160050
   -181.23160050
   -181.23160050
   -181.23160050
   -181.23160050
   -162.78467098
   -162.78467098
   -162.78467098
   -162.78467098
   -162.78467098
   -162.78467098
   -162.78467098
   -162.78467098
   -162.78467098
   -162.78467098
   -162.78467098
   -162.78467098
   -162.78467098
   -162.78467098
   -165.29590811
   -165.29590811
   -165.29590811
   -165.29590811
   -165.29590811
   -165.29590811
   -165.29590811
   -165.29590811
   -165.29590811
   -165.29590811
   -165.29590811
   -165.29590811
   -165.29590811
   -165.29590811
   -165.29590811
   -165.29590811
   -165.29590811
   -165.29590811
   -165.29590811
   -165.29590811
   -165.29590811
   -165.29590811
   -165.29590811
   -165.29590811
   -165.29590811
   -165.29590811
   -165.29590811
   -165.29590811
   -165.29590811
   -165.29590811
   -165.29590811
   -165.29590811
   -165.29590811
   -165.29590811
   -165.29590811
   -165.29590811
   -165.29590811
   -165.29590811
   -165.29590811
   -165.29590811
   -165.29590811
   -165.29590811
   -165.29590811
   -165.29590811
   -165.29590811
   -165.29590811
   -165.29590811
    -86.52556289
    -86.52556289
    -86.52556289
    -86.52556289
    -86.52556289
    -86.52556289
    -86.52556289
    -82.57354880
    -82.57354880
    -82.57354880
    -82.57354880
    -82.57354880
    -82.57354880
    -59.56391870
    -59.56391870
    -59.56391870
    -59.56391870
    -59.56391870
    -59.56391870
    -59.56391870
    -59.56391870
    -59.56391870
    -59.56391870
    -59.56391870
    -59.56391870
    -59.56391870
    -59.56391870
    -59.56391870
    -59.56391870
    -59.56391870
    -59.56391870
    -59.56391870
    -59.56391870
    -59.56391870
    -59.56391870
    -59.56391870
    -59.56391870
    -59.56391870
    -59.56391870
    -59.56391870
    -59.56391870
    -59.56391870
    -59.56391870
    -59.56391870
    -40.69084266
    -40.69084266
    -40.69084266
    -40.69084266
    -40.69084266
    -40.69084266
    -40.69084266
    -40.69084266
    -40.69084266
    -40.69084266
    -40.69084266
    -40.69084266
    -40.69084266
    -40.69084266
    -40.69084266
    -40.69084266
    -40.69084266
    -40.69084266
    -40.69084266
    -40.69084266
    -40.69084266
    -40.69084266
    -40.69084266
    -40.69084266
    -12.15127267
    -12.15127267
    -12.15127267
    -12.15127267
    -12.15127267
    -12.15127267
    -12.15127267
    -12.15127267
    -12.15127267
    -12.15127267
    -12.15127267
    -12.15127267
    -12.15127267
    -12.15127267
    -12.15127267
    -12.15127267
     -0.01031863
     -0.01031863
     -0.01031863
     -0.01031863
     -0.01031863
      8.62163884
      8.62163884
      8.62163884
      8.62163884
      8.62163884
      8.62163884
      8.62163884
      8.62163884
      8.62163884
      8.62163884
      8.62163884
    -33.73161295
    -33.73161295
    -33.73161295
    -33.73161295
    -33.73161295
    -33.73161295
    -33.73161295
    -33.73161295
    -35.20474446
    -35.20474446
    -35.20474446
    -35.20474446
    -13.14557250
    -13.14557250
    -13.14557250
    -13.14557250
    -13.14557250
    -13.14557250
    -13.14557250
    -13.14557250
    -13.14557250
    -13.14557250
    -13.14557250
    -13.14557250
    -13.14557250
    -13.14557250
    -13.14557250
    -13.14557250
    -13.14557250
    -13.14557250
      2.12430924
      2.12430924
      2.12430924
      1.56690145
      1.56690145
      8.01429591
     16.82902653
     18.82319486
     18.82319486
     18.82319486
     24.70677047
     26.89820908
     26.89820908
     26.89820908
     26.89820908
     26.89820908
     26.89820908
     26.89820908
     26.89820908
     26.89820908
     26.89820908
     26.89820908
     26.89820908
     26.89820908
     26.89820908
     26.89820908
     25.79421300
     25.79421300
     25.79421300
     25.79421300
     25.79421300
     25.79421300
     25.79421300
     25.79421300
     25.79421300
     25.79421300
     25.79421300
     25.79421300
     26.61133787
     26.61133787
     26.61133787
     27.32565215
     27.32565215
     27.47832040
     33.85016312
     33.85016312
     33.85016312
     33.85016312
     33.85016312
     33.85016312
     33.85016312
     33.85016312
     33.85016312
     33.85016312
     33.85016312
     33.85016312
     34.60575989
     34.60575989
     34.60575989
     34.60575989
     34.60575989
     34.60575989
     34.60575989
     34.60575989
     34.60575989
     34.60575989
     34.60575989
     34.60575989
     34.60575989
     34.60575989
    -75.52528596
    -75.52528596
    -75.52528596
    -75.52528596
    -75.52528596
    -75.52528596
    -75.52528596
    -75.52528596
    -75.52528596
    -75.52528596
    -75.52528596
    -75.52528596
    -75.52528596
    -75.52528596
    -75.52528596
    -75.52528596
    -75.52528596
    -75.52528596
    -75.52528596
    -75.52528596
    -75.52528596
    -31.43791391
    -31.43791391
    -31.43791391
    -26.01836746
    -26.01836746
    -26.01836746
    -26.01836746
    -26.01836746
    -26.01836746
    -26.01836746
    -26.01836746
    -26.01836746
    -26.01836746
    -26.01836746
    -26.01836746
    -26.01836746
    -26.01836746
    -26.01836746
    -26.01836746
    -26.01836746
    -26.01836746
    -26.01836746
    -26.01836746
    -26.01836746
    -26.01836746
      2.41575549
      2.41575549
     17.28006936
     17.28006936
     17.28006936
     17.28006936
     17.28006936
     17.28006936
     17.28006936
     17.28006936
     17.28006936
     17.28006936
     17.28006936
     17.28006936
     17.28006936
     17.28006936
     17.28006936
     17.28006936
     17.28006936
     17.28006936
     17.28006936
     17.28006936
     17.28006936
     17.28006936
     17.28006936
     19.84261723
     19.84261723
     19.84261723
     19.84261723
     19.84261723
     19.84261723
     21.91926866
     21.91926866
     21.91926866
     21.91926866
     21.91926866
     21.91926866
     21.91926866
     21.91926866
     21.91926866
     21.91926866
     21.91926866
     21.91926866
     21.91926866
     21.91926866
     21.91926866
     21.91926866
     21.91926866
     21.91926866
     21.91926866
     21.91926866
     21.91926866
     21.91926866
     21.91926866
    -13.30867728
    -13.30867728
    -13.30867728
    -13.30867728
    -13.30867728
    -13.30867728
    -13.30867728
    -13.30867728
    -13.30867728
    -13.30867728
    -13.30867728
     -6.54452428
     -6.54452428
     -6.54452428
     -6.54452428
     -6.87082280
     -6.87082280
     -6.87082280
     -6.87082280
     -6.87082280
     -6.87082280
     -6.87082280
     -6.87082280
     -6.87082280
     -6.87082280
     -6.66227569
     -6.66227569
     32.34167546
     32.34167546
     32.34167546
     32.34167546
     32.34167546
     32.34167546
     32.34167546
     32.34167546
     32.34167546
     32.34167546
     45.10711450
     45.10711450
     45.10711450
     45.10711450
     45.10711450
     45.10711450
     43.50465743
     43.50465743
     43.50465743
     43.50465743
     43.50465743
     43.50465743
     43.50465743
     45.46422046
     45.46422046
     45.46422046
     45.46422046
     45.46422046
     45.46422046
     45.46422046
     44.95339705
     44.95339705
     44.95339705
     44.95339705
     44.95339705
     44.95339705
     44.95339705
     44.95339705
     44.95339705
     44.95339705
     44.95339705
     44.95339705
     44.95339705
     44.95339705
     44.95339705
     44.95339705
     44.95339705
     44.95339705
     44.95339705
     44.95339705
     44.95339705
     44.95339705
     44.95339705
     44.95339705
     44.95339705
     44.95339705
     44.95339705
     44.95339705
     44.95339705
     44.95339705
     46.84224695
     46.84224695
     46.84224695
     46.84224695
     46.84224695
     46.84224695
     46.84224695
     46.84224695
     46.84224695
     46.84224695
     46.84224695
     46.84224695
     46.84224695
   -829.92603723
   -829.92603723
   -829.92603723
   -829.92603723
   -829.92603723
   -829.92603723
   -829.92603723
   -829.92603723
   -829.92603723
   -829.92603723
   -830.34978513
   -830.34978513
   -830.34978513
   -830.34978513
   -830.34978513
   -830.34978513
   -830.34978513
   -830.34978513
   -830.34978513
   -830.34978513
   -830.34978513
   -830.34978513
   -830.34978513
   -830.34978513
   -830.34978513
   -830.34978513
   -830.34978513
   -830.34978513
   -830.34978513
   -830.34978513
   -830.34978513
   -830.34978513
   -830.34978513
   -830.34978513
   -370.60094301
   -113.17901097
   -113.17901097
   -113.17901097
   -113.17901097
   -113.17901097
   -113.17901097
   -113.17901097
   -113.17901097
   -113.17901097
   -113.17901097
   -113.17901097
   -113.17901097
   -113.17901097
   -113.17901097
   -113.17901097
   -113.17901097
   -113.17901097
    -88.70677017
    -88.70677017
    -88.70677017
    -88.70677017
    -88.70677017
    -88.70677017
    -88.70677017
    -88.70677017
    -88.70677017
    -88.70677017
    -88.70677017
    -88.70677017
    -88.70677017
    -88.70677017
    -88.70677017
    -88.70677017
    -88.70677017
    -88.70677017
    -88.70677017
    -88.70677017
    -88.70677017
    -89.42174051
    -89.42174051
    -89.42174051
    -45.75313041
    -45.75313041
    -45.75313041
    -45.75313041
    -45.75313041
    -45.75313041
    -45.75313041
    -45.75313041
    -45.75313041
    -45.75313041
    -45.75313041
    -45.75313041
    -45.75313041
    -45.75313041
    -45.75313041
    -30.77675868
    -30.77675868
    -30.77675868
    -30.77675868
    -30.77675868
    -30.77675868
    -30.77675868
    -30.77675868
    -30.77675868
   -171.95463205
   -171.95463205
   -171.95463205
   -171.95463205
   -171.95463205
   -171.95463205
   -171.95463205
   -171.95463205
   -171.95463205
   -171.95463205
   -171.95463205
   -171.95463205
   -136.60924470
   -136.60924470
   -136.60924470
   -136.60924470
   -136.60924470
   -136.60924470
   -136.60924470
   -136.60924470
   -136.60924470
   -136.60924470
   -136.60924470
   -136.60924470
   -136.60924470
   -136.60924470
   -136.60924470
   -136.60924470
   -136.60924470
   -136.60924470
   -126.06090988
   -126.06090988
   -126.06090988
   -126.06090988
   -126.06090988
   -126.06090988
   -126.06090988
   -126.06090988
   -126.06090988
   -126.06090988
   -126.06090988
   -126.06090988
   -126.06090988
   -126.06090988
    -76.46996018
    -76.46996018
    -76.46996018
    -69.07066014
    -69.07066014
    -69.07066014
    -69.07066014
    -69.07066014
    -69.07066014
    -69.07066014
    -69.07066014
    -69.07066014
    -69.07066014
    -69.07066014
    -69.07066014
    -69.07066014
    -69.07066014
    -69.07066014
    -69.07066014
    -69.07066014
    -69.07066014
    -69.07066014
    -69.07066014
    -69.07066014
    -69.07066014
    -69.07066014
    -69.07066014
    -69.07066014
    -69.07066014
    -69.07066014
    -69.07066014
    -57.01851085
    -57.01851085
    -57.01851085
    -57.01851085
    -57.01851085
    -57.01851085
    -57.01851085
    -57.01851085
    -57.01851085
    -57.01851085
    -57.01851085
    -57.01851085
    -57.01851085
    -57.01851085
    -57.01851085
    -57.01851085
    -57.01851085
    -57.01851085
    -57.01851085
    -57.01851085
    -57.01851085
    -57.01851085
    -57.01851085
    -57.01851085
    -57.01851085
    -98.87530810
    -98.87530810
    -98.87530810
    -98.87530810
    -98.87530810
    -98.87530810
    -98.87530810
    -98.87530810
    -98.87530810
    -98.87530810
    -98.87530810
    -98.87530810
    -98.87530810
    -98.87530810
    -98.87530810
    -98.87530810
    -98.87530810
    -98.87530810
    -98.87530810
    -98.87530810
    -38.13122656
    -38.13122656
    -38.13122656
    -38.13122656
    -38.13122656
    -38.13122656
    -38.13122656
    -38.13122656
    -38.13122656
    -36.09965365
    -36.09965365
    -36.09965365
    -36.09965365
    -36.09965365
    -36.09965365
    -36.09965365
    -36.09965365
    -36.09965365
    -36.09965365
     11.63839972
     15.03664111
     39.07691037
     39.07691037
     39.07691037
     42.73696847
     42.73696847
     42.73696847
     42.73696847
     42.73696847
     42.73696847
     42.73696847
     42.73696847
     45.02258729
     45.02258729
     45.02258729
     45.02258729
     45.02258729
     45.02258729
     45.02258729
     44.08254228
     44.08254228
     44.08254228
     44.08254228
     44.08254228
     44.08254228
     44.08254228
     44.08254228
     44.08254228
     44.08254228
     44.08254228
     44.02050607
     45.08365176
     45.08365176
     45.08365176
     45.08365176
     45.08365176
     45.08365176
     49.41091866
     49.41091866
     49.41091866
     49.41091866
     48.89749675
     48.89749675
     48.89749675
     48.89749675
     48.89749675
     48.89749675
     48.89749675
     48.89749675
     48.89749675
     48.89749675
     48.89749675
     48.89749675
     48.89749675
     48.89749675
     48.89749675
     48.89749675
     48.89749675
     48.33925058
     48.33925058
     -6.03048066
     -6.03048066
     -6.03048066
     -6.03048066
     -6.03048066
     -6.03048066
     -6.03048066
     -6.03048066
     -6.03048066
     -6.03048066
     -6.03048066
     -1.51127183
     -1.51127183
     -1.51127183
     -1.51127183
     -1.51127183
     -1.51127183
     -1.51127183
     -1.51127183
     -1.51127183
     -1.76813636
     -1.76813636
     -1.46305474
     10.88734144
     15.07289476
     15.07289476
     15.07289476
     15.07289476
     15.07289476
     15.07289476
     15.07289476
     15.07289476
     15.07289476
     15.07289476
     15.07289476
     16.97011296
     16.97011296
     16.97011296
     16.97011296
     16.97011296
     16.97011296
     16.97011296
     16.97011296
     16.97011296
     16.97011296
     16.97011296
     16.97011296
     16.97011296
     22.83030104
     22.83030104
     22.83030104
     22.83030104
     23.76513281
     23.76513281
     23.76513281
     23.76513281
     23.76513281
     23.76513281
     23.76513281
     23.76513281
     23.76513281
     23.76513281
     23.76513281
     23.76513281
     23.76513281
     23.76513281
     23.76513281
     23.76513281
     23.76513281
     23.76513281
     23.76513281
     23.66872548
     23.66872548
     23.66872548
     38.60910855
     38.60910855
     45.10216397
     45.10216397
     45.10216397
     45.10216397
     45.10216397
     45.10216397
     45.10216397
     45.10216397
     45.10216397
     45.10216397
     47.75669174
     47.75669174
     47.75669174
     47.75669174
     47.75669174
     47.75669174
     47.75669174
     47.75669174
     47.75669174
     47.75669174
     47.75669174
     47.75669174
     47.75669174
     47.75669174
   -181.43457025
   -181.43457025
   -181.43457025
   -181.43457025
   -181.43457025
   -181.43457025
   -181.43457025
   -181.43457025
   -181.43457025
   -181.43457025
   -181.43457025
   -181.43457025
   -181.43457025
   -181.43457025
   -181.43457025
   -181.43457025
   -181.43457025
      4.20951633
      4.20951633
      4.20951633
      4.20951633
      4.20951633
      4.20951633
      4.20951633
      4.20951633
      4.20951633
      4.20951633
     34.38942661
     34.38942661
     34.38942661
     36.25767426
     36.25767426
     36.25767426
     36.25767426
     38.46231146
     38.46231146
     38.46231146
     38.46231146
     38.46231146
     52.80447232
     52.80447232
     52.80447232
     54.81670828
     54.81670828
     52.71586993
     52.71586993
     52.71586993
     52.71586993
     52.71586993
     52.71586993
     52.71586993
     52.71586993
     52.71586993
     52.71586993
     51.33770163
     51.33770163
     51.33770163
     51.33770163
     51.33770163
     51.33770163
     51.33770163
     51.33770163
     51.33770163
     51.33770163
     51.33770163
     51.33770163
     51.33770163
     51.33770163
     51.33770163
     51.11282655
     51.11282655
     51.11282655
     52.55138233
     52.55138233
     52.55138233
     52.55138233
     52.55138233
     52.55138233
     52.34032544
     52.34032544
     52.34032544
     47.25190556
     47.25190556
     47.25190556
     47.06020328
     47.06020328
     47.06020328
     50.87192258
     50.87192258
     50.87192258
     50.87192258
     50.87192258
     50.87192258
     50.87192258
     50.87192258
     50.87192258
     50.87192258
     50.87192258
     50.89024874
     50.89024874
   -225.91433156
   -225.91433156
   -225.91433156
   -225.91433156
   -225.91433156
   -162.27294310
   -162.27294310
   -162.27294310
   -162.27294310
   -162.27294310
   -162.27294310
   -162.27294310
   -162.27294310
   -162.27294310
   -162.27294310
   -162.27294310
   -162.27294310
   -162.27294310
   -162.27294310
   -162.27294310
   -162.27294310
   -162.27294310
   -141.72975279
   -141.72975279
   -141.72975279
   -141.72975279
   -141.72975279
   -141.72975279
   -141.72975279
   -141.72975279
   -141.72975279
   -141.72975279
   -141.72975279
   -141.72975279
   -141.72975279
   -141.72975279
   -141.72975279
   -141.72975279
   -141.72975279
   -141.72975279
   -141.72975279
   -141.72975279
    -59.79619708
    -59.79619708
    -59.79619708
    -59.79619708
    -59.79619708
    -59.79619708
    -59.79619708
    -59.79619708
    -59.79619708
    -59.79619708
    -59.79619708
    -59.79619708
    -30.18388546
    -30.18388546
    -30.18388546
    -30.18388546
    -30.18388546
    -30.18388546
    -30.18388546
    -30.18388546
    -30.18388546
    -30.18388546
    -30.18388546
    -30.18388546
    -30.18388546
    -30.18388546
    -30.18388546
    -10.73698310
    -10.73698310
      0.26039271
      0.26039271
      0.26039271
      0.26039271
      0.26039271
      0.26039271
      0.26039271
      0.26039271
      0.26039271
      0.26039271
      0.26039271
      0.26039271
      0.26039271
      0.26039271
      0.26039271
      0.26039271
      0.26039271
      0.26039271
      0.26039271
      0.26039271
      0.26039271
      0.26039271
      0.26039271
      0.26039271
      0.26039271
      6.66106667
      6.66106667
      6.66106667
      6.66106667
