#
0.000000 -8.848377 3.545210
0.000000 -4.757375 3.630643
0.000000 -4.384676 4.269362
0.000000 -3.434622 1.524021
0.000000 -5.034155 5.791085
0.000000 -4.530529 6.680177
0.000000 -4.746723 8.023750
0.000000 -4.526156 7.562545
0.000000 -5.152669 7.793141
0.000000 -4.989660 7.519799
0.000000 -4.928079 9.237185
0.000000 -4.554824 9.288547
0.000000 -4.853412 5.490148
0.000000 -3.146370 5.429692
0.000000 -5.215361 7.289419
0.000000 -4.690258 7.528132
0.000000 -2.983245 1.763679
0.000000 -5.127317 9.806420
0.000000 -5.307075 5.969548
0.000000 -5.162888 7.986866
0.000000 -4.169818 3.848008
0.000000 -4.909044 9.936532
0.000000 -4.860783 8.757056
0.000000 -5.451523 8.593849
0.000000 -4.882719 7.952137
0.000000 -7.100799 4.197108
0.000000 -4.868355 9.395108
0.000000 -8.326038 1.572506
0.000000 -4.866738 10.034966
0.000000 -4.846009 9.539664
0.000000 -4.857660 9.723579
0.000000 -5.155009 9.250687
0.000000 -3.013975 5.599260
0.000000 -4.879081 10.123634
0.000000 -4.486045 10.082787
0.000000 -4.832317 7.424752
0.000000 -4.875274 10.036983
0.000000 -4.848688 8.922134
0.000000 -4.866572 10.069503
0.000000 -4.869669 10.078506
0.000000 -4.883695 9.802588
0.000000 -4.872666 10.130826
0.000000 -4.874839 9.876263
0.000000 -4.873191 10.144412
0.000000 -4.868799 10.130721
0.000000 -4.871583 10.146297
0.000000 -4.872328 10.141728
0.000000 -4.776112 7.831542
0.000000 -4.884179 8.482184
0.000000 -4.873010 10.148497
0.000000 -4.871097 10.149152
0.000000 -4.871782 10.150437
0.000000 -4.873524 10.149855
0.000000 -4.876047 10.147868
0.000000 -4.872329 10.150621
0.000000 -4.873399 10.150626
0.000000 -4.872506 10.150376
0.000000 -4.872116 10.127458
0.000000 -4.860170 10.020048
0.000000 -4.872597 10.150659
0.000000 -4.872449 10.150413
0.000000 -4.873108 10.150718
0.000000 -4.873017 10.150806
0.000000 -4.863900 10.126118
0.000000 -4.872554 10.150872
0.000000 -3.151032 6.389768
0.000000 -4.872947 10.150780
0.000000 -4.872826 10.150904
0.000000 -4.872876 10.150760
0.000000 -4.871919 10.149668
0.000000 -4.872638 10.150711
0.000000 -4.872732 10.150896
0.000000 -4.872769 10.150891
0.000000 -4.872663 10.150904
0.000000 -4.898893 10.136822
0.000000 -4.872603 10.150810
0.000000 -4.881468 10.026347
0.000000 -4.870761 10.076127
0.000000 -4.872574 10.150420
0.000000 -4.872983 10.150478
0.000000 -4.873363 10.150780
0.000000 -4.872613 10.150902
0.000000 -4.873545 10.142788
0.000000 -4.871646 10.133040
0.000000 -4.872775 10.150873
0.000000 -4.872711 10.150897
0.000000 -4.869218 8.539121
0.000000 -4.872655 10.150903
0.000000 -4.872856 10.148221
0.000000 -4.869216 9.431029
0.000000 -4.873687 10.147647
0.000000 -4.872720 10.150904
0.000000 -4.872690 10.150903
0.000000 -4.872692 10.150903
0.000000 -4.877469 9.267939
0.000000 -4.165328 5.111024
0.000000 -4.878668 10.055698
0.000000 -4.871268 10.148272
0.000000 -4.873032 10.118249
0.000000 -4.872697 10.150855
0.000000 -4.872283 10.149406
0.000000 -4.872844 10.150884
0.000000 -4.872716 10.150904
0.000000 -4.872666 10.150904
0.000000 -4.872704 10.150903
0.000000 -4.872849 10.150860
0.000000 -4.872642 10.150879
0.000000 -4.872664 10.150901
0.000000 -4.872626 10.150865
0.000000 -4.872646 10.150901
0.000000 -4.871490 10.141465
0.000000 -4.497484 9.965150
0.000000 -4.878375 9.581140
0.000000 -4.880465 10.114661
0.000000 -4.872608 10.134627
0.000000 -4.872422 10.150127
0.000000 -3.960967 8.724773
0.000000 -1.755069 1.419053
0.000000 -4.853303 8.173879
0.000000 -4.871842 9.735391
0.000000 -5.892597 9.977971
0.000000 -3.865535 3.731108
0.000000 -4.865647 9.844651
0.000000 -4.872488 10.150867
0.000000 -4.873011 10.150242
0.000000 -4.791881 10.103662
0.000000 -4.872703 10.150903
0.000000 -4.872706 10.150902
0.000000 -4.872507 10.150888
0.000000 -4.872831 10.150370
0.000000 -4.872586 10.150652
0.000000 -4.872654 10.150895
0.000000 -4.872536 10.150859
0.000000 -4.872677 10.150902
0.000000 -4.872717 10.150903
0.000000 -4.872684 10.150904
0.000000 -4.874192 10.126705
0.000000 -4.873812 10.149457
0.000000 -4.872695 10.150903
0.000000 -4.758024 9.955091
0.000000 -2.663282 7.509461
0.000000 -4.871674 10.144554
0.000000 -4.878736 10.136312
0.000000 -4.947996 10.055449
0.000000 -4.863148 10.062531
0.000000 -4.874423 10.144860
0.000000 -4.932959 8.907533
0.000000 -4.873861 10.122959
0.000000 -7.527286 3.236923
0.000000 -4.873927 10.147131
0.000000 -4.870443 10.136160
0.000000 -4.872894 10.150902
0.000000 -4.872725 10.150876
0.000000 -4.872623 10.150897
0.000000 -4.872747 10.150886
0.000000 -4.872669 10.150752
0.000000 -4.878775 9.121277
0.000000 -4.875181 10.143220
0.000000 -4.876289 9.693907
0.000000 -3.491634 3.552524
0.000000 -5.100856 8.580852
0.000000 -4.868897 9.903299
0.000000 -4.872168 10.139280
0.000000 -4.870556 10.137216
0.000000 -4.872303 10.150594
0.000000 -4.872712 10.150903
0.000000 -4.872678 10.150896
0.000000 -4.872595 10.150514
0.000000 -4.872704 10.150902
0.000000 -4.805095 8.258429
0.000000 -4.874276 10.003801
0.000000 -4.871677 10.150298
0.000000 -4.872255 10.150903
0.000000 -4.872786 10.150902
0.000000 -4.872692 10.150904
0.000000 -4.872716 10.150786
0.000000 -4.872685 10.150902
0.000000 -4.872500 10.150895
0.000000 -4.910948 9.763225
0.000000 -4.855065 9.490021
0.000000 -4.607091 5.586428
0.000000 -4.309117 6.280887
0.000000 -4.854129 9.586553
0.000000 -4.873314 10.100005
0.000000 -4.871044 10.147753
0.000000 -4.872745 10.150858
0.000000 -5.270917 9.528258
0.000000 -4.879860 9.971177
0.000000 -4.872617 10.150897
0.000000 -4.872696 10.150880
0.000000 -4.872051 10.150875
0.000000 -4.876301 10.130847
0.000000 -4.873102 10.150816
0.000000 -4.865934 9.893234
0.000000 -4.872477 10.146213
0.000000 -4.869887 10.078247
0.000000 -4.872814 10.150757
0.000000 -4.872527 10.137011
0.000000 -4.872640 10.150794
0.000000 -4.872693 10.150903
0.000000 -4.872715 10.150904
0.000000 -4.868861 10.109098
0.000000 -4.872649 10.150901
0.000000 -4.872804 10.150897
0.000000 -4.872641 10.150895
0.000000 -4.845552 9.035413
0.000000 -4.871582 10.146722
0.000000 -4.872564 10.150884
0.000000 -4.872421 10.150437
0.000000 -4.872564 10.103996
0.000000 -4.872153 10.149607
0.000000 -4.871285 10.108186
0.000000 -5.332248 8.616452
0.000000 -4.822953 10.026324
0.000000 -5.913415 9.520768
0.000000 -7.371230 1.661224
0.000000 -1.115206 9.018930
0.000000 -4.148214 4.737127
0.000000 -4.884171 10.051407
0.000000 -4.872417 10.150184
0.000000 -4.872744 10.150899
0.000000 -4.872748 10.150874
0.000000 -4.872654 10.150891
0.000000 -4.872663 10.150887
0.000000 -4.872731 10.150891
0.000000 -4.871753 10.122837
0.000000 -4.872713 10.143301
0.000000 -4.872673 10.150902
0.000000 -4.872707 10.150903
0.000000 -4.872677 10.150903
0.000000 -4.837836 9.359491
0.000000 -4.872656 10.150902
0.000000 -4.864475 10.061038
0.000000 -4.872463 10.150755
0.000000 -4.874270 10.137691
0.000000 -4.869732 10.118622
0.000000 -4.871890 10.149049
0.000000 -4.872755 10.149452
0.000000 -4.872676 10.150904
0.000000 -4.872672 10.150904
0.000000 -4.872313 10.150803
0.000000 -4.873156 10.150893
0.000000 -4.871949 10.148228
0.000000 -4.888706 8.793646
0.000000 -1.535286 5.299275
0.000000 -7.278202 0.334795
0.000000 -4.871145 9.079171
0.000000 -4.878302 9.278724
0.000000 -4.570429 8.774391
0.000000 -5.510762 5.487952
0.000000 -3.865128 9.434810
0.000000 -4.873445 10.147839
0.000000 -4.874000 10.106433
0.000000 -5.040999 8.125187
0.000000 -4.873104 10.107028
0.000000 -4.862563 9.333366
0.000000 -4.872068 10.149046
0.000000 -4.872275 10.150892
0.000000 -4.872597 10.149755
0.000000 -4.872637 10.150895
0.000000 -4.872726 10.150861
0.000000 -4.872657 10.150888
0.000000 -4.872728 10.150901
0.000000 -4.872674 10.150904
0.000000 -4.872709 10.150896
0.000000 -4.872666 10.150904
0.000000 -4.877593 9.959980
0.000000 -4.872684 10.150897
0.000000 -4.872789 10.150778
0.000000 -4.868031 10.046557
0.000000 -4.883437 9.791598
0.000000 -2.191913 1.196243
0.000000 -4.880230 8.682671
0.000000 -4.872574 10.150696
0.000000 -4.872725 10.150899
0.000000 -4.873002 10.150903
0.000000 -4.872700 10.150904
0.000000 -4.851723 8.775346
0.000000 -4.872804 10.149247
0.000000 -4.879165 8.837684
0.000000 -2.711579 5.346475
0.000000 -3.964341 2.611119
0.000000 -4.886069 9.957500
0.000000 -4.873021 9.115488
0.000000 -4.866200 10.025099
0.000000 -4.873075 10.149988
0.000000 -4.872718 10.150858
0.000000 -4.872703 10.150903
0.000000 -4.872669 10.150890
0.000000 -4.879227 9.939914
0.000000 -4.857376 9.458114
0.000000 -4.872668 10.150904
0.000000 -4.668369 8.891308
0.000000 -4.881420 9.981658
0.000000 -5.297911 9.990531
0.000000 -4.872656 10.119687
0.000000 -4.881213 8.577114
0.000000 -4.969130 7.029666
0.000000 -4.872964 10.150900
0.000000 -4.872734 10.150899
0.000000 -4.872589 10.150678
0.000000 -4.872627 10.150298
0.000000 -4.872680 10.150904
0.000000 -4.872712 10.150903
0.000000 -4.873387 10.144654
0.000000 -3.817644 5.668459
0.000000 -5.539969 5.995835
0.000000 -4.866353 10.106488
0.000000 -4.872687 10.150902
0.000000 -4.872952 10.150822
0.000000 -4.872537 10.150862
0.000000 -4.870647 9.955293
0.000000 -4.875991 10.129177
0.000000 -4.872734 10.150467
0.000000 -4.872670 10.150902
0.000000 -4.856886 9.157746
0.000000 -4.889308 8.813972
0.000000 -4.872708 10.150903
0.000000 -4.872015 10.145063
0.000000 -4.871604 10.143597
0.000000 -4.872616 10.150902
0.000000 -4.872875 10.150886
0.000000 -4.873407 10.145323
0.000000 -4.872808 10.150150
0.000000 -4.872443 10.078993
0.000000 -5.068635 8.993050
0.000000 -4.872851 10.150868
0.000000 -4.872697 10.150904
0.000000 -4.873057 10.149972
0.000000 -4.872583 10.150724
0.000000 -5.071761 5.651684
0.000000 -5.097870 4.642403
0.000000 -4.883564 9.866690
0.000000 -4.860766 9.919828
0.000000 -3.168349 7.286225
0.000000 -4.874259 10.150662
0.000000 -4.870362 10.137574
0.000000 -4.872331 10.150700
0.000000 -4.939731 10.032488
0.000000 -4.164011 6.693694
0.000000 -4.904404 8.030206
0.000000 -4.897136 9.724105
0.000000 -4.878208 10.130640
0.000000 -4.860510 10.100493
0.000000 -5.680958 8.039245
0.000000 -4.872829 10.146292
0.000000 -4.867557 10.110596
0.000000 -4.860940 9.140873
0.000000 -4.876291 10.129620
0.000000 -4.862282 10.080055
0.000000 -4.869819 10.141085
0.000000 -4.872680 10.150902
0.000000 -4.871358 10.150379
0.000000 -4.872547 10.150490
0.000000 -4.871399 10.146707
0.000000 -4.879475 9.813689
0.000000 -4.880224 10.103663
0.000000 -4.869450 10.142382
0.000000 -4.872645 10.150892
0.000000 -4.873887 10.149745
0.000000 -4.872564 10.150860
0.000000 -4.872680 10.150853
0.000000 -4.872679 10.150904
0.000000 -4.871936 10.150813
0.000000 -4.874005 10.129156
0.000000 -4.874967 9.918849
0.000000 -4.877835 10.046036
0.000000 -4.617114 4.200696
0.000000 -4.902428 9.971133
0.000000 -4.861819 9.519173
0.000000 -3.227028 7.896908
0.000000 -5.075419 3.617023
0.000000 -4.868169 5.805985
0.000000 1.043996 8.244154
0.000000 -4.867460 9.713426
0.000000 -4.872600 10.125308
0.000000 -4.867305 10.141468
0.000000 -4.872568 10.138415
0.000000 -4.873032 10.148160
0.000000 -4.875816 9.827301
0.000000 -4.873450 10.150657
0.000000 -4.872902 10.150640
0.000000 -4.871807 10.150854
0.000000 -4.872850 10.150739
0.000000 -4.872699 10.150854
0.000000 -4.872689 10.150903
0.000000 -4.872685 10.150901
0.000000 -4.871753 10.148029
0.000000 -4.788363 8.446990
0.000000 -5.689087 6.044388
0.000000 -4.872799 10.150889
0.000000 -4.208924 7.563942
0.000000 -4.873733 10.148728
0.000000 -4.773089 7.896604
0.000000 -4.862530 9.160973
0.000000 -4.884320 9.910995
0.000000 -4.872703 10.150904
0.000000 -4.872874 10.150768
0.000000 -4.872626 10.150898
0.000000 -4.872172 10.146974
0.000000 -4.872724 10.150904
0.000000 -4.873338 10.150117
0.000000 -4.871867 10.150870
0.000000 -4.872686 10.150851
0.000000 -4.874639 10.120273
0.000000 -4.883068 9.831305
0.000000 -2.720426 2.394238
0.000000 -4.881082 9.616771
0.000000 -4.871472 10.126641
0.000000 -5.770238 6.314027
0.000000 1.704712 7.946425
0.000000 -4.850236 9.863933
0.000000 -4.992610 6.152722
0.000000 -4.870160 10.058432
0.000000 -4.872689 10.150796
0.000000 -4.873614 10.138892
0.000000 -4.871826 10.121663
0.000000 -4.871542 10.147980
0.000000 -4.871155 10.141901
0.000000 -4.872251 10.150748
0.000000 -4.872628 10.150868
0.000000 -4.872674 10.150903
0.000000 -4.872680 10.150890
0.000000 -4.872724 10.150904
0.000000 -4.871269 10.137481
0.000000 -4.872685 10.150902
0.000000 -4.869555 10.103439
0.000000 -4.872834 10.150897
0.000000 -4.871351 10.099141
0.000000 -4.873461 10.149896
0.000000 -4.870020 10.084880
0.000000 -5.105489 5.187411
0.000000 -5.593975 6.572770
0.000000 -4.631744 5.761593
0.000000 -4.851740 7.464917
0.000000 -4.874784 10.127777
0.000000 -4.851086 10.136231
0.000000 -3.901970 9.611037
0.000000 -0.870263 1.738857
0.000000 -4.808768 6.625078
0.000000 -4.908682 8.965787
0.000000 -4.645993 4.856161
0.000000 -6.612488 9.137499
0.000000 -4.874988 9.862918
0.000000 -4.871571 10.145133
0.000000 -4.869955 10.144895
0.000000 -4.872527 10.150900
0.000000 -4.872611 10.150308
0.000000 -4.874690 10.128490
0.000000 -4.866850 10.140748
0.000000 -4.873747 10.150487
0.000000 -4.872140 10.149054
0.000000 -4.872585 10.150879
0.000000 -4.872895 10.150901
0.000000 -4.865922 10.144982
0.000000 -6.108780 6.757220
0.000000 -5.017892 6.220716
0.000000 -4.873058 10.130789
0.000000 -4.872875 10.150851
0.000000 -4.872705 10.150903
0.000000 -4.872991 10.150658
0.000000 -4.872618 10.150897
0.000000 -4.871990 10.147925
0.000000 -4.872760 10.150836
0.000000 -4.872669 10.150771
0.000000 -4.872179 10.150218
0.000000 -4.875170 10.148308
0.000000 -4.776931 7.226563
0.000000 -4.794970 9.013478
0.000000 -4.890992 10.026964
0.000000 1.988018 4.628766
0.000000 -4.955464 10.004842
0.000000 -4.874760 10.083749
0.000000 -4.872381 10.150383
0.000000 -4.872675 10.150085
0.000000 -4.874141 10.130681
0.000000 -4.872499 10.109979
0.000000 -4.874417 9.990284
0.000000 -4.875063 10.134880
0.000000 -4.720268 9.147424
0.000000 -4.884726 9.036981
0.000000 -8.723366 4.955889
0.000000 -4.881564 7.468608
0.000000 -4.874290 10.072062
0.000000 -4.866740 9.904090
0.000000 -4.862994 10.046665
0.000000 -4.947422 6.976627
0.000000 -4.873082 10.149152
0.000000 -4.871750 10.146164
0.000000 -4.872152 10.146446
0.000000 -4.872607 10.150534
0.000000 -4.872622 10.150904
0.000000 -4.872688 10.150904
0.000000 -4.872672 10.150884
0.000000 -4.872694 10.150898
0.000000 -4.872855 10.150588
0.000000 -4.872695 10.150834
0.000000 -4.872666 10.150899
0.000000 -4.872172 10.142857
0.000000 -4.872698 10.150701
0.000000 -4.872738 10.150884
0.000000 -4.872793 10.150898
0.000000 -4.872697 10.150904
0.000000 -4.872646 10.147307
0.000000 -4.872545 10.150844
0.000000 -4.872774 10.150898
0.000000 -4.872718 10.150879
0.000000 -4.868821 10.003215
0.000000 -4.870202 10.143416
0.000000 -4.695239 8.384358
0.000000 -4.848858 9.469641
0.000000 -4.873874 10.060194
0.000000 -4.873611 8.462796
0.000000 -4.862795 10.109329
0.000000 -4.843920 9.924285
0.000000 -4.865051 9.945108
0.000000 -4.878652 9.860602
0.000000 -4.731859 8.646494
0.000000 -4.873269 10.148033
0.000000 -4.872040 10.150396
0.000000 -4.873396 10.139277
0.000000 -4.872987 10.149907
0.000000 -8.392129 2.768657
0.000000 -1.122932 9.175310
0.000000 -3.857598 6.934825
0.000000 -4.919777 9.569997
0.000000 -4.872683 10.150902
0.000000 -4.872703 10.150902
0.000000 -4.879488 10.068952
0.000000 -4.872350 10.150374
0.000000 -4.868076 10.140161
0.000000 -4.872701 10.150901
0.000000 -4.872687 10.150902
0.000000 -4.872643 10.150881
0.000000 -4.863412 9.987865
0.000000 -4.860280 10.045434
0.000000 -4.872659 10.150830
0.000000 -4.867889 10.034589
0.000000 -4.871863 10.115292
0.000000 -4.872968 10.150709
0.000000 -4.872023 10.149231
0.000000 -4.872163 10.150799
0.000000 -4.872641 10.150833
0.000000 -4.903097 10.118545
0.000000 -5.808096 8.722506
0.000000 -5.052827 6.989064
0.000000 -4.872133 10.150118
0.000000 -4.869597 9.876431
0.000000 -4.872884 10.150768
0.000000 -4.870775 9.850862
0.000000 -4.874769 10.136319
0.000000 -4.966525 8.376406
0.000000 -5.037211 9.253119
0.000000 -3.915146 7.087589
0.000000 -4.885158 8.660433
0.000000 -4.878785 9.950430
0.000000 -4.873231 10.150883
0.000000 -4.872752 10.150904
0.000000 -4.868672 10.133454
0.000000 -4.872788 10.150899
0.000000 -4.868442 10.148416
0.000000 -4.872693 10.150904
0.000000 -4.873417 10.150570
0.000000 -4.872687 10.150403
0.000000 -4.872915 10.150876
0.000000 -4.872810 10.150810
0.000000 -4.872676 10.150897
0.000000 -4.872699 10.150904
0.000000 -4.872764 10.150898
0.000000 -4.872718 10.150904
0.000000 -4.872697 10.150885
0.000000 -4.870138 10.123544
0.000000 -4.872863 10.150890
0.000000 -4.526349 7.962807
0.000000 -4.872531 10.118058
0.000000 -4.798595 3.009922
0.000000 -4.865837 10.145089
0.000000 -4.930600 9.503689
0.000000 -4.872619 10.150677
0.000000 -4.872728 10.150881
0.000000 -4.871065 10.038875
0.000000 -4.869921 10.124610
0.000000 -4.878792 9.419251
0.000000 -4.872324 10.149738
0.000000 -4.886673 9.118354
0.000000 -4.872712 10.150826
0.000000 -4.872695 10.150901
0.000000 -4.872555 10.150900
0.000000 -4.873173 10.150779
0.000000 -4.871201 10.131510
0.000000 -4.872471 10.150735
0.000000 -3.324457 3.548956
0.000000 -6.806786 7.455960
0.000000 -4.872708 10.150902
0.000000 -4.872680 10.150808
0.000000 -4.873356 10.150612
0.000000 -4.873984 10.107773
0.000000 -4.871259 10.143104
0.000000 -4.901168 10.073495
0.000000 -4.863677 8.971645
0.000000 -4.878390 9.582502
0.000000 -5.334751 0.867328
0.000000 -4.873172 10.141286
0.000000 -4.872436 10.101572
0.000000 -4.872263 10.138983
0.000000 -6.732811 5.855850
0.000000 -4.872735 10.150889
0.000000 -4.872724 10.150904
0.000000 -4.850476 8.155700
0.000000 -4.872695 10.150903
0.000000 -4.872833 10.150854
0.000000 -4.872683 10.150817
0.000000 -4.872680 10.150903
0.000000 -4.872703 10.150903
0.000000 -4.872597 10.150844
0.000000 -4.873914 10.147337
0.000000 -4.872702 10.148759
0.000000 -4.872135 10.148236
0.000000 -3.610567 8.388013
0.000000 -4.871288 10.133650
0.000000 -4.994121 7.771241
0.000000 -6.428109 2.941616
0.000000 -5.282439 6.493639
0.000000 -4.880754 9.941198
0.000000 -4.872300 10.150461
0.000000 -4.870420 10.148610
0.000000 -3.291584 6.991442
0.000000 -4.873142 10.076825
0.000000 -7.276118 2.181644
0.000000 -4.837614 9.948436
0.000000 -5.226488 9.382678
0.000000 -4.865041 9.113943
0.000000 -4.762451 9.131031
0.000000 -4.874462 10.124622
0.000000 -4.872900 10.148884
0.000000 -4.881967 10.096341
0.000000 -4.879767 9.743991
0.000000 -4.872625 10.150878
0.000000 -4.875087 10.134402
0.000000 -4.872606 10.150900
0.000000 -4.871465 10.144026
0.000000 -4.872682 10.150903
0.000000 -4.872695 10.150903
0.000000 -4.872957 10.150741
0.000000 -4.872904 10.150639
0.000000 -4.872790 10.150898
0.000000 -4.872641 10.150800
0.000000 -4.872670 10.150881
0.000000 -4.872359 10.147307
0.000000 -4.872679 10.150903
0.000000 -4.874556 10.107113
0.000000 -4.872661 10.150216
0.000000 -4.863626 10.043548
0.000000 -4.872191 10.147453
0.000000 -4.873544 10.145898
0.000000 -5.177889 9.426341
0.000000 -4.872949 10.150848
0.000000 -4.872033 10.149862
0.000000 -4.873051 10.150103
0.000000 -4.898546 10.074579
0.000000 -7.738931 9.272776
0.000000 -4.929691 9.815359
0.000000 -4.871429 10.085318
0.000000 -4.880666 9.743505
0.000000 -4.881061 10.116232
0.000000 0.538630 4.850448
0.000000 -4.902854 8.538689
0.000000 -4.803896 8.481815
0.000000 -4.873099 10.150063
0.000000 -4.872410 10.150394
0.000000 -4.872716 10.150858
0.000000 -4.872682 10.150903
0.000000 -4.872737 10.150904
0.000000 -4.869750 10.001185
0.000000 -4.872967 10.140410
0.000000 -4.872707 10.150902
0.000000 -4.873215 10.130335
0.000000 -4.872900 10.143682
0.000000 -4.872151 10.148913
0.000000 -4.872722 10.150903
0.000000 -4.872682 10.150885
0.000000 -4.872646 10.150856
0.000000 -4.873170 10.150409
0.000000 -4.872739 10.150866
0.000000 -4.872681 10.150903
0.000000 -4.872722 10.150885
0.000000 -4.872609 10.150903
0.000000 -2.234702 2.081865
0.000000 -4.872558 10.145365
0.000000 -4.873971 10.150128
0.000000 -4.838566 5.839336
0.000000 -4.851416 10.064169
0.000000 -4.871359 10.147815
0.000000 -4.876867 10.126667
0.000000 -4.856707 10.046591
0.000000 -4.870964 10.129425
0.000000 -4.871392 10.147331
0.000000 -4.868970 10.100680
0.000000 -4.874382 9.895550
0.000000 -4.872054 10.150779
0.000000 -4.872630 10.146622
0.000000 -4.872787 10.150898
0.000000 -4.872575 10.150820
0.000000 -4.872099 10.145713
0.000000 -4.875688 10.148380
0.000000 -4.556399 5.334782
0.000000 -4.854773 7.853794
0.000000 -4.896827 9.599586
0.000000 -6.795980 7.091738
0.000000 -4.868286 8.423858
0.000000 -4.868337 9.652669
0.000000 -4.887732 10.061784
0.000000 -4.874342 10.148100
0.000000 -4.873351 9.435360
0.000000 -4.875524 9.982974
0.000000 -4.872710 10.150903
0.000000 -4.269962 5.322045
0.000000 -4.708914 8.150520
0.000000 -4.872079 10.133976
0.000000 -4.872760 10.150873
0.000000 -4.873960 10.147156
0.000000 -4.873290 10.146780
0.000000 -4.872857 10.150843
0.000000 0.482273 8.304398
0.000000 -4.931871 9.879874
0.000000 -4.857511 9.495372
0.000000 -4.875342 9.129268
0.000000 -4.869312 10.132595
0.000000 -4.874321 10.141318
0.000000 -4.873895 10.143104
0.000000 -4.871629 10.146697
0.000000 -4.872450 10.150786
0.000000 -4.872779 10.150785
0.000000 -4.872710 10.150901
0.000000 -4.872585 10.150901
0.000000 -4.873799 10.148941
0.000000 -4.871704 10.149381
0.000000 -4.873463 10.149369
0.000000 -4.871934 10.148862
0.000000 -5.100479 2.454351
0.000000 -4.874040 10.056941
0.000000 -4.867117 10.092901
0.000000 -4.873726 10.150759
0.000000 -4.872703 10.150903
0.000000 -4.872692 10.150903
0.000000 -4.876669 10.134024
0.000000 -4.872611 10.150895
0.000000 -4.872411 10.150223
0.000000 -4.871074 10.149253
0.000000 -4.872605 10.150816
0.000000 -4.871669 9.597877
0.000000 -4.804625 8.261360
0.000000 -4.793075 8.939640
0.000000 -2.326219 3.972710
0.000000 -4.754748 8.259246
0.000000 -4.872651 10.150734
0.000000 -4.876878 10.087412
0.000000 -4.872703 10.150903
0.000000 -5.727659 7.932307
0.000000 -4.872707 10.150903
0.000000 -4.880387 10.117053
0.000000 -4.920967 8.871131
0.000000 -4.872898 10.150847
0.000000 -4.872712 10.150899
0.000000 -4.873537 10.148138
0.000000 -4.872670 10.150894
0.000000 -5.014497 9.107957
0.000000 -4.868645 10.095854
0.000000 -4.873362 10.141517
0.000000 -4.873311 10.148435
0.000000 -4.872711 10.150834
0.000000 -4.874197 10.146481
0.000000 -4.888686 9.757696
0.000000 -4.857785 10.027938
0.000000 -4.854736 7.597026
0.000000 -5.341613 6.090510
0.000000 -6.038066 6.126806
0.000000 -4.890072 8.574493
0.000000 -5.029007 5.982572
0.000000 -4.875954 10.130120
0.000000 -4.879099 9.898290
0.000000 -4.076325 9.132770
0.000000 -4.871982 10.142186
0.000000 -4.872691 10.150892
0.000000 -4.872649 10.150899
0.000000 -4.872705 10.150902
0.000000 -4.872652 10.150901
0.000000 -4.872697 10.150903
0.000000 -4.872682 10.150904
0.000000 -4.872574 10.150883
0.000000 -4.872737 10.150869
0.000000 -4.872527 10.149875
0.000000 -4.873487 10.130647
0.000000 -4.898786 5.830173
0.000000 -4.886057 9.234096
0.000000 -4.906641 8.534807
0.000000 -4.872690 10.150902
0.000000 -3.403248 4.970261
0.000000 -4.697146 8.971543
0.000000 -4.865238 10.148400
0.000000 -4.872808 10.150750
0.000000 -4.872710 10.150903
0.000000 -4.872770 10.150821
0.000000 -4.872763 10.150809
0.000000 -4.872178 10.150358
0.000000 -4.873199 10.150548
0.000000 -4.878150 10.131029
0.000000 -4.892069 9.535115
0.000000 -4.872410 10.150850
0.000000 -4.874908 9.940174
0.000000 -4.821686 8.405016
0.000000 -4.869992 10.130732
0.000000 -3.039916 4.417719
0.000000 -4.760921 6.570162
0.000000 -4.874098 10.148709
0.000000 -4.874170 10.150854
0.000000 -4.877578 10.147099
0.000000 -4.813577 8.918419
0.000000 -4.880217 9.883974
0.000000 -4.869461 10.129236
0.000000 -4.871794 10.128958
0.000000 -6.299059 9.928036
0.000000 -4.872802 10.150867
0.000000 -4.497162 7.685702
0.000000 -4.873008 10.150853
0.000000 -4.869215 10.054318
0.000000 -4.872674 10.148285
0.000000 -4.871930 10.149357
0.000000 -4.872696 10.150903
0.000000 -4.872714 10.150904
0.000000 -4.872707 10.150900
0.000000 -4.872648 10.150889
0.000000 -4.872725 10.150903
0.000000 -4.872624 10.150896
0.000000 -4.872717 10.150892
0.000000 -4.872692 10.150899
0.000000 -4.871535 10.147220
0.000000 -4.878592 10.119725
0.000000 -4.934316 7.302092
0.000000 -4.871905 10.150855
0.000000 -4.872928 10.150844
0.000000 -4.873793 10.117419
0.000000 -4.779714 10.097436
0.000000 -4.883376 9.885177
0.000000 -4.911811 6.734480
0.000000 -4.879462 10.092088
0.000000 -5.778237 9.287215
0.000000 -4.791861 5.490616
0.000000 -4.872719 10.150838
0.000000 -4.877593 9.889922
0.000000 -4.838998 8.906265
0.000000 -4.872597 10.150903
0.000000 -4.872657 10.148221
0.000000 -4.865989 9.932801
0.000000 -4.873219 10.150350
0.000000 -4.873198 10.149373
0.000000 -4.873437 10.131745
0.000000 -0.985102 9.684683
0.000000 -3.557671 1.617222
0.000000 -4.873185 10.150457
0.000000 -4.872637 9.991871
0.000000 -4.861904 9.841088
0.000000 -4.867970 10.145297
0.000000 -4.870316 10.141396
0.000000 -4.881882 9.949176
0.000000 -4.875604 10.144601
0.000000 -4.872779 10.150770
0.000000 -4.872521 10.150894
0.000000 -4.872680 10.150888
0.000000 -4.872882 10.147438
0.000000 -4.852289 9.976842
0.000000 -4.869824 10.146682
0.000000 -4.872781 10.150902
0.000000 -5.009180 8.764676
0.000000 -4.872079 10.149415
0.000000 -4.872105 10.149648
0.000000 -4.871080 10.149999
0.000000 -5.069875 9.744780
0.000000 -4.870925 10.082008
0.000000 -4.872700 10.150902
0.000000 -4.872702 10.150904
0.000000 -4.872936 10.149337
0.000000 -4.872556 10.149892
0.000000 -4.865574 10.059934
0.000000 -4.872885 10.150597
0.000000 -4.873289 10.150614
0.000000 -5.227179 5.789846
0.000000 -4.872557 10.150897
0.000000 -4.861483 9.360490
0.000000 -4.949024 1.469224
0.000000 -4.873843 9.871544
0.000000 -4.844761 8.929608
0.000000 -4.871951 10.143840
0.000000 -5.895338 4.056139
0.000000 -4.871174 10.077317
0.000000 -4.875075 10.149590
0.000000 -4.918972 9.949670
0.000000 -4.468423 7.684715
0.000000 -4.872696 10.150903
0.000000 -4.872673 10.150901
0.000000 -4.841837 9.527226
0.000000 -4.877084 10.058385
0.000000 -4.872663 10.150896
0.000000 -4.872273 10.150795
0.000000 -4.872848 10.150877
0.000000 -4.872983 10.149383
0.000000 -4.883777 10.096272
0.000000 -4.881404 9.784505
0.000000 -4.876246 10.125400
0.000000 -4.871869 10.098163
0.000000 -4.873773 10.147677
0.000000 -4.874965 10.135715
0.000000 -4.844613 8.552798
0.000000 -4.883865 9.850753
0.000000 -4.608458 5.492160
0.000000 -4.873413 10.138962
0.000000 -4.823894 8.319284
0.000000 -4.877738 9.996118
0.000000 -4.869068 10.133934
0.000000 -4.437248 6.349101
0.000000 -4.872767 10.150896
0.000000 -4.783937 5.687651
0.000000 -4.872785 10.150878
0.000000 -4.872724 10.150874
0.000000 -4.872641 10.150898
0.000000 -4.866405 9.782109
0.000000 -4.872882 10.150852
0.000000 -4.872510 10.150822
0.000000 -4.872733 10.149808
0.000000 -4.872676 10.150904
0.000000 -4.872730 10.150703
0.000000 -4.870483 10.136611
0.000000 -4.872230 10.147626
0.000000 -4.872692 10.150904
0.000000 -4.872651 10.150861
0.000000 -4.872514 10.148824
0.000000 -4.878327 9.847395
0.000000 -4.846275 10.024668
0.000000 -4.874270 10.132924
0.000000 -4.599106 6.542232
0.000000 -4.873052 10.137737
0.000000 -6.082333 9.128519
0.000000 -4.835978 9.285205
0.000000 -4.955419 8.098736
0.000000 -4.869204 9.312664
0.000000 -4.863734 9.232050
0.000000 -4.874590 10.148581
0.000000 -4.872811 10.150848
0.000000 -4.872741 10.150893
0.000000 -4.872662 10.150903
0.000000 -4.872660 10.150774
0.000000 -4.871650 10.148225
0.000000 -4.872791 10.049338
0.000000 -4.864058 9.168051
0.000000 -4.861454 9.809794
0.000000 -4.869324 10.056395
0.000000 -4.872660 10.150899
0.000000 -4.872079 10.145857
0.000000 -4.872568 10.150876
0.000000 -4.875761 9.973078
0.000000 -4.872744 10.150900
0.000000 -4.872832 10.150888
0.000000 -4.872355 10.150791
0.000000 -4.872697 10.150896
0.000000 -4.872765 10.150879
0.000000 -4.872706 10.150903
0.000000 -4.872718 10.150904
0.000000 -4.872705 10.150903
0.000000 -4.872630 10.150890
0.000000 -4.872317 10.149472
0.000000 -4.873154 10.150190
0.000000 -4.872811 10.149581
0.000000 -4.875129 10.137370
0.000000 -4.873125 10.146918
0.000000 -4.872740 10.150833
0.000000 -4.873003 10.150855
0.000000 -4.872593 10.150862
0.000000 -4.873939 10.142779
0.000000 -4.871615 10.131854
0.000000 -4.860033 10.105224
0.000000 -4.874365 9.104442
0.000000 -4.872669 10.150898
0.000000 -4.866740 10.078717
0.000000 -4.916781 8.789659
0.000000 -4.872251 10.150859
0.000000 -4.873918 10.142586
0.000000 -4.873245 10.150861
0.000000 -4.872940 10.149812
0.000000 -4.871808 10.149135
0.000000 -4.872933 10.150555
0.000000 -4.884295 10.013454
0.000000 -4.872734 10.150868
0.000000 -6.480863 6.965842
0.000000 -4.872714 10.149004
0.000000 -4.872995 9.891755
0.000000 -4.870580 9.312483
0.000000 -4.722367 8.823130
0.000000 -4.865204 10.099268
0.000000 -4.875767 10.135076
0.000000 -4.869571 9.615374
0.000000 -2.024775 0.336913
0.000000 -4.899504 9.446490
0.000000 -4.872079 8.990934
0.000000 -4.867365 10.085126
0.000000 -1.357462 8.505327
0.000000 -4.872832 10.150883
0.000000 -4.872764 10.150787
0.000000 -4.872641 10.150899
0.000000 -4.872599 10.150585
0.000000 -4.872767 10.150603
0.000000 -4.872747 10.150892
0.000000 -4.872926 10.150734
0.000000 -4.872786 10.150903
0.000000 -4.871505 10.150225
0.000000 -4.874016 10.144712
0.000000 -4.874479 10.144734
0.000000 -4.874739 10.108241
0.000000 -4.872706 10.139083
0.000000 -4.796756 8.407545
0.000000 -4.872875 10.150895
0.000000 -4.872691 10.150902
0.000000 -4.872711 10.150901
0.000000 -4.872703 10.150904
0.000000 -4.872701 10.150903
0.000000 -4.872607 10.150902
0.000000 -4.872721 10.150904
0.000000 -4.872567 10.150490
0.000000 -4.868335 10.150784
0.000000 -4.878205 9.840166
0.000000 -4.872916 10.150891
0.000000 -4.866302 10.024868
0.000000 -4.861802 10.040014
0.000000 -4.847583 8.894704
0.000000 -4.872567 10.143751
0.000000 -4.872333 10.149930
0.000000 -4.873279 10.148340
0.000000 -4.874592 10.142240
0.000000 -4.872001 10.136287
0.000000 -6.571572 9.697304
0.000000 -4.926806 7.167940
0.000000 -4.498991 6.622539
0.000000 -4.867747 10.115149
0.000000 -4.872980 10.150829
0.000000 -4.872469 10.150415
0.000000 -4.873603 10.148491
0.000000 -4.853401 9.527992
0.000000 -4.787839 5.349011
0.000000 -4.872158 10.137174
0.000000 -4.873473 10.102145
0.000000 -4.871459 10.149584
0.000000 -4.873885 10.133496
0.000000 -4.873011 10.137911
0.000000 -4.874894 10.133748
0.000000 -4.798068 9.695325
0.000000 -4.871685 10.150853
0.000000 -4.457555 0.018366
0.000000 -3.806285 4.703973
0.000000 -4.872774 10.150781
0.000000 -4.872844 10.150816
0.000000 -4.872723 10.150904
0.000000 -4.872409 10.150722
0.000000 -4.868963 10.131296
0.000000 -5.168089 6.098324
0.000000 -4.889127 10.107660
0.000000 -4.827549 10.025673
0.000000 -2.552148 3.001252
0.000000 -4.689423 9.754370
0.000000 -4.872719 10.150901
0.000000 -4.934900 8.298072
0.000000 -4.872365 10.150458
0.000000 -4.872642 10.150286
0.000000 -4.872763 10.150834
0.000000 -6.368572 5.445389
0.000000 -4.872695 10.150904
0.000000 -4.873378 10.145951
0.000000 -4.870905 10.128859
0.000000 -4.872720 10.150891
0.000000 -4.872653 10.150881
0.000000 -4.872702 10.150796
0.000000 -4.872421 10.150692
0.000000 -4.872692 10.150902
0.000000 -4.872535 10.150882
0.000000 -4.876260 9.916541
0.000000 -4.872215 10.149737
0.000000 -4.872625 10.150897
0.000000 -4.872590 10.150887
0.000000 -4.872709 10.150871
0.000000 -4.870686 10.150369
0.000000 -4.876123 10.095286
0.000000 -4.547900 5.544392
0.000000 -4.884339 10.016456
0.000000 -4.325806 8.394296
0.000000 -4.869330 9.788936
0.000000 -4.877126 10.012696
0.000000 -4.637310 10.150828
0.000000 -4.902679 7.786467
0.000000 -4.873147 10.145522
0.000000 -4.872708 10.150883
0.000000 -4.871940 10.147964
0.000000 -4.872665 10.150882
0.000000 -4.873455 10.129008
0.000000 -4.872215 10.150300
0.000000 -4.879621 9.035961
0.000000 -4.831306 6.936643
0.000000 -4.873348 10.150593
0.000000 -4.711906 9.968032
0.000000 -4.452820 6.099255
0.000000 -5.220253 7.124384
0.000000 -4.870507 10.039259
0.000000 -4.872813 10.114708
0.000000 -4.876942 9.842879
0.000000 -4.891357 8.692354
0.000000 -4.873206 10.150055
0.000000 -4.872789 10.150826
0.000000 -4.848802 9.576340
0.000000 -4.872714 10.150890
0.000000 -4.873046 10.140145
0.000000 -4.873437 10.150731
0.000000 -4.872595 10.149319
0.000000 -4.872692 10.150902
0.000000 -4.872688 10.150903
0.000000 -4.872716 10.150904
0.000000 -4.872654 10.150903
0.000000 -4.872110 10.150310
0.000000 -4.891078 9.668257
0.000000 -4.872700 10.150897
0.000000 -4.872625 10.150865
0.000000 -4.872817 10.150866
0.000000 -4.568985 9.821854
0.000000 -4.871774 10.144027
0.000000 -4.873014 10.015427
0.000000 -4.872665 10.150903
0.000000 -4.871364 10.131234
0.000000 -4.872033 10.150544
0.000000 -4.867826 9.531696
0.000000 -4.872654 10.150903
0.000000 -4.872704 10.150903
0.000000 -4.872706 10.150901
0.000000 -4.872713 10.150856
0.000000 -4.874860 10.125265
0.000000 -4.872745 10.150357
0.000000 -4.871886 10.149606
0.000000 -4.459174 3.754163
0.000000 -4.872884 10.150410
0.000000 -4.871468 10.137609
0.000000 -4.872571 10.148948
0.000000 -4.871084 10.129280
0.000000 -4.875405 10.118389
0.000000 -4.872478 10.150091
0.000000 -4.873521 10.147243
0.000000 -4.872886 10.149914
0.000000 -4.872804 10.147699
0.000000 -4.872718 10.150888
0.000000 -4.875093 10.130745
0.000000 -4.874965 9.938908
0.000000 -4.872716 10.150904
0.000000 -4.874307 10.115829
0.000000 -4.867460 10.034716
0.000000 -6.177231 1.996773
0.000000 -4.877493 9.820883
0.000000 -4.847736 9.746284
0.000000 -3.861260 5.257045
0.000000 -4.891452 9.555125
0.000000 -4.131327 4.791666
0.000000 -2.505407 6.075542
0.000000 2.089583 8.190781
0.000000 -3.885355 8.623768
0.000000 -4.361522 6.673932
0.000000 -4.871905 10.150337
0.000000 -4.872705 10.150895
0.000000 -4.874062 10.149749
0.000000 -4.871178 10.148847
0.000000 -4.903946 9.757002
0.000000 -4.872655 10.150874
0.000000 -4.872818 10.150885
0.000000 -4.878827 10.146463
0.000000 -4.872074 10.150788
0.000000 -4.872720 10.150903
0.000000 -4.873478 10.150711
0.000000 -4.872658 10.150901
0.000000 -4.872747 10.150901
0.000000 -4.873841 10.147818
0.000000 -4.872718 10.150862
0.000000 -4.872711 10.150879
0.000000 -4.856103 9.565680
0.000000 -4.872820 10.150889
0.000000 -5.260988 7.878665
0.000000 -4.872368 10.150721
0.000000 -4.873229 10.150199
0.000000 -4.871229 10.107050
0.000000 -4.868644 10.143336
0.000000 -4.872723 10.150693
0.000000 -4.870469 10.136288
0.000000 -4.872701 10.150902
0.000000 -4.872707 10.150901
0.000000 -4.872646 10.150708
0.000000 -4.872701 10.150902
0.000000 -4.872673 10.150903
0.000000 -4.872708 10.150825
0.000000 -4.872735 10.150904
0.000000 -4.872654 10.150903
0.000000 -4.872726 10.150892
0.000000 -4.872752 10.150901
0.000000 -4.872769 10.150701
0.000000 -4.872635 10.150879
0.000000 -4.872682 10.150794
0.000000 -4.875235 10.118789
0.000000 -4.876663 9.809672
0.000000 -2.769729 4.039819
0.000000 -4.933752 7.461581
0.000000 -4.879935 9.212870
0.000000 -4.901547 9.563658
0.000000 -4.914676 8.927088
0.000000 -4.871916 10.149707
0.000000 -4.850933 9.038645
0.000000 -4.988195 10.038869
0.000000 -3.808558 9.253579
0.000000 -5.034559 8.597848
0.000000 -4.880777 10.001694
0.000000 -4.763319 7.273776
0.000000 -4.873497 10.149768
0.000000 -5.283293 9.312933
0.000000 -5.507248 8.818419
0.000000 -4.846895 9.078082
0.000000 -4.625537 0.591681
0.000000 -4.868154 10.104650
0.000000 -5.247759 9.956548
0.000000 -3.942877 8.303078
0.000000 -4.769071 8.676248
0.000000 -4.905835 8.260738
0.000000 -4.642899 8.275247
0.000000 -4.872565 10.150852
0.000000 -4.873043 10.150485
0.000000 -4.874251 10.138855
0.000000 -4.885048 9.998062
0.000000 -4.872875 10.147493
0.000000 -4.863322 9.788224
0.000000 -4.873243 9.777633
0.000000 -4.873366 10.143216
0.000000 -4.872570 10.150144
0.000000 -4.872964 10.141308
0.000000 -4.872480 10.150682
0.000000 -4.872715 10.150899
0.000000 -4.872684 10.150903
0.000000 -4.872692 10.150902
0.000000 -4.872102 10.147370
0.000000 -4.873624 10.148177
0.000000 -4.873240 10.150801
0.000000 -4.869310 10.121833
0.000000 -4.873503 10.149686
0.000000 -4.870856 10.041317
0.000000 -4.872719 10.150759
0.000000 -4.875094 9.694150
0.000000 -4.871174 10.150039
0.000000 -4.872702 10.150903
0.000000 -4.872953 10.150707
0.000000 -4.876638 10.045075
0.000000 -4.872653 10.147603
0.000000 -4.872544 10.150856
0.000000 -4.872163 10.150485
0.000000 -4.872636 10.150903
0.000000 -4.872684 10.150904
0.000000 -4.872620 10.150895
0.000000 -4.836462 9.486307
0.000000 -4.969065 7.214205
0.000000 -4.872694 10.150901
0.000000 -3.063664 9.667359
0.000000 -4.872953 10.150818
0.000000 -3.864462 9.174785
0.000000 -4.872697 10.150894
0.000000 -4.872519 10.150370
0.000000 -4.872728 10.150900
0.000000 -4.871447 10.140641
0.000000 -4.872937 10.148418
0.000000 -4.872854 10.150850
0.000000 -4.859950 9.716234
0.000000 -4.867178 10.134386
0.000000 -4.870702 10.112062
0.000000 -4.916161 9.694959
0.000000 -4.902771 9.493816
0.000000 -4.885371 8.268837
0.000000 -4.847089 9.700379
0.000000 -4.874437 10.055343
0.000000 -3.967095 4.566993
0.000000 -5.459774 7.943323
0.000000 -4.913707 9.762543
0.000000 -4.846832 9.549617
0.000000 -4.881211 10.117722
0.000000 -4.585047 9.524371
0.000000 -5.083367 8.299376
0.000000 -4.277054 7.340893
0.000000 -4.872831 10.149691
0.000000 -4.432341 6.569439
0.000000 -4.870599 10.062631
0.000000 -4.879462 10.146997
0.000000 -4.873353 10.148738
0.000000 -4.766994 8.246065
0.000000 -4.865809 9.911961
0.000000 -4.871951 10.139629
0.000000 -4.739275 9.678287
0.000000 -4.873692 10.146102
0.000000 -4.876850 10.134207
0.000000 -4.872625 10.150528
0.000000 -4.874302 10.138123
0.000000 -4.889180 8.669823
0.000000 -4.878335 10.122924
0.000000 -4.870500 10.115474
0.000000 -4.873317 10.148108
0.000000 -4.872141 10.149893
0.000000 -4.877530 9.961005
0.000000 -4.871722 10.150494
0.000000 -4.871334 10.149785
0.000000 -4.870010 10.135918
0.000000 -4.873898 10.085829
0.000000 -4.874033 10.128018
0.000000 -4.870765 10.112703
0.000000 -4.867947 10.148591
0.000000 -4.872504 10.150857
0.000000 -4.872634 10.150899
0.000000 -4.872720 10.150903
0.000000 -4.872817 10.150852
0.000000 -4.872750 10.150901
0.000000 -4.872891 10.150465
0.000000 -4.872694 10.150863
0.000000 -4.854950 10.006785
0.000000 -4.832352 9.413515
0.000000 -3.984553 6.276977
0.000000 -3.467367 1.048075
0.000000 -4.881869 10.143970
0.000000 -3.892477 6.160989
0.000000 -4.876275 9.759039
0.000000 -4.899550 9.738516
0.000000 -4.882927 10.085506
0.000000 -4.872965 10.148155
0.000000 -4.871200 10.149387
0.000000 -4.872608 10.147021
0.000000 -4.872724 10.150636
0.000000 -4.872189 10.074931
0.000000 -4.887320 9.970333
0.000000 -4.872679 10.150903
0.000000 -4.872642 10.150889
0.000000 -4.872768 10.150884
0.000000 -4.872793 10.150765
0.000000 -4.872839 10.150900
0.000000 -4.872654 10.150885
0.000000 -4.872696 10.150903
0.000000 -4.872713 10.150901
0.000000 -4.872453 10.150895
0.000000 -4.870627 10.106748
0.000000 -4.872788 10.150802
0.000000 -4.872383 10.150030
0.000000 -4.873044 10.148252
0.000000 -4.872466 10.150786
0.000000 -4.873536 10.147954
0.000000 -4.873114 10.149834
0.000000 -4.872913 10.150554
0.000000 -4.873132 10.150711
0.000000 -4.872646 10.150877
0.000000 -4.872775 10.150892
0.000000 -4.872779 10.150902
0.000000 -4.838242 9.214822
0.000000 -4.830306 8.582864
0.000000 -4.870262 10.092398
0.000000 -4.857415 9.849429
0.000000 -4.865606 9.996138
0.000000 -4.873544 9.928977
0.000000 -5.135459 7.352538
0.000000 -6.745794 8.806408
0.000000 -4.869210 10.118109
0.000000 -6.621374 7.847390
0.000000 -4.869656 10.145409
0.000000 -4.874467 9.955149
0.000000 -4.872727 10.150809
0.000000 -4.869233 10.085914
0.000000 -4.867653 8.870603
0.000000 -4.868413 10.146764
0.000000 -3.537345 4.465592
0.000000 -4.873104 10.148452
0.000000 -4.895137 9.797543
0.000000 -4.222496 6.628257
0.000000 -4.057744 8.216347
0.000000 -4.997140 8.776628
0.000000 -5.017040 9.444805
0.000000 -5.169685 6.892772
0.000000 -4.872840 10.150829
0.000000 -4.891345 9.047109
0.000000 -4.873316 10.149425
0.000000 -4.872353 10.149790
0.000000 -4.872814 10.150662
0.000000 -4.876599 10.129716
0.000000 -4.872490 10.150497
0.000000 -4.872517 10.150865
0.000000 -4.873095 9.854327
0.000000 -4.872691 10.150903
0.000000 -4.897846 9.817394
0.000000 -4.872916 10.150847
0.000000 -4.871021 10.143878
0.000000 -4.872685 10.150904
0.000000 -4.872708 10.150903
0.000000 -4.872688 10.150903
0.000000 -4.872074 10.150322
0.000000 -4.872812 10.150688
0.000000 -4.872627 10.150655
0.000000 -4.872497 10.149993
0.000000 -4.887916 10.045278
0.000000 -4.867479 9.832151
0.000000 -4.844189 9.921453
0.000000 -4.872338 10.149621
0.000000 -4.872557 10.150858
0.000000 -4.872636 10.150881
0.000000 -4.872808 10.150903
0.000000 -4.873166 10.150872
0.000000 -4.873349 10.148653
0.000000 -4.872616 10.150834
0.000000 -4.872694 10.150884
0.000000 -4.873170 10.149931
0.000000 -4.859232 10.125850
0.000000 -4.873503 10.147485
0.000000 -4.874032 10.143426
0.000000 -4.873144 10.149116
0.000000 -5.602606 0.570903
0.000000 -4.872708 10.150903
0.000000 -4.872704 10.150900
0.000000 -4.864590 10.102417
0.000000 -4.872688 10.150896
0.000000 -4.881596 9.863140
0.000000 -4.871081 10.149967
0.000000 -4.872738 10.150903
0.000000 -4.872538 10.139534
0.000000 -4.873686 10.148052
0.000000 -4.873017 10.150864
0.000000 -4.873006 10.148243
0.000000 -4.871302 10.146313
0.000000 -4.879580 9.946469
0.000000 -4.874039 10.127033
0.000000 -4.872753 10.150329
0.000000 -4.854213 10.093274
0.000000 -4.872678 10.149405
0.000000 -4.853325 10.051602
0.000000 -4.872146 10.148492
0.000000 -4.872978 10.149857
0.000000 -4.867955 9.904230
0.000000 -4.881219 9.807229
0.000000 -4.870224 10.138188
0.000000 -4.876461 10.004508
0.000000 -8.778347 9.897646
0.000000 -4.872289 10.150770
0.000000 -4.929318 7.444992
0.000000 -4.872681 10.150902
0.000000 -4.872497 10.150903
0.000000 -4.872739 10.150878
0.000000 -4.876378 8.895180
0.000000 -4.872929 10.150822
0.000000 -4.872668 10.150902
0.000000 -4.872461 10.150785
0.000000 -4.872724 10.150902
0.000000 -4.872705 10.150903
0.000000 -4.872942 10.150540
0.000000 -4.857338 9.470964
0.000000 -4.872898 10.150352
0.000000 -4.872797 10.150769
0.000000 -4.872673 10.150857
0.000000 -4.872576 10.150770
0.000000 -4.875679 10.131179
0.000000 -4.872601 10.150747
0.000000 -4.873051 10.150662
0.000000 -4.872612 10.150879
0.000000 -4.872974 10.138880
0.000000 -4.872635 10.150890
0.000000 -4.872689 10.150901
0.000000 -4.872674 10.150902
0.000000 -4.872512 10.150874
0.000000 -4.872715 10.150838
0.000000 -4.873049 10.150293
0.000000 -4.879358 10.072382
0.000000 -4.867625 10.121637
0.000000 -6.330894 9.396597
0.000000 -4.862230 10.016517
0.000000 -4.767474 8.595159
0.000000 -5.028217 9.626409
0.000000 -4.872413 10.081438
0.000000 -4.870934 10.147984
0.000000 -4.897054 9.123229
0.000000 -4.846393 9.825839
0.000000 -5.132509 9.780865
0.000000 -5.132668 9.946187
0.000000 -4.864674 9.602896
0.000000 -4.194964 3.545731
0.000000 -3.903695 9.644520
0.000000 -5.227830 9.649191
0.000000 -4.845791 9.646440
0.000000 -4.874517 10.145952
0.000000 -4.871990 10.146864
0.000000 -4.872463 10.150892
0.000000 -4.872767 10.150887
0.000000 -4.872866 10.150836
0.000000 -4.872485 10.150863
0.000000 -4.874374 10.057577
0.000000 -4.872283 10.126776
0.000000 -4.872249 10.147543
0.000000 -4.872805 10.150492
0.000000 -4.871640 10.147219
0.000000 -4.872272 10.140605
0.000000 -4.874158 10.144213
0.000000 -4.872924 10.149391
0.000000 -4.872723 10.150834
0.000000 -4.796589 9.065057
0.000000 -4.872677 10.150899
0.000000 -4.872681 10.150898
0.000000 -4.872688 10.150903
0.000000 -4.873148 10.145551
0.000000 -4.872516 10.150040
0.000000 -4.872796 10.150811
0.000000 -4.875359 10.133014
0.000000 -4.872706 10.150902
0.000000 -4.872683 10.150903
0.000000 -4.867257 9.717390
0.000000 -4.872750 10.150868
0.000000 -4.872601 10.116722
0.000000 -4.872705 10.150903
0.000000 -4.906878 10.094349
0.000000 -5.248768 6.742220
0.000000 -4.872749 10.150895
0.000000 -4.872815 10.150858
0.000000 -4.872636 10.150898
0.000000 -4.872629 10.150675
0.000000 -4.873277 10.150510
0.000000 -4.872803 10.150860
0.000000 -4.872622 10.150867
0.000000 -4.872701 10.150718
0.000000 -4.872731 10.150904
0.000000 -4.872703 10.150904
0.000000 -4.874038 10.146111
0.000000 -4.873116 10.150790
0.000000 -4.872830 10.150392
0.000000 -4.873319 10.148506
0.000000 -4.872628 10.150863
0.000000 -4.873748 10.150358
0.000000 -4.873533 10.134174
0.000000 -4.873912 10.036508
0.000000 -4.881368 8.481501
0.000000 -4.874223 10.050097
0.000000 -4.866559 9.766798
0.000000 -4.993570 9.035059
0.000000 -4.712144 8.550884
0.000000 -4.867501 10.081078
0.000000 -4.912017 9.758954
0.000000 -4.428301 7.689570
0.000000 -5.871961 4.604376
0.000000 -4.856278 9.361686
0.000000 -4.873281 10.132084
0.000000 -4.878831 10.087579
0.000000 -4.872997 10.150637
0.000000 -4.893543 10.097092
0.000000 -4.356827 10.000041
0.000000 -4.861290 9.040270
0.000000 -4.872696 10.150897
0.000000 -4.834724 9.930912
0.000000 -4.872650 10.150890
0.000000 -4.872301 10.150902
0.000000 -4.886368 8.668164
0.000000 -4.872737 10.150893
0.000000 -4.874336 10.139902
0.000000 -4.872528 10.150884
0.000000 -4.872635 10.150784
0.000000 0.008248 3.879437
0.000000 -4.872714 10.150903
0.000000 -4.998373 9.455496
0.000000 -4.830248 9.845147
0.000000 -4.872629 10.150890
0.000000 -4.872720 10.150901
0.000000 -4.872432 10.150274
0.000000 -5.710457 6.599640
0.000000 -4.872809 10.150850
0.000000 -4.626841 4.233268
0.000000 -4.946770 7.054615
0.000000 -4.867527 7.841028
0.000000 -4.871157 10.142684
0.000000 -4.872904 10.150721
0.000000 -4.872721 10.150899
0.000000 -4.872685 10.150903
0.000000 -4.872694 10.150903
0.000000 -4.872716 10.150904
0.000000 -4.872688 10.150902
0.000000 -4.872724 10.150904
0.000000 -4.872663 10.150872
0.000000 -4.872625 10.150893
0.000000 -4.872603 10.150902
0.000000 -4.874858 10.115594
0.000000 -4.872749 10.150878
0.000000 -4.872173 10.148757
0.000000 -4.874295 10.090217
0.000000 -4.873150 9.891230
0.000000 -4.876932 10.125358
0.000000 -5.099261 10.146146
0.000000 -4.883865 9.915455
0.000000 -4.872792 10.150234
0.000000 -4.871652 10.149672
0.000000 -4.873396 10.150359
0.000000 -4.872407 10.150830
0.000000 -4.873487 10.144125
0.000000 -4.872714 10.150866
0.000000 -4.872497 10.150878
0.000000 -4.876665 10.113018
0.000000 -4.873709 10.150505
0.000000 -4.872592 10.150847
0.000000 -4.871396 10.150790
0.000000 -4.872699 10.150888
0.000000 -4.872705 10.150901
0.000000 -4.872722 10.150904
0.000000 -4.872725 10.150901
0.000000 -4.872717 10.150899
0.000000 -2.099409 5.963190
0.000000 -3.995093 9.223452
0.000000 -4.749712 10.047105
0.000000 -4.849659 8.415295
0.000000 -4.872666 10.150862
0.000000 -4.872232 10.150093
0.000000 -5.411766 5.402888
0.000000 -4.727475 9.329719
0.000000 -4.797223 6.615985
0.000000 -4.872771 10.150848
0.000000 -4.872916 10.150583
0.000000 -4.542787 7.873675
0.000000 -4.886765 10.093206
0.000000 -4.863171 9.917413
0.000000 -4.872644 10.150447
0.000000 -4.902928 8.622528
0.000000 -5.178966 1.924196
0.000000 -4.872539 10.150897
0.000000 -4.872486 10.147482
0.000000 -4.871487 10.147807
0.000000 1.955997 6.703795
0.000000 -4.871573 10.144107
0.000000 -4.871441 10.119274
0.000000 -4.878174 9.947528
0.000000 -4.887845 9.282715
0.000000 -4.873156 10.127452
0.000000 -5.334754 8.385643
0.000000 -4.927448 8.294825
0.000000 -4.872786 10.148779
0.000000 -4.872697 10.150824
0.000000 -4.875390 10.139579
0.000000 -4.873387 10.115169
0.000000 -4.873611 10.149831
0.000000 -4.864254 10.090110
0.000000 -4.873043 10.150735
0.000000 -4.874581 10.125563
0.000000 -4.872562 10.149741
0.000000 -4.872935 10.150393
0.000000 -4.872388 10.150500
0.000000 -4.015322 8.043367
0.000000 -4.872708 10.150902
0.000000 -4.872729 10.150835
0.000000 -4.872670 10.150904
0.000000 -4.872733 10.150904
0.000000 -4.873269 10.149607
0.000000 -4.872994 10.149321
0.000000 -4.873334 10.149737
0.000000 -4.872492 10.137900
0.000000 -4.873067 10.144647
0.000000 -4.871240 10.127333
0.000000 -4.868574 10.115800
0.000000 -4.854313 9.280266
0.000000 -4.872679 10.150904
0.000000 -4.872635 10.150880
0.000000 -5.218167 8.717254
0.000000 -4.279907 5.229822
0.000000 0.053128 3.034114
0.000000 -4.872712 10.150902
0.000000 -4.872835 10.150773
0.000000 -4.870927 10.106348
0.000000 -4.884869 8.872770
0.000000 -4.872684 10.150904
0.000000 -5.061577 6.532455
0.000000 -4.872947 10.150874
0.000000 -4.872852 10.150835
0.000000 -4.871590 10.150161
0.000000 -4.799493 9.729851
0.000000 -4.872676 10.150903
0.000000 -4.872726 10.150858
0.000000 -4.872270 10.150322
0.000000 -4.872154 10.148032
0.000000 -4.872548 10.150879
0.000000 -4.877304 10.132712
0.000000 -4.885007 8.459596
0.000000 -4.850091 9.568461
0.000000 -4.872509 10.149138
0.000000 -4.872117 10.138591
0.000000 -4.874553 10.143691
0.000000 -4.874057 10.127798
0.000000 -4.874817 10.067073
0.000000 -4.843655 5.447099
0.000000 -4.543317 7.901194
0.000000 -4.886697 9.755427
0.000000 -4.862558 9.917030
0.000000 -4.872217 10.144885
0.000000 -4.809123 4.795347
0.000000 -4.873596 10.144189
0.000000 -4.872486 10.150543
0.000000 -4.872911 10.150305
0.000000 -5.087379 8.387860
0.000000 -4.872689 10.150904
0.000000 -4.872579 10.150889
0.000000 -4.872686 10.150888
0.000000 -4.871704 10.147170
0.000000 -4.872658 10.150888
0.000000 -4.873032 10.150875
0.000000 -4.872844 10.150842
0.000000 -4.874451 10.150159
0.000000 -4.873050 10.120849
0.000000 -4.872665 10.150901
0.000000 -4.872667 10.150882
0.000000 -4.872716 10.150903
0.000000 -4.872680 10.150904
0.000000 -4.872713 10.150903
0.000000 -4.872489 10.150791
0.000000 -4.872640 10.150154
0.000000 -4.881491 9.793248
0.000000 -4.873794 10.149112
0.000000 -4.872753 10.149813
0.000000 -4.872767 10.150899
0.000000 -4.872941 10.150840
0.000000 -4.872725 10.139181
0.000000 -4.886508 9.588045
0.000000 -4.872687 10.150900
0.000000 -4.895491 9.925674
0.000000 -4.872718 10.150858
0.000000 -4.867693 10.106870
0.000000 -4.869762 10.126326
0.000000 -4.880914 9.994423
0.000000 -4.872524 10.150873
0.000000 -4.872624 10.150839
0.000000 -4.872678 10.150904
0.000000 -4.872679 10.150904
0.000000 -4.872674 10.150884
0.000000 -4.877801 10.094634
0.000000 -4.872067 10.150509
0.000000 -4.873601 10.149392
0.000000 -4.860806 10.099211
0.000000 -4.862475 9.564443
0.000000 -4.885152 10.112449
0.000000 -5.685599 2.699509
0.000000 -4.750313 9.240196
0.000000 -2.721089 1.825601
0.000000 -4.713236 8.791006
0.000000 -5.596872 7.922464
0.000000 -4.873473 10.062177
0.000000 -4.906994 9.947785
0.000000 -4.874062 10.133648
0.000000 -4.879209 10.102028
0.000000 -4.872699 10.150849
0.000000 -4.872311 10.150695
0.000000 -4.871802 10.150298
0.000000 -4.871812 10.149946
0.000000 -4.873005 10.150652
0.000000 -4.871479 10.145217
0.000000 -4.872565 10.150410
0.000000 -4.875117 10.150719
0.000000 -4.873278 10.150051
0.000000 -4.872582 10.150884
0.000000 -4.872681 10.150903
0.000000 -4.872689 10.150902
0.000000 -4.872691 10.150900
0.000000 -4.919299 8.945903
0.000000 -4.872497 10.150871
0.000000 -4.852401 8.616227
0.000000 -4.869972 10.115798
0.000000 -4.872420 10.150557
0.000000 -4.872607 10.150894
0.000000 -4.866766 10.036414
0.000000 -4.868864 10.086210
0.000000 -4.873535 10.150356
0.000000 -4.872762 10.150895
0.000000 -4.872875 10.150896
0.000000 -4.858604 10.139958
0.000000 -4.872597 10.150697
0.000000 -4.871739 10.148501
0.000000 -4.872935 10.150471
0.000000 -4.924080 5.064698
0.000000 -4.872740 10.150794
0.000000 -4.845824 9.454968
0.000000 -4.872103 10.150264
0.000000 -4.522722 9.279136
0.000000 -4.871727 10.145968
0.000000 -4.873360 10.147503
0.000000 -4.873536 10.139411
0.000000 -4.872802 10.149499
0.000000 -4.892411 9.819009
0.000000 -4.872691 10.150486
0.000000 -4.868677 10.137346
0.000000 -4.878553 10.099565
0.000000 -4.873482 10.037569
0.000000 -5.306051 9.660158
0.000000 -6.013496 5.950832
0.000000 -4.017998 9.307202
0.000000 -5.119308 7.270549
0.000000 -6.145601 3.257460
0.000000 -3.806469 4.619253
0.000000 -7.494008 8.258932
0.000000 -4.868550 10.141384
0.000000 -4.884035 9.129459
0.000000 -4.897125 10.089776
0.000000 -4.630724 6.348712
0.000000 -5.723969 6.445811
0.000000 -4.899003 9.880216
0.000000 -4.872685 10.150903
0.000000 -4.872684 10.150903
0.000000 -4.852621 9.298492
0.000000 -4.873053 10.148388
0.000000 -4.867378 10.132254
0.000000 -4.873289 10.149150
0.000000 -4.873191 10.150546
0.000000 -4.871845 10.147397
0.000000 -4.873177 10.150149
0.000000 -4.872728 10.150891
0.000000 -4.872778 10.150902
0.000000 -4.873005 10.150462
0.000000 -4.872694 10.150896
0.000000 -4.872700 10.150902
0.000000 -4.872647 10.150894
0.000000 -4.871400 10.149835
0.000000 -4.897840 9.537920
0.000000 -4.391107 4.903945
0.000000 -4.184276 4.661895
0.000000 -4.876978 9.950932
0.000000 -4.873584 10.150390
0.000000 -4.872744 10.150597
0.000000 -4.597032 6.848555
0.000000 -4.872230 10.148191
0.000000 -5.375545 6.467240
0.000000 -4.877657 9.882293
0.000000 -4.874153 10.084105
0.000000 -4.872785 10.149513
0.000000 -4.873248 10.150538
0.000000 -4.742107 8.375029
0.000000 -4.657006 7.659879
0.000000 -4.871676 10.120110
0.000000 -4.873132 10.147137
0.000000 -4.872481 10.150768
0.000000 -4.873906 10.135643
0.000000 -4.871528 10.150284
0.000000 -4.923998 8.561142
0.000000 -4.869620 10.057123
0.000000 -4.868812 10.137336
0.000000 -4.874726 10.114515
0.000000 -4.867677 10.044457
0.000000 -4.780823 7.314397
0.000000 -4.875637 10.142177
0.000000 -4.871742 10.131216
0.000000 -4.872706 10.150904
0.000000 -4.872705 10.150896
0.000000 -4.872927 10.149628
0.000000 -4.872582 10.150890
0.000000 -4.872613 10.150898
0.000000 -4.872720 10.150903
0.000000 -4.872773 10.150849
0.000000 -4.872745 10.150901
0.000000 -4.872686 10.150804
0.000000 -4.872881 10.150010
0.000000 -4.872784 10.138181
0.000000 -4.867220 10.150270
0.000000 -4.872976 10.146345
0.000000 -4.872645 10.150903
0.000000 -4.872737 10.150883
0.000000 -4.872607 10.148414
0.000000 -4.872815 10.150836
0.000000 -4.872626 10.150843
0.000000 1.432848 8.929409
0.000000 -4.859208 9.127346
0.000000 -4.873730 10.146490
0.000000 1.729581 0.439522
0.000000 -4.872662 10.148146
0.000000 -4.873909 10.147657
0.000000 -5.626278 6.446790
0.000000 -5.198785 8.493134
0.000000 -4.871538 10.149915
0.000000 -4.871388 10.145329
0.000000 -4.872315 10.149725
0.000000 -4.872960 10.150833
0.000000 -4.868921 10.130913
0.000000 -4.877644 10.105340
0.000000 -4.872796 10.146881
0.000000 -4.872662 10.099602
0.000000 -4.872374 10.150812
0.000000 -4.874043 10.097875
0.000000 -4.924639 8.852142
0.000000 -4.749406 8.314665
0.000000 -4.978724 6.566642
0.000000 -5.037801 7.690755
0.000000 -4.871955 10.150819
0.000000 -4.872719 10.150897
0.000000 -4.872699 10.150893
0.000000 -4.873032 10.150859
0.000000 -4.872707 10.150902
0.000000 -4.872625 10.150867
0.000000 -4.872696 10.150902
0.000000 -4.872535 10.150895
0.000000 -4.872710 10.150902
0.000000 -4.873034 10.148466
0.000000 -5.403331 8.131651
0.000000 -4.843180 8.966415
0.000000 -4.872285 9.656382
0.000000 -4.873328 10.083498
0.000000 -4.872805 10.150881
0.000000 -4.872821 10.150587
0.000000 -5.117686 3.063550
0.000000 -4.903398 9.733557
0.000000 -5.292412 7.165159
0.000000 -4.855111 10.058251
0.000000 -4.531621 8.590270
0.000000 -4.835199 9.825342
0.000000 -4.847324 8.328805
0.000000 -5.072191 5.198363
0.000000 -4.894566 9.714909
0.000000 -4.878034 10.134983
0.000000 -4.838171 9.068880
0.000000 -3.998125 3.642310
0.000000 -4.872702 10.061772
0.000000 -4.852030 9.736126
0.000000 -6.578192 10.017204
0.000000 -4.873943 10.130936
0.000000 -4.872506 10.149848
0.000000 -4.873527 10.140594
0.000000 -4.873042 10.150165
0.000000 -4.874224 10.135204
0.000000 -5.717540 7.050150
0.000000 -4.872673 10.150701
0.000000 -4.873042 10.032428
0.000000 -4.872435 10.150673
0.000000 -4.872764 10.150886
0.000000 -4.873037 10.149104
0.000000 -4.872626 10.150891
0.000000 -4.872520 10.150881
0.000000 -4.872779 10.150868
0.000000 -4.872701 10.150903
0.000000 -4.872687 10.150902
0.000000 -4.872707 10.150902
0.000000 -4.872684 10.150903
0.000000 -4.891106 9.518572
0.000000 -4.871809 10.146551
0.000000 -4.872926 10.149757
0.000000 -4.871846 10.098508
0.000000 -4.872520 10.150634
0.000000 -4.873585 10.147883
0.000000 -4.872907 10.150718
0.000000 -4.872716 10.150904
0.000000 -4.873142 10.150798
0.000000 -4.871898 10.148902
0.000000 -4.872430 10.134753
0.000000 -4.867018 10.076134
0.000000 -4.872350 9.852292
0.000000 -4.814882 9.757926
0.000000 -4.819316 10.027142
0.000000 -4.872711 10.149890
0.000000 -4.872679 10.150835
0.000000 -4.872792 10.150904
0.000000 -4.872681 10.150903
0.000000 -4.966221 4.253951
0.000000 -4.870610 8.468850
0.000000 -4.873428 7.728046
0.000000 -4.665252 5.805266
0.000000 -4.406505 6.132518
0.000000 -4.784128 9.023256
0.000000 -4.875408 9.896478
0.000000 -4.626694 8.257863
0.000000 -4.843062 8.136058
0.000000 -2.329334 6.557036
0.000000 -4.864794 9.854194
0.000000 -4.884157 7.998677
0.000000 -2.858150 9.898198
0.000000 -4.874939 6.824687
0.000000 -4.872811 10.147210
0.000000 -4.830514 9.589962
0.000000 -4.871480 10.150214
0.000000 -4.873216 10.149475
0.000000 -4.879589 9.510551
0.000000 -4.888628 10.046199
0.000000 -4.872654 10.150903
0.000000 -4.872646 10.150903
0.000000 -4.869899 10.146245
0.000000 -4.874999 9.966842
0.000000 -4.872848 10.150368
0.000000 -4.873160 10.150729
0.000000 -4.874152 10.106196
0.000000 -4.872858 10.150754
0.000000 -4.862808 10.138098
0.000000 -4.872575 10.150896
0.000000 -4.872643 10.145911
0.000000 -4.873752 10.147659
0.000000 -4.872794 10.150862
0.000000 -4.872936 10.150540
0.000000 -4.872605 10.150881
0.000000 -4.872676 10.150858
0.000000 -4.302340 6.474845
0.000000 -4.873418 9.999381
0.000000 -4.891601 9.797744
0.000000 -4.870589 9.991614
0.000000 -4.867359 10.131874
0.000000 -4.873204 10.150012
