# time,flux,err
-9.884941999999999496e+01,5.798015999999999615e+00,4.040216999999999836e-01
-9.358383999999999503e+01,5.412177999999999933e+00,3.844962000000000102e-01
-8.831825000000000614e+01,5.125026000000000082e+00,3.843504999999999838e-01
-8.305266000000000304e+01,5.033438000000000301e+00,3.832112999999999770e-01
-7.778708000000000311e+01,5.224103999999999637e+00,3.835088999999999859e-01
-7.252149000000000001e+01,5.725747000000000142e+00,3.845560000000000089e-01
-6.725589999999999691e+01,6.217774999999999608e+00,3.837529000000000079e-01
-6.199031999999999698e+01,6.431867999999999697e+00,3.843072000000000155e-01
-5.672473000000000098e+01,6.338655000000000150e+00,3.849423000000000150e-01
-5.145913999999999788e+01,6.266097000000000250e+00,3.837802000000000158e-01
-4.619355999999999796e+01,6.510735999999999635e+00,3.844750000000000112e-01
-4.092797000000000196e+01,6.826843000000000217e+00,3.851680000000000104e-01
-3.566237999999999886e+01,7.130410999999999611e+00,3.842808999999999808e-01
-3.039679999999999893e+01,7.382704000000000377e+00,3.851781000000000232e-01
-2.513120999999999938e+01,7.735178999999999583e+00,3.857451000000000074e-01
-1.986561999999999983e+01,7.988691000000000209e+00,3.849184999999999968e-01
-1.460003999999999991e+01,7.821400999999999826e+00,3.855518000000000001e-01
-9.334448999999999330e+00,7.532028999999999641e+00,3.819446000000000230e-01
-4.068863000000000341e+00,7.164111000000000118e+00,3.388432000000000111e-01
1.196723999999999899e+00,6.749741000000000213e+00,2.235955000000000026e-01
6.462310999999999694e+00,6.482968999999999760e+00,2.471581999999999946e-01
1.172789999999999999e+01,5.903039999999999843e+00,3.003640000000000199e-01
1.699348000000000170e+01,5.816741000000000383e+00,2.062016999999999878e-01
2.225907000000000124e+01,5.996860999999999997e+00,2.557601999999999931e-01
2.752466000000000079e+01,5.664983999999999575e+00,2.987732000000000165e-01
3.279023999999999717e+01,5.743290000000000006e+00,1.872909000000000102e-01
3.805583000000000027e+01,5.725522999999999918e+00,2.630196000000000200e-01
4.332142000000000337e+01,6.113058999999999799e+00,2.967484000000000233e-01
4.858700999999999937e+01,6.344890999999999615e+00,1.666414999999999980e-01
5.385258999999999929e+01,6.314735999999999905e+00,2.712022000000000044e-01
5.911818000000000239e+01,5.832948000000000022e+00,2.937685999999999908e-01
6.438376999999999839e+01,5.394238999999999784e+00,1.369188000000000072e-01
6.964934999999999832e+01,5.390833999999999904e+00,2.773511000000000171e-01
7.491494000000000142e+01,5.382323000000000413e+00,2.898311000000000082e-01
8.018053000000000452e+01,5.497879000000000183e+00,1.004613000000000034e-01
8.544611000000000445e+01,5.184673000000000087e+00,3.062097999999999764e-01
9.071169999999999334e+01,5.313379000000000296e+00,3.083211000000000146e-01
9.597728999999999644e+01,5.872201999999999700e+00,8.373867999999999590e-02
1.012429000000000059e+02,6.030357999999999663e+00,3.129824999999999968e-01
1.065084999999999980e+02,6.166250999999999927e+00,3.029665000000000274e-01
1.117740000000000009e+02,6.282968999999999582e+00,1.345098000000000127e-01
1.170395999999999930e+02,5.970703999999999567e+00,3.176007000000000136e-01
1.223051999999999992e+02,6.076953999999999745e+00,2.951597000000000248e-01
1.275708000000000055e+02,6.778960999999999792e+00,1.685087999999999864e-01
1.328363999999999976e+02,7.286520000000000330e+00,3.228903000000000190e-01
1.381020000000000039e+02,7.436537000000000397e+00,2.888000000000000012e-01
1.433676000000000101e+02,7.050474999999999604e+00,1.945493000000000083e-01
1.486331999999999880e+02,7.196540999999999855e+00,3.255962000000000023e-01
1.538986999999999910e+02,7.708675000000000388e+00,2.790424000000000238e-01
1.591642999999999972e+02,8.757175000000000153e+00,2.207275999999999960e-01
1.644299000000000035e+02,9.348725999999999203e+00,3.299251999999999740e-01
1.696955000000000098e+02,9.763382000000000005e+00,2.719210000000000238e-01
1.749610999999999876e+02,9.995039000000000229e+00,2.417038999999999993e-01
1.802266999999999939e+02,1.010617000000000054e+01,4.644898000000000082e-01
1.854923000000000002e+02,1.018454000000000015e+01,6.680291000000000423e-01
1.907578000000000031e+02,1.026299000000000028e+01,8.009197999999999595e-01
1.960234000000000094e+02,1.034151999999999916e+01,8.952101000000000086e-01
2.012889999999999873e+02,1.042013000000000034e+01,9.623232000000000452e-01
2.065545999999999935e+02,1.049884999999999913e+01,1.007710000000000106e+00
2.118201999999999998e+02,1.057765999999999984e+01,1.034240999999999966e+00
2.170858000000000061e+02,1.065658999999999956e+01,1.043357000000000090e+00
2.223514000000000124e+02,1.073563000000000045e+01,1.035519000000000078e+00
2.276169999999999902e+02,1.081479000000000035e+01,1.010332999999999926e+00
2.328824999999999932e+02,1.089408000000000065e+01,9.664388999999999896e-01
2.381480999999999995e+02,1.097349999999999959e+01,9.016872999999999694e-01
2.434137000000000057e+02,1.105306999999999995e+01,8.169362000000000013e-01
2.486793000000000120e+02,1.113279999999999959e+01,7.212123999999999757e-01
2.539448999999999899e+02,1.121354999999999968e+01,5.879659999999999886e-01
2.592105000000000246e+02,1.132306999999999952e+01,4.345207999999999848e-01
2.644760999999999740e+02,1.156583000000000006e+01,3.934324000000000154e-01
2.697416000000000054e+02,1.200230999999999959e+01,3.892742000000000147e-01
2.750072000000000116e+02,1.259163999999999994e+01,3.894268000000000174e-01
2.802728000000000179e+02,1.303470000000000084e+01,3.908723000000000058e-01
2.855384000000000242e+02,1.334853000000000023e+01,3.905138000000000220e-01
2.908039999999999736e+02,1.344636999999999993e+01,3.906840999999999786e-01
2.960695999999999799e+02,1.291416000000000075e+01,3.911004000000000147e-01
3.013351999999999862e+02,1.256119999999999948e+01,3.896859999999999769e-01
3.066007999999999925e+02,1.273442000000000007e+01,3.898462999999999790e-01
3.118663000000000238e+02,1.258319999999999972e+01,3.905529999999999835e-01
3.171318999999999733e+02,1.239564999999999984e+01,3.893269999999999786e-01
3.223974999999999795e+02,1.235845999999999911e+01,3.894298999999999955e-01
3.276630999999999858e+02,1.207382999999999917e+01,3.898669000000000162e-01
3.329286999999999921e+02,1.189813000000000009e+01,3.886437999999999837e-01
3.381942999999999984e+02,1.210411999999999999e+01,3.893460000000000254e-01
3.434599000000000046e+02,1.209815000000000040e+01,3.899707000000000034e-01
3.487255000000000109e+02,1.199783000000000044e+01,3.874736999999999765e-01
3.539909999999999854e+02,1.195762000000000036e+01,3.712790000000000257e-01
3.592565999999999917e+02,1.183421000000000056e+01,2.223511999999999988e-01
3.645221999999999980e+02,1.103402999999999956e+01,3.049000000000000044e-01
3.697878000000000043e+02,1.041050000000000075e+01,2.540984000000000020e-01
3.750534000000000106e+02,1.027224000000000004e+01,2.317688999999999999e-01
3.803190000000000168e+02,1.043032999999999966e+01,3.048471999999999849e-01
3.855846000000000231e+02,1.049540999999999968e+01,2.433302999999999994e-01
3.908500999999999976e+02,1.056184999999999974e+01,2.450417000000000012e-01
3.961157000000000039e+02,9.931276999999999688e+00,3.045370000000000021e-01
4.013813000000000102e+02,9.236183000000000476e+00,2.279320999999999986e-01
4.066469000000000165e+02,9.267521000000000342e+00,2.526580999999999966e-01
4.119125000000000227e+02,9.473475000000000534e+00,3.032555000000000112e-01
4.171780999999999722e+02,9.763068999999999775e+00,2.137159999999999893e-01
4.224436999999999784e+02,1.069758000000000031e+01,2.639524999999999788e-01
4.277092999999999847e+02,1.098781999999999925e+01,3.035186000000000273e-01
4.329748000000000161e+02,1.087238999999999933e+01,2.004529999999999923e-01
4.382404000000000224e+02,1.117523000000000089e+01,2.728336000000000094e-01
4.435059999999999718e+02,1.147198000000000029e+01,3.294615000000000182e-01
4.487715999999999781e+02,1.173171999999999926e+01,1.954396999999999940e-01
4.540371999999999844e+02,1.164916000000000018e+01,3.025477999999999779e-01
4.593027999999999906e+02,1.114212999999999987e+01,3.257885999999999838e-01
4.645683999999999969e+02,1.039447999999999972e+01,1.628392999999999924e-01
4.698339000000000283e+02,1.055310000000000059e+01,3.077280000000000015e-01
4.750994999999999777e+02,1.042106000000000066e+01,3.201608000000000231e-01
4.803650999999999840e+02,1.006010000000000026e+01,1.261156999999999972e-01
4.856306999999999903e+02,1.031231999999999971e+01,3.138137999999999761e-01
4.908962999999999965e+02,1.084249999999999936e+01,3.155242999999999798e-01
4.961619000000000028e+02,1.164662000000000042e+01,1.317770000000000052e-01
5.014275000000000091e+02,1.165991000000000000e+01,3.217728999999999728e-01
5.066931000000000154e+02,1.151599000000000039e+01,3.112986999999999838e-01
5.119585999999999899e+02,1.120537999999999990e+01,1.616473999999999966e-01
5.172241999999999962e+02,1.128589000000000020e+01,3.251018999999999992e-01
5.224897999999999456e+02,1.119340000000000046e+01,3.031577999999999773e-01
5.277554000000000087e+02,1.083339999999999925e+01,1.865471999999999964e-01
5.330209999999999582e+02,1.059787999999999997e+01,3.273118999999999890e-01
5.382866000000000213e+02,1.044219000000000008e+01,3.367009999999999725e-01
5.435521999999999707e+02,1.039344999999999963e+01,5.983526000000000122e-01
5.488176999999999452e+02,1.034479999999999933e+01,7.532265999999999684e-01
5.540833000000000084e+02,1.029622999999999955e+01,8.610248999999999819e-01
5.593488999999999578e+02,1.024775999999999954e+01,9.381285999999999792e-01
5.646145000000000209e+02,1.019937000000000005e+01,9.917304999999999593e-01
5.698800999999999704e+02,1.015104999999999968e+01,1.025527999999999995e+00
5.751457000000000335e+02,1.010280999999999985e+01,1.041455000000000020e+00
5.804112999999999829e+02,1.005462999999999951e+01,1.040332999999999952e+00
5.856769000000000460e+02,1.000652999999999970e+01,1.022107000000000099e+00
5.909424000000000206e+02,9.958479999999999777e+00,9.858259999999999801e-01
5.962079999999999700e+02,9.910491999999999635e+00,9.293742000000000392e-01
6.014736000000000331e+02,9.862557000000000684e+00,8.510094000000000269e-01
6.067391999999999825e+02,9.814662999999999471e+00,7.622735000000000483e-01
6.120048000000000457e+02,9.766249000000000180e+00,6.454395000000000548e-01
6.172703999999999951e+02,9.698781000000000319e+00,4.856405999999999779e-01
6.225359999999999445e+02,9.379652000000000100e+00,3.987290000000000001e-01
6.278016000000000076e+02,8.944304000000000698e+00,3.861798000000000175e-01
6.330670999999999822e+02,8.847889999999999588e+00,3.866363999999999912e-01
6.383327000000000453e+02,8.807335000000000136e+00,3.861651999999999862e-01
6.435982999999999947e+02,8.717361999999999611e+00,3.854542000000000246e-01
6.488638999999999442e+02,8.551531999999999911e+00,3.864458000000000060e-01
6.541295000000000073e+02,8.744569999999999510e+00,3.860434999999999839e-01
6.593950999999999567e+02,9.329143000000000185e+00,3.861357000000000261e-01
6.646607000000000198e+02,9.875223000000000084e+00,3.876537999999999928e-01
6.699261999999999944e+02,1.031273999999999980e+01,3.872849999999999904e-01
6.751917999999999438e+02,1.062387000000000015e+01,3.872708999999999735e-01
6.804574000000000069e+02,1.081217000000000006e+01,3.884993999999999947e-01
6.857229999999999563e+02,1.069051999999999936e+01,3.876307999999999976e-01
6.909886000000000195e+02,1.037383999999999951e+01,3.872132999999999825e-01
6.962541999999999689e+02,1.096254000000000062e+01,3.886799000000000226e-01
7.015198000000000320e+02,1.154989999999999917e+01,3.884601999999999777e-01
7.067853999999999814e+02,1.167900000000000027e+01,3.883947999999999845e-01
7.120508999999999560e+02,1.201961000000000013e+01,3.832573000000000230e-01
7.173165000000000191e+02,1.236640000000000050e+01,3.207428999999999975e-01
7.225820999999999685e+02,1.251540999999999926e+01,2.822935999999999779e-01
7.278477000000000317e+02,1.259191000000000038e+01,1.897686000000000095e-01
7.331132999999999811e+02,1.268534000000000006e+01,3.036487999999999965e-01
7.383789000000000442e+02,1.258188999999999957e+01,2.755675000000000208e-01
7.436444999999999936e+02,1.206509999999999927e+01,2.076252000000000097e-01
7.489099999999999682e+02,1.240277999999999992e+01,3.053808000000000078e-01
7.541756000000000313e+02,1.277402999999999977e+01,2.674181999999999948e-01
7.594411999999999807e+02,1.280634000000000050e+01,2.254500000000000115e-01
7.647068000000000438e+02,1.280371000000000059e+01,3.070629000000000275e-01
7.699723999999999933e+02,1.253766000000000069e+01,2.583482999999999752e-01
7.752380000000000564e+02,1.281301000000000023e+01,2.395452999999999888e-01
7.805036000000000058e+02,1.278237000000000023e+01,3.081277000000000044e-01
7.857691999999999553e+02,1.312548999999999921e+01,2.493155999999999983e-01
7.910347000000000435e+02,1.317524000000000051e+01,2.522732999999999781e-01
7.963002999999999929e+02,1.356729999999999947e+01,3.098269000000000162e-01
8.015659000000000560e+02,1.386673000000000044e+01,2.565126999999999824e-01
8.068315000000000055e+02,1.388307000000000002e+01,2.806969000000000269e-01
8.120970999999999549e+02,1.379277000000000086e+01,3.373399999999999732e-01
8.173627000000000180e+02,1.373404000000000025e+01,2.406498999999999999e-01
8.226282999999999674e+02,1.402349000000000068e+01,2.921790000000000220e-01
8.278938000000000557e+02,1.397381000000000029e+01,3.364897000000000027e-01
8.331594000000000051e+02,1.368565000000000076e+01,2.240164000000000044e-01
8.384249999999999545e+02,1.300287999999999933e+01,2.977017000000000135e-01
8.436906000000000176e+02,1.204556999999999967e+01,3.304006999999999916e-01
8.489561999999999671e+02,1.101800000000000068e+01,1.902120999999999951e-01
8.542218000000000302e+02,1.085535999999999923e+01,3.014877000000000251e-01
8.594873999999999796e+02,1.068139000000000038e+01,3.245902999999999983e-01
8.647530000000000427e+02,1.055245999999999995e+01,1.610768999999999951e-01
8.700185000000000173e+02,1.124390000000000001e+01,3.098983000000000154e-01
8.752840999999999667e+02,1.134294000000000047e+01,3.216082000000000107e-01
8.805497000000000298e+02,1.094669999999999987e+01,1.307598000000000094e-01
8.858152999999999793e+02,1.090840000000000032e+01,3.155728999999999895e-01
8.910809000000000424e+02,1.091272000000000020e+01,3.157709000000000210e-01
8.963464999999999918e+02,1.095953000000000088e+01,1.290900000000000103e-01
9.016121000000000549e+02,1.107905000000000051e+01,5.148498000000000241e-01
9.068776000000000295e+02,1.120013999999999932e+01,6.989562999999999748e-01
9.121431999999999789e+02,1.132140000000000057e+01,8.226542000000000021e-01
9.174088000000000420e+02,1.144281999999999933e+01,9.109066999999999581e-01
9.226743999999999915e+02,1.156442999999999977e+01,9.734112999999999793e-01
9.279400000000000546e+02,1.168622000000000050e+01,1.014942999999999929e+00
9.332056000000000040e+02,1.180821000000000076e+01,1.038024999999999975e+00
9.384711999999999534e+02,1.193041999999999980e+01,1.043887000000000009e+00
9.437368000000000166e+02,1.205283999999999978e+01,1.032820000000000071e+00
9.490022999999999911e+02,1.217548999999999992e+01,1.004264999999999963e+00
9.542679000000000542e+02,1.229838999999999949e+01,9.566542000000000101e-01
9.595335000000000036e+02,1.242153000000000063e+01,8.878371999999999931e-01
9.647990999999999531e+02,1.254493000000000080e+01,8.020650999999999753e-01
9.700647000000000162e+02,1.266848000000000063e+01,7.005730999999999487e-01
9.753302999999999656e+02,1.278800000000000026e+01,5.593204000000000509e-01
9.805959000000000287e+02,1.278232000000000035e+01,4.218780999999999781e-01
9.858614999999999782e+02,1.248485999999999940e+01,3.924208000000000141e-01
9.911269999999999527e+02,1.242050000000000054e+01,3.900524000000000213e-01
9.963926000000000158e+02,1.252602000000000082e+01,3.892229999999999857e-01
1.001658000000000015e+03,1.252838999999999992e+01,3.900800999999999852e-01
1.006923999999999978e+03,1.216928000000000054e+01,3.896445000000000047e-01
1.012188999999999965e+03,1.167169999999999952e+01,3.882534000000000263e-01
1.017455000000000041e+03,1.157005999999999979e+01,3.891008000000000244e-01
1.022721000000000004e+03,1.151384999999999970e+01,3.888417000000000123e-01
1.027986000000000104e+03,1.148789000000000016e+01,3.881218000000000168e-01
1.033251999999999953e+03,1.168722999999999956e+01,3.893348999999999838e-01
1.038517000000000053e+03,1.174108000000000018e+01,3.889928999999999748e-01
1.043782999999999902e+03,1.164647000000000077e+01,3.882895000000000096e-01
1.049048000000000002e+03,1.171683999999999948e+01,3.894050000000000011e-01
1.054314000000000078e+03,1.178913999999999973e+01,3.889579000000000231e-01
1.059579999999999927e+03,1.173282000000000025e+01,3.885078000000000142e-01
1.064845000000000027e+03,1.133577000000000012e+01,3.891277000000000208e-01
1.070111000000000104e+03,1.139601000000000042e+01,3.861499999999999932e-01
1.075375999999999976e+03,1.188092999999999932e+01,3.601719999999999922e-01
1.080642000000000053e+03,1.118872999999999962e+01,1.260969999999999869e-01
1.085907999999999902e+03,1.169865000000000066e+01,2.917746999999999979e-01
1.091173000000000002e+03,1.211172999999999966e+01,2.919171999999999878e-01
1.096439000000000078e+03,1.250378000000000078e+01,1.371688000000000074e-01
1.101703999999999951e+03,1.209186000000000050e+01,2.965959000000000234e-01
1.106970000000000027e+03,1.188231000000000037e+01,2.866231000000000195e-01
1.112236000000000104e+03,1.200200000000000067e+01,1.656384999999999941e-01
1.117500999999999976e+03,1.169270000000000032e+01,2.996410999999999936e-01
1.122767000000000053e+03,1.194336000000000020e+01,2.801055000000000073e-01
1.128031999999999925e+03,1.220513000000000048e+01,1.902966000000000102e-01
1.133298000000000002e+03,1.250583999999999918e+01,3.035631999999999775e-01
1.138563000000000102e+03,1.267623000000000033e+01,2.749006999999999978e-01
1.143828999999999951e+03,1.326622000000000057e+01,2.139115000000000044e-01
1.149095000000000027e+03,1.324019000000000013e+01,3.067969999999999864e-01
1.154359999999999900e+03,1.308076999999999934e+01,2.683375000000000066e-01
1.159625999999999976e+03,1.274874999999999936e+01,2.287890999999999952e-01
1.164891000000000076e+03,1.268120000000000047e+01,3.352122000000000157e-01
1.170156999999999925e+03,1.275125000000000064e+01,2.769452000000000025e-01
1.175423000000000002e+03,1.301950000000000074e+01,2.535468000000000166e-01
1.180688000000000102e+03,1.362501999999999924e+01,3.379622999999999933e-01
1.185953999999999951e+03,1.405767999999999951e+01,2.702017999999999920e-01
1.191219000000000051e+03,1.371921000000000035e+01,2.697410000000000085e-01
1.196484999999999900e+03,1.347613999999999912e+01,3.376653000000000016e-01
1.201750999999999976e+03,1.321413000000000082e+01,2.532646000000000064e-01
1.207016000000000076e+03,1.276303000000000054e+01,2.782727999999999868e-01
1.212281999999999925e+03,1.219386000000000081e+01,3.345632000000000050e-01
1.217547000000000025e+03,1.167009000000000007e+01,2.320367999999999875e-01
1.222813000000000102e+03,1.159010999999999925e+01,2.861338999999999966e-01
1.228077999999999975e+03,1.142022000000000048e+01,3.316265999999999936e-01
1.233344000000000051e+03,1.121064999999999934e+01,2.118778000000000050e-01
1.238609999999999900e+03,1.104434999999999967e+01,2.940755999999999926e-01
1.243875000000000000e+03,1.094914999999999949e+01,3.281381999999999910e-01
1.249141000000000076e+03,1.090474999999999994e+01,1.882964000000000027e-01
1.254405999999999949e+03,1.092337000000000025e+01,3.025283999999999751e-01
1.259672000000000025e+03,1.097414000000000023e+01,4.062283999999999895e-01
1.264938000000000102e+03,1.104842000000000013e+01,6.345712999999999493e-01
1.270202999999999975e+03,1.112284999999999968e+01,7.778553999999999746e-01
1.275469000000000051e+03,1.119743000000000066e+01,8.787369000000000430e-01
1.280733999999999924e+03,1.127216999999999913e+01,9.508191999999999755e-01
1.286000000000000000e+03,1.134708000000000006e+01,1.000355000000000105e+00
1.291265000000000100e+03,1.142215000000000025e+01,1.030604000000000076e+00
1.296530999999999949e+03,1.149741000000000035e+01,1.043250999999999928e+00
1.301797000000000025e+03,1.157285000000000075e+01,1.038937999999999917e+00
1.307061999999999898e+03,1.164847999999999928e+01,1.017451000000000105e+00
1.312327999999999975e+03,1.172430999999999912e+01,9.776536999999999589e-01
1.317593000000000075e+03,1.180034000000000027e+01,9.172169000000000016e-01
1.322858999999999924e+03,1.187658000000000058e+01,8.341425000000000090e-01
1.328125000000000000e+03,1.195303999999999967e+01,7.443598000000000159e-01
1.333390000000000100e+03,1.202988000000000035e+01,6.203119000000000272e-01
1.338655999999999949e+03,1.211279000000000039e+01,4.565142999999999840e-01
1.343921000000000049e+03,1.224230999999999980e+01,3.972826999999999886e-01
1.349186999999999898e+03,1.239920000000000044e+01,3.892326999999999870e-01
1.354452999999999975e+03,1.257488000000000028e+01,3.897384999999999877e-01
1.359718000000000075e+03,1.284788999999999959e+01,3.904275999999999858e-01
1.364983999999999924e+03,1.316831999999999958e+01,3.897773999999999961e-01
1.370249000000000024e+03,1.345402999999999949e+01,3.908921000000000201e-01
1.375515000000000100e+03,1.352846000000000082e+01,3.913549000000000055e-01
1.380779999999999973e+03,1.353744999999999976e+01,3.904216999999999826e-01
1.386046000000000049e+03,1.367643999999999949e+01,3.912462999999999913e-01
1.391311999999999898e+03,1.344272999999999918e+01,3.911085000000000256e-01
1.396576999999999998e+03,1.303534999999999933e+01,3.897957000000000227e-01
1.401843000000000075e+03,1.289941999999999922e+01,3.905109999999999970e-01
1.407107999999999947e+03,1.246354000000000006e+01,3.899695000000000245e-01
1.412374000000000024e+03,1.190143999999999913e+01,3.884472999999999954e-01
1.417640000000000100e+03,1.182353999999999949e+01,3.893615000000000270e-01
1.422904999999999973e+03,1.184033999999999942e+01,3.891541000000000028e-01
1.428171000000000049e+03,1.168055000000000021e+01,3.875969000000000220e-01
1.433435999999999922e+03,1.092695999999999934e+01,3.778829000000000216e-01
1.438701999999999998e+03,1.020350000000000001e+01,2.805077000000000265e-01
1.443968000000000075e+03,9.796668999999999627e+00,3.000476999999999728e-01
1.449232999999999947e+03,9.759346000000000743e+00,1.730775999999999981e-01
1.454499000000000024e+03,1.007006999999999941e+01,2.782281999999999811e-01
1.459763999999999896e+03,9.950288000000000466e+00,2.970568000000000097e-01
1.465029999999999973e+03,9.845352000000000103e+00,1.473790000000000100e-01
1.470295000000000073e+03,1.015127000000000024e+01,2.847387000000000112e-01
1.475560999999999922e+03,1.051313999999999993e+01,2.938105999999999773e-01
1.480826999999999998e+03,1.065903999999999918e+01,1.187182999999999988e-01
1.486092000000000098e+03,9.733774000000000370e+00,2.888759000000000188e-01
1.491357999999999947e+03,9.428777000000000186e+00,2.877443000000000084e-01
1.496623000000000047e+03,1.000810000000000066e+01,1.228690999999999950e-01
1.501888999999999896e+03,1.000103000000000009e+01,2.940147000000000177e-01
1.507154999999999973e+03,1.002402999999999977e+01,2.831560000000000188e-01
1.512420000000000073e+03,9.919067000000000078e+00,1.562867000000000006e-01
1.517685999999999922e+03,9.547850999999999644e+00,2.978129999999999944e-01
1.522951000000000022e+03,9.313152000000000541e+00,2.981172000000000266e-01
1.528217000000000098e+03,8.998134999999999550e+00,1.835038999999999976e-01
1.533481999999999971e+03,8.911932000000000187e+00,3.255535999999999985e-01
1.538748000000000047e+03,8.924868000000000023e+00,2.885601999999999889e-01
1.544013999999999896e+03,9.058395000000000863e+00,2.063939999999999941e-01
1.549278999999999996e+03,8.768026000000000764e+00,3.278076999999999797e-01
1.554545000000000073e+03,8.338364999999999583e+00,2.777847999999999984e-01
1.559809999999999945e+03,7.774366999999999805e+00,2.227409999999999946e-01
1.565076000000000022e+03,7.881738999999999606e+00,3.284275999999999862e-01
1.570342000000000098e+03,7.968073000000000405e+00,2.650373999999999786e-01
1.575606999999999971e+03,7.643372000000000277e+00,2.391639999999999877e-01
1.580873000000000047e+03,7.512513000000000218e+00,3.287821000000000216e-01
1.586137999999999920e+03,7.651203999999999894e+00,2.509572999999999943e-01
1.591403999999999996e+03,8.411796999999999969e+00,2.561488000000000098e-01
1.596670000000000073e+03,8.638605000000000089e+00,3.299678999999999807e-01
1.601934999999999945e+03,8.714007000000000502e+00,2.382589999999999986e-01
1.607201000000000022e+03,8.936899999999999622e+00,2.698729000000000267e-01
1.612465999999999894e+03,8.967416999999999305e+00,3.294896999999999965e-01
1.617731999999999971e+03,8.921787000000000134e+00,2.358539000000000052e-01
1.622997000000000071e+03,8.914288000000000878e+00,5.549134000000000011e-01
1.628262999999999920e+03,8.906760000000000232e+00,7.244696999999999942e-01
1.633528999999999996e+03,8.899203999999999226e+00,8.404956000000000094e-01
1.638794000000000096e+03,8.891617999999999356e+00,9.234058000000000543e-01
1.644059999999999945e+03,8.884002999999999872e+00,9.816356000000000526e-01
1.649325000000000045e+03,8.876357000000000497e+00,1.019428999999999919e+00
1.654590999999999894e+03,8.868679000000000201e+00,1.039021999999999890e+00
1.659856999999999971e+03,8.860970000000000013e+00,1.041444999999999954e+00
1.665122000000000071e+03,8.853229000000000681e+00,1.026820000000000066e+00
1.670387999999999920e+03,8.845454000000000150e+00,9.943929000000000240e-01
1.675653000000000020e+03,8.837645999999999447e+00,9.423240000000000505e-01
1.680919000000000096e+03,8.829803000000000068e+00,8.688394999999999868e-01
1.686183999999999969e+03,8.821925999999999490e+00,7.813780000000000170e-01
1.691450000000000045e+03,8.814044000000000878e+00,6.721449999999999925e-01
1.696715999999999894e+03,8.807190999999999548e+00,5.203554000000000235e-01
1.701980999999999995e+03,8.824161999999999395e+00,4.053764000000000256e-01
1.707247000000000071e+03,8.865296999999999983e+00,3.868341000000000141e-01
1.712511999999999944e+03,8.840372999999999593e+00,3.866873000000000116e-01
1.717778000000000020e+03,8.942562000000000566e+00,3.857565000000000022e-01
1.723044000000000096e+03,9.235585999999999629e+00,3.863542999999999839e-01
1.728308999999999969e+03,9.046694000000000457e+00,3.869928999999999730e-01
1.733575000000000045e+03,8.789901999999999660e+00,3.856215000000000059e-01
1.738839999999999918e+03,8.831329999999999458e+00,3.859875999999999863e-01
1.744105999999999995e+03,8.836999999999999744e+00,3.866575999999999902e-01
1.749372000000000071e+03,8.827047000000000310e+00,3.856712999999999947e-01
1.754636999999999944e+03,8.844613999999999976e+00,3.862307999999999852e-01
1.759903000000000020e+03,8.692042999999999964e+00,3.865080000000000182e-01
1.765167999999999893e+03,8.435841999999999175e+00,3.852100999999999997e-01
1.770433999999999969e+03,8.190367999999999427e+00,3.857760000000000078e-01
1.775699000000000069e+03,8.164604999999999890e+00,3.860625999999999780e-01
1.780964999999999918e+03,8.134237999999999857e+00,3.850874000000000241e-01
1.786230999999999995e+03,7.755567000000000100e+00,3.855036000000000018e-01
1.791496000000000095e+03,7.584311999999999721e+00,3.819755000000000233e-01
1.796761999999999944e+03,7.587429000000000201e+00,3.405485999999999791e-01
1.802027000000000044e+03,7.541669999999999874e+00,2.201442000000000121e-01
1.807292999999999893e+03,7.688600000000000101e+00,2.523568999999999951e-01
1.812558999999999969e+03,8.248644999999999783e+00,3.017042999999999808e-01
1.817824000000000069e+03,8.665238999999999692e+00,2.070796000000000026e-01
1.823089999999999918e+03,9.233142000000000849e+00,2.634979000000000071e-01
1.828355000000000018e+03,9.209153000000000588e+00,3.014313000000000131e-01
1.833621000000000095e+03,9.234054999999999680e+00,1.907109999999999916e-01
1.838886999999999944e+03,9.126388000000000389e+00,2.702349000000000001e-01
1.844152000000000044e+03,9.011981000000000464e+00,2.988065999999999778e-01
1.849417999999999893e+03,8.549146000000000356e+00,1.671876999999999946e-01
1.854682999999999993e+03,8.264839999999999520e+00,2.760398000000000018e-01
1.859949000000000069e+03,8.417773999999999646e+00,2.948804999999999898e-01
1.865213999999999942e+03,8.969884000000000412e+00,1.408924000000000010e-01
1.870480000000000018e+03,8.915720999999999563e+00,2.829491000000000089e-01
1.875746000000000095e+03,8.644688000000000372e+00,2.914467000000000030e-01
1.881010999999999967e+03,8.261112000000000677e+00,1.004927999999999932e-01
1.886277000000000044e+03,8.425731000000000748e+00,3.123465999999999743e-01
1.891541999999999916e+03,8.355631000000000697e+00,3.103211000000000164e-01
1.896807999999999993e+03,8.051341000000000747e+00,1.146307000000000020e-01
1.902074000000000069e+03,8.142962000000000700e+00,3.172736999999999918e-01
1.907338999999999942e+03,8.187924000000000646e+00,3.035938000000000248e-01
1.912605000000000018e+03,8.163527000000000200e+00,1.545009999999999994e-01
1.917869999999999891e+03,8.063542999999999239e+00,3.214546999999999821e-01
1.923135999999999967e+03,7.949640999999999735e+00,2.954300000000000259e-01
1.928401000000000067e+03,7.823675999999999853e+00,1.813583000000000001e-01
1.933666999999999916e+03,8.104241999999999280e+00,3.247044000000000041e-01
1.938932999999999993e+03,8.158395000000000508e+00,2.865287999999999724e-01
1.944198000000000093e+03,7.750232999999999706e+00,2.041253000000000095e-01
1.949463999999999942e+03,7.871917999999999971e+00,3.270442000000000071e-01
1.954729000000000042e+03,8.074389999999999290e+00,2.763066000000000133e-01
1.959994999999999891e+03,8.255808000000000035e+00,2.252955000000000096e-01
1.965260999999999967e+03,8.246109999999999829e+00,3.290231000000000128e-01
1.970526000000000067e+03,8.298441999999999652e+00,2.649954999999999949e-01
1.975791999999999916e+03,8.606975000000000264e+00,2.430406999999999984e-01
1.981057000000000016e+03,8.680080999999999491e+00,4.699338000000000126e-01
1.986323000000000093e+03,8.683913000000000437e+00,7.037029999999999674e-01
1.991588999999999942e+03,8.687697999999999254e+00,8.760116999999999488e-01
1.996854000000000042e+03,8.691437999999999775e+00,1.018553999999999959e+00
2.002119999999999891e+03,8.695131999999999195e+00,1.142533999999999939e+00
2.007384999999999991e+03,8.698781000000000319e+00,1.253479000000000010e+00
2.012651000000000067e+03,8.702386999999999873e+00,1.354603000000000002e+00
2.017915999999999940e+03,8.705947999999999354e+00,1.447970999999999897e+00
2.023182000000000016e+03,8.709467000000000070e+00,1.535004999999999953e+00
2.028448000000000093e+03,8.712942999999999216e+00,1.616732999999999976e+00
2.033712999999999965e+03,8.716378000000000625e+00,1.693929999999999936e+00
2.038979000000000042e+03,8.719770999999999717e+00,1.767193000000000014e+00
2.044243999999999915e+03,8.723124000000000322e+00,1.836999000000000049e+00
2.049510000000000218e+03,8.726435999999999638e+00,1.903731999999999980e+00
2.054775999999999840e+03,8.729708000000000467e+00,1.967708999999999930e+00
2.060041000000000167e+03,8.732941999999999538e+00,2.029195000000000082e+00
2.065306999999999789e+03,8.736136000000000124e+00,2.088414000000000215e+00
2.070572000000000116e+03,8.739292999999999978e+00,2.145557999999999854e+00
2.075838000000000193e+03,8.742411999999999850e+00,2.200791000000000164e+00
