9.834899310971046305e+01
1.008179523637677448e+02
9.834899310971046305e+01
9.914857626564780446e+01
9.929429312230709570e+01
9.835902521863651771e+01
9.896285437709968846e+01
9.834899310971046305e+01
1.009193322817579741e+02
9.506420667107524025e+01
9.598379193264112530e+01
9.835902521863651771e+01
9.895820323224673132e+01
9.523440599052594280e+01
9.775419419459487358e+01
9.835902521863651771e+01
1.006499165919992578e+02
9.710835146783513494e+01
9.929727129698906651e+01
9.708444240632640287e+01
9.929431477611781531e+01
1.017395758604452709e+02
9.834899310971046305e+01
9.598379193264112530e+01
9.896285437709968846e+01
9.835902521863651771e+01
9.896285437709968846e+01
9.834899310971046305e+01
9.896126346799700002e+01
9.923129878692697048e+01
9.523440599052594280e+01
9.820208716855982800e+01
9.835902521863651771e+01
9.884703669910906854e+01
9.834899310971046305e+01
9.708444240632640287e+01
9.835902521863651771e+01
9.900846320290898461e+01
1.037768966703971500e+02
9.764781757755866920e+01
9.896285437709968846e+01
9.896285437709968846e+01
1.014697780461634693e+02
9.710747749660480110e+01
9.808762535088210655e+01
9.917089785655898027e+01
9.832667392278416685e+01
9.671913733840260363e+01
9.834899310971046305e+01
9.598379193264112530e+01
9.915430039198624002e+01
9.897846755095409321e+01
9.506656621041446442e+01
1.022069358344863019e+02
9.929431477611781531e+01
9.708444240632640287e+01
1.008081581908354565e+02
9.896285437709968846e+01
9.834899310971046305e+01
9.708444240632640287e+01
9.652657346959837525e+01
9.924032921371708937e+01
9.523440599052594280e+01
1.041985573244770080e+02
9.895820323224673132e+01
9.870622162632514573e+01
1.002735294542766269e+02
9.523440599052594280e+01
1.002442018887926594e+02
9.835902521863651771e+01
9.659965213010642060e+01
9.597244024923664085e+01
9.835902521863651771e+01
9.896285437709968846e+01
9.599271884038563485e+01
9.896285437709968846e+01
9.929431477611781531e+01
9.895820323224673132e+01
9.652657346959837525e+01
9.835902521863651771e+01
9.896285437709968846e+01
9.719539954246413060e+01
9.652638305102645688e+01
9.850784011142363283e+01
9.896285437709968846e+01
9.523440599052594280e+01
9.835902521863651771e+01
1.008241879623208632e+02
9.834899310971046305e+01
1.023919228502630716e+02
9.834899310971046305e+01
9.835902521863651771e+01
1.007599870934053428e+02
1.017725453002722844e+02
9.835902521863651771e+01
9.915430039198624002e+01
9.523440599052594280e+01
9.652638305102645688e+01
9.834899310971046305e+01
9.710747749660480110e+01
9.834899310971046305e+01
9.885305984043550609e+01
9.896285437709968846e+01
1.008491954617372812e+02
1.021912940205571516e+02
1.002729278149048184e+02
9.940868693113070265e+01
1.047641127788693467e+02
9.835902521863651771e+01
