-197.698849,6.7071523895177645,1.1691330419708492
-195.97848193110949,6.681364356020826,1.1426331445294768
-194.258114862219,6.65536976925161,1.1150621676788197
-192.5377477933285,6.629166974789705,1.086331269571252
-190.81738072443798,6.602754304963678,1.0563381889669512
-189.0970136555475,6.576130078744207,1.0249641474664486
-187.376646586657,6.549292601638454,0.9920697584408203
-185.6562795177665,6.522240165576077,0.9574895216976484
-183.935912448876,6.494971048814641,0.9210242538560859
-182.21554537998549,6.467483515810654,0.8824304180035973
-180.495178311095,6.439775817130204,0.8414046374222994
-178.7748112422045,6.41184618931894,0.7975604274321412
-177.05444417331398,6.383692854806073,0.7503917397419202
-175.3340771044235,6.355314021770766,0.6992128134628733
-173.613710035533,6.326707884055118,0.6430522019140359
-171.89334296664248,6.297872621018122,0.5804492222349723
-170.172975897752,6.268806397452758,0.5090133145261552
-168.4526088288615,6.2395073634422875,0.42428302501091253
-166.73224175997098,6.20997365424939,0.3156988444351312
-165.0118746910805,6.180203390213492,0.13425022796628297
-163.29150762218998,6.068017949983092,0.22802033432729502
-161.57114055329947,5.930589454605693,0.2996159911979529
-159.850773484409,5.792906623030142,0.3029426283274154
-158.13040641551848,5.654960692459531,0.24084697383597325
-156.41003934662797,5.524062145181473,0.08860484051242634
-154.6896722777375,5.448326758107415,0.262330235340335
-152.96930520884698,5.372439098233366,0.30699881344969554
-151.2489381399565,5.29626157878759,0.28949547097324424
-149.52857107106598,5.219789351457704,0.19362996442456604
-147.8082040021755,5.202489567456446,0.1801996800499791
-146.087836933285,5.254209529301059,0.28549531154638935
-144.36746986439448,5.305632106873171,0.3076420170846341
-142.647102795504,5.356760572946893,0.2681107647722654
-140.9267357266135,5.407598181590339,0.11498301211522705
-139.20636865772298,5.584130721789638,0.2318970183124344
-137.4860015888325,5.790079348673489,0.3006245433381987
-135.76563451994198,5.99576469660918,0.3019751057417029
-134.04526745105147,6.201199856410227,0.23710330994050896
-132.324900382161,6.384467540875782,0.10721469082453355
-130.60453331327048,6.449550349691075,0.26667682432874196
-128.88416624437997,6.514411851478121,0.30834086271822964
-127.16379917548947,6.579056174335598,0.2887451576838695
-125.44343210659898,6.64348743253089,0.18976982194250633
-123.72306503770848,6.629485192109636,0.19122933440393
-122.00269796881798,6.53837466718104,0.2891804234604635
-120.28233089992747,6.447048488428427,0.30825566112673203
-118.56196383103698,6.355500843412075,0.26600801781014766
-116.84159676214648,6.263726713500896,0.10409598143792091
-115.12122969325597,6.331208444221078,0.23815437901100173
-113.40086262436547,6.426215475795447,0.3025844678865103
-111.68049555547498,6.520999715187626,0.3012379925726401
-109.96012848658448,6.61556719493794,0.23297683392849466
-108.23976141769397,6.711349999083101,0.12318624963857465
-106.51939434880347,6.81265809608378,0.2704738958365547
-104.79902727991298,6.913767995972167,0.30915788150627
-103.07866021102248,7.014686133874855,0.2871375325375278
-101.35829314213197,7.115418932707591,0.18374135672726918
-99.63792607324147,7.194853450243588,0.19959461964950181
-97.91755900435098,7.256608659606881,0.29205140653243855
-96.19719193546047,7.318193927011393,0.3086845769518655
-94.47682486656997,7.379613172043403,0.26422904457512536
-92.75645779767947,7.441140478449945,0.09696802203970571
-91.03609072878898,7.576372595244127,0.24481547639585943
-89.31572365989847,7.720520423480409,0.305049335344891
-87.59535659100797,7.864527835343473,0.3013690073349672
-85.87498952211747,8.008403996146022,0.23073489996778918
-84.15462245322696,8.097616649098882,0.14137003554825645
-82.43425538433647,8.015680963377118,0.275438932912143
-80.71388831544597,7.933623646720168,0.3105466292345227
-78.99352124655547,7.851439476594722,0.28584704631589847
-77.27315417766496,7.76912322240991,0.17796300305403068
-75.55278710877447,7.680782790591877,0.20780019155143611
-73.83242003988397,7.588196631017148,0.29463936535966234
-72.11205297099346,7.49546163333766,0.308297115377098
-70.39168590210296,7.402571895460632,0.2605518820315473
-68.67131883321247,7.3095566152368665,0.0857824900659153
-66.95095176432196,7.21893120959392,0.24876252095900087
-65.23058469543147,7.128345776318797,0.30552975264599613
-63.510217626540964,7.037582237823088,0.29883451373335157
-61.78985055765045,6.946634817477177,0.2230306531331582
-60.06948348875997,6.82141555354505,0.1473220126672727
-58.34911641986946,6.610198963828802,0.27653061953693486
-56.62874935097895,6.398771291536173,0.30914121023639113
-54.90838228208847,6.18711908038874,0.2810799720812888
-53.18801521319796,5.97522885982376,0.1636397126713771
-51.467648144307475,5.940082497737466,0.2097468017832784
-49.747281075416964,6.007829818947352,0.29450879045359407
-48.026914006526454,6.0753277199074205,0.30616725570002157
-46.30654693763597,6.1425804965122985,0.25495957742284014
-44.58617986874546,6.204005348834944,0.0714285437200016
-42.86581279985495,6.079732027723562,0.2510586773290972
-41.14544573096447,5.945472065157883,0.3052824708837753
-39.42507866207396,5.810958713590857,0.2959657807490644
-37.70471159318345,5.676183411949308,0.21499791257940248
-35.984344524292965,5.591729838571732,0.1534581622742456
-34.263977455402454,5.611213625306018,0.27798126217185753
-32.54361038651194,5.630422749226586,0.30850665032656077
-30.82324331762146,5.649358432890018,0.2779609304311711
-29.10287624873095,5.668021881456458,0.15338447817835296
-27.38250917984047,5.773719375797008,0.2152742770299465
-25.662142110949958,5.9213191776151,0.296083931331516
-23.941775042059447,6.068664053235949,0.3053460652936399
-22.221407973168965,6.215763380378711,0.2511095539930169
-20.501040904278454,6.359914797148315,0.07234509824664939
-18.780673835387944,6.4528968132649815,0.2552894198975884
-17.06030676649746,6.5441494118000065,0.30651714545469966
-15.339939697606951,6.635186724045983,0.29510705759810113
-13.61957262871644,6.7260145440496455,0.21113309845526274
-11.899205559825958,6.719061522421082,0.16609460663857417
-10.178838490935448,6.545273674509977,0.28175687049282055
-8.458471422044965,6.371270611863206,0.30903718177759665
-6.738104353154455,6.197041260082942,0.27557695556470013
-5.017737284263944,6.022574530381018,0.1438679611180129
-3.297370215373462,6.174426099964418,0.20650507498973483
-1.5770031464829515,6.455045525854194,0.22596364572297398
0.14336392240755913,6.668773095243617,0.10340923477359812
1.8637309912980413,6.148906935950706,0.20467176052845804
3.584098060188552,5.688464560167839,0.07420398156117405
5.3044651290790625,5.938234501572422,0.2288388444341364
7.024832197969545,6.197260449178437,0.19782916318334423
8.745199266860055,6.180119422371741,0.17403286075799432
10.465566335750566,5.798220170220015,0.18378757446011446
12.185933404641048,5.600406518459817,0.16556851331313563
13.906300473531559,5.665597627251675,0.23374996281039484
15.626667542422041,5.730517534486076,0.14000307237166082
17.34703461131255,5.792798042448338,0.236614726484031
19.067401680203062,5.854139852614356,0.30419749180269556
20.787768749093544,5.915222460962594,0.3069541319048521
22.508135817984055,5.976049755079581,0.2470650378244726
24.228502886874566,6.023177171350918,0.11576144572338726
25.948869955765048,5.9766354551131045,0.2695638985730641
27.66923702465556,5.929842333265674,0.31151749846337884
29.38960409354607,5.882794827671582,0.2941807063164295
31.10997116243655,5.835489943988588,0.20287787072314833
32.83033823132706,5.8131641370607685,0.19431604194925275
34.550705300217544,5.818658500239369,0.29152467243339375
36.271072369108055,5.8238914033904035,0.3119577514982722
37.991439437998565,5.828863179559132,0.27341337873986343
39.71180650688905,5.833574145182226,0.13150133610326253
41.43217357577956,5.915914538120585,0.24125217651823416
43.15254064467007,6.014998957560044,0.30554262279323957
44.87290771356055,6.1138344130219195,0.3060710682792717
46.59327478245106,6.212427194875211,0.2432535887504871
48.31364185134157,6.2879038647560925,0.13064275579922435
50.034008920232054,6.2501260047857645,0.2733196959762881
51.754375989122565,6.212114145450489,0.31230624073607943
53.474743058013075,6.1738658675046185,0.2925199780390313
55.19511012690356,6.135378736640547,0.19697425769425705
56.91547719579407,6.0361687700353155,0.20199388987012507
58.63584426468458,5.879948475219335,0.2938755450301672
60.35621133357506,5.7234706211710975,0.31148787314709464
62.07657840246554,5.566725248885735,0.269795891979375
63.79694547135608,5.40970238232614,0.1168419907688483
65.51731254024656,5.382176502239686,0.24508014226124056
67.23767960913705,5.374901974920329,0.3061549729687405
68.95804667802759,5.367337744771689,0.30401367115259725
70.67841374691807,5.359483330376952,0.23694783777492934
72.39878081580855,5.360223705205694,0.13856994543175397
74.11914788469909,5.39392689176649,0.27516271704046585
75.83951495358957,5.427341586337283,0.3118593902549297
77.55988202248005,5.4604699155933325,0.2895382345601698
79.28024909137059,5.49331398798085,0.18825364085979165
81.00061616026107,5.450605387198317,0.20708516150236786
82.72098322915156,5.348077757411396,0.29520985783842146
84.4413502980421,5.245258717584981,0.31048892272169637
86.16171736693258,5.142141723803583,0.2658009651263775
87.88208443582306,5.0387202132136135,0.09941151650278603
89.60245150471354,5.195271076969457,0.2488043177411837
91.32281857360408,5.378566452219358,0.30709223802808727
93.04318564249456,5.5615723578667104,0.3028857883142176
94.76355271138505,5.744300441295168,0.23282055240686594
96.48391978027558,5.893292742483846,0.15105048173562957
98.20428684916607,5.943402869754305,0.27874062670698735
99.92465391805655,5.993259476332952,0.3126071927529065
101.64502098694709,6.042865735332221,0.2879272590491155
103.36538805583757,6.0922248039348705,0.18228854156975796
105.08575512472805,6.13519680406656,0.21463906290882695
106.80612219361859,6.173847057453084,0.29795892209345526
108.52648926250907,6.212258456723191,0.3109641058834765
110.24685633139956,6.250433446563568,0.26425255171839934
111.9672234002901,6.288374456615291,0.09035976214248567
113.68759046918058,6.185827142146335,0.2550628771009542
115.40795753807106,6.07540756760956,0.3089776316798225
117.1283246069616,5.964742873789085,0.30175239931981396
118.84869167585208,5.853826017459308,0.22763556122498835
120.56905874474256,5.843761319201985,0.16059581630701372
122.2894258136331,6.074053071668482,0.2815760338561638
124.00979288252358,6.304099618650582,0.31304742737976415
125.73015995141407,6.533915601418348,0.28624581609788113
127.4505270203046,6.763515646561304,0.17633746071744055
129.1708940891951,6.948362425301122,0.22200564221493863
130.89126115808557,7.108325857041869,0.30069807620289735
132.6116282269761,7.268109909391622,0.31144226337999925
134.3319952958666,7.427724751787281,0.2627147325872875
136.05236236475707,7.5871805428707155,0.08050125705978099
137.77272943364756,7.462948882443486,0.26115123542998453
139.4930965025381,7.33595447966432,0.3111866948997235
141.21346357142858,7.20879518488254,0.301561991919046
142.93383064031906,7.081462905065022,0.2247351641780999
144.6541977092096,7.022410522460426,0.17334655741995705
146.37456477810008,7.097025685477735,0.28571517795761947
148.09493184699056,7.171460749917337,0.31410672268583206
149.8152989158811,7.245720453179992,0.2848560609381717
151.53566598477158,7.3198095215012176,0.170494953742099
153.25603305366207,7.578942103406115,0.22920694979238665
154.9764001225526,7.922740986595114,0.3034383749297993
156.6967671914431,8.26641232369243,0.3119476420942961
158.41713426033357,8.609977987604237,0.2612405233477194
160.1375013292241,8.94739171549061,0.10088346304395879
161.8578683981146,9.109132372959168,0.2672938018077924
163.57823546700507,9.270820991994626,0.31417346882081426
165.2986025358956,9.432467863241534,0.30325136253292273
167.0189696047861,9.59408327468515,0.22630404500052181
168.73933667367658,9.723393707191851,0.19108706264487677
170.45970374256711,9.800219371472767,0.2924890101710036
172.1800708114576,9.877036981428532,0.3174390156813557
173.90043788034808,9.953851426094733,0.28665530258886524
175.62080494923862,10.030667594319842,0.17250011086564665
177.3411720181291,10.106896980459753,0.25452027937346683
179.06153908701958,10.182916582347765,0.3577900853172906
180.78190615591006,10.25895248659821,0.42059320656709326
182.5022732248006,10.335009532506525,0.459834447022827
184.2226402936911,10.411092560708697,0.4813208498950267
185.94300736258157,10.487206413487835,0.4874114475776006
187.6633744314721,10.56335593510609,0.4786958291110008
189.3837415003626,10.639545972072163,0.4543203161110947
191.10410856925307,10.715781373503145,0.41150442011615146
192.8244756381436,10.792066991372327,0.3434051158136769
194.5448427070341,10.8684076808733,0.22840188086037855
196.26520977592457,10.945305186359322,0.18898131810736934
197.9855768448151,11.022999303486401,0.290982839045867
199.7059439137056,11.100763189894918,0.3151836865395635
201.42631098259608,11.178601794835467,0.28235953001461905
203.14667805148662,11.25652007234274,0.16069991614215864
204.8670451203771,11.42681926301513,0.23945884117007918
206.58741218926758,11.62766602440886,0.3069895144990195
208.30777925815812,11.828621038971491,0.3115535139218052
210.0281463270486,12.029697096458825,0.2565352712305101
211.74851339593909,12.221889499698719,0.12975185743414935
213.46888046482962,12.336621193477324,0.2736651608750338
215.1892475337201,12.451137386331954,0.31580538840219535
216.9096146026106,12.565814242032733,0.30117710087606947
218.62998167150113,12.680659059179817,0.21866442510283796
220.3503487403916,12.77862506806725,0.20323020166329525
222.0707158092821,12.855667223919337,0.29666354714577875
223.79108287817257,12.932895788857,0.3178842334986894
225.5114499470631,13.01031567806513,0.28360044433526843
227.2318170159536,13.087931818931828,0.1616802052160348
228.95218408484408,12.883206240577174,0.24925863271208248
230.67255115373462,12.605553373670137,0.31049920099670186
232.3929182226251,12.328070997381882,0.3112853594733863
234.11328529151558,12.050741451417299,0.25218337382819395
235.83365236040612,11.830700535002254,0.1378050676595643
237.5540194292966,11.955992177042006,0.27634431799280956
239.27438649818708,12.081454909595216,0.31592477231967836
240.99475356707762,12.207054776627174,0.2988428127779822
242.7151206359681,12.33279977192067,0.2117999139487096
244.4354877048586,12.34077708314041,0.20869098422411053
246.15585477374913,12.225893957759851,0.2978419261322108
247.8762218426396,12.111157159657992,0.3160921466891215
249.5965889115301,11.996559386433272,0.27779142547514907
251.31695598042063,11.882093344523241,0.14305773231004587
253.0373230493111,11.88375042157153,0.2497338412837016
254.7576901182016,11.908132630254684,0.3099233050448288
256.47805718709213,11.932640942357853,0.30934324954753506
258.1984242559826,11.957276917708697,0.2475667043958662
259.9187913248731,11.949961563405179,0.1484722714568174
261.63915839376364,11.800913524134689,0.27900581546332204
263.3595254626541,11.651984764340554,0.3153964523770099
265.0798925315446,11.503165805485146,0.29485853138291046
266.8002596004351,11.354447176005195,0.20060146646631488
268.5206266693256,11.344215344140899,0.2103441849070996
270.2409937382161,11.455850743341188,0.29791997214027927
271.9613608071066,11.567583460568038,0.314794495293209
273.6817278759971,11.679420607019075,0.274344859124081
275.4020949448876,11.791129791257433,0.13221012160914677
277.1224620137781,11.75610631987935,0.2538467741722148
278.84282908266863,11.700763308099212,0.3108185295998425
280.5631961515591,11.645533201758653,0.30769366398274095
282.2835632204496,11.590412485741659,0.2421557148695564
284.00393028934013,11.547347176394105,0.15670356659331441
285.7242973582306,11.545089068723918,0.2813454546762396
287.4446644271211,11.54293395863256,0.31554596890180703
289.16503149601164,11.540881708953329,0.29292180819282615
290.8853985649021,11.538932189080683,0.19455986720810392
292.6057656337926,11.437738828608133,0.2170850729750838
294.32613270268314,11.263046832525731,0.2996704572950145
296.0464997715736,11.08843988349831,0.3132720043268508
297.7668668404641,10.913906868700039,0.2685869477852391
299.48723390935464,10.739462767288785,0.11466548960742855
301.2076009782451,10.56781587760112,0.2546667078460827
302.9279680471356,10.396472714505059,0.309565105955677
304.64833511602615,10.22515944551651,0.30366064380275637
306.36870218491663,10.053865167433791,0.2323615837586146
308.0890692538071,9.948070658687833,0.15719437820124413
309.8094363226976,10.019839204347761,0.28075560006573574
311.52980339158813,10.091613673347396,0.3134717319433355
313.2501704604786,10.163398633747633,0.2881622479142273
314.97053752936915,10.235198654298614,0.18204036256790299
316.69090459825964,10.288475331913489,0.2189339877865665
318.4112716671501,10.330262612694135,0.29965346240083923
320.1316387360406,10.372075573649262,0.3115186609453706
321.8520058049311,10.41391687596073,0.26398669081969506
323.5723728738217,10.451696002510225,0.10577021909287408
325.29273994271216,10.316574693449112,0.25765570617666744
327.01310701160264,10.170711618061667,0.30997030245164797
328.7334740804931,10.02486406825507,0.30181374347890927
330.4538411493836,9.879022761592637,0.2267488359273841
332.1742082182741,9.713046009482895,0.16583915569766633
333.89457528716457,9.502654412798748,0.2828876789127575
335.61494235605517,9.29223582331499,0.3124525112795079
337.33530942494565,9.081776848988575,0.2833910818812838
339.05567649383613,8.871264095194952,0.16754948807627384
340.7760435627266,8.870499816211364,0.22024308317080757
342.4964106316171,8.978011658421494,0.2991779506551561
344.2167777005076,9.085463117058502,0.30903991035684725
345.9371447693982,9.192861030831978,0.2578821491228947
347.65751183828866,9.302047033925916,0.09546233147526866
349.37787890717914,9.452560607295638,0.2593178999872608
351.0982459760696,9.604566991716894,0.3098978958332464
352.8186130449601,9.756552869556792,0.30001016562463306
354.5389801138506,9.90852791391876,0.22170344803741948
356.2593471827412,10.231869080193661,0.16975985450871278
357.97971425163166,10.867301381864294,0.2423048029902838
359.70008132052214,11.502793543448817,0.17474810345320108
361.4204483894126,11.351571844491431,0.21026535056678347
363.1408154583031,10.89595152628398,0.15856697853246723
364.8611825271936,10.70303948182763,0.21474888591246588
366.5815495960842,10.621680483805648,0.23357784181473804
368.30191666497467,10.550736541834084,0.12088815234984077
370.02228373386515,10.620885477401174,0.21316913082441022
371.74265080275563,10.676240628406376,0.10943351610977502
373.4630178716461,10.526392502474806,0.2362381952182745
375.1833849405366,10.372821751877424,0.20913060919074447
376.9037520094271,10.29024392669244,0.19850121398436765
378.6241190783177,10.307315252365697,0.2950797154032312
380.34448614720816,10.324410797740583,0.3178723726012236
382.06485321609864,10.34153165084058,0.28516435462636947
383.7852202849891,10.358678901344902,0.16701679156822893
385.5055873538796,10.387527332389467,0.24552798067131434
387.2259544227701,10.420021234071825,0.3099539726584628
388.9463214916607,10.452546528596969,0.3134509740833594
390.66668856055117,10.485105286038745,0.25850471612231735
392.38705562944165,10.485960116959404,0.1382810472917319
394.10742269833213,10.232639145772595,0.2767078018243243
395.8277897672226,9.979337641533107,0.3165799071308355
397.5481568361131,9.726039482918608,0.3001575592818829
399.2685239050037,9.472728548806018,0.21489485216136928
400.9888909738942,9.340719588268072,0.20244880572261387
402.70925804278465,9.35196735992669,0.29578945823204644
404.42962511167514,9.363178548345886,0.31624267601416023
406.1499921805656,9.37435386705603,0.2802548579654215
407.8703592494561,9.385494027307836,0.1519407923954714
409.5907263183467,9.418784168172337,0.24713083732939672
411.3110933872372,9.457381412735785,0.30946054814815965
413.03146045612766,9.495948783122188,0.31064417624008606
414.75182752501814,9.534488733931376,0.2515467307115418
416.4721945939086,9.614193684240306,0.14260244803176803
418.1925616627991,9.921010443955744,0.2780041512895196
419.9129287316896,10.227826837064661,0.3170546530723075
421.6332958005802,10.534662390840985,0.30008900134197297
423.35366286947067,10.8415366337845,0.21417962008488142
425.07402993836115,10.975110182954616,0.21455148742729235
426.79439700725163,10.936090033011986,0.30059105978804607
428.5147640761421,10.897134121018354,0.31804248393316265
430.2351311450326,10.858239967630354,0.2800414225315521
431.9554982139232,10.819405097430206,0.14888159503961318
433.6758652828137,10.899649737068763,0.2548767325383048
435.39623235170416,11.001205397234571,0.3130177773892228
437.11659942059464,11.102829439606076,0.31235026460983095
438.8369664894851,11.204528332016125,0.25240784266004024
440.5573335583756,11.30556535228051,0.1636808612125932
442.2777006272662,11.403641846033494,0.2848421986302397
443.9980676961567,11.501812334982212,0.31972757592360507
445.71843476504716,11.600083067175007,0.30011452432313546
447.43880183393765,11.698460297019572,0.2113314881027057
449.1591689028281,11.728874458730289,0.22347471957517523
450.8795359717186,11.702229961188053,0.30411232571044566
452.5999030406092,11.675698462424435,0.31906516324503875
454.3202701094997,11.649278273853582,0.2791023787220495
456.04063717839017,11.622967713955255,0.1441003095512044
457.76100424728065,11.382220865750277,0.26107328877166525
459.48137131617113,11.11532812649304,0.3145838289524883
461.2017383850616,10.848511032750643,0.3103596315981419
462.9221054539522,10.58175260301401,0.2454362167682257
464.6424725228427,10.391444533229354,0.1674436113670252
466.3628395917332,10.445095400042966,0.2854066900839497
468.08320666062366,10.49877925553806,0.3181946725945726
469.80357372951414,10.552499516420397,0.29566030200482885
471.5239407984046,10.6062596017061,0.19988734496658717
473.2443078672951,10.55568220076632,0.22472746732181734
474.9646749361857,10.431410899580634,0.3034909922734155
476.6850420050762,10.307171716131649,0.31627268897069705
478.40540907396667,10.18295674324267,0.27252402733874004
480.12577614285715,10.05875807526997,0.12174982392980331
481.84614321174763,10.127469812606833,0.2613421666732615
483.5665102806381,10.209928219829756,0.3138640345688386
485.2868773495287,10.292404648568642,0.30825960785227086
487.0072444184192,10.374904348014276,0.2404971961411363
488.7276114873097,10.508600105800973,0.1759701055860309
490.44797855620016,10.773231105597723,0.2884113092300829
492.16834562509064,11.037915978213789,0.3193619784832242
493.8887126939811,11.302671569470434,0.29564038467474735
495.6090797628717,11.567514729693912,0.1985216876500962
497.3294468317622,11.665317011932515,0.23454642452570434
499.0498139006527,11.664451036516454,0.3077743287976865
500.77018096954316,11.66369565545478,0.31823656333840256
502.49054803843364,11.66305082065535,0.27324368424523504
504.2109151073241,11.662516491093747,0.12198796906994795
505.9312821762147,11.562168964460547,0.26922990661670104
507.6516492451052,11.459472914680482,0.3170291432994972
509.3720163139957,11.356874413459096,0.3086414377479356
511.09238338288617,11.254366930925066,0.23820072367751324
512.8127504517767,11.196414950568595,0.18759429702085112
514.5331175206671,11.23152127699985,0.29216816036506665
516.2534845895576,11.266710644042462,0.3196293011034547
517.9738516584482,11.301985291326375,0.2925711298464061
519.6942187273387,11.337347463890318,0.18884635140698686
521.4145857962292,11.269356931985087,0.23764850676324023
523.1349528651197,11.15074479398045,0.30804887432135486
524.8553199340101,11.032210555580505,0.3160188540579648
526.5756870029006,10.91374667270167,0.26720684958177754
528.2960540717912,10.796161400166739,0.1112517996287693
530.0164211406817,10.721778727464589,0.27008814635579487
531.7367882095722,10.64744665289873,0.31608363774448334
533.4571552784627,10.573160445631089,0.30539745341226215
535.1775223473531,10.498915377724025,0.2302653503033853
536.8978894162436,10.422479295218537,0.19675803675103654
538.6182564851342,10.342217324436433,0.32717523894810546
540.3386235540247,10.261981794677538,0.40123352356219494
542.0589906229152,10.181767599377487,0.44784100838926294
543.7793576918057,10.101569633319912,0.4751561814379739
545.4997247606962,10.021382792308607,0.4864465467361738
547.2200918295866,9.941201972873657,0.4828404197921502
548.9404588984772,9.86102207192782,0.46398964574220014
550.6608259673677,9.780837986429887,0.42787879127123823
552.3811930362582,9.700644613075468,0.36947026650726283
554.1015601051487,9.620436847976258,0.27487922501792517
555.8219271740392,9.53376496611466,0.10085377940719345
557.5422942429296,9.350650425524478,0.26288441217019576
559.2626613118201,9.165466479490249,0.3101712697795744
560.9830283807107,8.980234080398255,0.29724094767048875
562.7033954496012,8.794941439165633,0.21341065526546768
564.4237625184917,8.686004490014597,0.1770959973346792
566.1441295873822,8.696748558616171,0.28593861238648616
567.8644966562726,8.707414342696325,0.31154372827029203
569.5848637251631,8.71800252108212,0.2779616893654281
571.3052307940537,8.728513767647115,0.14955088936815122
573.0255978629442,8.718054941876908,0.2297023552773916
574.7459649318347,8.700065893562353,0.3016343599933278
576.4663320007252,8.681998771858126,0.3067245900482426
578.1866990696157,8.663852426885938,0.24910644596008855
579.9070661385061,8.639716620727512,0.09931682721185899
581.6274332073967,8.557408360822372,0.2643974479877449
583.3478002762872,8.474554886690399,0.3096853106541899
585.0681673451777,8.391608986563952,0.29449659639156317
586.7885344140682,8.30856538135916,0.20584808769998708
588.5089014829587,8.350373570519821,0.18342506902297542
590.2292685518491,8.556325457612509,0.28790684005745515
591.9496356207397,8.762190122980108,0.31156647802032306
593.6700026896302,8.967980668843943,0.27604045320240034
595.3903697585207,9.17371019270034,0.14233417992380828
597.1107368274112,9.342386236884792,0.23651909614337638
598.8311038963017,9.5005619528716,0.3042919276699022
600.5514709651922,9.658710542896749,0.30729285220779806
602.2718380340826,9.816842072286079,0.24788648491043772
603.9922051029732,9.96672543420005,0.11964499103882706
605.7125721718637,10.060495890198908,0.2706164089880784
607.4329392407542,10.154219244009553,0.31243135373382636
609.1533063096447,10.247957073747735,0.29550926514005194
610.8736733785352,10.341715345341612,0.20583427002894364
612.5940404474256,10.41941049094693,0.19792125005824823
614.3144075163162,10.479324276084846,0.29327850868797845
616.0347745852067,10.539273228398734,0.31352207420203715
617.7551416540972,10.599261163328634,0.27573061226252704
619.4755087229877,10.65929189879597,0.13856569919611733
621.1958757918782,10.50560667189643,0.2444055785764936
622.9162428607686,10.305696239515399,0.3068867170215489
624.6366099296592,10.105809923778637,0.306570695571953
626.3569769985497,9.905935002976392,0.24321274716162833
628.0773440674402,9.796786437959128,0.13085901063791874
629.7977111363307,10.131889306732667,0.2737351130961391
631.5180782052212,10.467005230245569,0.31337463825562595
633.2384452741117,10.802155536896159,0.2948699048722732
634.9588123430023,11.137361557256206,0.20288380269830242
636.6791794118927,11.28869542199655,0.20819509537859307
638.3995464807832,11.268328719227021,0.2970662404775616
640.1199135496737,11.248047399674462,0.3144693302547184
641.8402806185642,11.227850172543356,0.27436423325188986
643.5606476874547,11.20779447539718,0.13209999180020818
645.2810147563451,11.333883342345061,0.2510828177248021
647.0013818252357,11.483013084910212,0.3100331625746695
648.7217488941262,11.632241874237117,0.30833004153988625
650.4421159630167,11.781579207969386,0.24470976912005168
652.1624830319072,11.905671306820985,0.155373751521451
653.8828501007977,11.93567203743823,0.2811866687425152
655.6032171696882,11.965800624205592,0.31616264737409966
657.3235842385787,11.996058984666611,0.2946607411724688
659.0439513074692,12.026449044593555,0.19915069017245743
660.7643183763597,12.044666016664628,0.21695469581248242
662.4846854452502,12.053332586645674,0.30028869861312235
664.2050525141407,12.062134501266257,0.3150324172768081
665.9254195830312,12.071072320725456,0.27255827616684614
667.6457866519218,12.079903403734548,0.1270178471668525
669.3661537208122,12.048569757180829,0.25671599022146546
671.0865207897027,12.012950993796387,0.3117453770901417
672.8068878585932,11.977465004975862,0.3073084915397548
674.5272549274837,11.9421095322175,0.24012993750202902
676.2476219963742,11.916216667241073,0.16480961663013288
677.9679890652648,11.91777744004851,0.28397417308473755
679.6883561341552,11.919464930114906,0.31636457711774324
681.4087232030457,11.92127924483518,0.2924086253658456
683.1290902719362,11.92322049969031,0.19205830833934368
684.8494573408267,12.000560971147127,0.22271182320931668
686.5698244097172,12.127774020640992,0.3022600256408778
688.2901914786077,12.25512715258213,0.31491226091607344
690.0105585474982,12.382628472347392,0.27023761963175313
691.7309256163887,12.508283059846004,0.12447689383945124
693.4512926852792,12.52284305105503,0.261866126044771
695.1716597541697,12.529450135832434,0.3135455858897112
696.8920268230602,12.536222867659731,0.3069352179262666
698.6123938919507,12.543161677592995,0.23720877826764647
700.3327609608413,12.510648709281899,0.1766717698627433
702.0531280297317,12.384576369620202,0.28776396076469735
703.7734950986222,12.25866045654557,0.31697685075184495
705.4938621675127,12.132892956171723,0.29020008991108065
707.2142292364032,12.007265864034995,0.18447022214342937
708.9345963052937,11.953659976291384,0.22804603587374558
710.6549633741843,11.93981483661522,0.3037200836711539
712.3753304430747,11.926097816760162,0.31377517416046785
714.0956975119652,11.912508043718383,0.2657696131260211
715.8160645808557,11.906474423028918,0.11814880521306424
717.5364316497462,12.104932520909646,0.23752190656476543
719.2567987186367,12.31269852495889,0.2204088572592164
720.9771657875273,12.438325928981872,0.18467861559817772
722.6975328564178,12.416949309826485,0.2059266901288677
724.4178999253082,12.430994103008736,0.17710524525426818
726.1382669941987,12.513762407378767,0.24552312126006293
727.8586340630892,12.59669536036294,0.18066259376869986
729.5790011319797,12.737716430959193,0.21280153611385513
731.2993682008702,12.90301886385559,0.1711345123627677
733.0197352697608,12.928458061182123,0.22016831259032443
734.7401023386512,12.890320536696692,0.24004197294389726
736.4604694075417,12.844352644272941,0.13670123812412063
738.1808364764322,12.657106211191206,0.277386020973987
739.9012035453227,12.470033549807336,0.31972783779344116
741.6215706142132,12.28312275392058,0.3074773519952448
743.3419376831038,12.096361927631428,0.232142938107995
745.0623047519942,12.037629091790627,0.20481489365746242
746.7826718208847,12.169954138382371,0.2985355067093465
748.5030388897752,12.302421951965007,0.3214511621304159
750.2234059586657,12.435040963443132,0.29081774402072175
751.9437730275562,12.567819613312647,0.18124846381937154
753.6641400964468,12.619870606554594,0.25045516074881474
755.3845071653373,12.644933169115834,0.31331812757607735
757.1048742342277,12.670168728624722,0.3173676717686455
758.8252413031182,12.695578891198256,0.26531190662528553
760.5456083720087,12.714566077364468,0.14791550970318568
762.2659754408992,12.671697073593695,0.280681765978609
763.9863425097898,12.629002770156896,0.32062409095161565
765.7067095786803,12.586480449781758,0.3064926986340627
767.4270766475707,12.54412740614043,0.22845983778219073
769.1474437164612,12.565356959128959,0.2131559924637123
770.8678107853517,12.666277657212156,0.30154635588501627
772.5881778542422,12.767372710713362,0.32184152659870396
774.3085449231327,12.86864855380256,0.2887801733818927
776.0289119920233,12.97011163217232,0.17424444355634186
777.7492790609138,13.035488283438324,0.2555077052799446
779.4696461298042,13.091486215491221,0.31517447495118367
781.1900131986947,13.147685565275372,0.31724198348776456
782.9103802675852,13.204089909597865,0.2630724227495296
784.6307473364757,13.252595276726195,0.16157818606722504
786.3511144053663,13.250948991319513,0.2851200986764561
788.0714814742568,13.249514272636656,0.32222680567614054
789.7918485431472,13.248291029342269,0.3061424154651923
791.5122156120377,13.24727918359885,0.22576556505374673
793.2325826809282,13.311224022113802,0.22216773866220127
794.9529497498187,13.443814537952788,0.30529837439467117
796.6733168187093,13.576628895395043,0.32337182474335774
798.3936838875998,13.709675547387908,0.28887387494930045
800.1140509564902,13.842962961659323,0.17273695629151803
801.8344180253807,13.869121531341477,0.26319934568002185
803.5547850942712,13.874107545821726,0.3183625899004762
805.2751521631617,13.87934478782714,0.3178815559629312
806.9955192320523,13.884833590677722,0.2614491395466999
808.7158863009428,13.881159004981313,0.17490364212322312
810.4362533698333,13.835182926237406,0.28961362895366644
812.1566204387237,13.78945559766667,0.32357333377473
813.8769875076142,13.743974108962094,0.30506971358075313
815.5973545765047,13.698735565457564,0.22130652082881908
817.3177216453952,13.728309980472728,0.2289244021455469
819.0380887142858,13.824608600801911,0.30781158115118196
820.7584557831763,13.921155298304578,0.32360640434091525
822.4788228520667,14.017956217672825,0.2869291327321915
824.1991899209572,14.11501751978663,0.1660239003982895
825.9195569898477,14.062588081020305,0.26796884448270514
827.6399240587383,13.98925815362138,0.319817941265534
829.3602911276288,13.916186782478448,0.31691457392382155
831.0806581965193,13.843369316990081,0.25741178256496466
832.8010252654097,13.736946779075007,0.18297684958157368
834.5213923343002,13.513270114671213,0.29194280313702536
836.2417594031907,13.289821712364725,0.3230269351777418
837.9621264720812,13.066587350807984,0.30138479670829477
839.6824935409717,12.843552822310166,0.2113914484433824
841.4028606098622,12.536653028552431,0.2304493634395212
843.1232276787526,12.166818945785542,0.30651478518134023
844.8435947476434,11.797127430471205,0.3188196974866232
846.5639618165338,11.427554953675306,0.27603066126852044
848.2843288854243,11.058077994012574,0.13261075737616418
850.0046959543148,10.980334230486367,0.2621629069771802
851.7250630232053,10.928470803396248,0.31470132755839575
853.4454300920958,10.876671129330568,0.30960180228604295
855.1657971609862,10.824931911506551,0.24326452788262212
856.8861642298767,10.770846254959324,0.1747214959227843
858.6065312987672,10.710188432152027,0.2877443190310281
860.3268983676577,10.649580469827226,0.31857988229507095
862.0472654365482,10.589018510600342,0.2943151469447505
863.7676325054387,10.528498700019941,0.19539140204459812
865.4879995743291,10.64541103367955,0.2284272899522526
867.2083666432198,10.874033936520853,0.3052129114807635
868.9287337121103,11.102717127762023,0.317323817481478
870.6491007810008,11.331475161896048,0.27349478539997185
872.3694678498913,11.560322598195064,0.12435154360894374
874.0898349187818,11.44012488780172,0.2673109718035048
875.8102019876723,11.305929387314446,0.31640411652626127
877.5305690565627,11.171821663122085,0.30892721984665994
879.2509361254532,11.037793179979513,0.23964004664277067
880.9713031943437,10.941410868190399,0.18455374191349533
882.6916702632342,10.929238274702467,0.2911135546545725
884.4120373321247,10.917129483083645,0.319402838329285
886.1324044010152,10.905083722668309,0.2930489632607816
887.8527714699059,10.893100226812464,0.19058215502403453
889.5731385387963,10.900658486180252,0.23534972109967023
891.2935056076868,10.918484539270281,0.30739081651927164
893.0138726765773,10.936373709811939,0.31648543124556583
894.7342397454678,10.954327136355857,0.2690960386858364
896.4546068143583,10.972751094190833,0.10871507791183836
898.1749738832488,11.099965101625365,0.2918608587379458
899.8953409521392,11.227253776807927,0.37982233512582875
901.6157080210297,11.354625221002784,0.4348341588581337
903.3360750899202,11.482087540735264,0.46865913898162564
905.0564421588107,11.60964884832448,0.4857517009880177
906.7768092277012,11.737317262387794,0.48787793370439336
908.4971762965916,11.865100908358412,0.4752393135347597
910.2175433654824,11.993007918996053,0.44658056037413185
911.9379104343728,12.121046434924668,0.3984514122026658
913.6582775032633,12.249224605130632,0.32222669660144415
915.3786445721538,12.377550587486006,0.18606386028788743
917.0990116410443,12.328374216914918,0.2345595335616906
918.8193787099348,12.195636286471348,0.30589833854430254
920.5397457788252,12.063042757561494,0.3133498537337207
922.2601128477157,11.93058519129616,0.26241638944459694
923.9804799166062,11.808203531713364,0.11765464158000312
925.7008469854967,11.861435806742493,0.26697000232883905
927.4212140543872,11.919562716979963,0.31400327277414236
929.1415811232777,11.977816458100264,0.30313181951030865
930.8619481921684,12.036200737653267,0.22614996830617523
932.5823152610589,12.07812893812542,0.18869544781455547
934.3026823299493,12.092510465531465,0.29141269311144447
936.0230493988398,12.107029831047637,0.3166083716350506
937.7434164677303,12.12168795875776,0.2856017891455609
939.4637835366208,12.13648578156998,0.16999754976753514
941.1841506055113,11.982620410974906,0.23758234586946284
942.9045176744017,11.763960755083971,0.3062152666726003
944.6248847432922,11.545418026820993,0.31131738366400596
946.3452518121827,11.326978317062668,0.2567067289252645
948.0656188810732,11.127311449679286,0.11628937865244432
949.7859859499637,11.13884718458884,0.2686456958237252
951.5063530188542,11.15294722956411,0.3133117593173318
953.2267200877449,11.167125314321055,0.299715106561258
954.9470871566353,11.181382341221482,0.21717054963276264
956.6674542255258,11.173646643040936,0.1917986197103014
958.3878212944163,11.135159982721976,0.29177372994046263
960.1081883633068,11.09675023013359,0.3148649810548289
961.8285554321973,11.058414940667273,0.2807390553009113
963.5489225010878,11.020151674502706,0.15540308095508784
965.2692895699782,11.085149113704134,0.23956058532778873
966.9896566388687,11.181966415499403,0.3064970460446149
968.7100237077592,11.278863604001181,0.310174528032909
970.4303907766497,11.375846846209548,0.25336386325779336
972.1507578455402,11.454785035808069,0.12697813748727085
973.8711249144309,11.39405762861199,0.2727191322921808
975.5914919833214,11.333050416898796,0.31420069322192073
977.3118590522118,11.272132707594217,0.29799728773016704
979.0322261211023,11.211300623619504,0.21122055617548358
980.7525931899928,11.198829909324058,0.19890359902065535
982.4729602588833,11.24317647406437,0.29410312163007235
984.1933273277738,11.287606821214013,0.3148775417752454
985.9136943966643,11.33212377852744,0.27842328023816565
987.6340614655547,11.37673017928384,0.14699016949908536
989.3544285344452,11.398153078163105,0.2450392735186486
991.0747956033357,11.41411168864973,0.3081481609981186
992.7951626722262,11.43016496067683,0.3092463028659402
994.5155297411167,11.446313915963788,0.24915532966264944
996.2358968100074,11.429368346410016,0.137554117334544
997.9562638788979,11.231218943137993,0.27574231700018526
999.6766309477883,11.033152561249107,0.3143159167124793
1001.3969980166788,10.835156594830217,0.29531159818955116
1003.1173650855693,10.637218442474044,0.20316055098144198
1004.8377321544598,10.694062451731366,0.20387675705007843
1006.5580992233503,11.003409978505992,0.29563199320326344
1008.2784662922408,11.312826027791711,0.31453229169103886
1009.9988333611312,11.622330292319354,0.2759810307362707
1011.7192004300217,11.931942470427124,0.1381932713159959
1013.4395674989122,11.822981389187333,0.2502885408451082
1015.1599345678027,11.640110789814848,0.30949448316694544
1016.8803016366934,11.457349235656718,0.3077013179546365
1018.6006687055839,11.274685094897617,0.24356491907306682
1020.3210357744744,11.149715585607314,0.14582289358761827
1022.0414028433648,11.259271981832192,0.2781048367588963
1023.7617699122553,11.368913184861213,0.31486606951853235
1025.4821369811457,11.47864617278314,0.2943890118574576
1027.2025040500362,11.588477929537103,0.19977955305063333
1028.9228711189267,11.669424354081492,0.21337983247915682
1030.6432381878171,11.726254476531391,0.2990430543269962
1032.3636052567076,11.783199126798134,0.31501125645642913
1034.083972325598,11.840261929111989,0.2737690253556317
1035.8043393944886,11.897073935761387,0.13049707579565897
1037.524706463379,11.842299846878987,0.2554332582284161
1039.24507353227,11.77369641950246,0.3112138382377177
1040.9654406011605,11.705210539371539,0.30718040639549565
1042.685807670051,11.636837847729673,0.24033884684525195
1044.4061747389414,11.56022873374128,0.15877548240890885
1046.126541807832,11.457262948060958,0.28179386931269834
1047.8469088767224,11.354394570276366,0.31514556277154837
1049.567275945613,11.251617053363258,0.29144732826925035
1051.2876430145034,11.148923856045158,0.19046937644286221
1053.0080100833939,11.182186085568642,0.21738553377670317
1054.7283771522843,11.311021582306218,0.30001182310973995
1056.4487442211748,11.439945179441775,0.3139010720441211
1058.1691112900653,11.568965082287512,0.26988702849182006
1059.8894783589558,11.697670769820636,0.12156743302371228
1061.6098454278463,11.794549600808715,0.2589588914295103
1063.3302124967367,11.888841348709558,0.3122490091281479
1065.0505795656272,11.983257972238015,0.30643081278948264
1066.7709466345177,12.07780548052584,0.2371918822971797
1068.4913137034082,12.145839971461477,0.17097338630284736
1070.2116807722987,12.146253933873506,0.2858962432518855
1071.9320478411892,12.146809154884814,0.31661126315789356
1073.6524149100796,12.147505669831133,0.29112660529271095
1075.3727819789701,12.14834352305077,0.1877997443374517
1077.0931490478606,11.929889326261268,0.2125507045263596
1078.813516116751,11.582567140834982,0.23866193015407242
1080.5338831856416,11.235350338267558,0.10670492091725832
1082.2542502545325,11.877254034942549,0.21697069063872945
1083.974617323423,12.500573643583802,0.12181026239885562
1085.6949843923135,12.357084861065996,0.23733389945947747
1087.415351461204,12.172488327849244,0.21989541360584572
1089.1357185300944,12.110253703598367,0.17997659278559627
1090.856085598985,12.281442471827372,0.20586110889893605
1092.5764526678754,12.412767387869916,0.17362116768201655
1094.2968197367659,12.46106446657464,0.24547287704943438
1096.0171868056564,12.509522839943234,0.1838830838831306
1097.7375538745468,12.405301619281108,0.24356734987968715
1099.4579209434373,12.232984855355046,0.3108070684288003
1101.1782880123278,12.060814870001018,0.317515714387575
1102.8986550812183,11.888780705497378,0.26827544117748464
1104.6190221501088,11.726102230136469,0.12667800770968693
1106.3393892189993,11.79224620266531,0.2745426189963851
1108.0597562878897,11.858508903045546,0.31875827642111537
1109.7801233567802,11.924894548550057,0.3078206679122271
1111.5004904256707,11.991407364276334,0.23411979697768082
1113.2208574945612,12.008152912902236,0.20273926688245514
1114.9412245634517,11.945758575545419,0.2975126010985578
1116.6615916323422,11.883492736297843,0.3205958755636847
1118.3819587012326,11.821351432269676,0.2896735154797499
1120.1023257701231,11.75933070848123,0.1785946079938307
1121.8226928390136,11.812895896826983,0.24567463198876022
1123.5430599079045,11.90846867854697,0.3113065237190373
1125.263426976795,12.004167585073525,0.3167902254820697
1126.9837940456855,12.099998707142888,0.26587551112454105
1128.704161114576,12.193762745645145,0.1427378642587956
1130.4245281834665,12.262752535079834,0.279127227574626
1132.144895252357,12.331890997643328,0.3201814326805621
1133.8652623212474,12.4011825336494,0.30690842881253466
1135.585629390138,12.47063155314034,0.23008648746039323
1137.3059964590284,12.591729883491471,0.2107785211861992
1139.0263635279189,12.78158001228578,0.3010385199726133
1140.7467305968094,12.971611834888854,0.32267279677548943
1142.4670976656998,13.161837445841584,0.2913960364162306
1144.1874647345903,13.352268952025273,0.18166191053602002
1145.9078318034808,13.367064081741702,0.25650342702325213
1147.6281988723713,13.331407484629182,0.3159551761148459
1149.3485659412618,13.295967574995863,0.31826444518063884
1151.0689330101523,13.26074209727311,0.2649304289627363
1152.7893000790427,13.215724714416073,0.1590818258497854
1154.5096671479332,13.10012252720269,0.2842360618057253
1156.2300342168237,12.984722307374284,0.3217835748026044
1157.9504012857142,12.869516710313434,0.30590261650545875
1159.6707683546047,12.754498403781504,0.22557221991007265
1161.3911354234951,12.691034357651956,0.2177432740107359
1163.1115024923856,12.685372586668741,0.30300989803682193
1164.831869561276,12.679886386394934,0.3214783853577086
1166.552236630167,12.674575407661411,0.28638284063118685
1168.2726036990575,12.66943931245101,0.1667630195632201
1169.992970767948,12.739804357706012,0.2572758621975462
1171.7133378368385,12.827015170426838,0.3154235864864016
1173.433704905729,12.91441056867075,0.3161709100293534
1175.1540719746195,13.00199611470427,0.2600134722369695
1176.87443904351,13.113723364744146,0.16661972918606924
1178.5948061124004,13.345674823687453,0.2869238872058026
1180.315173181291,13.577843878157111,0.3230986809176426
1182.0355402501814,13.810245304503008,0.30654538626478905
1183.7559073190719,14.042893893872101,0.2259526771174881
1185.4762743879623,14.097705275907163,0.22960290573619527
1187.1966414568528,13.98426953648109,0.30809741629902176
1188.9170085257433,13.871092035813515,0.3237108165904621
1190.6373755946338,13.758165570748385,0.28690421789614134
1192.3577426635243,13.645482954104077,0.16581407860348446
1194.0781097324148,13.571185888169833,0.26502347098548545
1195.7984768013052,13.503262330794936,0.3183706012144405
1197.5188438701957,13.435566398567104,0.31613266996086825
1199.2392109390862,13.36809378298807,0.25686018486361406
1200.9595780079767,13.283956844606694,0.17660694035815422
1202.6799450768672,13.136072301767538,0.2896764872167427
1204.4003121457577,12.988392014333336,0.3222997238370262
1206.1206792146481,12.840906583221496,0.3018095894192672
1207.8410462835386,12.69360662175188,0.21341265298398304
1209.5614133524296,12.514782596718796,0.22856118426704652
1211.28178042132,12.310843902523281,0.3061649704644147
1213.0021474902105,12.1070569422279,0.3196779491538659
1214.722514559101,11.903408745850909,0.2785917695702684
1216.4428816279915,11.699886352238538,0.14138203569061522
1218.163248696882,11.657470726621797,0.2626676729778502
1219.8836157657724,11.632291940712436,0.3156509392770682
1221.603982834663,11.60722170239255,0.3115309091326156
1223.3243499035534,11.582258416070793,0.2474704512012823
1225.044716972444,11.545735843062648,0.17622531188402885
1226.7650840413344,11.474571996549763,0.288671257202329
1228.4854511102249,11.403506659574798,0.3198614399984384
1230.2058181791153,11.332535309182948,0.29664950832868714
1231.9261852480058,11.261653428429685,0.2009881128939361
1233.6465523168963,11.200561305231805,0.22894379744780152
1235.3669193857868,11.146051157850266,0.305422506813123
1237.0872864546773,11.091618611351212,0.3173871702560751
1238.8076535235678,11.037260201391621,0.27344521205487843
1240.5280205924582,10.982972468331969,0.12405362771626878
1242.2483876613487,10.96418393977353,0.2645166848423132
1243.9687547302392,10.947469919841982,0.3153215912870296
1245.6891217991297,10.930820862129842,0.3088948960503644
1247.4094888680202,10.914235707011429,0.2406929743129645
1249.1298559369106,10.904665090176081,0.1809262654694146
1250.8502230058011,10.9118616192663,0.2898816717481627
1252.570590074692,10.919120844291523,0.31916655319167025
1254.2909571435825,10.926443227265455,0.293677662484792
1256.011324212473,10.933829234213334,0.19278290676323173
1257.7316912813635,10.977894059536261,0.24523849666031852
1259.452058350254,11.042499845415087,0.35266710966612586
1261.1724254191445,11.107176641672906,0.41749416499329733
1262.892792488035,11.171928564659403,0.4581882730792749
1264.6131595569254,11.236759735484487,0.4809246403516654
1266.333526625816,11.301674280335357,0.48822419235497777
1268.0538936947064,11.366676330666028,0.48079242039428866
1269.7742607635969,11.431770023528863,0.45791062974945923
1271.4946278324874,11.496959501804852,0.4170368973362822
1273.2149949013778,11.562248914459179,0.35194478787481526
1274.9353619702683,11.627642416826378,0.24393745444355594
1276.6557290391588,11.68742637638405,0.17565317090897237
1278.3760961080493,11.735023570386574,0.287117273796823
1280.0964631769398,11.782735850320442,0.31605236259257036
1281.8168302458303,11.830566252811895,0.2884731886949537
1283.5371973147207,11.878517822023914,0.1800420464980229
1285.2575643836112,11.92478790282648,0.23012582139484772
1286.9779314525017,11.970274967832308,0.30428826129049197
1288.6982985213922,12.015892091286503,0.31331506393998443
1290.4186655902827,12.061642176495203,0.2639777698384789
1292.1390326591732,12.109955345826616,0.1185011472478299
1293.8593997280636,12.209528628394416,0.26621253674839074
1295.5797667969546,12.310990336861838,0.3141488853865883
1297.300133865845,12.4126037885507,0.3042452137946703
1299.0205009347355,12.514375450627558,0.22911665007262377
1300.740868003626,12.614292666950112,0.18759675654939334
1302.4612350725165,12.710789336670405,0.2914744384321163
1304.181602141407,12.807463194741363,0.31773806810653926
1305.9019692102975,12.904320393950092,0.2884389214865917
1307.622336279188,13.001367098765705,0.1779646629355667
1309.3427033480784,13.005739285444848,0.239112029189619
1311.063070416969,12.971889381593197,0.30794289954259174
1312.7834374858594,12.938233283750115,0.3143581030208917
1314.5038045547499,12.904768849893095,0.26296794769477255
1316.2241716236404,12.879555434676515,0.12936047875572934
1317.9445386925308,12.960026518735292,0.2721475529075925
1319.6649057614213,13.04242495153051,0.3163305332702239
1321.3852728303118,13.125021679571063,0.30400792146132805
1323.1056398992023,13.20782195970041,0.22611893898514293
1324.8260069680928,13.182876596625677,0.19780887283885823
1326.5463740369833,12.99780573990317,0.29476049876559185
1328.2667411058737,12.81293033863803,0.3176302410747958
1329.9871081747642,12.62823862647508,0.2848641270942858
1331.7074752436547,12.443718848743627,0.16629650742793084
1333.4278423125452,12.406900630154668,0.2419994302069205
1335.1482093814357,12.41944957542257,0.30825266505196236
1336.8685764503261,12.43215716677361,0.3124175697058217
1338.588943519217,12.445024212992376,0.25752568682472665
1340.3093105881076,12.431249650577085,0.13118543495517565
1342.029677656998,12.182816207390369,0.27369474512810044
1343.7500447258885,11.93332031762861,0.3149899937199192
1345.470411794779,11.683952134352634,0.2990617180675379
1347.1907788636695,11.434695786566596,0.2134571823463183
1348.91114593256,11.308727893024168,0.19651289797015778
1350.6315130014505,11.336559749000886,0.29336172100829233
1352.351880070341,11.364481330746688,0.31500378794470446
1354.0722471392314,11.392494415327622,0.2794987158915318
1355.792614208122,11.420600785626817,0.15077189042379038
1357.5129812770124,11.443774580173868,0.24351628262862865
1359.2333483459029,11.465727717841714,0.30772698400797244
1360.9537154147934,11.487778802152272,0.3096076002044311
1362.6740824836838,11.509929236541975,0.25056612644194554
1364.3944495525743,11.487505407987022,0.13331911563631846
1366.1148166214648,11.190948781519333,0.2744532253628297
1367.8351836903553,10.894420157841642,0.3137577641734201
1369.5555507592458,10.597953120041398,0.2951483386746034
1371.2759178281362,10.301528799523892,0.20329168664411598
1372.9962848970267,10.081280886455415,0.19920279814864478
1374.7166519659172,9.941130829778084,0.29324850464683805
1376.4370190348077,9.800981687054183,0.312294296840534
1378.1573861036982,9.66082453852178,0.2725505787838005
1379.8777531725887,9.520650463898356,0.12750309186200104
1381.5981202414796,9.57084840463154,0.24281143082128587
1383.31848731037,9.658673029315437,0.30600152255638163
1385.0388543792606,9.746480590981143,0.3057833410744505
1386.759221448151,9.834276678125491,0.24198536437450074
1388.4795885170415,9.896094078138733,0.1351953640194006
1390.199955585932,9.841493871890881,0.2745370268932327
1391.9203226548225,9.786888238226183,0.312547648310863
1393.640689723713,9.732273701769913,0.29194147971975665
1395.3610567926034,9.677646786606338,0.19493279186414156
1397.081423861494,9.647762260450243,0.20443918022435925
1398.8017909303844,9.639823005252026,0.2947848690771155
1400.522157999275,9.631865487326964,0.3117407180106179
1402.2425250681654,9.623889200223514,0.2695375025323497
1403.9628921370559,9.616070727277492,0.1161547890444245
1405.6832592059463,9.733312491561508,0.24771218168219994
1407.4036262748368,9.868242993112402,0.3075107351225654
1409.1239933437273,10.00316976968838,0.30502722082642214
1410.8443604126178,10.138101408674384,0.23832162587064473
1412.5647274815083,10.222122671347412,0.14848671784041906
1414.2850945503988,10.130679569479915,0.2782258137556176
1416.0054616192892,10.039249445359175,0.3131405849219669
1417.7258286881797,9.947826479943215,0.2898203397270132
1419.4461957570702,9.856404854618626,0.18767640735194688
1421.1665628259607,9.740409599475534,0.21072614540879708
1422.8869298948512,9.606050218207379,0.29658918314209454
1424.607296963742,9.471670424752793,0.3108824856715319
1426.3276640326326,9.337261666540348,0.2654355813935456
1428.048031101523,9.204846385320835,0.10333634849625684
1429.7683981704135,9.298451723704297,0.2510507596408472
1431.488765239304,9.414079235711219,0.3079288581579143
1433.2091323081945,9.52967411757671,0.30290257724459535
1434.929499377085,9.645243726306791,0.2319807559601702
1436.6498664459755,9.753198641760923,0.15202569621151713
1438.370233514866,9.840332631648067,0.23994838624248588
1440.0906005837564,9.927461120204102,0.18174575735452478
1441.810967652647,9.922372097036838,0.2019132261510292
1443.5313347215374,9.864032930079173,0.16945524272857174
1445.251701790428,9.801064819384,0.20437222039484174
1446.9720688593184,9.735192625067112,0.23566328383267166
1448.6924359282089,9.66930823781304,0.10079842272769059
1450.4128029970993,9.507577994130404,0.2116187027943414
1452.1331700659898,9.353311251493837,0.09660228206633324
1453.8535371348803,9.606095582922832,0.2302591043949993
1455.5739042037708,9.884774624379169,0.21638767477904808
1457.2942712726613,10.056153004591616,0.1830919556520515
1459.0146383415517,10.008651535415094,0.28997466399459654
1460.7350054104422,9.961155277518788,0.3175531134761041
1462.4553724793327,9.913661208042898,0.2894666682773346
1464.1757395482232,9.866166304218336,0.18147694579913778
1465.8961066171137,9.9333551315984,0.23400863936782057
1467.6164736860046,10.055400746932428,0.30620566221972434
1469.336840754895,10.177454548907363,0.3146702466305658
1471.0572078237856,10.299524305616544,0.2655706137125221
1472.777574892676,10.42005807682052,0.10971616645111973
1474.4979419615665,10.477062068318686,0.26970081663605755
1476.218309030457,10.534101083013613,0.31591772539058366
1477.9386760993475,10.59117875114605,0.30535383371604663
1479.659043168238,10.648298705414168,0.23032091372638777
1481.3794102371285,10.572480552396758,0.19301974156558155
1483.099777306019,10.271679181929555,0.29309947041552753
1484.8201443749094,9.970899763100096,0.317391516976411
1486.5405114438,9.670123152869346,0.28592065786824034
1488.2608785126904,9.3693302083577,0.17012409732127703
1489.9812455815809,9.401554352218136,0.23706690241061684
1491.7016126504714,9.56393385668617,0.30671626631624244
1493.4219797193618,9.726290268486157,0.31311043867456695
1495.1423467882523,9.888633920745585,0.2609435984176922
1496.8627138571428,10.039813714387769,0.1211335102594953
1498.5830809260333,10.034230734706803,0.2722364856729737
1500.3034479949238,10.0286545943172,0.31584692533337727
1502.0238150638143,10.0230849383142,0.30268727233028914
1503.7441821327047,10.017521412218029,0.22291600585340943
1505.4645492015952,10.005717513215512,0.19765354579066177
1507.1849162704857,9.985076125922168,0.29460868862372824
1508.9052833393762,9.96443844947349,0.31735940060865336
1510.6256504082671,9.94380317038919,0.2843212933976541
1512.3460174771576,9.923168975342955,0.16478484420599035
1514.066384546048,9.842069339639414,0.2437519817739286
1515.7867516149386,9.742023524616885,0.3087242523068567
1517.507118683829,9.641965951404023,0.311968988289819
1519.2274857527195,9.541890251850743,0.2558466306642977
1520.94785282161,9.441273870570836,0.13007210282438375
1522.6682198905005,9.33640589673929,0.27420368984532345
1524.388586959391,9.231500349261493,0.31532486668948495
1526.1089540282815,9.126550551436523,0.29941818190104524
1527.829321097172,9.021549823758976,0.21412520257185122
1529.5496881660624,8.9556263646672,0.20103332648194217
1531.270055234953,8.936238668071184,0.2951096251661578
1532.9904223038434,8.916787929252223,0.31568567408162435
1534.7107893727339,8.897272910280881,0.2795010908040996
1536.4311564416244,8.877692369124308,0.1499148185860773
1538.1515235105148,8.909554384739945,0.2457018840585539
1539.8718905794053,8.953910042783445,0.30866131614462394
1541.5922576482958,8.998203783302356,0.3099434019729799
1543.3126247171863,9.042438425361192,0.2504973667893576
1545.0329917860768,9.062001113543829,0.1390942816504741
1546.7533588549672,8.94362265103497,0.2764250547777521
1548.4737259238577,8.825181616263366,0.31514636488748604
1550.1940929927482,8.706670471067916,0.2967697962373434
1551.9144600616387,8.588081672832036,0.20657490193886352
1553.6348271305296,8.436405795519345,0.2062031557879501
1555.35519419942,8.251498907030406,0.29633986342665175
1557.0755612683106,8.066485396195263,0.3143303102248962
1558.795928337201,7.8813534878540255,0.27473846869067853
1560.5162954060916,7.6960913993327384,0.13358302265000405
1562.236662474982,7.7403654170028595,0.24779060540814762
1563.9570295438725,7.826152028343181,0.30843907075767957
1565.677396612763,7.911804946198572,0.30736581572073635
1567.3977636816535,7.997329621950838,0.24375657689971894
1569.118130750544,8.04552904682327,0.14488180866434835
1570.8384978194345,7.939038961919456,0.2776205380417639
1572.558864888325,7.832422368210471,0.31419539350034204
1574.2792319572154,7.7256724801003145,0.2931433020697372
1575.999599026106,7.618782503512583,0.1967553273961204
1577.7199660949964,7.556439227633664,0.20959983708039187
1579.4403331638869,7.531788346769423,0.2970384196748419
1581.1607002327773,7.506985037706188,0.31311572133021426
1582.8810673016678,7.482027721845529,0.27085694677508787
1584.6014343705583,7.456914810775639,0.11912863711359238
1586.3218014394488,7.6763340738916686,0.251535937634466
1588.0421685083393,7.926162501176044,0.30953196069526184
1589.7625355772298,8.175863600139525,0.3065975278063112
1591.4829026461202,8.425453262950775,0.2405117372035708
1593.2032697150107,8.618500153520245,0.15803794852940056
1594.9236367839012,8.62923421703404,0.2817109089524923
1596.6440038527921,8.639885699092538,0.3155072095542438
1598.3643709216826,8.650455277601687,0.2924592634847043
1600.084737990573,8.660943625265931,0.19318471331136797
1601.8051050594636,8.708140686755048,0.2186881371954461
1603.525472128354,8.781465532163944,0.30059870914800896
1605.2458391972445,8.854717484845889,0.3142537870218967
1606.966206266135,8.927901206911168,0.27021142637556184
1608.6865733350255,9.001021356123484,0.11458336490795898
1610.406940403916,8.989149359056274,0.2585574832438398
1612.1273074728065,8.970973035170648,0.3119847703863687
1613.847674541697,8.952735879728477,0.30614052602593067
1615.5680416105874,8.93443673203018,0.23667198108921422
1617.288408679478,8.915385583512805,0.17253693949020302
1619.0087757483684,8.89449006166215,0.3158027674011796
1620.729142817259,8.873528840508746,0.3940132100013277
1622.4495098861494,8.85250058598174,0.44308937468415627
1624.1698769550399,8.8314039597416,0.4722152046917493
1625.8902440239303,8.810237619098425,0.4850053745532096
1627.6106110928208,8.789000216922602,0.4827632465658159
1629.3309781617113,8.767690401566925,0.4652709574000531
1631.0513452306018,8.746306816766017,0.430669393169236
1632.7717122994923,8.724848101574779,0.37423207659353397
1634.4920793683827,8.70331289024962,0.28317143534198
1636.2124464372732,8.682476133880696,0.094101516364283
1637.9328135061637,8.700430408145248,0.25327367455591776
1639.6531805750546,8.720987036963935,0.3077477114210697
1641.3735476439451,8.741466923917908,0.3002824994770956
1643.0939147128356,8.761871372441917,0.22478695574280105
1644.814281781726,8.766898543966228,0.1587441168593217
1646.5346488506166,8.736569185936888,0.2805060279206639
1648.255015919507,8.706164077760963,0.3115063745190149
1649.9753829883975,8.675681284316582,0.28330572867139325
1651.695750057288,8.645118865524793,0.16839567955816184
1653.4161171261785,8.728011722261176,0.2182739617951645
1655.136484195069,8.871956981185765,0.2985375570182713
1656.8568512639595,9.015835106686993,0.30915651054752286
1658.57721833285,9.15965525587687,0.2588520628363176
1660.2975854017404,9.292456139076961,0.09608985280964005
1662.017952470631,9.145094317808987,0.2584189481629992
1663.7383195395214,8.985962023749643,0.3090970376697925
1665.4586866084119,8.82676985211355,0.29880439615111737
1667.1790536773024,8.66750767113642,0.21910733728713352
1668.8994207461928,8.577568809004617,0.16761914983366172
1670.6197878150833,8.619294876452066,0.28306529931481644
1672.3401548839738,8.6609377298556,0.3114754079649897
1674.0605219528643,8.702500019559025,0.2806659541527721
1675.7808890217548,8.743984390788015,0.1593444800872032
1677.5012560906453,8.746391791573128,0.22386627467096643
1679.2216231595357,8.73140824557624,0.30001450290675474
1680.9419902284262,8.71634862096493,0.30789503163998244
1682.6623572973172,8.701211959278542,0.25394738474091044
1684.3827243662076,8.688177826552277,0.0940298100075535
1686.1030914350981,8.708407160839528,0.26119797616248314
1687.8234585039886,8.729288114116123,0.3094601719033292
1689.543825572879,8.750092853847136,0.2970404413858111
1691.2641926417696,8.770822704142507,0.21359949100095205
1692.98455971066,8.751699920204349,0.1766422725717009
1694.7049267795505,8.669636312915618,0.28572040983824176
1696.425293848441,8.587492695553475,0.31132194990994716
1698.1456609173315,8.505263840098827,0.27760042418788267
1699.866027986222,8.422944513115905,0.14850257162072827
1701.5863950551125,8.337194115936644,0.22860358427575936
1703.306762124003,8.250140253302654,0.30101392053592374
1705.0271291928934,8.162979681849862,0.30611342641440303
1706.747496261784,8.07570685425063,0.24808977280455533
1708.4678633306744,8.001434738688971,0.09438295195547058
1710.1882303995649,8.058425887886415,0.26322364339438015
1711.9085974684554,8.11639803862468,0.30922913775614125
1713.6289645373458,8.174254968544357,0.2944582903405684
1715.3493316062363,8.232000359935974,0.206236494507189
1717.0696986751268,8.195450285128594,0.18312773274278366
1718.7900657440173,8.03396103064513,0.28737266506734344
1720.5104328129078,7.872351308648952,0.3103434160660301
1722.2307998817982,7.710610833527824,0.27336646416214544
1723.9511669506887,7.54872931133167,0.13351448328811003
1725.6715340195797,7.530546784410255,0.2318347475495976
1727.3919010884701,7.5533651475317,0.3015397216561467
1729.1122681573606,7.576032455710489,0.3044643509763728
1730.832635226251,7.5985501515990705,0.24303253530273752
1732.5530022951416,7.6127717358576845,0.10378953124110515
1734.273369364032,7.5704351835141495,0.2660575010301785
1735.9937364329226,7.527882492460051,0.3090888505510679
1737.714103501813,7.485177124628166,0.2913117047632668
1739.4344705707035,7.442316362025167,0.19688486984805786
1741.154837639594,7.509797338532344,0.18766328337341215
1742.8752047084845,7.700459161043611,0.2886984482833341
1744.595571777375,7.890979290373949,0.3100616125806286
1746.3159388462655,8.081369852155369,0.27128397127388665
1748.036305915156,8.271642963751447,0.12534521665660675
1749.7566729840464,8.423228505485675,0.2385659221521405
1751.477040052937,8.566252610716056,0.3040942337820093
1753.1974071218274,8.709190126033477,0.3048292259746842
1754.9177741907179,8.852050148669797,0.24136378170561096
1756.6381412596083,8.968436107704612,0.12559511583832886
1758.3585083284988,8.953581195290674,0.27177343543122884
1760.0788753973893,8.938664344419522,0.3113440658600057
1761.7992424662798,8.923684605712353,0.29155272058457876
1763.5196095351703,8.90864102578604,0.19509317539573712
1765.2399766040608,8.88983260581525,0.19994745337486663
1766.9603436729512,8.86747465579132,0.29292144303774087
1768.6807107418422,8.845049287076023,0.31073807634684875
1770.4010778107327,8.822555072407667,0.2687885099882457
1772.1214448796231,8.800004898730208,0.11359950990675147
1773.8418119485136,8.825470043124803,0.24374086982240958
1775.562179017404,8.858545180821622,0.30548001201357067
1777.2825460862946,8.891552331511257,0.30352907130145884
1779.002913155185,8.924493595930826,0.23631522866503746
1780.7232802240756,8.917948324549712,0.136836862246398
1782.443647292966,8.76309832945384,0.27445850029200897
1784.1640143618565,8.608174272657926,0.311094738233998
1785.884381430747,8.453166294041786,0.2882484893845533
1787.6047484996375,8.298064528163117,0.1850560695187223
1789.325115568528,8.234858080260402,0.20407881314884616
1791.0454826374184,8.244542600493062,0.293866223633475
1792.765849706309,8.254120055630807,0.3095808603551644
1794.4862167751994,8.263591055238003,0.264762971907183
1796.20658384409,8.27169048336161,0.09966107285514963
1797.9269509129804,8.054514193573738,0.2243889101355688
1799.6473179818709,7.812073561994964,0.2154788387479319
1801.3676850507613,7.835667024374878,0.15319878298462952
1803.0880521196518,8.572999603366362,0.20182758254795574
1804.8084191885423,9.001677175657512,0.1455009362813295
1806.5287862574328,8.517222765188244,0.23733394681238015
1808.2491533263233,8.032678644318622,0.17655968095451438
1809.9695203952137,8.104112866159305,0.1960452336985239
1811.6898874641047,8.517576388546843,0.16761715271927893
1813.4102545329952,8.647093499769483,0.19980006585286492
1815.1306216018857,8.587363381128924,0.2341476908512278
1816.8509886707761,8.527548016168296,0.09813209831493828
1818.5713557396666,8.703101469605308,0.2609786380623747
1820.291722808557,8.886713155454288,0.3126407030216575
1822.0120898774476,9.07025864704174,0.30547629799092774
1823.732456946338,9.253749626094738,0.23414397379168506
1825.4528240152285,9.374937566391061,0.17841396212009233
1827.173191084119,9.36013107081724,0.28824329368110435
1828.8935581530095,9.345288511574232,0.3168139226102946
1830.6139252219,9.330408944012,0.2893035403333191
1832.3342922907905,9.315491421128662,0.18181414127065626
1834.054659359681,9.294200660144561,0.23049340373397628
1835.7750264285714,9.269629757298453,0.3045265798000109
1837.495393497462,9.24501703085079,0.31359400140608396
1839.2157605663524,9.220360914325873,0.26446723007343914
1840.9361276352429,9.194694331501843,0.09473752693359079
1842.6564947041334,9.063929159681571,0.2659378152569448
1844.3768617730238,8.93310907247222,0.3136771345204874
1846.0972288419143,8.80222574386768,0.30330432382218353
1847.8175959108048,8.671270843817425,0.22698413309755208
1849.5379629796953,8.557857981631095,0.1833350857842527
1851.2583300485862,8.476151086533726,0.2893100014623432
1852.9786971174767,8.394351867027517,0.31551700587260456
1854.6990641863672,8.312455117017556,0.28489980896822825
1856.4194312552577,8.230455624208105,0.16895667310564172
1858.1397983241482,8.317442424200117,0.23275156098043637
1859.8601653930386,8.4753833002393,0.30471893407216144
1861.5805324619291,8.63323180300447,0.3119734253876543
1863.3008995308196,8.790997978731909,0.2599919156223899
1865.02126659971,8.93705597207429,0.10879602291755101
1866.7416336686006,8.869248132146055,0.2688626500806706
1868.462000737491,8.801372986400388,0.31398233415661386
1870.1823678063815,8.733426214935974,0.3012251885896266
1871.902734875272,8.665403493297134,0.2207719429628306
1873.6231019441625,8.592280283310679,0.19003584468968668
1875.343469013053,8.511514120842143,0.29136221062810047
1877.0638360819435,8.430657884643054,0.3152944060038414
1878.784203150834,8.3497064286205,0.28226440174418144
1880.5045702197244,8.268654600656149,0.160233589117039
1882.224937288615,8.28984752960001,0.23789099590159823
1883.9453043575054,8.345669924644561,0.30608991663880586
1885.6656714263959,8.401391690827026,0.31069785235674763
1887.3860384952868,8.4570163745638,0.255184648167477
1889.1064055641773,8.497928036045181,0.120098636645801
1890.8267726330678,8.398052954985339,0.2713310836807684
1892.5471397019583,8.298080578980915,0.3138663478101614
1894.2675067708487,8.198004545300734,0.2985039387350526
1895.9878738397392,8.097818484633791,0.21306269838072944
1897.7082409086297,8.056900919261174,0.1950734224154762
1899.4286079775202,8.090946157985535,0.29281319961391694
1901.1489750464107,8.124874556001984,0.3147952618652195
1902.8693421153012,8.158688272691606,0.27951118322066315
1904.5897091841916,8.19238946010492,0.15108132024629545
1906.3100762530821,8.193338588648857,0.24292493577335272
1908.0304433219726,8.18545508405429,0.30747029575597973
1909.750810390863,8.177460753762439,0.3095047426160592
1911.4711774597536,8.16935508897555,0.2505562866161726
1913.191544528644,8.15758848059896,0.13144793784620662
1914.9119115975345,8.123283440259456,0.27418521197974016
1916.632278666425,8.08886361732116,0.3142706070988887
1918.3526457353155,8.054326821133564,0.29673223224307926
1920.073012804206,8.019670853618692,0.2074290525733741
1921.7933798730965,7.981779343402174,0.2025562548409869
1923.513746941987,7.940445853631978,0.2951002216329286
1925.2341140108774,7.898985944594152,0.31429090880812816
1926.954481079768,7.857396977584877,0.27589113303763413
1928.6748481486584,7.815676305680633,0.1381658315598143
1930.3952152175493,7.899064466168831,0.2464856556017135
1932.1155822864398,8.007677085693864,0.308215136571573
1933.8359493553303,8.11616756486115,0.30803575632762664
1935.5563164242208,8.224542808545678,0.24581196180910322
1937.2766834931112,8.289390941861932,0.14216162829928564
1938.9970505620017,8.155192193106814,0.27695088136387597
1940.7174176308922,8.02088069257411,0.3143451527654696
1942.4377846997827,7.886447892035363,0.29419179256113076
1944.1581517686732,7.75188523554543,0.19976605240083306
1945.8785188375637,7.725187511520652,0.20798812420861995
1947.5988859064541,7.7954229684734955,0.2967559158506681
1949.3192529753446,7.865522776208522,0.31382607224831993
1951.039620044235,7.935491396209905,0.27300165449345243
1952.7599871131256,8.005333281624424,0.12722921742136944
1954.480354182016,8.066270412136475,0.25123262279996017
1956.2007212509066,8.125824779244738,0.30957584763197565
1957.921088319797,8.185264525498788,0.3070032905251897
1959.6414553886875,8.244593433924223,0.24157580965699557
1961.361822457578,8.286749589174129,0.15333599033112605
1963.0821895264685,8.268875477234303,0.280226279013419
1964.802556595359,8.250895848868659,0.31505327956993184
1966.5229236642494,8.232809559770054,0.29276715740586257
1968.24329073314,8.214615458835233,0.19464181805964884
1969.9636578020304,8.264652300781641,0.2157697602228897
1971.684024870921,8.366314448695377,0.2995129324804966
1973.4043919398118,8.467877281670717,0.3140653299312552
1975.1247590087023,8.569347263654883,0.2708246052984736
1976.8451260775928,8.670730852687932,0.11759406511834654
1978.5654931464833,8.688266090140864,0.286997016850756
1980.2858602153738,8.69810726041667,0.4037219688280425
1982.0062272842642,8.707870232646123,0.49227977662274935
1983.7265943531547,8.717555628190823,0.5660665503423818
1985.4469614220452,8.727164063474234,0.6303072202172807
1987.1673284909357,8.736696150028799,0.6876965188315247
1988.8876955598262,8.746152494516416,0.7398435823785857
1990.6080626287167,8.755533698789229,0.7878021431017893
1992.3284296976071,8.764840359906913,0.8323077703543307
1994.0487967664976,8.774073070196849,0.8738986821208173
1995.769163835388,8.783232417266333,0.912983202830488
1997.4895309042786,8.792318984064408,0.949880134889259
1999.209897973169,8.80133334890094,0.9848442674587182
2000.9302650420595,8.810276085497556,1.018083214501557
2002.65063211095,8.819147763010022,1.0497689370057584
2004.3709991798405,8.827948946077214,1.0800458694681139
2006.091366248731,8.836680194846707,1.1090368007529068
2007.8117333176215,8.845342065016418,1.1368472252983062
2009.532100386512,8.853935107871045,1.1635686253518829
2011.2524674554024,8.862459870314215,1.1892809892741305
2012.972834524293,8.870916894897235,1.2140547730288496
2014.6932015931834,8.879306719876794,1.237952448649688
2016.4135686620743,8.88762987920942,1.2610297414998068
2018.1339357309648,8.895886902628007,1.2833366297101727
2019.8543027998553,8.90407831564989,1.304918159541903
2021.5746698687458,8.912204639610067,1.32581511660828
2023.2950369376363,8.920266391714566,1.346064583025004
2025.0154040065268,8.92826408504381,1.3657004034026505
2026.7357710754172,8.936198228619787,1.3847535773377426
2028.4561381443077,8.94406932739631,1.4032525921471655
2030.1765052131982,8.951877882345592,1.4212237066470965
2031.8968722820887,8.959624390421542,1.4386911945390215
2033.6172393509792,8.967309344666447,1.4556775542462959
2035.3376064198696,8.974933234173776,1.4722036907123475
2037.0579734887601,8.982496544177451,1.4882890736303087
2038.7783405576506,8.989999756033228,1.5039518757534143
2040.498707626541,8.99744334728813,1.5192090942843097
2042.2190746954316,9.004827791682722,1.5340766578209255
2043.939441764322,9.012153559204563,1.5485695209177537
2045.6598088332125,9.019421116090285,1.5627017479823135
2047.380175902103,9.026630924896164,1.5764865879504797
2049.1005429709935,9.033783444477539,1.5899365409582074
2050.820910039884,9.040879130063182,1.6030634180410808
2052.5412771087745,9.047918433249336,1.615878394739074
2054.261644177665,9.05490180206025,1.6283920593559222
2055.9820112465554,9.061829680942378,1.640614456515583
2057.702378315446,9.06870251082357,1.652555126568642
2059.422745384337,9.075520729122399,1.664223141326014
2061.1431124532273,9.082284769788618,1.675627136533459
2062.863479522118,9.088995063308111,1.68677534144636
2064.5838465910083,9.09565203675858,1.6976756058179756
2066.304213659899,9.102256113831636,1.7083354245750926
2068.0245807287893,9.108807714832718,1.718761960421167
2069.7449477976797,9.115307256743922,1.7289620645780033
2071.46531486657,9.121755153216263,1.7389422958519676
2073.1856819354607,9.128151814640905,1.7487089381890488
2074.906049004351,9.134497648114674,1.758268016864279
2076.6264160732417,9.140793057534378,1.767625313434661
2078.346783142132,9.147038443553324,1.776786379570485
2080.0671502110226,9.153234203674739,1.7857565498674455
2081.787517279913,9.159380732210455,1.7945409537310333
2083.5078843488036,9.165478420370931,1.8031445264150727
2085.228251417694,9.171527656229301,1.8115720192878306
2086.9486184865846,9.177528824792901,1.8198280093916428
2088.668985555475,9.183482308006496,1.8279169083554319
2090.3893526243655,9.189388484776902,1.835842970713623
2092.109719693256,9.195247731002816,1.8436103016797971
2093.8300867621465,9.20106041959184,1.8512228644187882
2095.550453831037,9.206826920494937,1.858684486856837
2097.2708208999275,9.212547600716832,1.8659988680657293
2098.991187968818,9.218222824354491,1.8731695842535745
2100.7115550377084,9.223852952596435,1.8802000943919357
2102.4319221065994,9.22943834378037,1.8870937455063928
2104.15228917549,9.234979353389178,1.8938537776552298
2105.8726562443803,9.240476334068262,1.9004833286188523
2107.593023313271,9.245929635684547,1.9069854383205451
2109.3133903821613,9.251339605301347,1.9133630529975243
2111.0337574510518,9.256706587243585,1.9196190291396087
2112.7541245199423,9.26203092308408,1.9257561372114562
2114.4744915888327,9.267312951699232,1.9317770651729977
2116.194858657723,9.272553009252196,1.9376844218115512
2117.9152257266137,9.277751429255009,1.9434807398980276
2119.635592795504,9.282908542551155,1.9491684791786799
2121.3559598643947,9.28802467737032,1.9547500292129654
2123.076326933285,9.293100159325949,1.9602277120672904
2124.7966940021756,9.298135311445321,1.9656037848736745
2126.517061071066,9.30313045419048,1.9708804422617
2128.2374281399566,9.308085905477448,1.9760598186715024
2129.957795208847,9.313001980694327,1.9811439905550003
2131.6781622777376,9.317878992720317,1.9861349784720375
2133.398529346628,9.322717251960686,1.991034749087648
2135.1188964155185,9.32751706633394,1.9958452170762215
2136.839263484409,9.33227874133572,2.000568246937937
2138.5596305532995,9.33700258001014,2.005205654732478
2140.27999762219,9.341688883014559,2.009759209734695
2142.0003646910804,9.34633794860019,2.014230636016571
2143.720731759971,9.350950072664975,2.018621613959566
2145.441098828862,9.355525548736757,2.022933781701129
2147.1614658977524,9.360064668025554,2.027168736518943
2148.881832966643,9.364567719426063,2.0313280361562382
2150.6022000355333,9.369034989525456,2.035413200091269
2152.322567104424,9.373466762653592,2.0394257107538936
2154.0429341733143,9.377863320860762,2.0433670146919916
2155.7633012422048,9.382224943968101,2.0472385236902886
2157.4836683110952,9.386551909569972,2.051041615844
2159.2040353799857,9.390844493055496,2.0547776365895714
2160.924402448876,9.395102967625132,2.0584478996946385
2162.6447695177667,9.399327604311047,2.062053688209222
2164.365136586657,9.403518671986124,2.0655962553800404
2166.0855036555477,9.40767643739037,2.069076825529726
2167.805870724438,9.41180116514778,2.072496594902617
2169.5262377933286,9.415893117770462,2.0758567324787136
2171.246604862219,9.41995255569476,2.0791583807572818
2172.9669719311096,9.42397973727797,2.0824026565115257
2174.687339,9.42797491883596,2.085590651515647
