-197.698849,9.06447064114,0.282940835024
-195.978481931,9.02544657719,0.213410108604
-194.258114862,8.95851685649,0.196374182638
-192.537747793,8.86367599175,0.217542990325
-190.817380724,8.74092529738,0.232725349598
-189.097013656,8.62935913262,0.216432814776
-187.376646587,8.56575073514,0.197360710603
-185.656279518,8.55009488995,0.198013194934
-183.935912449,8.58239031349,0.21325958114
-182.21554538,8.66736172857,0.21719584962
-180.495178311,8.73356250143,0.20049910293
-178.774811242,8.7569705298,0.191854371586
-177.054444173,8.7375877328,0.20248551812
-175.334077104,8.67207853152,0.21441782599
-173.613710036,8.54606355628,0.207928963301
-171.893342967,8.45091755542,0.19143758704
-170.172975898,8.39317563298,0.191942054589
-168.452608829,8.37283305495,0.20744200522
-166.73224176,8.41413543543,0.21323825363
-165.011874691,8.49132902916,0.19888382539
-163.291507622,8.5221377389,0.187019425425
-161.571140553,8.5065640905,0.196101390311
-159.850773484,8.44460680716,0.21057972802
-158.130406416,8.27951700496,0.208570248523
-156.410039347,8.11199046034,0.191265297848
-154.689672278,7.98495482859,0.187108473312
-152.969305209,7.89839969462,0.202150586983
-151.24893814,7.86394178412,0.210888558517
-149.528571071,7.97332813553,0.201434906234
-147.808204002,8.13820525465,0.186348253382
-146.087836933,8.35269050841,0.191401311768
-144.367469864,8.61680148155,0.208868919624
-142.647102796,8.87370507203,0.211194110117
-140.926735727,8.99611272019,0.195043314497
-139.206368658,9.00395688557,0.18513319808
-137.486001589,8.89723821128,0.197393374915
-135.76563452,8.67605916664,0.211698659898
-134.045267451,8.44348979583,0.207080841126
-132.324900382,8.29055318046,0.189316744922
-130.604533313,8.21740968063,0.187126753142
-128.884166244,8.22405329961,0.203748964042
-127.163799175,8.30475378067,0.211334696262
-125.443432107,8.39596248845,0.200225411783
-123.723065038,8.47093448505,0.185766730057
-122.002697969,8.52930735969,0.192387291293
-120.2823309,8.57108589812,0.209905337102
-118.561963831,8.59617039969,0.210607994459
-116.841596762,8.615848655,0.194005138447
-115.121229693,8.63720451203,0.185782874422
-113.400862624,8.66023972166,0.19943762735
-111.680495555,8.68500765714,0.212918402774
-109.960128487,8.72275599435,0.206531623894
-108.239761418,8.78841271272,0.189186076321
-106.519394349,8.88326523322,0.189155042617
-104.79902728,9.0073213324,0.207095295596
-103.078660211,9.15884791114,0.214171778633
-101.358293142,9.29206183132,0.201208788292
-99.6379260732,9.34697985177,0.18703820718
-97.9175590044,9.32243484414,0.194744713589
-96.1971919355,9.21842479608,0.212601024405
-94.4768248666,9.03520877855,0.212612732978
-92.7564577977,8.88743180987,0.195185625767
-91.0360907288,8.83663897129,0.187497868508
-89.3157236599,8.88282609856,0.201659763162
-87.595356591,9.02662872141,0.215046938462
-85.8749895221,9.28195043368,0.207917958537
-84.1546224532,9.47196183751,0.190417117301
-82.4342553843,9.56588409903,0.190728675551
-80.7138883154,9.56372491851,0.208576470678
-78.9935212466,9.44521071861,0.215453773073
-77.2731541777,9.19908511876,0.201895247376
-75.5527871088,8.99912378826,0.187967175193
-73.8324200399,8.84767279505,0.195701455936
-72.112052971,8.74471972231,0.212779023074
-70.3916859021,8.77568882555,0.212240196617
-68.6713188332,8.9133531518,0.194971093329
-66.9509517643,9.06951746916,0.188305935974
-65.2305846954,9.24419458087,0.202870540586
-63.5102176265,9.4330846953,0.215484341727
-61.7898505577,9.46836594461,0.207703146678
-60.0694834888,9.42455941716,0.190529416807
-58.3491164199,9.32476608083,0.191474492536
-56.628749351,9.16897775398,0.208952526411
-54.9083822821,8.9976470561,0.214753657371
-53.1880152132,8.94573099952,0.201028364204
-51.4676481443,8.91774442072,0.188376652144
-49.7472810754,8.91299436614,0.196899256502
-48.0269140065,8.93148044635,0.212955910954
-46.3065469376,8.88786898001,0.211157999895
-44.5861798687,8.78873972896,0.194777191589
-42.8658127999,8.69490956376,0.189783574276
-41.145445731,8.60637079168,0.204027708129
-39.4250786621,8.52796596971,0.213845200674
-37.7047115932,8.56728480416,0.205217833496
-35.9843445243,8.61767010053,0.191415184617
-34.2639774554,8.66123439179,0.195290627553
-32.5436103865,8.69798124958,0.211479057509
-30.8232433176,8.69164129828,0.212674272525
-29.1028762487,8.57355825611,0.199467320289
-27.3825091798,8.44513586932,0.192809205039
-25.6621421109,8.30650320413,0.204597241651
-23.9417750421,8.15764889464,0.217517111445
-22.2214079732,8.09020181725,0.208600434955
-20.5010409043,8.14011317345,0.195620247565
-18.7806738354,8.27268621261,0.200139080015
-17.0603067665,8.48793180381,0.2194889608
-15.3399396976,8.77872435911,0.226501003585
-13.6195726287,8.98382535802,0.206038824301
-11.8992055598,9.03648697009,0.195006512118
-10.1788384909,8.93671351283,0.221472006991
-8.45847142204,8.68449680623,0.276902972917
-6.73810435315,8.30669564415,0.328816406712
-5.01773728426,7.91621369403,0.342704709918
-3.29737021537,7.52557847503,0.319772870508
-1.57700314648,7.13475796066,0.250079504779
0.143363922408,6.7691510639,0.103143848212
1.8637309913,6.68304054218,0.257025380328
3.58409806019,6.59667564905,0.299343450883
5.30446512908,6.51004930382,0.285096020976
7.02483219797,6.42315440437,0.202679634265
8.74519926686,6.31646138945,0.181648506008
10.4655663358,6.18369361312,0.27839491108
12.1859334046,6.05063052607,0.300052549079
13.9063004735,5.91726121905,0.265675940388
15.6266675424,5.78357475766,0.138397499576
17.3470346113,5.80036124988,0.227411625383
19.0674016802,5.85976605081,0.292029628639
20.7877687491,5.91884898361,0.294660168532
22.508135818,5.97761489222,0.237374148206
24.2285028869,6.02292098371,0.11218975283
25.9488699558,5.9765873852,0.258884030134
27.6692370247,5.92994149622,0.299014554104
29.3896040935,5.88297949249,0.282418431666
31.1099711624,5.83569752379,0.195113242595
32.8303382313,5.81343616145,0.186935765489
34.5507053002,5.81904792248,0.279874372166
36.2710723691,5.82433447708,0.299429406174
37.991439438,5.82929625865,0.262552110619
39.7118065069,5.83393367401,0.12708183261
41.4321735758,5.91619177869,0.231800172507
43.1525406447,6.01514385094,0.293306341764
44.8729077136,6.1137867938,0.29382994403
46.5932747825,6.2121286946,0.233781304778
48.3136418513,6.28737884992,0.126447117943
50.0340089202,6.24971890137,0.26252006995
51.7543759891,6.21176905523,0.299799436382
53.474743058,6.17352620017,0.280863833908
55.1951101269,6.13498720081,0.189545653293
56.9154771958,6.03589853823,0.194333717209
58.6358442647,5.87995670162,0.28214345069
60.3562113336,5.72369465223,0.298973933701
62.0765784025,5.56709957879,0.259056480224
63.7969454714,5.41015864275,0.113013991981
65.5173125402,5.3826959097,0.2354026345
67.2376796091,5.37542104492,0.29384554025
68.958046678,5.36778460266,0.291794647406
70.6784137469,5.35978595682,0.227619750075
72.3987808158,5.36037077089,0.133671397475
74.1191478847,5.39407399424,0.264181639014
75.8395149536,5.42741716937,0.299307688358
77.5598820225,5.46040302995,0.277946029672
79.2802490914,5.49303428034,0.181092804155
81.0006161603,5.45042630131,0.199082433336
82.7209832292,5.3482318672,0.283366225245
84.441350298,5.24567362648,0.297976538064
86.1617173669,5.14274317083,0.255181111397
87.8820844358,5.03943206144,0.0962850004976
89.6024515047,5.19588422595,0.238914822755
91.3228185736,5.37899205348,0.29473168988
93.0431856425,5.56173859629,0.29073459347
94.7635527114,5.74413883697,0.223738752872
96.4839197803,5.89290021093,0.145700009103
98.2042868492,5.94319439865,0.267658248611
99.9246539181,5.99317355816,0.300066970241
101.645020987,6.04284178704,0.27646387181
103.365388056,6.09220315737,0.175535559648
105.085755125,6.13515647058,0.206415184771
106.806122194,6.17375515446,0.286070161145
108.526489263,6.21205771282,0.29852102802
110.246856331,6.25006728591,0.253861412503
111.9672234,6.28778698998,0.0884335039097
113.687590469,6.18569449685,0.245075697828
115.407957538,6.07571251619,0.296612570107
117.128324607,5.96542637191,0.289678862184
118.848691676,5.85482702212,0.218781269413
120.569058745,5.8448891204,0.154776874926
122.289425814,6.07494095233,0.270375266504
124.009792883,6.30468855739,0.300514465121
125.730159951,6.53415077159,0.274918171084
127.45052702,6.76334640754,0.170032718981
129.170894089,6.94789804076,0.213579239891
130.891261158,7.10760956628,0.288772738095
132.611628227,7.26710152897,0.299075684337
134.331995296,7.42638700488,0.252562447812
136.052362365,7.58547905314,0.0800365843516
137.772729434,7.46188796426,0.251072360695
139.493096503,7.33550995295,0.298837672968
141.213463571,7.20893106338,0.289611608985
142.93383064,7.08214091788,0.216213638946
144.654197709,7.02344967373,0.167233891022
146.374564778,7.09810992042,0.274457537352
148.094931847,7.17254982543,0.301613778922
149.815298916,7.24677549179,0.273686134474
151.535665985,7.32079300492,0.164685629075
153.256033054,7.57364858568,0.220583865836
154.976400123,7.90831325628,0.29143979291
156.696767191,8.24282401029,0.299557016545
158.41713426,8.57720827279,0.251098735427
160.137501329,8.89243810154,0.0979611935314
161.857868398,8.6665363377,0.207921462137
163.578235467,8.60958194061,0.203177944412
165.298602536,8.77526700683,0.196842451263
167.018969605,9.16360512015,0.177678622215
168.739336674,9.19341967652,0.163924529516
170.459703743,8.5562847492,0.200136748247
172.180070811,8.38422396705,0.190755473312
173.90043788,8.69274184519,0.19099685365
175.620804949,9.48186367768,0.14662378557
177.341172018,9.2100777385,0.193454994842
179.061539087,8.65937446125,0.204872627084
180.781906156,8.37578164774,0.189413463093
182.502273225,8.35927604741,0.192756261421
184.222640294,8.60985630706,0.211567792667
185.943007363,9.00666193336,0.212818911356
187.663374431,9.30467273745,0.195978814677
189.3837415,9.47407066411,0.190749990822
191.104108569,9.51486960155,0.20532768732
192.824475638,9.42670642916,0.215996450997
194.544842707,9.2440234729,0.206723658853
196.265209776,9.08485490515,0.19100152886
197.985576845,8.95702544417,0.194157143506
199.705943914,8.8605246098,0.211053192035
201.426310983,8.82248999366,0.214485588893
203.146678051,8.87237201481,0.199431251187
204.86704512,8.95908768903,0.189443940466
206.587412189,9.08264412577,0.200529582437
208.307779258,9.24305145488,0.215480165227
210.028146327,9.36709669585,0.211074848937
211.748513396,9.43849388873,0.19409265907
213.468880465,9.47536037296,0.191770570526
215.189247534,9.47769917108,0.208181841599
216.909614603,9.45245799795,0.217371302427
218.629981672,9.48033095767,0.206029252211
220.35034874,9.55480006317,0.191447405066
222.070715809,9.67405443971,0.197218695152
223.791082878,9.83810386444,0.215396558798
225.511449947,10.0248612234,0.217618066043
227.231817016,10.1567606626,0.201024584282
228.952184085,10.2234012301,0.191697147295
230.672551154,10.2247883896,0.203974547555
232.392918223,10.1609319024,0.219374614403
234.113285292,10.0629406764,0.21397540373
235.83365236,9.98509075289,0.196424997916
237.554019429,9.93357884354,0.194204056475
239.274386498,9.90840072507,0.210514421583
240.994753567,9.9103800365,0.219608937606
242.715120636,9.93554321412,0.207740082282
244.435487705,9.95778278916,0.193368468979
246.155854774,9.97607652912,0.198966050552
247.876221843,9.99042593382,0.216235690965
249.596588912,9.99126058353,0.217866585049
251.31695598,9.97168891637,0.201578431939
253.037323049,9.94274088464,0.193196835011
254.757690118,9.90441411501,0.205396384705
256.478057187,9.85678620215,0.219430205636
258.198424256,9.82629286378,0.213279048199
259.918791325,9.84952100778,0.19683426597
261.639158394,9.92974582793,0.196297799229
263.359525463,10.0669739015,0.212917455263
265.079892532,10.2584401189,0.220872038813
266.8002596,10.4499873976,0.208125795004
268.520626669,10.5795089327,0.194942732399
270.240993738,10.6456510708,0.201966547545
271.961360807,10.6484192346,0.219383755339
273.681727876,10.5826114151,0.219946650452
275.402094945,10.5029962627,0.203201267252
277.122462014,10.4469559152,0.195670586135
278.842829083,10.414485778,0.208421347923
280.563196152,10.4060559412,0.222147014027
282.28356322,10.4589027476,0.215095873476
284.003930289,10.5269177317,0.198832285048
285.724297358,10.5975443575,0.198880505953
287.444664427,10.6707884154,0.215414223807
289.165031496,10.7353603083,0.222877852377
290.885398565,10.7392319446,0.209574799354
292.605765634,10.7163827969,0.196845236643
294.326132703,10.6675521958,0.203978528703
296.046499772,10.5927361378,0.22064382839
297.76686684,10.5254327663,0.220413751948
299.487233909,10.5062899536,0.203894264331
301.207600978,10.5231977153,0.197349252442
302.927968047,10.5761574375,0.210365003239
304.648335116,10.6642904362,0.223311349427
306.368702185,10.7377114581,0.215582092947
308.089069254,10.7734855663,0.199813278048
309.809436323,10.7725179609,0.200467550936
311.529803392,10.7348085628,0.216606964229
313.25017046,10.6659907478,0.223057610517
314.970537529,10.6063058507,0.209795033241
316.690904598,10.5696059032,0.198275273256
318.411271667,10.5559453235,0.205794902407
320.131638736,10.5653229919,0.221301614941
321.852005805,10.5939628115,0.220035074975
323.572372874,10.6261149138,0.20505797286
325.292739943,10.6577199016,0.200401228007
327.013107012,10.688780366,0.213063969764
328.73347408,10.7190552017,0.223807077891
330.453841149,10.74307751,0.21628349261
332.174208218,10.7703204468,0.204472305349
333.894575287,10.8022717135,0.20713237076
335.614942356,10.8389339298,0.220933382288
337.335309425,10.8823605528,0.223671711098
339.055676494,10.9394737955,0.214110713029
340.776043563,11.00727764,0.210674178664
342.496410632,11.08576758,0.220987034055
344.216777701,11.1749500503,0.232320618815
345.937144769,11.2674577171,0.223674016006
347.657511838,11.3519307291,0.214177516265
349.377878907,11.4282493402,0.230653415663
351.098245976,11.4964198074,0.274566459645
352.818613045,11.5566699164,0.326832304691
354.538980114,11.614620179,0.350972041086
356.259347183,11.672720389,0.340915540039
357.979714252,11.73097531,0.293160653869
359.700081321,11.789389718,0.179807491076
361.420448389,11.611824546,0.236768957125
363.140815458,11.3430238791,0.298657269371
364.861182527,11.0743508928,0.302949004439
366.581549596,10.8057835595,0.252598871787
368.301916665,10.5515108558,0.122852717895
370.022283734,10.4905845425,0.263113554448
371.742650803,10.4297160219,0.30414812389
373.463017872,10.3689003036,0.291431707742
375.183384941,10.3081324017,0.215650958261
376.903752009,10.2806582906,0.192409411183
378.624119078,10.2999052902,0.28396469743
380.344486147,10.3191944495,0.305611265921
382.064853216,10.3385273499,0.274431150405
383.785220285,10.3579055765,0.162396581021
385.505587354,10.386777962,0.236723874324
387.225954423,10.4186260867,0.298023263124
388.946321492,10.4505261044,0.301362914771
390.666688561,10.4824806306,0.24908647545
392.387055629,10.4829409574,0.135498317842
394.107422698,10.2307532815,0.266370307168
395.827789767,9.97860209588,0.30428180888
397.548156836,9.72646672768,0.288564940891
399.268523905,9.47432650543,0.207357185784
400.988890974,9.34276627696,0.195529387096
402.709258043,9.35360715052,0.284361376129
404.429625112,9.36441260089,0.303869895832
406.149992181,9.37518351395,0.269559026349
407.870359249,9.38592077277,0.147751159589
409.590726318,9.41947114532,0.238015161667
411.311093387,9.45849012087,0.297408686336
413.031460456,9.49748227214,0.298543528242
414.751827525,9.5364507959,0.242240322036
416.472194594,9.61630968971,0.13901715568
418.192561663,9.92174750233,0.267464840244
419.912928732,10.2271964711,0.304738416265
421.633295801,10.5326816386,0.288646754429
423.353662869,10.83822805,0.207095747924
425.074029938,10.9716989729,0.207456779363
426.794397007,10.9337990208,0.289160822512
428.514764076,10.8959931987,0.305763231902
430.235131145,10.858278407,0.269579436601
431.955498214,10.8206515535,0.145440400039
433.675865283,10.9007536489,0.245660553176
435.396232352,11.0019501003,0.300997771965
437.116599421,11.1032462691,0.300403035397
438.836966489,11.20465046,0.243466558136
440.557333558,11.3053850992,0.1596699518
442.277700627,11.4030209392,0.27428651377
443.998067696,11.5007893786,0.307477220623
445.718434765,11.598698433,0.288839530934
447.438801834,11.6967561295,0.20466447445
449.159168903,11.726838492,0.216145370851
450.879535972,11.6998594739,0.292644470187
452.599903041,11.6730373917,0.306857190903
454.320270109,11.6463700463,0.268855471738
456.040637178,11.6198552515,0.141419228725
457.761004247,11.3802651675,0.251713888882
459.481371316,11.1147286171,0.302529386683
461.201738385,10.8493010303,0.298449172285
462.922105454,10.5839606457,0.236648924731
464.642472523,10.3944752002,0.162796833538
466.362839592,10.4469927191,0.27464475303
468.083206661,10.4995644568,0.305870930187
469.80357373,10.5521947234,0.284412746801
471.523940798,10.6048878338,0.193458885172
473.244307867,10.5543417758,0.216989971692
474.964674936,10.4308837984,0.291856397643
476.685042005,10.3074787191,0.304011951742
478.405409074,10.1841164205,0.262328711848
480.125776143,10.0607867885,0.119798471374
481.846143212,10.1294898134,0.25168611248
483.566510281,10.2118913865,0.301709521005
485.28687735,10.2943279034,0.29638602085
487.007244418,10.3768061227,0.231933115161
488.727611487,10.5101455967,0.17083088747
490.447978556,10.7735353297,0.277535082694
492.168345625,11.0370060533,0.307066064541
493.888712694,11.3005793682,0.284570538499
495.609079763,11.5642768838,0.192597579311
497.329446832,11.6618878349,0.226650999826
499.049813901,11.6614132919,0.296146772046
500.77018097,11.6610925327,0.306095349119
502.490548038,11.6609255311,0.263338180089
504.210915107,11.6609122733,0.121048869918
505.931282176,11.5606726535,0.259516121776
507.651649245,11.4581147545,0.30491378147
509.372016314,11.3556939718,0.296901197509
511.092383383,11.2534019084,0.2299581634
512.812750452,11.1905787922,0.182070936325
514.533117521,11.2101388342,0.281137599374
516.25348459,11.2298156619,0.307158950479
517.973851658,11.2496108887,0.281211058504
519.694218727,11.2695261375,0.182297719918
521.414585796,10.9019511426,0.20397352755
523.134952865,10.4566235423,0.220192761036
524.855319934,10.2630591138,0.212122926533
526.575687003,10.3216475964,0.199197495334
528.296054072,10.612048503,0.101686963763
530.016421141,10.079054075,0.202750131863
531.73678821,9.80680603305,0.202292958958
533.457155278,9.79817451365,0.199370216094
535.177522347,10.0531588092,0.181111852688
536.897889416,10.2966631732,0.164871899681
538.618256485,10.1707041484,0.210625315909
540.338623554,10.095718471,0.200011965105
542.058990623,10.0744607626,0.195123743533
543.779357692,10.1069292805,0.211054991645
545.499724761,10.1912471253,0.220532030915
547.22009183,10.2904059221,0.207434442837
548.940458898,10.373263261,0.196464973563
550.660825967,10.4398200182,0.205149131762
552.381193036,10.4900816503,0.220707204322
554.101560105,10.5093459813,0.2180333888
555.821927174,10.5139883172,0.201361779696
557.542294243,10.5163681166,0.197222801097
559.262661312,10.5164855745,0.211820687588
560.983028381,10.5164232087,0.222839681993
562.70339545,10.5427051619,0.212690443134
564.423762518,10.5671140489,0.197399330807
566.144129587,10.586529591,0.200548456272
567.864496656,10.6009533802,0.217582465755
569.584863725,10.5997995067,0.221847829098
571.305230794,10.5670187866,0.206268349605
573.025597863,10.5211468259,0.195558875053
574.745964932,10.4621798636,0.205394914499
576.466332001,10.3901130654,0.22089211494
578.18669907,10.3313474558,0.217229848682
579.907066139,10.2986492134,0.200049636089
581.627433207,10.2867226155,0.196321079692
583.347800276,10.2955666843,0.211331522535
585.068167345,10.3228810211,0.221715412442
586.788534414,10.3362765874,0.210968523339
588.508901483,10.329503431,0.19579245656
590.229268552,10.302847063,0.199534690184
591.949635621,10.2563052981,0.216471985432
593.67000269,10.1957934643,0.219832248044
595.390369759,10.1435047968,0.204055539061
597.110736827,10.1028201512,0.194115499598
598.831103896,10.073736192,0.204667252549
600.551470965,10.0562504678,0.219394267423
602.271838034,10.046219966,0.214867898015
603.992205103,10.0367639054,0.198144295374
605.712572172,10.0271588529,0.195748029172
607.432939241,10.0174040208,0.21128905622
609.15330631,10.0072448715,0.220371071665
610.873673379,10.0001920193,0.208968242735
612.594040447,10.0104364299,0.194986773028
614.314407516,10.0385865701,0.200397675002
616.034774585,10.084644748,0.217474861363
617.755141654,10.1495626332,0.219296379292
619.475508723,10.2273686951,0.203241877334
621.195875792,10.3123635204,0.194942629609
622.916242861,10.4045540773,0.207044365154
624.63660993,10.5039237158,0.221526617354
626.356976999,10.5964731061,0.215474173119
628.077344067,10.6584614188,0.198829434276
629.797711136,10.6872368434,0.197883440979
631.518078205,10.6828017391,0.214481272048
633.238445274,10.6463219606,0.223346840897
634.958812343,10.599844189,0.210564168435
636.679179412,10.5680955866,0.196462605931
638.399546481,10.551690002,0.202278608563
640.11991355,10.5506260901,0.219421805988
641.840280619,10.5692381275,0.220794206175
643.560647687,10.5840749031,0.204083079375
645.281014756,10.5753835661,0.195754882268
647.001381825,10.5431634038,0.207779405331
648.721748894,10.4872781197,0.221737904831
650.442115963,10.3991834902,0.215305129216
652.162483032,10.3298865223,0.198531681616
653.882850101,10.2900598326,0.197620429275
655.60321717,10.2797001559,0.213775523019
657.323584239,10.304257529,0.221736911095
659.043951307,10.3627866118,0.208765482492
660.764318376,10.3888735326,0.19522280809
662.484685445,10.3811809159,0.201630917167
664.205052514,10.339708131,0.218310975123
665.925419583,10.2406419964,0.218797669537
667.645786652,10.1203636091,0.202171237414
669.366153721,10.0228424853,0.194668427422
671.08652079,9.94807062975,0.207043785008
672.806887859,9.89708715058,0.219799242702
674.527254927,9.92129458487,0.21291310151
676.247621996,9.9527606679,0.197228956962
677.967989065,9.97586226917,0.197536190068
679.688356134,9.99060128269,0.213283784423
681.408723203,9.98054035939,0.219266066323
683.129090272,9.89904433963,0.206972471129
684.849457341,9.81718744352,0.196053771037
686.56982441,9.73582755835,0.203491953591
688.290191479,9.65495801378,0.217956265263
690.010558547,9.62217562316,0.215836572799
691.730925616,9.63653196168,0.20262613622
693.451292685,9.65877614242,0.199868466456
695.171659754,9.68890998908,0.212486097475
696.892026823,9.72462766416,0.220516435076
698.612393892,9.69003522393,0.211276745129
700.332760961,9.62756921367,0.203113790441
702.05312803,9.54798500568,0.210843667996
703.773495099,9.4512760752,0.226520927716
705.493862168,9.35705119043,0.224360352624
707.214229236,9.37331520261,0.206290286795
708.934596305,9.51654782193,0.208027069849
710.654963374,9.78676079141,0.244689006272
712.375330443,10.1839762647,0.301119415078
714.095697512,10.6602421013,0.342359534085
715.816064581,11.1376646868,0.346873447063
717.53643165,11.6151981163,0.315880903516
719.256798719,12.0928815407,0.235758319341
720.977165788,12.4151059462,0.19469076239
722.697532856,12.4591927601,0.28632125045
724.417899925,12.5034987643,0.309856532089
726.138266994,12.5480275913,0.282847539401
727.858634063,12.5927828919,0.184254141703
729.579001132,12.6402808529,0.237872089301
731.299368201,12.6890584254,0.300448394938
733.01973527,12.7380740339,0.306478116835
734.740102339,12.787331697,0.259929077376
736.460469408,12.8243920545,0.136573320461
738.180836476,12.6421848386,0.267885228206
739.901203545,12.4602118159,0.307820884059
741.621570614,12.278458067,0.296029416323
743.341937683,12.0969086908,0.224497920695
745.062304752,12.0408196878,0.198660966187
746.782671821,12.171929354,0.287436948833
748.50303889,12.3032346592,0.309234794325
750.223405959,12.4347463683,0.280158741161
751.943773028,12.5664752635,0.176642764045
753.664140096,12.6182645587,0.24191043511
755.384507165,12.6433707655,0.301536492172
757.104874234,12.6687112627,0.305384276879
758.825241303,12.6942881277,0.255983057715
760.545608372,12.713531221,0.145506556539
762.265975441,12.671234016,0.270555836353
763.98634251,12.6291733856,0.308480597671
765.706709579,12.5873458816,0.29505730862
767.427076648,12.5457480747,0.221118548308
769.147443716,12.5670978674,0.206676020593
770.867810785,12.6673277855,0.290368060708
772.588177854,12.767793958,0.309655163823
774.308544923,12.8685046217,0.278274868001
776.028911992,12.9694680335,0.17017433778
777.749279061,13.0346017738,0.246754360138
779.46964613,13.0904753243,0.303351475436
781.190013199,13.1466198212,0.305333986952
782.910380268,13.2030398677,0.253984818064
784.630747336,13.2516831959,0.158501459067
786.351114405,13.2505619978,0.274881786064
788.071481474,13.2497248711,0.310098059074
789.791848543,13.249171747,0.29484215836
791.512215612,13.2489025802,0.218792700997
793.232582681,13.3127142058,0.215409997132
794.95294975,13.4442428018,0.294074367847
796.673316819,13.5760713481,0.311258271999
798.393683888,13.7082106528,0.278587171954
800.114050956,13.8406715495,0.169294758963
801.834418025,13.8668139673,0.254313762295
803.554785094,13.872012637,0.306545017764
805.275152163,13.877546328,0.306081130934
806.995519232,13.8834154941,0.252631804981
808.715886301,13.8802073294,0.171256168486
810.43625337,13.834790698,0.279272744653
812.156620439,13.7897060362,0.311457691861
813.876987508,13.7449496478,0.293892487426
815.597354577,13.7005178635,0.214686934453
817.317721645,13.7297700431,0.221869982213
819.038088714,13.8247492026,0.296512277988
820.758455783,13.9200595086,0.311531615686
822.478822852,14.015708775,0.27681498099
824.199189921,14.1117048439,0.163207202295
825.91955699,14.0590689523,0.258894977171
827.639924059,13.9857286653,0.307960070743
829.360291128,13.9127327228,0.305179124855
831.080658197,13.8400751401,0.24881866739
832.801025265,13.7338348914,0.178784286533
834.521392334,13.5102107559,0.281447991792
836.241759403,13.2868919792,0.310870548016
837.962126472,13.0638602523,0.290262145446
839.682493541,12.8410972898,0.205045740471
841.40286061,12.5350100978,0.223001495141
843.123227679,12.1664054268,0.295025071552
844.843594748,11.7979959418,0.306631242463
846.563961817,11.4297514385,0.265858486628
848.284328885,11.0616417261,0.130407768275
850.004695954,10.9832498722,0.252638773103
851.725063023,10.9305881671,0.302601975418
853.445430092,10.8780203287,0.297735576112
855.165797161,10.8255420472,0.234650686862
856.88616423,10.7710872818,0.169781207118
858.606531299,10.7110298091,0.27691673651
860.326898368,10.6510482023,0.306260800223
862.047265437,10.591137544,0.28314248499
863.767632505,10.5312929223,0.189209876789
865.487999574,10.6476162757,0.220515697758
867.208366643,10.8748649158,0.293548696844
868.928733712,11.102202854,0.305131090676
870.649100781,11.3296487289,0.263499302165
872.36946785,11.5572211877,0.123060038483
874.089834919,11.4464711895,0.257602564834
875.810201988,11.3221944612,0.304174772782
877.530569057,11.1980437055,0.296897551481
879.250936125,11.0740087441,0.230727627193
880.971303194,11.0663185911,0.170130414196
882.691670263,11.2939383292,0.226488691362
884.412037332,11.3860064304,0.224595206999
886.132404401,11.3294698395,0.214006978933
887.85277147,11.1243239212,0.162312161758
889.573138539,11.3181246026,0.191519430462
891.293505608,11.6094627128,0.208674076607
893.013872677,11.657957282,0.204197112513
894.734239745,11.4633702717,0.197278724984
896.454606814,11.0273606973,0.0992355274922
898.174973883,10.8581126316,0.207885808267
899.895340952,10.6928476895,0.207549576484
901.615708021,10.5684311696,0.19635902461
903.33607509,10.4848528717,0.205260206529
905.056442159,10.4441769912,0.220932623938
906.776809228,10.4769859281,0.214969541557
908.497176297,10.4906704012,0.199522204206
910.217543365,10.4734449903,0.200053187833
911.937910434,10.4253082833,0.215582872669
913.658277503,10.3252823114,0.221271376622
915.378644572,10.1770406502,0.20728858272
917.099011641,10.0846178402,0.196019317224
918.81937871,10.0481000985,0.204434265798
920.539745779,10.0674844312,0.219824601249
922.260112848,10.1983612258,0.217464390331
923.980479917,10.3629732303,0.200810009143
925.700846985,10.505322889,0.196347118467
927.421214054,10.6254218726,0.210804326192
929.141581123,10.7162345709,0.222032700663
930.861948192,10.6703253195,0.212281696002
932.582315261,10.5736844655,0.196742374562
934.30268233,10.4377459013,0.199403114712
936.023049399,10.2624984818,0.216213608509
937.743416468,10.0918206899,0.2206404567
939.463783537,10.0339077951,0.205554521176
941.184150606,10.0394425527,0.194970217989
942.904517674,10.1084254166,0.204787976429
944.624884743,10.2408620424,0.220289877923
946.345251812,10.3521013178,0.216759397194
948.065618881,10.4108260515,0.199867486877
949.78598595,10.4395339977,0.196310147522
951.506353019,10.4382275098,0.211422384545
953.226720088,10.4130438718,0.221875205252
954.947087157,10.4352418558,0.211245590951
956.667454226,10.4584869301,0.196319856829
958.387821294,10.4778729187,0.200268647512
960.108188363,10.4934014108,0.21743914457
961.828555432,10.4822710287,0.220909406224
963.548922501,10.4273349951,0.205157659791
965.26928957,10.3732535755,0.195225582399
966.989656639,10.3200223361,0.205798413525
968.710023708,10.2676369126,0.220925696867
970.430390777,10.2654145629,0.216454381724
972.150757846,10.3067620434,0.199592633841
973.871124914,10.3759429429,0.196944514477
975.591491983,10.4729629335,0.212515731853
977.311859052,10.5912308287,0.222283118774
979.032226121,10.6579210728,0.210835732919
980.75259319,10.6749753786,0.196263780801
982.472960259,10.643636482,0.200979163924
984.193327328,10.5639018138,0.218122916985
985.913694397,10.4563831317,0.220750110305
987.634061466,10.3713230723,0.20459671734
989.354428534,10.3040708178,0.19526175916
991.074795603,10.2546208546,0.206316603887
992.795162672,10.2229487597,0.220806594453
994.515529741,10.1914269974,0.215616683052
996.23589681,10.168547405,0.199026839313
997.956263879,10.1599069111,0.197182271444
999.676630948,10.1655048073,0.212777713442
1001.39699802,10.1869445789,0.221373240385
1003.11736509,10.2337122862,0.209498057203
1004.83773215,10.295556968,0.196068302696
1006.55809922,10.3720164956,0.202093341808
1008.27846629,10.4630971375,0.219130356898
1009.99883336,10.5589863264,0.22044234423
1011.71920043,10.6228322606,0.204163417121
1013.4395675,10.6465213865,0.196201503822
1015.15993457,10.6300556464,0.208341562886
1016.88030164,10.5734943363,0.22237433942
1018.60066871,10.495235127,0.216044758998
1020.32103577,10.4419869078,0.199798791112
1022.04140284,10.4202580768,0.199022996113
1023.76176991,10.4300468527,0.21486364873
1025.48213698,10.4729843893,0.222590759327
1027.20250405,10.5511001494,0.210132107305
1028.92287112,10.6463101887,0.197749003309
1030.64323819,10.7581757846,0.204679890111
1032.36360526,10.8867061084,0.221360014914
1034.08397233,11.016700544,0.221619348854
1035.80433939,11.0960981351,0.205680987398
1037.52470646,11.1141699984,0.199011152037
1039.24507353,11.0709176157,0.211421735492
1040.9654406,10.9665643364,0.224505162835
1042.68580767,10.8311314018,0.217685961166
1044.40617474,10.7307009047,0.202985539213
1046.12654181,10.6730684961,0.203123264269
1047.84690888,10.6582294509,0.21778391144
1049.56727595,10.6892274772,0.223836034068
1051.28764301,10.7593029998,0.213035604668
1053.00801008,10.8286384363,0.204078327272
1054.72837715,10.896705739,0.210948644562
1056.44874422,10.9635104885,0.224010393363
1058.16911129,11.006684807,0.222061991902
1059.88947836,11.006725089,0.212521869251
1061.60984543,10.974272932,0.212847171803
1063.3302125,10.9093256754,0.224870976922
1065.05057957,10.8127969527,0.231274581897
1066.77094663,10.7305237681,0.218228801886
1068.4913137,10.6880447001,0.213899720014
1070.21168077,10.6853562661,0.23924655595
1071.93204784,10.7224582457,0.288233915214
1073.65241491,10.7942504805,0.336352002886
1075.37278198,10.8709532257,0.350735079575
1077.09314905,10.9477449483,0.330862111312
1078.81351612,11.0246319442,0.269243662181
1080.53388319,11.1016205169,0.109864498514
1082.25425025,11.289156933,0.259817805221
1083.97461732,11.4772281407,0.304997618541
1085.69498439,11.6654380317,0.296818495561
1087.41535146,11.8538020366,0.229644711693
1089.13571853,12.016553457,0.188346269837
1090.8560856,12.1302762905,0.28388635173
1092.57645267,12.244191348,0.309026777686
1094.29681974,12.3583079688,0.283191581248
1096.01718681,12.4726355088,0.186242342487
1097.73755387,12.3915226379,0.235941194901
1099.45792094,12.2232501839,0.299370557249
1101.17828801,12.0551775763,0.305567163858
1102.89865508,11.8872910356,0.258679647501
1104.61902215,11.7286041301,0.125394417083
1106.33938922,11.7937434208,0.264584611589
1108.05975629,11.8590473447,0.306616777281
1109.78012336,11.9245212555,0.296239983424
1111.50049043,11.9901705213,0.226353272864
1113.22085749,12.0066766429,0.196717752439
1114.94122456,11.9450055937,0.286440054728
1116.66159163,11.8835115788,0.308346458696
1118.3819587,11.8221895567,0.278910466099
1120.10232577,11.7610344998,0.173731874982
1121.82269284,11.8144138388,0.237131254063
1123.54305991,11.9094491106,0.299498963246
1125.26342698,12.0046585016,0.30476000566
1126.98379405,12.1000498178,0.256455396529
1128.70416111,12.1934781345,0.140588833957
1130.42452818,12.2627801847,0.269043311084
1132.14489525,12.3322853223,0.30803841046
1133.86526232,12.4019992456,0.295436418605
1135.58562939,12.4719276702,0.222636148336
1137.30599646,12.592745771,0.204421654623
1139.02636353,12.781286683,0.289905610958
1140.7467306,12.9700731925,0.310505267024
1142.46709767,13.1591207772,0.280886172311
1144.18746473,13.3484449364,0.17745444932
1145.9078318,13.3633124021,0.247885365673
1147.62819887,13.3281211525,0.304188470164
1149.34856594,13.293220333,0.306361014101
1151.06893301,13.2586070821,0.255786876644
1152.78930008,13.2142514714,0.156238217874
1154.50966715,13.0992199341,0.274051931436
1156.23003422,12.9844600602,0.309651930734
1157.95040129,12.869962441,0.294545016452
1159.67076835,12.7557176894,0.218446362473
1161.39113542,12.6926097624,0.211051056588
1163.11150249,12.6868270182,0.291769054095
1164.83186956,12.6812821271,0.309295829065
1166.55223663,12.6759746344,0.275953239144
1168.2726037,12.6709041052,0.163038714314
1169.99297077,12.7412838576,0.248356251468
1171.71333784,12.8285476586,0.303547523109
1173.43370491,12.9160609319,0.304285181496
1175.15407197,13.0038308521,0.251049981804
1176.87443904,13.1154256408,0.163134617761
1178.59480611,13.3453855712,0.276591617885
1180.31517318,13.5756373472,0.310977187488
1182.03554025,13.8061998459,0.295349273788
1183.75590732,14.0370919703,0.219255473656
1185.47627439,14.0917572843,0.222699211868
1187.19664146,13.9797048586,0.296851839537
1188.91700853,13.8679962835,0.311628330998
1190.63737559,13.7566224005,0.276715546649
1192.35774266,13.6455740785,0.16276396883
1194.07810973,13.5710559107,0.25598343394
1195.7984768,13.502678095,0.306497284808
1197.51884387,13.4346050205,0.304340183886
1199.23921094,13.3668311061,0.248141435741
1200.95957801,13.2825010883,0.172563485559
1202.67994508,13.1346238096,0.279195421499
1204.40031215,12.9870210969,0.310127804184
1206.12067921,12.8396808489,0.290640068505
1207.84104628,12.6925909859,0.206938221122
1209.56141335,12.5141983747,0.221218727447
1211.28178042,12.3108769519,0.294716173694
1213.00214749,12.1077625597,0.307503556427
1214.72251456,11.9048385456,0.268407699939
1216.44288163,11.7020882727,0.138935263793
1218.1632487,11.659134038,0.253265560763
1219.88361577,11.633315902,0.303611051531
1221.60398283,11.6076492462,0.299691121914
1223.3243499,11.5821319664,0.238847153064
1225.04471697,11.5453065083,0.171539609224
1226.76508404,11.4745040368,0.277947105156
1228.48545111,11.4038400254,0.307590945788
1230.20581818,11.3333086805,0.285489614426
1231.92618525,11.2629042196,0.194747746044
1233.64655232,11.2067503464,0.221172125793
1235.36691939,11.1601778173,0.293734757981
1237.08728645,11.113717978,0.304999845045
1238.80765352,11.0673670194,0.262970936558
1240.52802059,11.0211211414,0.121073132825
1242.24838766,11.2365536373,0.218873201574
1243.96875473,11.3685891039,0.227453370846
1245.6891218,11.3589133084,0.219533120609
1247.40948887,11.2075254576,0.192516485446
1249.12985594,11.1307907778,0.157476986082
1250.85022301,11.4237804615,0.209099193828
1252.57059007,11.5270024015,0.206395871318
1254.29095714,11.4354703061,0.203203000656
1256.01132421,11.1491766711,0.161996441476
1257.73169128,10.9757023972,0.192130545653
1259.45205835,10.9242618405,0.21230939617
1261.17242542,10.8930218336,0.200045374972
1262.89279249,10.8822539974,0.201186919251
1264.61315956,10.8919574492,0.218507154451
1266.33352663,10.9367994498,0.221305366492
1268.05389369,10.9614349342,0.205422692376
1269.77426076,10.9315205116,0.198670607048
1271.49462783,10.8470537294,0.21087846174
1273.2149949,10.7066383458,0.223035446181
1274.93536197,10.4977550679,0.214999717168
1276.65572904,10.3389396684,0.199241240203
1278.37609611,10.2449527606,0.200123894998
1280.09646318,10.2157866388,0.216002013835
1281.81683025,10.270253115,0.221737010892
1283.53719731,10.401238016,0.207623127207
1285.25756438,10.5001008582,0.196105876854
1286.97793145,10.5666326405,0.204521034611
1288.69829852,10.6008388177,0.22035383825
1290.41866559,10.5371399721,0.218330265457
1292.13903266,10.4256321446,0.201411922487
1293.85939973,10.3215348821,0.196222029287
1295.5797668,10.22483965,0.210146950042
1297.30013387,10.1418660488,0.221483273807
1299.02050093,10.1807028826,0.212204560692
1300.740868,10.2516187441,0.19685700766
1302.46123507,10.3416209936,0.199482496159
1304.18160214,10.45071701,0.216358913787
1305.90196921,10.53917663,0.221035442668
1307.62233628,10.5275622085,0.206017746426
1309.34270335,10.4896732119,0.195164280454
1311.06307042,10.4255067168,0.204761962398
1312.78343749,10.3350574624,0.220502719451
1314.50380455,10.3009086396,0.21731579138
1316.22417162,10.32003568,0.200344760574
1317.94453869,10.3566309994,0.196326812465
1319.66490576,10.410697598,0.211138489529
1321.38527283,10.4749249516,0.221849971011
1323.1056399,10.454645982,0.211622784862
1324.82600697,10.4098269781,0.196629760997
1326.54637404,10.347615661,0.200120328008
1328.26674111,10.2680069301,0.216980106765
1329.98710817,10.2042826754,0.220591331176
1331.70747524,10.2214566293,0.205287870222
1333.42784231,10.2805495341,0.195607618582
1335.14820938,10.3815662346,0.206255539574
1336.86857645,10.5245150127,0.221589225449
1338.58894352,10.6423045506,0.217225582876
1340.30931059,10.7062541493,0.200395116896
1342.02967766,10.7293107355,0.197599188249
1343.75004473,10.7114761995,0.213119879317
1345.47041179,10.6584782004,0.223251585755
1347.19077886,10.6326993147,0.212009625887
1348.91114593,10.6160312155,0.197348074631
1350.631513,10.6062912588,0.201609601171
1352.35188007,10.603478646,0.218499204428
1354.07224714,10.5922627589,0.221345689619
1355.79261421,10.5638136427,0.205591955093
1357.51298128,10.5444107398,0.196478462865
1359.23334835,10.5340524593,0.207513749547
1360.95371541,10.5327470586,0.22227128875
1362.67408248,10.5660068221,0.21718576212
1364.39444955,10.6090643158,0.200568130541
1366.11481662,10.6499737971,0.198436899209
1367.83518369,10.6887386201,0.213876865107
1369.55555076,10.7206019367,0.222970688874
1371.27591783,10.7133709758,0.211282418648
1372.9962849,10.6974221332,0.19759429575
1374.71665197,10.6743880847,0.202920733338
1376.43701903,10.6442669417,0.219631943687
1378.1573861,10.6253751624,0.221334934797
1379.87775317,10.6388795332,0.205434500628
1381.59812024,10.6685100109,0.197460268715
1383.31848731,10.7142690247,0.209325722862
1385.03885438,10.7760420262,0.223575631397
1386.75922145,10.8197393363,0.217527627724
1388.47958852,10.8358182707,0.201247552862
1390.19995559,10.8279673746,0.200002858966
1391.92032265,10.7961860044,0.215506665242
1393.64068972,10.7446665888,0.22369118561
1395.36105679,10.7108719381,0.21167624223
1397.08142386,10.7035644546,0.199055728676
1398.80179093,10.7227401944,0.205014993311
1400.522158,10.7684007298,0.220988455433
1402.24252507,10.8325339905,0.221682057308
1403.96289214,10.8771734248,0.206890895891
1405.68325921,10.89086893,0.200465495218
1407.40362627,10.8736216287,0.211828916063
1409.12399334,10.8254311963,0.223839581244
1410.84436041,10.7558967589,0.217766604023
1412.56472748,10.7184513281,0.205434289717
1414.28509455,10.7214219052,0.206547774142
1416.00546162,10.7648087336,0.22001584914
1417.72582869,10.8517304362,0.224424302338
1419.44619576,10.9772372395,0.215397303282
1421.16656283,11.0996346107,0.210809947762
1422.88692989,11.2182348215,0.219915049791
1424.60729696,11.3330475956,0.231755980193
1426.32766403,11.4214758794,0.224616372883
1428.0480311,11.4364346659,0.2138850422
1429.76839817,11.3764600582,0.227719117338
1431.48876524,11.2415471393,0.269787386608
1433.20913231,11.0324694921,0.322382196415
1434.92949938,10.7960289122,0.349164803697
1436.64986645,10.5596711671,0.341186709463
1438.37023351,10.3233768787,0.295644052944
1440.09060058,10.0871266744,0.186809139542
1441.81096765,9.95946966542,0.221663366838
1443.53133472,9.89451835294,0.293080172786
1445.25170179,9.82957596424,0.302834294375
1446.97206886,9.76463717497,0.258020194855
1448.69243593,9.69969666109,0.102397159367
1450.412803,9.7818440204,0.255024950113
1452.13317007,9.86677221215,0.302156733033
1453.85353713,9.95170705289,0.294277296887
1455.5739042,10.0366555061,0.225693359225
1457.29427127,10.0766408916,0.177843152189
1459.01463834,10.0248833228,0.279085062591
1460.73500541,9.97314536578,0.305267455088
1462.45537248,9.92142277884,0.278446485429
1464.17573955,9.86971132146,0.175829508884
1465.89610662,9.93509199332,0.225645410076
1467.61647369,10.0564880474,0.294381770332
1469.33684075,10.1779063045,0.302473479703
1471.05720782,10.2993567191,0.255746305165
1472.77757489,10.4192863617,0.108795743134
1474.49794196,10.4755771086,0.259687252578
1476.21830903,10.5319244178,0.30369674491
1477.9386761,10.588332909,0.29364498316
1479.65904317,10.6448072068,0.222311695219
1481.37941024,10.5691935836,0.186973321185
1483.09977731,10.2700168395,0.281947372345
1484.82014437,9.9708798046,0.305025740953
1486.54051144,9.67175795405,0.274959289675
1488.26087851,9.37262676411,0.164846373824
1489.98124558,9.40448405097,0.228399051474
1491.70161265,9.56570509409,0.294789058061
1493.42197972,9.72690810302,0.300927477943
1495.14234679,9.88810629408,0.251271965474
1496.86271386,10.0382439741,0.119175508558
1498.58308093,10.0329315206,0.262030418944
1500.30344799,10.0276393388,0.303570544895
1502.02381506,10.0223669948,0.291025622383
1503.74418213,10.0171140563,0.215127882179
1505.4645492,10.0054364733,0.191167763503
1507.18491627,9.98465483584,0.283325418962
1508.90528334,9.9638895121,0.305005572888
1510.62565041,9.94313879958,0.273522606417
1512.34601748,9.92240099702,0.160081135724
1514.06638455,9.84138840318,0.234909705178
1515.78675161,9.74149575673,0.29675437553
1517.50711868,9.6415994884,0.299824942225
1519.22748575,9.54169140812,0.246330428669
1520.94785282,9.44124597383,0.127224760087
1522.66821989,9.3365420728,0.263798102997
1524.38858696,9.23180134949,0.302984269054
1526.10895403,9.12701521665,0.287790736115
1527.8293211,9.02217508332,0.206539625695
1529.54968817,8.95632252245,0.194097448885
1531.27005523,8.93689868301,0.283665190273
1532.9904223,8.91740525625,0.303291055774
1534.71078937,8.89784064398,0.268767874766
1536.43115644,8.8782032422,0.145641962989
1538.15152351,8.90974984906,0.236556431689
1539.87189058,8.95372182696,0.296584910249
1541.59225765,8.99762559679,0.297812574995
1543.31262472,9.04146475804,0.241139683998
1545.03299179,9.06071789355,0.135480710067
1546.75335885,8.94253302166,0.265840197947
1548.47372592,8.82427902438,0.302761829597
1550.19409299,8.70594620658,0.285207032743
1551.91446006,8.58752486667,0.199255123028
1553.63482713,8.43617999039,0.198895231294
1555.3551942,8.25176560916,0.284768019179
1557.07556127,8.06722546951,0.301913649232
1558.79592834,7.88254444178,0.26408273783
1560.51629541,7.69770738478,0.129804950303
1562.23666247,7.74156638737,0.238357119867
1563.95702954,7.82676241808,0.296256520967
1565.67739661,7.91179784618,0.295235931846
1567.39776368,7.99667964337,0.234526984225
1569.11813075,8.04442477719,0.140525609013
1570.83849782,7.93833982401,0.266830661573
1572.55886489,7.83210341599,0.301745383333
1574.27923196,7.72570684325,0.281618501446
1575.99959903,7.6191413828,0.189659862347
1577.71996609,7.55710113575,0.201891149941
1579.44033316,7.53272925107,0.285329910127
1581.16070023,7.50817265728,0.300690012802
1582.8810673,7.48342934109,0.260320892288
1584.60143437,7.45849727391,0.116030943552
1586.32180144,7.67759796674,0.241887952755
1588.04216851,7.92701998562,0.297301340068
1589.76253558,8.17628962158,0.29454408152
1591.48290265,8.42542731116,0.231546181084
1593.20326972,8.62159351923,0.153207417971
1594.92363678,8.6470152681,0.270808258334
1596.64400385,8.67234366336,0.303020232341
1598.36437092,8.69758078157,0.280946649858
1600.08473799,8.72272869182,0.186177769913
1601.80510506,9.18519628442,0.190243332198
1603.52547213,9.80838148452,0.212789427448
1605.2458392,10.0244268653,0.204616131361
1606.96620627,9.82909842861,0.196634515263
1608.68657334,9.22238016017,0.10477186017
1610.4069404,9.526150731,0.197689362608
1612.12730747,9.65778672244,0.196919378926
1613.84767454,9.5865234466,0.193260701416
1615.56804161,9.31235506092,0.181917470387
1617.28840868,9.02013928941,0.149124148574
1619.00877575,9.2120190264,0.208108546099
1620.72914282,9.38182340392,0.197188438091
1622.44950989,9.50375422971,0.189149273644
1624.16987696,9.57782150035,0.20469619694
1625.89024402,9.57954257436,0.21706540944
1627.61061109,9.45493350902,0.205329169529
1629.33097816,9.32606911568,0.191379802569
1631.05134523,9.19423810172,0.19760395429
1632.7717123,9.0594296589,0.213783176654
1634.49207937,9.00355538433,0.213938588772
1636.21244644,9.03596336018,0.197333860267
1637.93281351,9.09620031068,0.190711113225
1639.65318058,9.18427117441,0.20415090881
1641.37354764,9.29609299577,0.215906090879
1643.09391471,9.31049773516,0.208184178799
1644.81428178,9.32253832682,0.192142340754
1646.53464885,9.35229100165,0.194006502544
1648.25501592,9.39975819895,0.211413405221
1649.97538299,9.4962816539,0.216834962391
1651.69575006,9.67861087627,0.202417630386
1653.41611713,9.80620411253,0.190302295831
1655.1364842,9.87855666568,0.199648923179
1656.85685126,9.89567446758,0.216409956862
1658.57721833,9.77845929564,0.214343499724
1660.2975854,9.61480338672,0.196747527964
1662.01795247,9.48748189031,0.191333549564
1663.73831954,9.39648436789,0.206287469021
1665.45868661,9.34917142123,0.217953989314
1667.17905368,9.48212955758,0.208706921272
1668.89942075,9.65346542679,0.192455123851
1670.61978782,9.84219107648,0.195204097937
1672.34015488,10.0483219795,0.21317669535
1674.06052195,10.2175361506,0.218271785622
1675.78088902,10.201611242,0.202871302123
1677.50125609,10.0775469011,0.190728741888
1679.22162316,9.8453605636,0.200157891482
1680.94199023,9.50503319352,0.216319236198
1682.6623573,9.18782736868,0.21369430587
1684.38272437,9.04710793481,0.196228731759
1686.10309144,9.07482351469,0.19167808422
1687.8234585,9.27097638058,0.20697514702
1689.54382557,9.62825014442,0.217896008267
1691.26419264,9.97105774538,0.20802521939
1692.98455971,10.1486543699,0.192064115354
1694.70492678,10.1542869211,0.195391777548
1696.42529385,9.98795586073,0.213040323158
1698.14566092,9.65738971866,0.217153906348
1699.86602799,9.33291459349,0.201570766347
1701.58639506,9.14407743492,0.190503094033
1703.30676212,9.090862761,0.200774222826
1705.02712919,9.17326620888,0.216180603891
1706.74749626,9.42707586988,0.212474209258
1708.46786333,9.66420448313,0.195321527977
1710.1882304,9.8156576404,0.192196440873
1711.90859747,9.88144775866,0.208194909095
1713.62896454,9.84898877925,0.218154766788
1715.34933161,9.63728295246,0.207296763588
1717.06969868,9.47663021481,0.192025715047
1718.79006574,9.38332717225,0.196584146043
1720.51043281,9.35736617529,0.214268417399
1722.23079988,9.47324480422,0.217130648466
1723.95116695,9.736794959,0.200961585778
1725.67153402,9.97678285689,0.19125564999
1727.39190109,10.1932281735,0.20315290525
1729.11226816,10.3861476324,0.218828420493
1730.83263523,10.3763240117,0.214032467007
1732.5530023,10.2259998893,0.196112149576
1734.27336936,9.9973603859,0.192925500593
1735.99373643,9.69038675624,0.208704842684
1737.7141035,9.33216966355,0.218016519904
1739.43447057,9.17800063269,0.206852270644
1741.15483764,9.16476247433,0.192277352098
1742.87520471,9.28602250915,0.197441407113
1744.59557178,9.54179067873,0.214591869531
1746.31593885,9.84402777615,0.216523368507
1748.03630592,9.99858538209,0.200537210063
1749.75667298,10.0318945766,0.191891299677
1751.47704005,9.94395809058,0.203881205716
1753.19740712,9.73499923731,0.217915563783
1754.91777419,9.52822483351,0.212246749424
1756.63814126,9.41532774244,0.196008660227
1758.35850833,9.39366006937,0.195013581939
1760.0788754,9.46322003785,0.210891745225
1761.79924247,9.61560808684,0.218167971384
1763.51960954,9.7537057779,0.20668345977
1765.2399766,9.82414887645,0.194746276645
1766.96034367,9.82599418734,0.20146472619
1768.68071074,9.75924186185,0.217079555486
1770.40107781,9.630054463,0.216263596785
1772.12144488,9.51689385361,0.202681449745
1773.84181195,9.45785685452,0.198433024785
1775.56217902,9.45293862555,0.21076377252
1777.28254609,9.50233119866,0.220738050536
1779.00291316,9.62157938771,0.21206038891
1780.72328022,9.74952306422,0.202567789159
1782.44364729,9.87253729253,0.208969062437
1784.16401436,9.99063215803,0.22534624945
1785.88438143,10.093920887,0.226193059625
1787.6047485,10.1043108145,0.208304393356
1789.32511557,10.0050708605,0.207187607337
1791.04548264,9.79619288864,0.24060662314
1792.76584971,9.477659774,0.295371956792
1794.48621678,9.08299422702,0.338262879218
1796.20658384,8.6856710896,0.343677720158
1797.92695091,8.28825776779,0.312550209462
1799.64731798,7.8907216794,0.230509979877
1801.36768505,7.6122431584,0.155960094295
1803.08805212,7.65331945347,0.271235624515
1804.80841919,7.6942209261,0.301980872935
1806.52878626,7.73495092963,0.27784956636
1808.24915333,7.77551280333,0.177730067912
1809.9695204,7.88636383238,0.212974005154
1811.68988746,8.04040660417,0.289166134969
1813.41025453,8.19430628913,0.300678338768
1815.1306216,8.34807550482,0.256381323726
1816.85098867,8.50172685812,0.0978811542659
1818.57135574,8.68783643069,0.251198679841
1820.29172281,8.87498120584,0.300443730986
1822.01208988,9.06205131732,0.293620687611
1823.73245695,9.2490621022,0.225697730561
1825.45282402,9.37280571584,0.172825513204
1827.17319108,9.35845313961,0.277195624624
1828.89355815,9.34406553749,0.304423438641
1830.61392522,9.32964172991,0.278177099241
1832.33429229,9.3151805343,0.175951712798
1834.05465936,9.29393783222,0.222164586975
1835.77502643,9.26920594595,0.292686567408
1837.4953935,9.2444317168,0.301336065105
1839.21576057,9.21961311364,0.254504972221
1840.93612764,9.19378679261,0.0942642439303
1842.6564947,9.06331638944,0.255898698797
1844.37686177,8.9327867634,0.301395203966
1846.09722884,8.80218721291,0.29147699326
1847.81759591,8.67150703068,0.218727047952
1849.53796298,8.55836806452,0.177245443478
1851.25833005,8.47694075248,0.278096373599
1852.97869712,8.39540614315,0.303079921736
1854.69906419,8.31375755186,0.273825212244
1856.41943126,8.2319882846,0.1634028208
1858.13979832,8.31854530076,0.224081651775
1859.86016539,8.47576925844,0.292760097849
1861.58053246,8.63288582278,0.299723135718
1863.30089953,8.78990787511,0.250180713063
1865.0212666,8.93527133354,0.10711484682
1866.74163367,8.86784465048,0.258638309781
1868.46200074,8.80034271867,0.301655170664
1870.18236781,8.73276000389,0.289461041894
1871.90273488,8.66509096535,0.212760357531
1873.62310194,8.59227590551,0.183534708175
1875.34346901,8.51175388196,0.280028490916
1877.06383608,8.43112741531,0.302858888162
1878.78420315,8.35038989534,0.271315323103
1880.50457022,8.26953470272,0.155162854134
1882.22493729,8.29047261066,0.228992777711
1883.94530436,8.34587462505,0.294063501515
1885.66567143,8.40115859661,0.29847757489
1887.3860385,8.45632905783,0.245530261613
1889.10640556,8.4968591216,0.117445384003
1890.82677263,8.39743494047,0.260918118983
1892.5471397,8.29789694372,0.301486125887
1894.26750677,8.19823697064,0.28678870002
1895.98787384,8.09844685057,0.205273116585
1897.70824091,8.05765564257,0.188148319966
1899.42860798,8.09149147979,0.281347741929
1901.14897505,8.12518841841,0.302358690913
1902.86934212,8.15874922108,0.268694046454
1904.58970918,8.19217663931,0.146551646804
1906.31007625,8.19311238183,0.233814474527
1908.03044332,8.18527025493,0.295385583796
1909.75081039,8.17729691794,0.297325827102
1911.47117746,8.16919171716,0.241080066956
1913.19154453,8.15742029684,0.128000019008
1914.9119116,8.12318682206,0.263610484553
1916.63227867,8.08881704724,0.30186541192
1918.35264574,8.05430815454,0.285110184295
1920.0730128,8.01965731474,0.199956327827
1921.79337987,7.98188523664,0.19531762887
1923.51374694,7.94079382035,0.283542451
1925.23411401,7.89955115041,0.301861621984
1926.95448108,7.8581538455,0.265188319953
1928.67484815,7.81659851164,0.134174216049
1930.39521522,7.89959505225,0.237131447011
1932.11558229,8.00768315601,0.296057528968
1933.83594936,8.11562549007,0.295895944162
1935.55631642,8.22343090417,0.236525558305
1937.27668349,8.28791440496,0.138040238775
1938.99705056,8.15436271796,0.266222462582
1940.71741763,8.02067728688,0.30191027379
1942.4377847,7.88684715146,0.282644650296
1944.15815177,7.75286133952,0.192575338611
1945.87851884,7.72631108916,0.200403707053
1947.59888591,7.7963047503,0.285093428293
1949.31925298,7.86613531175,0.301413432789
1951.03962004,7.93580849862,0.262450316622
1952.75998711,8.0053300231,0.123941080882
1954.48035418,8.06617210441,0.241692623098
1956.20072125,8.12564470654,0.29737704371
1957.92108832,8.18498121014,0.29492800056
1959.64145539,8.24418647995,0.232514744711
1961.36182246,8.28630647558,0.148660086787
1963.08218953,8.26875257058,0.269375526356
1964.8025566,8.25107429985,0.302621306764
1966.52292366,8.23327021402,0.281345874631
1968.24329073,8.21533885341,0.187847377672
1969.9636578,8.26531784571,0.207946166546
1971.68402487,8.36667555302,0.287798288692
1973.40439194,8.46791692288,0.301709819046
1975.12475901,8.56905025563,0.260474907593
1976.84512608,8.67008384275,0.115218662983
1978.56549315,8.68765059436,0.276148928465
1980.28586022,8.6975478308,0.387530975691
1982.00622728,8.70735585657,0.471991174023
1983.72659435,8.71707547579,0.542280621102
1985.44696142,8.72670748534,0.603391621166
1987.16732849,8.7362526749,0.657904368848
1988.88769556,8.74571182703,0.707361965979
1990.60806263,8.75508571726,0.752776175002
1992.3284297,8.76437511411,0.794854050389
1994.04879677,8.77358077917,0.834113471068
1995.76916384,8.78270346718,0.870947705875
1997.4895309,8.79174392607,0.905664081995
1999.20989797,8.80070289702,0.938508433031
2000.93026504,8.80958111455,0.969681245998
2002.65063211,8.81837930654,0.999348716392
2004.37099918,8.82709819432,1.02765054895
2006.09136625,8.8357384927,1.05470560535
2007.81173332,8.84430091008,1.08061608479
2009.53210039,8.85278614844,1.10547067871
2011.25246746,8.86119490346,1.12934699239
2012.97283452,8.86952786452,1.15231343177
2014.69320159,8.87778571483,1.17443069357
2016.41356866,8.88596913139,1.19575295643
2018.13393573,8.89407878514,1.21632884338
2019.8543028,8.90211534095,1.23620220744
2021.57466987,8.9100794577,1.25541277848
2023.29503694,8.91797178834,1.27399670045
2025.01540401,8.92579297992,1.2919869808
2026.73577108,8.93354367366,1.30941386917
2028.45613814,8.94122450503,1.32630517861
2030.17650521,8.94883610372,1.34268655956
2031.89687228,8.9563790938,1.35858173494
2033.61723935,8.96385409366,1.37401270296
2035.33760642,8.97126171616,1.38899991286
2037.05797349,8.97860256862,1.40356241788
2038.77834056,8.98587725287,1.41771800912
2040.49870763,8.99308636534,1.43148333304
2042.2190747,9.00023049708,1.44487399493
2043.93944176,9.0073102338,1.45790465058
2045.65980883,9.01432615593,1.47058908753
2047.3801759,9.02127883869,1.48294029747
2049.10054297,9.02816885208,1.49497054091
2050.82091004,9.034996761,1.50669140506
2052.54127711,9.04176312524,1.51811385592
2054.26164418,9.04846849954,1.52924828507
2055.98201125,9.05511343364,1.54010455204
2057.70237832,9.06169847234,1.55069202255
2059.42274538,9.06822415551,1.56101960331
2061.14311245,9.07469101817,1.57109577356
2062.86347952,9.08109959051,1.58092861385
2064.58384659,9.08745039793,1.59052583235
2066.30421366,9.09374396111,1.59989478886
2068.02458073,9.09998079604,1.6090425168
2069.7449478,9.10616141405,1.61797574351
2071.46531487,9.11228632185,1.62670090876
2073.18568194,9.11835602161,1.63522418192
2074.906049,9.12437101094,1.64355147776
2076.62641607,9.130331783,1.65168847107
2078.34678314,9.13623882649,1.65964061012
2080.06715021,9.14209262569,1.66741312924
2081.78751728,9.14789366053,1.67501106042
2083.50788435,9.15364240661,1.68243924409
2085.22825142,9.15933933526,1.68970233922
2086.94861849,9.16498491353,1.69680483263
2088.66898556,9.17057960429,1.70375104775
2090.38935262,9.17612386621,1.71054515278
2092.10971969,9.18161815385,1.7171911683
2093.83008676,9.18706291766,1.72369297439
2095.55045383,9.19245860403,1.73005431738
2097.2708209,9.19780565534,1.73627881602
2098.99118797,9.20310450995,1.74236996748
2100.71155504,9.20835560232,1.74833115278
2102.43192211,9.21355936294,1.75416564208
2104.15228918,9.21871621845,1.75987659949
2105.87265624,9.22382659164,1.76546708779
2107.59302331,9.22889090149,1.7709400727
2109.31339038,9.2339095632,1.77629842702
2111.03375745,9.23888298822,1.78154493455
2112.75412452,9.24381158432,1.78668229368
2114.47449159,9.24869575555,1.79171312096
2116.19485866,9.25353590236,1.79663995432
2117.91522573,9.25833242156,1.80146525621
2119.6355928,9.2630857064,1.80619141657
2121.35595986,9.26779614659,1.81082075563
2123.07632693,9.27246412831,1.81535552655
2124.796694,9.27709003427,1.819797918
2126.51706107,9.28167424372,1.82415005653
2128.23742814,9.28621713252,1.82841400887
2129.95779521,9.2907190731,1.83259178414
2131.67816228,9.29518043456,1.83668533587
2133.39852935,9.29960158268,1.84069656406
2135.11889642,9.30398287991,1.84462731699
2136.83926348,9.30832468548,1.84847939309
2138.55963055,9.31262735533,1.85225454262
2140.27999762,9.31689124224,1.85595446933
2142.00036469,9.32111669576,1.85958083205
2143.72073176,9.32530406235,1.86313524616
2145.44109883,9.32945368529,1.86661928505
2147.1614659,9.3335659048,1.87003448152
2148.88183297,9.33764105801,1.87338232904
2150.60220004,9.34167947904,1.8766642831
2152.3225671,9.34568149898,1.87988176234
2154.04293417,9.34964744594,1.88303614975
2155.76330124,9.35357764506,1.8861287938
2157.48366831,9.35747241856,1.8891610095
2159.20403538,9.36133208577,1.89213407942
2160.92440245,9.36515696312,1.89504925468
2162.64476952,9.36894736419,1.89790775592
2164.36513659,9.37270359974,1.9007107742
2166.08550366,9.37642597774,1.90345947186
2167.80587072,9.38011480336,1.90615498341
2169.52623779,9.38377037903,1.90879841632
2171.24660486,9.38739300446,1.91139085179
2172.96697193,9.39098297665,1.91393334554
2174.687339,9.39454058993,1.91642692851
