     -8.14581322
     -8.14581322
     -8.18675333
     -8.06133686
     -8.45855025
     -8.65318767
     -8.01973690
     -8.01901378
     -8.02044161
     -8.47965933
     -8.47965933
     -9.33300352
     -9.24630018
     -9.09753893
     -8.00798383
     -8.04828212
     -8.26420454
     -8.44430728
     -8.26554035
     -8.26554035
     -8.41026365
     -8.41026365
     -8.41026365
     -8.15198330
     -8.15198330
     -8.06615939
     -8.09251198
     -8.08543623
     -8.68088963
     -9.77868326
     -9.77868326
     -9.77868326
     -9.77868326
     -9.77868326
     -8.69562271
     -8.52830316
     -8.13968758
     -8.14200606
     -8.03789777
     -8.48213441
     -8.96372133
     -8.57533963
     -8.14232349
     -8.37398655
     -8.96862524
     -9.05941808
     -8.74736631
     -8.03291223
     -8.02815663
     -8.02815663
     -8.16724529
     -8.16724529
     -8.75525578
     -8.62851221
     -8.08267511
     -8.08267511
     -8.69647778
     -8.31623201
     -8.02415636
     -8.04922269
     -8.01521701
     -8.03271306
     -8.07583342
     -8.08376222
     -8.00829077
     -8.00829077
     -8.00829077
     -8.06568669
     -8.07315779
     -8.06761074
     -8.06347544
     -8.03712137
     -8.37287553
     -8.37287553
     -8.37287553
     -8.25605192
     -8.20166509
     -8.25290441
     -8.01560004
     -8.01301852
     -8.00779060
     -8.03519658
     -8.24467764
     -8.23825669
     -8.23231618
     -8.05297375
     -8.05441626
     -8.00887972
     -8.77688463
     -9.79303218
    -11.28692909
     -8.45351204
     -9.27846374
     -9.51073958
     -8.09837277
     -8.09837277
     -8.06216126
     -8.32610833
     -8.22390595
     -8.05550192
     -8.89403891
     -8.68170685
     -9.12572527
     -9.12572527
     -9.12572527
     -9.31603550
     -8.36901386
     -8.09732488
     -8.13154756
     -8.05243665
     -8.05243665
     -8.01476483
     -8.15142285
     -8.07688885
     -8.08754397
     -8.08754397
     -8.05922457
     -8.00732004
     -8.00732004
     -8.00876633
     -8.65872725
     -8.65872725
     -8.65097448
     -8.65097448
     -8.96067062
     -8.04383186
     -8.04113253
     -8.00736543
     -8.01277197
     -8.01277197
     -8.01890771
     -8.18566281
     -8.17748296
     -8.47208943
     -8.48417858
     -8.71106031
     -8.29011939
     -8.29011939
     -8.28188941
     -8.32715859
     -8.07736075
     -8.07736075
     -8.11247499
     -8.12764492
     -8.12764492
     -8.28951214
     -8.00816781
     -8.03277355
     -8.09649499
     -8.05450495
     -8.00815179
     -8.00815179
     -8.00833737
     -8.00888639
     -8.04693340
     -8.04693340
     -8.12004288
     -8.21566830
     -8.14354657
     -8.03066787
     -8.64593015
     -8.63066325
     -8.11332293
     -8.31916551
     -8.31916551
     -8.02445858
     -8.01293857
     -8.01293857
     -8.01293857
     -8.09364443
     -8.00950377
     -8.01424933
     -8.01424933
     -8.06926627
     -8.43132375
     -8.42791434
     -9.98184054
    -10.04554852
    -10.04554852
    -10.04554852
     -9.01395339
     -8.86792110
     -8.84257341
     -9.01401735
     -8.28785911
     -8.53523566
     -8.55226590
     -8.85532447
     -8.85532447
     -8.56542403
     -8.56542403
     -8.56542403
     -8.87357013
    -10.91172790
    -10.14214171
    -10.14214171
    -10.56867701
     -9.20395863
     -9.20395863
     -8.01467017
     -9.27429178
     -9.27429178
     -9.27429178
     -8.88603831
     -8.06504992
     -8.06504992
     -8.02685601
     -8.00763144
     -8.00763144
     -9.21600156
     -9.22309620
    -10.78256491
    -11.00632644
    -11.00632644
    -11.00632644
    -10.71824605
     -8.19969866
     -9.44278909
     -9.19070030
     -9.19070030
     -9.19070030
     -8.95437223
     -8.88198617
     -8.02010066
     -8.02010066
     -8.02010066
     -8.01934752
     -8.01245342
     -8.00940312
     -8.02879453
     -8.01846105
     -8.53822385
     -8.39451914
     -8.38081276
     -9.89527368
     -9.89527368
     -8.30873378
     -9.61085188
     -9.50713559
     -9.50713559
     -9.68456278
     -9.68456278
    -10.19949398
     -9.36391692
     -9.36391692
     -9.65005791
     -9.65651319
     -8.29217444
     -8.42300407
     -8.15549275
     -8.13618886
     -8.13618886
     -8.08767225
     -8.26193145
     -8.19321110
     -8.03098584
     -8.16095028
     -8.16095028
     -8.16095028
    -10.16509349
    -10.60030896
    -10.21216368
     -9.30581500
     -8.49040578
     -8.21079243
     -8.07683360
     -8.07048489
     -8.26266573
     -8.07413483
     -8.01046173
     -8.01064905
     -8.00765667
     -8.05050864
     -8.60162913
     -8.60162913
     -8.17045731
     -8.08833578
     -8.04010307
     -8.10626888
     -8.00906479
     -8.02369006
     -8.02076962
     -8.01011713
     -8.34937152
     -9.48771897
     -9.48771897
     -9.95186081
     -8.45891407
     -8.07795248
     -8.03345471
     -8.00732036
     -8.02269568
     -8.02269568
     -8.02825593
     -8.04716972
     -8.33027657
     -8.32701817
     -8.11394497
     -8.11394497
     -8.03031933
     -8.01324383
     -8.05548720
     -8.64102578
     -8.32971268
     -8.16303480
     -8.20362595
     -8.27906489
     -8.10194211
     -8.10194211
     -8.44883961
     -8.06650849
     -8.06267551
     -8.03901053
     -8.03682640
     -8.03079161
     -8.08318365
     -8.03494784
     -8.03854197
     -8.01243852
     -8.01243852
     -8.68287230
     -8.68287230
     -8.68287230
     -8.68287230
     -8.68049852
     -8.14810241
     -8.38819612
     -8.59432841
     -8.50108266
     -8.50108266
     -8.82887967
     -8.39533622
    -10.29751250
    -10.30395198
    -10.30395198
    -10.30395198
    -10.44772560
    -10.44772560
    -12.86098839
    -12.86098839
    -12.86098839
     -9.92722492
     -9.92722492
     -9.92722492
     -9.92722492
     -9.92722492
     -9.92722492
     -8.02607856
     -8.01050264
     -8.01303261
     -8.01261287
     -8.06746668
     -8.06746668
     -8.07978315
     -8.26480746
     -8.22002226
     -8.00756096
     -8.55339519
     -8.56854269
     -8.98939177
     -9.24913475
     -8.80340868
    -10.49768412
    -10.49768412
    -10.49768412
    -10.49768412
    -11.34976868
    -11.34976868
    -11.34976868
    -11.34976868
    -11.34976868
    -10.25237074
     -9.60864177
     -9.23430531
     -9.58753281
    -10.10519472
     -8.84034140
     -8.30425770
     -8.30425770
     -8.27096756
     -8.44575446
     -8.37404311
     -8.69375810
     -8.02108652
     -9.73568213
    -10.28091371
    -10.49122238
    -10.49122238
    -10.49122238
    -10.49122238
    -10.49122238
     -8.48759630
     -9.37124201
     -9.22060505
     -9.22060505
    -10.64326861
    -10.57839101
    -10.71569351
    -11.89443880
    -11.89443880
     -8.09691900
     -8.09691900
     -8.02022148
     -8.00906079
     -8.61198269
     -8.42400394
     -8.43224200
     -8.43224200
     -8.70471829
     -8.67536305
     -9.15579154
     -8.21497049
     -8.21497049
     -8.02231278
     -8.11567051
     -8.01299987
     -8.01299987
     -8.01501232
     -8.35461688
     -8.09505910
     -8.18215180
     -8.00945838
     -8.00878200
     -8.09109519
     -8.04612772
     -8.21219721
     -8.22610975
     -8.18521443
     -8.15032567
     -8.05993601
     -8.06072864
     -8.06072864
     -8.06072864
     -8.03279650
     -8.04583293
     -8.04583293
     -8.03496044
     -8.06964105
     -8.08497326
     -8.08312104
     -8.08920802
     -8.48508931
     -8.63410251
     -8.63410251
     -9.45475633
     -9.58776680
     -9.07292605
     -8.35660802
     -8.52262545
     -8.47957540
     -8.47957540
     -8.47957540
     -8.40512913
     -8.40512913
     -8.48618538
     -8.55620743
     -8.55620743
     -9.51997444
    -10.13940142
    -10.13940142
    -11.27515874
     -9.87798804
     -9.54859924
     -9.04565743
     -8.26673338
     -8.26673338
     -8.60555858
     -8.67568286
     -8.03446073
     -8.07294395
     -8.07071997
     -8.07561554
     -8.02740091
     -8.02740091
     -8.07543536
     -8.07543536
     -8.08563075
     -8.08088745
     -8.31484712
     -8.31484712
     -8.31034824
     -8.27208601
     -8.41844546
     -8.47376959
     -8.47376959
     -8.02134672
     -8.02492267
     -8.02492267
     -8.01843735
     -8.06888835
     -8.39103862
     -8.58566023
     -8.58566023
     -8.87559897
     -8.87559897
     -8.87559897
     -8.85121049
     -8.26599922
     -8.31962573
     -8.31962573
     -8.05793454
     -8.08662893
     -8.32721068
     -8.32721068
     -8.38274581
     -8.80337761
     -8.76280333
     -8.76818406
     -8.76818406
     -9.41054258
     -8.20730589
     -8.18451160
     -8.11580950
     -8.02152194
     -8.13203725
     -8.25491555
     -8.04683501
     -8.01193568
     -8.06467492
     -8.06467492
     -8.05403732
     -8.01177878
     -8.01177878
     -8.01114456
     -8.08851990
     -8.04857194
     -8.03586500
     -8.05886834
     -8.27799176
     -8.11819730
     -8.11819730
     -8.50050427
     -8.61087513
     -8.62464832
     -8.05997666
     -8.53666119
     -8.18985104
     -8.18985104
     -8.18985104
     -8.07428771
     -8.20706646
     -8.20706646
     -8.22473167
     -8.22473167
     -8.74851498
     -9.45609637
     -8.22827494
     -8.24574503
     -8.01631009
     -8.01915954
     -8.02447726
     -8.01866854
     -8.03151472
     -8.03151472
     -8.03151472
     -8.35956148
     -8.30992561
     -8.31989839
     -8.56831311
     -8.13475440
     -8.00801230
     -8.03097102
     -8.03097102
     -8.00732127
     -8.01905565
     -8.01905565
     -8.01045120
     -8.38246777
     -8.00862066
     -8.01090752
     -8.01708045
     -8.10323896
     -8.09767050
     -8.09767050
     -8.00800335
     -8.12106282
     -8.00852641
     -8.02262285
     -9.29461924
     -9.29461924
     -9.33618190
     -8.25394788
     -8.32673645
     -8.29590384
     -8.47974606
     -8.39087398
     -9.29251017
     -9.24560457
     -9.24560457
     -9.05287808
     -8.44181662
     -8.44897313
     -8.76405050
     -9.06243061
     -8.15433843
     -8.01433233
     -8.18982331
     -8.00892619
     -8.07203019
     -8.14814557
     -8.25572054
     -8.10405491
     -8.09555812
     -8.09555812
     -8.47637565
     -9.40843341
     -8.74477108
     -8.58090591
     -8.90815216
     -8.90815216
     -9.34259667
     -9.39554350
     -8.37415610
     -8.71298776
     -8.30480878
     -8.62680742
     -8.03641114
     -8.10103559
     -8.01060652
     -8.01323903
     -8.01586908
     -8.01270859
     -8.00824706
     -8.11333262
     -8.18833430
     -8.18833430
     -8.44485099
     -8.01189323
     -8.01189323
     -8.02930352
     -8.04185590
     -8.01327107
     -8.20898195
     -9.32642084
     -8.53245046
     -8.36451899
     -8.25561424
     -8.38012090
     -8.21234213
     -8.15747368
     -8.15747368
     -8.71353591
     -8.71353591
     -8.71353591
    -10.07131765
     -9.48007241
     -9.48007241
    -10.61644863
    -11.94029568
    -12.54207131
    -12.54207131
    -12.54207131
    -12.54207131
    -10.27069713
    -10.27069713
    -11.00870359
    -10.61744984
    -10.04168905
    -10.04168905
    -10.04168905
     -9.12285970
     -9.12285970
     -9.12285970
     -8.71354226
     -8.71354226
     -8.71354226
     -8.52847823
     -8.20367894
     -8.08599066
     -8.22841242
     -8.03422775
     -8.06652512
     -8.21152341
     -8.21152341
     -8.13514177
     -8.13514177
     -8.13514177
     -8.13514177
     -8.05086527
     -8.06258320
     -8.36880601
     -8.36880601
     -8.36880601
     -9.45477715
     -9.41066135
     -9.41066135
     -8.73598350
     -8.26581312
     -8.52422530
     -8.06906574
     -8.07742927
     -8.07742927
     -8.00732782
     -8.09943858
     -8.06976478
     -8.98942489
     -9.40424253
     -9.51184256
     -8.70027788
     -8.70027788
     -8.83148903
     -8.83148903
     -9.44482130
     -8.41952656
     -8.41952656
     -8.72733374
     -9.29172834
     -9.29172834
     -9.82744974
    -10.16319614
    -10.16319614
    -10.16319614
     -9.67475573
     -9.60352800
     -8.40760880
     -9.18633382
     -9.60212664
     -9.64467744
     -9.55331947
     -9.55331947
     -8.90068242
     -8.01635052
     -8.57152778
     -8.11553531
     -8.00847784
     -8.04338575
     -8.04338575
     -8.02678590
     -8.13827954
     -8.14465912
     -8.05263216
     -8.02854622
     -8.11713844
     -8.11713844
     -8.04087667
     -8.04087667
     -8.04087667
     -8.43885339
     -8.43885339
     -8.26472187
     -9.17799736
     -8.86632080
     -8.70465491
     -8.74853339
     -8.76313072
     -8.61409108
     -8.48239755
     -8.59250835
     -8.65602276
     -8.65602276
    -10.83099491
    -11.65549001
    -11.65549001
    -11.65549001
    -13.47452434
     -9.17240173
     -9.17240173
     -9.15625163
     -9.15625163
     -9.48487601
     -8.43176856
     -8.43936613
     -9.42805042
     -8.75211619
     -8.04432932
     -8.01180585
     -8.04255883
     -8.00740853
     -8.12010352
     -8.05361781
     -8.01800987
     -8.01928512
     -8.31223769
     -8.31223769
     -8.71471572
     -8.71471572
     -8.67231442
     -9.55065644
     -9.54652943
    -10.39503324
    -10.39503324
     -8.41105401
     -8.33051308
     -8.33051308
     -8.27665152
     -8.28606205
     -8.31614391
     -8.31614391
     -8.04530562
     -8.04530562
     -8.00734433
     -8.01151130
     -8.13204750
     -8.19672888
     -8.19672888
     -8.07548265
     -8.14290935
     -8.05752953
     -8.05752953
     -8.12862634
     -9.02130598
     -8.97009537
     -8.58988703
     -9.63562429
    -10.73399883
    -10.24192744
     -8.14503210
     -8.17093918
     -8.08504324
     -8.00760348
     -8.09347967
     -8.16136585
     -8.29563122
     -9.99748662
     -9.61553116
     -9.58851770
     -9.58851770
     -9.06352784
     -9.07103863
     -9.07103863
     -9.07103863
     -9.12658146
     -9.12658146
     -9.12658146
     -9.20400554
     -9.20400554
     -9.20400554
     -8.49523031
     -8.71282317
     -8.71282317
     -8.71282317
     -8.80226519
     -9.98659741
     -9.98659741
     -9.04185982
     -9.04185982
     -8.46966965
     -8.36381815
     -8.57635392
     -8.45192741
     -8.75292825
     -8.74718724
     -9.12702283
     -9.40139852
     -9.40139852
     -9.40139852
     -9.40139852
     -9.40139852
     -8.81585057
     -8.16859186
     -8.36239661
     -8.36954482
     -8.61621091
     -8.67926770
     -8.71285550
     -8.71285550
     -8.71285550
     -9.52435694
     -9.52435694
     -9.18853327
     -9.37946596
    -10.47444041
     -9.95609496
     -8.83420081
     -8.06863392
     -8.71220413
     -8.06553069
     -8.28375302
     -8.50118230
     -8.39435658
     -8.39727574
     -9.55550565
     -8.62697733
     -8.68755349
     -8.68755349
     -8.66101517
     -8.66101517
     -8.71134645
     -9.00811625
     -9.00811625
     -9.00343601
     -9.00343601
     -9.00343601
     -8.81385512
     -9.92400931
     -9.92400931
     -9.27528166
     -8.14909738
     -8.21621230
     -8.43033304
     -8.76910681
    -11.48546621
    -11.48546621
    -10.18094828
     -8.47460075
     -8.03222857
     -8.08204661
     -8.08204661
     -8.31333692
     -8.26295248
     -8.35399847
     -8.35399847
     -8.07270138
     -8.00795018
     -8.13795237
     -8.05387069
     -8.05707848
     -8.03616597
     -8.30596553
     -8.20522512
     -8.15651704
     -8.10323592
     -8.01485210
     -8.07476732
     -8.85549235
     -8.93479890
     -8.93479890
     -8.93479890
     -8.41619949
     -9.88150911
     -9.78071834
     -9.78071834
     -9.87590156
     -9.65932186
     -9.76150131
     -9.76150131
     -8.60495274
     -8.57818451
     -8.57818451
     -8.57818451
     -8.51285289
     -8.10423556
     -8.14731180
     -8.56343376
     -8.12673466
     -8.00749955
     -8.00732025
     -8.00733478
     -8.00816515
     -8.03172048
     -8.21417727
     -8.23399607
     -8.68376140
     -8.20578106
     -8.63422433
     -8.81630592
     -8.81630592
     -8.97277978
     -8.12305330
     -8.09860471
     -8.21064313
     -8.20240848
     -8.42526251
     -8.42526251
     -8.61686406
     -8.61686406
     -8.40660702
     -8.14933465
     -8.30489264
     -8.20848659
     -8.20848659
     -8.20848659
     -8.32365918
     -8.32365918
    -11.15769592
    -10.28347527
     -9.82797752
     -8.72489060
     -8.71623212
     -9.28405175
     -9.28405175
     -8.06660903
     -8.10411855
     -8.05999813
     -8.05999813
     -8.01018901
     -8.01606220
     -8.02294390
     -8.02294390
     -8.03888491
     -8.02965909
     -8.02965909
     -8.02965909
     -8.29157436
     -8.35690942
     -8.35690942
     -8.35690942
     -8.29580505
     -9.39932780
     -8.41250405
     -8.41250405
     -8.26523305
     -8.31552405
     -8.31552405
     -8.31552405
     -8.21212260
     -8.11999626
     -8.35050411
     -8.49939792
     -8.41290005
     -8.21703728
     -8.21179241
     -8.00923419
     -8.02550351
     -8.00855987
     -8.03013973
     -8.00756352
     -8.00824386
     -8.00732951
     -8.00732864
     -8.01247012
     -8.00957584
     -8.00957584
     -8.01228041
     -8.01003461
     -8.00740540
     -8.05033637
     -8.10011442
     -8.42444427
     -8.39806263
     -8.49879033
     -8.53160444
     -8.14302801
     -8.00732013
     -8.00732013
     -8.03749780
     -8.00760666
     -8.00760666
     -8.00806839
     -8.03286108
     -8.59709360
     -8.00734239
     -8.13568508
     -8.72890767
     -8.03444169
     -8.01253579
     -8.01727505
     -8.00939044
     -8.02115597
     -8.01468602
     -8.83157819
    -11.07780063
    -11.07780063
     -8.27450848
     -8.27450848
     -8.27476567
     -8.19513538
     -8.28999103
     -9.15848011
     -9.02132124
     -9.58469107
     -9.58469107
     -8.65110978
     -8.04475101
     -8.79588892
     -8.94277622
     -8.94277622
     -8.94610550
     -8.94610550
     -8.94610550
     -8.36546037
     -9.10519096
     -8.17206081
     -8.01287741
     -8.03710651
     -8.00742219
     -8.46803003
     -8.37787083
     -8.29725386
     -8.05099023
     -8.02202194
     -8.00864747
     -8.01802917
     -8.31119865
     -8.26326281
     -8.36631970
     -8.36631970
     -8.79309225
     -8.89690009
     -8.89690009
     -8.96789083
     -8.98814255
     -8.98814255
     -8.98814255
     -8.58171688
     -8.70650603
     -8.62715078
     -8.61598392
     -8.61598392
     -8.97869969
     -8.85843675
     -8.50976417
     -8.22661462
     -8.51630161
     -8.01228925
     -8.03870334
     -8.11033404
     -8.12468817
     -8.29063063
     -8.17935361
     -8.07426630
     -8.07426630
     -8.62904953
     -8.62904953
     -8.64694665
     -8.15975277
     -8.15975277
     -8.15975277
     -8.24996001
     -9.32759775
     -8.33955297
     -8.14309377
     -8.90411382
     -8.90411382
     -8.56409484
     -8.68274337
     -9.45027772
     -9.70018354
     -9.70018354
    -10.26934721
     -8.60433279
     -8.57912449
     -8.03014870
     -8.02273504
     -8.05361865
     -8.13784812
     -8.08544707
     -8.08544707
     -8.00798539
     -8.00798539
     -8.45913905
     -8.19493274
     -8.20271377
     -8.20271377
     -8.13199362
     -8.01155571
     -8.00751575
     -8.00751575
     -8.03035666
     -8.00926648
     -8.04182521
     -8.04484260
     -8.04309815
     -8.05246320
     -8.37503626
     -8.83146727
     -8.83146727
     -8.96023049
     -9.18440135
     -9.18440135
    -10.33543618
    -10.33543618
     -8.79875770
     -8.79875770
     -8.70628368
     -8.69570391
     -8.63896505
     -8.65080379
     -8.14760631
     -8.42722786
     -8.39574870
     -9.47305951
     -9.47305951
     -8.07301546
     -8.09999197
     -8.51653551
     -9.14730502
     -9.14730502
     -9.37466736
     -9.31001322
     -9.24856378
     -9.24856378
     -8.00746842
     -8.02485384
     -8.03179143
     -8.83698147
     -8.60402295
     -8.60402295
     -9.36383690
     -9.36383690
    -10.50939889
    -12.41342801
    -12.03566344
    -11.33098871
    -11.36081531
     -9.40626333
     -9.40786145
     -9.40786145
     -8.01128685
     -8.21769174
     -8.33674067
     -8.28725089
     -8.90342784
     -8.77100266
     -9.37436674
     -8.39185357
     -8.39185357
     -8.05050475
     -8.05050475
     -8.01325027
    -12.66057370
    -12.50027578
    -12.50027578
    -12.50027578
    -11.12892480
     -9.88625130
     -9.35396073
     -9.27976071
     -9.19617892
    -10.45784262
    -10.45784262
    -11.27196598
    -11.27196598
    -11.96400022
    -10.53843664
    -10.53843664
    -10.53843664
     -8.14163150
     -8.14163150
     -8.14163150
     -8.40561681
     -8.36188751
     -8.56036792
     -9.12430047
     -9.78322120
    -10.36342432
     -9.47258961
     -9.47258961
     -8.37089250
     -8.83569581
     -8.83569581
     -8.95164906
     -8.95164906
     -8.94223373
     -9.84016278
     -8.70084709
     -9.52694004
     -9.52694004
    -11.60374857
     -9.82160923
     -8.37584164
     -8.37584164
     -8.37584164
     -8.46828607
     -8.06109689
     -8.52612780
     -8.50575487
     -8.18076557
     -8.53013764
     -8.53013764
     -8.75482668
     -8.71093426
     -8.61878925
     -9.33384305
     -9.51793088
     -9.63624514
     -9.47704578
     -9.47704578
     -9.47704578
     -8.04595491
     -8.01020996
     -8.00751096
     -9.00938401
     -9.00962045
     -9.29305722
     -9.12774027
     -9.19031661
     -9.15971729
     -9.34164568
     -9.34164568
    -10.18195678
    -10.18195678
    -10.18195678
    -10.18195678
     -9.68777657
     -9.68777657
     -8.57530615
     -8.00758617
     -8.07259451
     -8.07791699
     -8.14046321
     -8.08738211
     -8.02578949
     -8.09307311
     -8.13627252
     -8.18045693
     -8.21238139
     -8.29158988
     -9.00238071
     -9.00238071
     -8.00749935
     -8.00871705
     -8.04687346
     -8.04898367
     -8.60744648
     -8.60888401
     -8.41354181
     -8.34537732
     -9.89663826
     -9.89663826
     -8.07136770
     -8.03245813
     -8.18212264
     -8.18212264
     -8.18212264
     -8.11220529
     -8.26785949
     -8.76928420
     -8.01400630
     -8.05153149
     -8.64280184
     -9.01732029
     -9.00406364
     -9.41752240
     -9.41752240
     -8.98650164
     -8.62167819
     -8.57994743
     -8.57577206
     -8.15240847
     -9.43313659
     -9.15106915
     -9.14984849
     -9.14984849
     -9.12915066
     -8.13774755
     -8.07551873
     -8.06445823
     -8.14514535
     -8.06717168
     -8.17627263
     -8.05400199
     -8.00980541
     -8.59388418
     -8.33092899
     -8.06413413
     -8.17012160
     -8.14436883
     -8.09156898
     -8.03581682
     -8.12892287
     -8.06155856
     -8.06155856
     -8.11789370
     -8.11789370
     -8.11834275
     -8.78028527
     -8.78028527
     -8.74774990
     -8.56275002
     -8.89604551
     -9.26891420
     -9.49630163
     -8.92956285
     -9.55138660
     -9.21934971
     -8.79715814
     -8.54282477
     -8.05478900
     -8.02081279
     -8.00998929
     -8.02201093
     -8.26456747
     -8.01046528
     -8.02497127
     -8.02255691
     -8.02075302
     -8.23916655
     -8.22468162
     -8.75125535
     -8.23436071
     -8.31669672
     -8.33053367
     -8.18125734
     -8.24476396
     -8.24476396
     -8.45037872
     -8.49020750
     -8.02365487
     -8.04369904
     -8.04369904
     -8.33507950
     -8.33801007
     -8.41502259
     -8.11871402
     -8.13578982
     -8.00810990
     -8.49078248
     -8.03464644
     -8.02220290
     -8.00906457
     -8.78115706
     -8.95828152
     -9.02855085
     -9.02855085
     -8.81700553
     -9.36931494
     -8.71636972
     -8.71636972
     -8.82922426
     -8.96169140
     -8.56932685
     -8.45818131
     -8.05456950
     -8.27431235
     -8.27135053
     -8.27135053
     -8.01934460
     -8.01934460
     -8.09887427
     -8.60711301
     -8.60011076
     -8.60011076
     -8.04500719
     -8.05877637
     -8.09097658
     -8.09097658
     -8.08926860
     -8.27580347
     -8.36562685
     -8.40348281
     -8.03691780
     -8.03691780
     -8.06543491
     -8.06779061
     -8.06779061
     -8.08680278
     -8.15771285
     -8.37579622
     -8.28221178
     -8.28221178
     -8.02580546
     -8.07722851
     -8.07722851
     -8.04290442
     -8.00735805
     -8.00823712
     -8.07108195
     -8.09618200
     -8.09618200
     -8.09618200
     -8.12054196
     -8.12488616
     -8.16027694
     -8.71780652
     -8.53297454
     -8.87927582
     -8.84653762
     -9.09353949
    -10.09808551
     -8.63637009
     -8.82238508
     -8.18466790
     -8.07657114
     -8.21340832
     -8.00757561
     -8.44205893
     -8.44205893
     -8.06377520
     -8.15103842
     -8.26838449
     -8.48480338
     -9.21171028
    -11.03801934
     -8.85827384
     -8.85827384
     -8.82385551
     -8.31257930
     -8.34587612
     -8.34911921
     -8.47091297
     -8.85239568
     -9.24345533
     -9.39819008
     -8.01028952
     -8.01028952
     -8.01028952
     -8.08336302
     -8.76734376
     -9.52661159
     -8.73515595
     -8.68819345
     -8.53889435
     -8.74851140
     -8.90668781
     -8.00858804
     -8.00750739
     -8.01067412
     -8.01390210
     -8.15842070
     -8.15842070
     -8.04213861
     -8.02190043
     -8.05180800
     -8.05180800
     -8.02821211
     -8.03537947
     -8.01793215
     -8.03133003
     -8.04066753
    -11.89761850
    -11.89761850
    -11.89761850
    -10.87138598
     -8.56309830
     -8.49392169
     -8.61298462
     -8.61298462
     -8.94226120
     -9.13675352
     -9.05016085
     -8.28197200
     -8.21050346
     -8.34196528
     -8.11561905
     -8.11561905
     -9.55278118
     -9.55278118
     -8.91711884
     -8.91711884
     -8.91711884
     -8.62260263
     -8.36364036
     -8.36364036
     -8.17116332
     -8.11030966
     -8.26148917
     -8.31578542
     -8.02929620
     -8.02929620
     -8.00735372
     -8.00734153
     -9.00907383
     -8.80306749
     -8.80306749
     -8.48762145
     -8.11201051
     -8.45291732
     -8.47696214
     -8.10324433
     -8.12472296
     -8.02718611
     -8.02624409
     -8.18245088
     -8.10170654
     -8.02247296
     -8.06687849
     -8.03022585
     -8.10969623
     -8.02853848
     -8.01814782
     -8.02030537
     -9.14267653
     -9.15906455
     -8.20751111
     -8.00811080
     -8.00945870
     -8.04649829
     -8.04262677
     -8.04262677
     -8.11598213
     -8.06528386
     -8.22840769
     -8.22840769
     -8.24335179
     -8.39880140
     -8.19218049
     -8.33304236
     -8.33953891
     -9.77052192
    -11.16271881
    -11.16271881
     -8.06574296
     -8.00741272
     -8.01034028
     -8.01415839
     -8.66527980
     -8.33742514
     -8.33742514
     -8.06544223
     -8.04704460
     -8.25638653
     -9.08333702
     -8.03908881
     -8.13803409
     -8.17731791
     -8.01937224
     -8.59690829
     -8.50977094
     -8.43458347
     -8.23934284
     -8.34705974
     -8.34705974
     -8.00919844
     -8.05204776
     -8.05732804
     -8.03717385
     -8.05524723
     -8.04447303
     -8.19388926
     -9.60299332
     -9.43212401
     -8.14881045
     -8.17431963
     -8.23758885
     -8.23758885
     -8.23758885
     -8.52975585
     -8.52975585
     -8.52975585
     -8.02178645
     -8.61550232
     -9.24171924
     -9.24171924
     -9.24171924
     -9.24171924
     -8.92121708
     -9.37867742
     -9.54964661
     -9.54964661
     -9.54964661
     -9.54964661
     -9.54964661
     -8.49865586
     -8.67156226
     -8.67156226
     -8.07960165
     -8.03174859
     -8.03174859
     -8.36933020
     -8.60239416
     -8.60239416
     -8.55276445
     -8.55276445
     -8.55276445
     -8.36587926
     -8.08677859
     -8.00739595
     -8.00739595
     -8.00739595
     -8.00878714
     -8.00878714
     -8.00878714
     -8.01434707
     -8.28288401
     -8.15381394
     -8.15168398
     -8.10595119
     -8.27043747
     -8.28018759
     -8.00897879
     -8.00897879
     -8.00854541
     -8.00854541
     -8.03340525
     -8.02847909
     -8.00735538
     -8.00759527
     -8.00731999
     -8.07820661
     -8.07533743
     -8.11463302
     -8.08645378
     -8.08345643
     -9.24993694
     -9.95336298
    -10.31513414
    -10.14551892
    -10.14551892
     -8.09677206
     -8.09677206
     -8.09677206
     -8.09677206
     -8.08794606
     -8.08794606
     -8.08794606
     -8.08794606
     -8.20963957
     -8.15377309
     -8.30066575
     -8.64894073
     -8.01279146
     -8.03247481
     -8.00862973
     -8.11606019
     -8.23525523
     -8.10475440
     -8.98438679
    -11.62074212
    -10.49992044
     -8.54885990
     -8.37838900
     -8.01230005
     -8.01230005
     -8.06191680
     -8.06191680
     -8.06191680
     -8.02320571
     -8.01647577
     -8.01497796
     -8.93874060
     -8.93874060
     -8.16577931
     -8.16577931
     -8.15150300
     -8.15132869
     -8.04011784
     -8.02076141
     -8.06614045
     -8.06823379
     -8.06823379
     -8.07950018
     -8.07950018
     -8.12678270
     -8.15166159
     -8.35505424
     -8.17662962
     -8.17662962
     -8.17662962
     -8.00973628
     -8.00733159
     -8.00963021
     -8.10564335
     -8.20047336
     -8.02721878
     -8.02721878
     -8.01126483
     -8.02780090
     -8.20597366
     -8.01150303
     -8.02179820
     -8.00734849
     -8.11429426
     -8.22058847
     -8.20422127
     -8.20422127
     -8.20129699
     -8.08566650
     -8.60817778
     -8.44565161
     -8.18397923
     -8.18397923
     -8.18609362
     -8.03882074
     -8.03836794
     -8.01133472
     -8.00952322
     -8.29044190
     -8.28889705
     -8.28408663
     -8.08642275
     -8.07304831
     -8.04029960
     -8.02774739
     -8.00732056
     -8.10007280
     -8.11975134
     -8.09084729
     -9.26277554
     -9.26277554
     -9.17872992
     -9.05777155
     -8.91007719
     -9.06760425
     -8.34356134
     -8.41719025
     -8.45097849
     -8.61929530
     -8.07652997
     -8.59961977
     -8.59961977
     -8.59961977
     -8.79574522
     -8.09218212
     -8.54839692
     -8.55029892
     -8.53144697
     -8.15997803
     -8.27166226
     -8.29031137
     -8.26111380
     -8.26466297
     -8.28273101
     -8.04507320
     -8.04507320
     -8.28065778
     -8.28065778
     -8.14465123
     -8.14465123
     -8.01774581
     -8.01494400
     -8.01544970
     -8.00768170
     -8.08125906
     -8.08125906
     -8.08125906
     -8.00967861
     -8.01689744
     -8.01653680
     -8.08291939
     -8.26968354
     -9.26751404
     -9.25145934
     -8.65605052
     -8.65605052
     -8.42005476
     -8.42005476
     -8.51250898
     -9.09854782
     -9.09854782
     -9.09854782
     -9.71743365
     -9.71743365
     -9.71743365
     -9.71743365
     -9.41292898
     -9.43257489
     -9.42181512
     -9.53835467
     -9.53835467
     -9.53835467
     -9.40311813
     -9.40311813
     -9.48780354
     -9.48780354
     -8.98652231
     -8.69973831
     -8.86618839
    -10.09746736
     -8.42811111
     -8.42821367
     -9.44499540
     -9.44499540
     -9.44499540
     -9.44499540
     -9.44499540
     -8.37992897
     -8.63126018
     -8.63126018
     -8.44240069
     -8.40500983
     -8.40512509
     -8.33059696
     -8.81390202
     -8.65688104
     -8.65688104
    -11.75669745
    -11.75669745
    -11.75669745
     -9.60234513
     -8.67225684
     -8.00875711
     -8.00875711
     -8.00854260
     -8.00854260
     -8.00854260
     -8.02948881
     -8.02948881
     -8.05188156
     -8.26397342
     -8.16652312
     -8.16652312
     -8.11107219
     -8.05807420
     -8.06254391
     -8.01217760
     -8.08938731
     -8.08933240
     -8.08933240
     -8.07510904
     -8.07510904
     -8.17162767
     -8.17445358
     -9.09119399
     -8.84921091
     -9.12702834
     -9.12702834
     -8.87992702
     -8.63001989
     -8.49001064
     -8.01891382
     -8.01891382
     -8.02591904
     -8.02822598
     -8.02822598
     -8.68382607
     -8.90804508
     -8.90804508
     -8.35801780
     -8.35801780
     -8.21853186
     -9.10473904
     -9.10473904
     -9.10473904
     -9.10473904
     -9.01864615
     -8.46271148
     -8.30750248
     -8.30750248
     -8.58155097
     -8.39538013
     -8.51694674
     -9.19403714
     -8.80733655
     -8.83255384
     -8.78802948
     -8.09259440
     -8.09315384
     -8.02003598
     -8.03636785
     -8.04351211
     -8.12649952
     -9.02656255
     -8.95047335
     -8.84886657
     -8.84886657
     -8.84886657
     -8.59533818
     -8.55382992
     -8.20860345
     -8.18982554
     -8.18982554
     -8.23933205
     -8.03875426
     -8.03875426
     -8.03875426
     -8.96727005
     -8.79899980
     -8.77003978
     -8.70411066
     -8.70411066
     -8.70411066
     -8.52160562
     -8.52160562
     -8.83674431
     -8.50694247
     -8.56309052
     -8.68369750
     -8.68369750
     -8.68369750
     -8.22447624
     -8.22447624
     -8.37092975
     -8.37092975
     -8.02863395
     -8.63550220
     -8.26087358
     -8.16823598
     -8.19951778
     -8.19951778
     -8.99152256
     -8.96137409
     -8.93620940
     -8.66855697
     -8.63096713
     -9.34533058
    -10.26075827
     -9.40668310
     -9.40668310
     -9.63199839
     -9.39615620
    -11.64295214
    -11.63533486
     -9.23481457
     -9.23481457
     -9.18979008
     -9.18979008
     -9.33068333
     -8.91972693
     -8.91972693
     -8.91972693
     -9.13650322
     -9.17570803
     -8.76598910
     -8.51074315
     -8.52176794
     -8.00732033
     -8.00732033
     -8.01252453
     -8.01252453
     -8.04496376
     -8.20759698
     -8.20759698
     -8.24385796
     -8.03119300
     -8.03057366
     -8.03057366
     -8.03115380
     -8.08137806
     -8.01189075
     -8.36843577
     -8.90183519
     -8.90183519
     -8.88254421
    -10.13009699
    -10.13009699
    -10.67074807
    -10.67074807
    -10.44829758
     -8.81548836
     -8.03562428
     -8.05189844
     -8.05189844
     -8.51655327
     -8.51655327
     -8.74831032
     -8.51637295
     -8.41772286
     -8.32522455
     -8.22977386
     -8.23685268
     -8.01318886
     -8.27134072
     -8.14986000
     -8.67520465
     -8.67520465
     -9.01574900
     -9.23845741
     -8.72686004
     -8.37882183
     -8.15439086
     -8.17477572
     -8.12405365
     -8.32906498
     -8.28940393
    -10.47503509
    -10.47503509
    -10.45539437
    -10.38879351
    -10.38879351
     -9.84353631
     -8.34313765
     -8.00865807
     -8.01103848
     -8.14365855
     -8.44749367
     -8.43309012
     -8.43309012
     -8.46986730
     -8.48389088
     -8.57988236
     -8.18941847
     -8.21652394
     -8.21652394
     -8.06613622
     -8.11322993
     -8.02451286
     -8.01964938
     -8.00792606
     -8.01799364
     -8.01082562
     -8.00792973
     -8.00939131
     -8.00832425
     -8.00832425
     -8.03339484
     -8.03339484
     -8.24853750
     -8.54808525
     -8.22645317
     -8.33754199
     -8.63872763
     -8.63872763
     -8.58426953
     -8.39089707
     -8.57614020
     -8.04396227
     -8.50814758
     -8.41900192
     -8.04070979
     -8.16554748
     -8.02641094
     -8.33864437
     -8.45843620
     -8.45843620
     -8.31691314
     -8.34136055
     -8.29621166
     -8.06432746
     -8.14487049
     -8.15364849
     -8.12202782
     -8.04117349
     -8.01209689
     -8.01209689
     -8.00947875
     -8.01061317
     -8.00881411
     -8.00881411
     -8.05630437
     -8.15787123
     -8.23132647
     -8.10033130
     -8.09528567
     -8.13201727
     -8.15318238
     -8.15318238
     -8.56412674
     -8.94336739
     -8.94336739
    -11.01374911
    -11.01374911
     -8.41765079
     -9.28501204
     -9.72717061
     -8.56793425
     -8.19182280
     -8.39453674
     -8.39453674
     -8.47432903
     -8.42531344
     -8.27167835
     -8.00840584
     -8.52876712
     -8.52876712
     -9.18348174
     -9.21906564
     -8.17384202
     -8.17738236
     -8.17738236
     -8.05650994
     -8.06201306
     -8.17536362
     -8.17322140
     -8.31398516
     -8.01021693
     -8.01893014
     -8.00748650
     -8.60905485
     -8.60337708
     -8.60337708
     -8.50934712
     -8.50670087
     -8.07520503
     -8.06377305
     -8.06377305
     -8.41094356
     -8.25130812
     -8.25130812
     -8.05205075
     -8.05205075
     -8.07580312
     -8.04710099
     -8.26187265
     -8.18811643
     -8.18811643
     -8.13793579
     -8.52420880
     -8.52420880
     -8.52270779
     -8.12347028
     -8.32498254
     -8.12302589
     -8.27882059
     -8.14612289
     -8.62491285
     -8.62491285
     -8.00778128
     -8.14842327
     -8.13609207
     -8.15958618
     -8.07638710
     -8.01838715
     -8.05568207
     -8.02901592
     -8.01177159
     -9.13971034
     -9.13971034
     -8.62128885
     -8.22105560
     -8.22192638
     -8.06504481
     -8.24773784
     -8.37892132
     -8.88868308
     -8.73057389
     -8.73057389
     -8.03060251
     -8.02055974
     -8.18958080
     -8.17114039
    -10.96926282
    -10.96926282
    -10.96926282
    -10.96926282
    -10.96926282
    -10.96926282
    -10.96926282
    -10.96926282
     -8.48438649
     -8.98216828
     -8.12917642
     -8.11753677
     -9.25852025
     -9.25852025
    -10.45653616
    -10.45653616
    -11.09311815
    -10.08343094
    -10.08343094
     -8.07418546
     -8.09912679
     -8.08927617
     -8.10674142
     -8.12657981
     -8.12277511
     -8.07735023
     -8.03206321
     -8.25324843
     -8.31281318
     -8.01554750
     -8.01554750
     -8.01205151
     -8.01205151
     -8.04366562
     -8.00747935
     -8.07570527
     -8.04171981
     -8.04171981
     -8.04023874
     -8.04023874
     -8.04023874
     -8.04023874
     -8.71965587
     -8.71965587
     -8.15661854
     -8.45933726
     -8.21228348
     -8.31892857
     -8.31892857
     -8.35039543
     -9.08441500
     -9.08441500
     -9.51703913
    -10.00403771
    -10.00403771
    -10.00403771
    -10.72310972
    -10.72310972
    -10.16583328
     -9.38686630
     -9.38686630
     -8.70730041
     -8.70730041
     -8.92260311
     -9.28356678
     -9.25500957
     -9.80535282
    -11.26681399
    -11.11243633
    -11.11243633
    -11.11243633
    -11.00608252
    -11.14034807
    -11.14034807
    -11.14034807
    -11.14034807
    -11.20188228
    -14.13049996
    -13.89601710
    -13.89601710
    -13.89601710
    -13.89601710
    -13.89601710
    -14.66504964
    -14.66504964
    -14.66504964
    -10.63966847
    -10.63966847
    -10.63966847
    -10.63966847
    -10.27629889
     -8.81015968
     -8.81015968
     -8.81015968
     -8.56587376
     -8.20220097
     -8.60347984
     -8.63411371
     -8.63411371
     -8.63411371
     -8.60318214
    -10.09147425
     -8.80459241
     -8.79562608
     -8.79562608
     -8.95270524
     -8.95270524
     -9.08310446
     -9.43580545
    -10.11307236
    -10.11307236
     -9.82791428
     -8.95051683
     -8.95051683
     -8.94435469
     -9.25558562
     -8.95450284
     -9.32764269
     -9.32764269
     -8.51913354
     -8.51913354
     -8.51913354
     -8.28189671
    -10.07666689
     -9.61463925
     -9.52151116
     -9.52151116
     -8.35959896
     -8.37282990
     -8.05836532
     -8.05836532
     -8.23137454
     -8.35687254
     -8.08742941
     -8.50527251
     -9.49788773
     -9.49788773
    -10.37426261
    -10.37426261
    -10.85403636
    -10.63731844
     -9.93055423
     -9.93055423
    -10.00321546
    -10.00321546
     -9.77544674
     -9.79499319
     -9.79499319
     -9.82162682
    -10.09591133
    -10.09591133
     -9.63890585
     -9.63890585
     -9.78339412
     -9.65061541
     -9.65061541
    -10.43057411
     -8.27083671
     -8.09571620
     -8.04308157
     -8.26864959
     -8.47303055
     -8.02992335
     -8.05710921
     -8.19231774
     -8.19231774
     -8.00820535
     -8.00907108
     -8.01002718
     -8.01002718
     -8.10958493
     -8.03647183
     -8.18941178
     -8.15435220
     -8.67206235
     -8.67450075
     -8.59488510
     -8.59488510
     -8.49150001
     -8.14666020
     -8.22941364
     -8.27381566
     -8.39290901
     -9.45576776
     -9.36997650
     -9.44179309
     -8.77141005
     -8.59425893
     -8.65464282
     -8.65464282
     -8.65464282
     -8.65464282
     -8.73224830
     -9.91116230
     -9.63602593
    -10.52665084
    -11.65111186
     -9.15030864
     -8.72970954
     -8.72970954
     -8.53082376
     -8.08871873
     -8.00774452
     -8.00774452
     -8.96283117
     -8.96283117
     -8.23085508
     -8.48563128
     -8.40826720
     -8.22162681
     -8.62653139
     -8.68935801
     -8.60116009
     -8.99668528
     -8.23125190
     -8.01551017
     -8.01600483
     -8.00737231
     -8.02903232
     -8.05132601
     -8.02400896
     -8.09483308
     -8.02768079
     -8.02828524
     -8.02752776
     -8.00740232
     -8.00740232
     -8.02001772
     -8.01367122
     -8.07172664
     -8.22502161
     -8.24803253
     -8.40089149
     -8.15165271
     -8.29212528
     -8.29212528
     -8.88538376
     -8.88538376
     -8.88538376
     -8.88538376
     -8.44021031
     -8.62149093
     -8.62149093
     -8.49646747
     -8.49721492
     -9.53644086
     -8.38466937
     -8.19991579
     -8.19991579
     -8.42853007
     -8.03754470
     -8.07218253
     -8.07218253
     -8.74505750
     -8.21551577
     -8.15572827
     -8.15572827
     -8.01979218
     -8.01979218
     -8.00743286
     -8.01771653
     -8.02889895
     -8.09214921
     -8.21605879
     -8.02907554
     -8.03960002
     -8.01311632
     -8.00732197
     -8.00732197
     -8.01899568
     -8.04205302
     -8.04205302
     -8.05059050
     -8.06258055
     -8.06258055
     -8.07735040
     -8.07735040
     -8.07735040
     -8.12562248
     -8.25350294
     -8.25350294
     -8.26849567
     -8.26849567
     -8.98753874
     -8.98753874
     -8.28137520
     -8.38438772
     -8.38438772
     -8.24309318
     -8.30004762
     -8.06032188
     -8.54098544
     -8.07382536
     -8.07382536
     -8.00894920
     -8.00804246
     -8.02243019
     -8.00781791
     -8.00781791
     -8.03145294
     -8.00881916
     -8.09351692
     -8.36818222
     -8.34265378
     -8.16139877
     -8.21226425
     -8.21226425
     -8.09971019
     -8.17984727
     -8.19831940
     -8.34213271
     -8.34213271
     -8.72253585
     -8.28743899
     -8.25171121
     -8.00780270
     -8.06480788
     -8.03671255
     -8.03671255
     -8.00823697
     -8.03324464
     -8.03324464
     -8.03633384
     -8.02922776
     -8.01037982
     -8.01594746
     -8.03966385
     -8.03966385
     -8.06066560
     -8.13951990
     -8.13951990
     -8.13951990
     -8.36076478
     -8.36065305
     -8.36065305
     -8.31676378
     -8.25111361
     -8.21964898
     -8.00890479
     -8.01154021
     -8.01154021
     -8.03422811
     -8.03422811
     -8.03724168
     -8.01417492
     -8.02440109
     -8.01096032
     -8.02296367
     -8.02151190
     -8.01174436
     -8.17265772
     -8.50684055
     -8.66211424
     -8.13741319
     -8.23357363
     -8.17930791
     -8.32188178
     -8.03384909
     -8.00743419
     -8.75418954
     -9.15663831
     -8.32795108
     -8.94677947
     -8.42313895
     -8.72710151
     -8.39873584
     -8.23688376
     -8.11755529
     -8.15952864
     -8.01947007
     -8.06220614
     -8.26563495
     -8.22386958
     -8.56069783
     -8.47352263
     -8.02882382
     -8.00867746
     -8.01174721
     -8.15788117
     -8.15788117
     -8.06806040
     -8.04244364
     -8.48315735
     -8.39489204
     -8.17362649
     -8.17362649
     -8.00733065
     -8.10044174
     -8.06034699
     -8.06034699
     -8.06034699
     -8.06170989
     -8.03691564
     -8.02871433
     -8.02871433
     -8.02969190
     -8.03817792
     -8.03723373
     -8.01168153
     -8.01102896
     -8.07184090
     -8.34331147
     -8.35655351
     -8.36510696
     -8.36432744
     -8.36432744
     -8.36138030
     -8.17084247
     -8.08316584
     -8.15503775
     -8.15503775
     -8.23652934
     -8.14548978
     -8.16303402
     -8.09526866
     -8.03029122
     -8.07061591
     -8.62326084
     -8.62326084
     -8.01533557
     -8.00953497
     -8.00953497
     -9.10605218
     -8.73159780
     -8.31931147
     -8.83954876
     -9.37742177
     -9.37742177
     -8.24850688
     -8.02100257
     -8.00853934
     -8.22339195
     -8.89874191
     -8.89117823
     -8.89117823
     -8.89117823
     -9.21492794
     -9.34559895
    -10.10055129
    -10.10055129
     -8.64234698
     -8.54559151
     -8.57098240
     -8.58875238
     -8.42915274
     -8.00739219
     -8.00741168
     -8.23906926
     -8.22954570
     -8.28458965
     -8.28458965
     -8.33402978
     -8.33402978
     -8.02176638
     -8.01088277
     -8.08451448
     -8.08595934
     -8.08636835
     -8.42969247
     -9.46270562
     -8.86469270
     -9.87981056
     -9.80151955
     -8.96810642
     -8.78002989
     -8.48878874
     -8.48878874
     -8.29998148
     -8.66889364
    -10.45993709
    -10.31110322
    -10.31110322
    -10.34354648
     -9.11774593
     -8.00780297
     -8.00780297
     -8.08180557
     -8.04403780
     -8.04403780
     -8.01967625
     -8.01967625
     -8.17969869
     -8.17969869
     -8.17969869
     -8.07880050
     -8.07880050
     -8.02807479
     -8.05115677
     -8.05115677
     -8.05115677
     -8.05600283
     -8.28064410
     -9.90315404
     -9.90315404
     -9.90315404
     -9.52885963
     -9.52885963
     -9.35314574
     -9.35314574
     -8.48077678
     -8.52472117
     -8.53984828
     -8.31268991
     -8.27622257
     -9.20656899
     -9.21743093
     -9.07033792
     -9.07033792
     -8.38404216
     -9.67889538
    -10.16667786
    -10.16667786
    -10.16667786
     -9.32073286
     -9.32073286
     -9.32073286
     -9.16264002
     -9.12899375
     -8.57780550
     -8.15264067
     -8.15264067
     -8.02986876
     -9.21203984
     -9.21203984
     -9.59412790
     -9.59412790
     -9.09502247
     -9.01420848
     -9.03883418
     -9.03883418
     -9.03883418
     -9.10277092
     -8.07883203
     -8.05172862
     -8.03131444
     -8.04526768
     -8.38020238
     -8.00798101
     -8.30059085
     -8.34438741
     -8.26150869
     -9.72664238
     -9.72664238
     -9.77353095
     -9.77353095
     -9.77353095
    -11.07103038
    -11.07103038
    -10.72900211
    -10.72900211
    -10.72900211
    -10.26035561
    -10.26035561
     -8.94475831
     -8.13564808
     -8.61186191
     -8.73474856
     -8.73474856
     -9.67855317
     -9.67855317
     -8.02161921
     -8.81225095
     -8.64003455
     -8.56161804
     -8.56161804
     -8.56876531
     -8.56876531
     -8.92758573
     -9.56559252
     -9.56559252
     -8.96256175
     -9.12539292
     -9.12539292
     -9.19134333
     -8.88846169
     -8.17972661
     -8.05593823
     -8.98310142
     -8.93656258
     -8.93656258
     -8.80563179
     -9.03958539
     -8.02221642
     -8.12987427
     -8.65561549
     -8.76147187
     -8.44087874
     -8.44387650
     -8.35293570
     -8.74651262
     -8.21684954
     -8.28323234
     -8.26485993
     -8.78621718
     -8.74878730
     -9.73493280
     -9.55434617
     -9.55434617
     -8.77282248
     -9.27653986
     -8.94906141
     -8.03505769
     -8.06057562
     -8.06057562
     -8.33666661
     -9.29757472
     -9.26223212
     -8.14219016
     -8.03408840
     -8.04563760
     -8.05430345
     -8.05882041
     -8.31170281
     -8.34185720
     -8.34185720
     -8.44640703
    -10.20104446
    -10.20104446
    -10.71151292
     -8.27716671
     -8.23090593
     -8.57514484
     -8.50980247
     -8.18983348
     -8.18983348
     -8.51257972
     -8.86344142
     -8.80725290
     -8.77616508
     -8.49211614
     -8.39637978
     -8.39637978
     -8.69857893
     -8.69857893
     -8.92702928
     -9.20643234
     -9.68579140
     -9.12180716
     -9.12180716
     -9.12180716
     -8.74224549
     -8.44375313
     -8.71658793
     -9.36698284
     -9.36698284
     -9.99453910
    -10.00960744
    -10.00960744
    -10.00960744
     -8.81863155
     -8.33571934
     -8.18443752
     -8.18443752
     -8.18443752
     -8.18443752
     -8.11203566
     -8.11203566
     -8.11203566
     -8.03745997
     -8.03745997
     -8.01573567
     -8.01624915
     -8.00734799
     -8.02969904
     -8.01691566
     -8.27109268
     -8.36186714
     -8.36186714
     -8.04427462
     -8.07723036
     -8.09535960
     -8.10693841
     -8.09317159
     -8.08232365
     -8.45047038
     -8.74159435
    -12.88569489
    -12.88569489
     -9.78813917
    -10.86895533
     -9.16779053
     -9.16585729
     -8.52508795
     -8.52508795
     -8.87671022
     -8.39543005
     -8.61840238
     -8.04696979
     -8.04869938
     -8.04291947
     -8.02736725
     -8.84525587
     -9.37321464
     -9.72518317
     -9.71786268
     -9.71786268
     -9.71786268
     -9.71786268
     -9.97584574
     -8.83532193
     -8.83532193
     -8.83370696
     -8.84116196
     -8.84116196
     -8.53842310
     -8.53842310
     -8.53842310
     -8.83648466
     -8.83648466
     -8.19250286
     -8.44997188
     -8.24606463
     -8.24606463
     -8.39342256
     -8.00909600
     -8.16293197
     -8.13191968
     -8.90125552
     -8.88843024
     -8.03693343
     -8.33466280
     -8.12807808
     -8.12807808
     -8.11645187
     -8.11012472
     -8.00732183
     -8.00798618
     -8.00825935
     -8.14613264
     -8.14613264
     -8.53900301
     -8.53900301
     -8.94648580
     -8.84878599
     -8.71338455
     -8.70618495
     -8.70618495
     -9.04824925
     -9.04824925
     -8.77176270
     -8.77176270
     -8.75853054
     -8.73914489
     -9.76565908
     -9.88812927
     -9.45439024
     -9.45439024
     -9.96478122
    -10.24920549
    -10.24920549
     -8.18866740
     -8.06907495
     -8.17067480
     -8.02583830
     -8.13840948
     -8.13840948
     -8.18551077
     -8.18551077
     -8.18551077
     -8.00816814
     -8.01181231
     -8.00879068
     -8.00913620
     -8.26216287
     -8.43384978
     -8.09243149
     -8.01264457
     -8.04556677
     -8.37212488
     -8.62467744
     -8.78805331
     -8.78805331
     -9.33427426
     -9.33427426
     -9.37347495
     -8.50214298
     -8.18596831
     -8.25347708
     -8.13280358
     -8.13280358
     -8.04917423
     -8.02077699
     -8.00732396
     -8.00732396
     -8.26498979
     -8.34057012
     -8.19463449
     -8.23850230
     -8.32005109
     -8.77655056
     -9.66566518
     -9.66566518
     -9.66566518
     -9.55535770
     -9.35028961
     -9.35028961
     -9.11575999
     -9.75920885
     -8.36651196
     -8.36651196
     -9.89762649
    -10.07576013
    -10.07576013
     -8.97350562
     -8.64831242
     -8.71551983
     -8.15474372
     -8.50037709
     -8.29335220
     -8.29335220
     -8.14679484
     -8.29060147
     -8.07921212
     -8.08693898
     -8.03524493
     -8.26050424
    -10.13234998
    -10.13234998
     -9.55511460
     -8.07196523
     -8.05215344
     -8.32254103
     -8.32254103
     -8.34920366
     -8.38001854
     -8.38001854
     -8.51194877
     -9.59570212
     -8.86612310
     -8.47532487
     -8.91285476
     -9.94479528
     -9.94479528
     -8.06674423
     -8.00732900
     -8.00743621
     -8.11465945
     -8.11465945
     -8.20472714
     -8.01941418
     -8.03912360
     -8.02063454
     -8.02387329
     -8.02387329
     -8.02226725
     -8.00810242
     -8.09269852
     -8.14965110
     -8.33836561
     -8.20687588
     -8.57019315
     -8.57594757
     -8.78845691
     -8.19998341
     -8.06508939
     -8.26907588
     -8.24070861
     -8.23751798
     -8.02959483
     -8.02580338
     -8.02129325
     -8.00734386
     -8.25744937
     -8.26261750
     -8.12044410
     -8.12044410
     -8.12044410
     -8.02722370
     -8.02722370
     -8.02837228
     -8.02905028
     -8.00800910
     -8.08574623
     -8.14176095
     -8.36079711
     -8.34462273
     -8.67713718
     -8.29038829
     -8.29038829
     -8.20681345
     -8.17944690
     -8.17944690
     -8.27735575
     -8.24178297
     -8.12052446
     -9.12409325
     -8.31896897
     -8.31896897
     -8.11562726
     -8.88362995
     -8.88362995
     -8.89150534
     -8.46150232
     -8.46150232
     -8.46150232
     -8.46150232
     -8.46273075
     -8.10345586
     -8.28878338
     -8.26334470
     -8.59052989
     -9.43363063
     -9.93104425
     -9.93104425
     -9.93334692
     -9.93334692
    -10.52730145
     -8.59070786
     -8.59070786
     -8.59070786
     -9.15955275
     -9.14403595
     -9.14403595
     -8.65801645
    -10.22055172
    -10.57770039
    -10.57770039
    -13.32929719
    -12.77965422
    -10.58531132
     -9.60472218
    -11.35398477
    -11.35398477
     -9.24357224
     -8.83104642
     -8.31281826
     -8.45074813
     -8.70053472
     -8.43543171
     -8.22446468
     -8.34394108
     -9.82417041
     -8.93419593
     -8.93419593
     -9.01666868
     -8.69702735
     -8.00935869
     -8.00935869
     -8.04814646
     -8.01438248
     -8.03961639
     -8.08351284
     -8.04304882
     -8.19275447
     -8.21864541
     -8.01133153
     -8.00741320
     -8.01817669
     -8.03072718
     -9.05790494
     -9.10839578
    -11.00661723
    -11.99846240
    -10.15814128
    -10.15814128
     -8.87958851
     -8.87958851
     -8.79143302
     -8.63930307
     -8.71432375
     -8.60098635
     -8.60098635
     -8.68195788
     -9.67456420
     -9.09564723
     -8.61676678
     -8.12585479
     -8.22712495
     -8.07005843
     -8.27078367
     -8.79260393
     -8.78762322
     -8.94946935
    -11.24570296
     -8.95315544
     -8.43916443
     -8.55895045
     -8.03598812
     -8.03598812
     -8.02433844
     -9.28248311
     -9.28248311
     -9.28248311
     -9.06748658
    -10.07343318
    -10.07343318
     -8.98965334
     -8.63444298
     -8.62112282
     -8.62112282
     -8.62112282
     -8.38369147
     -8.85170214
     -8.78115543
     -8.78115543
     -8.78830467
     -8.78830467
     -8.72348412
    -10.27295802
    -10.27295802
    -10.79239952
    -10.79239952
    -10.79239952
     -8.37955819
     -8.37308534
     -8.37308534
     -8.37308534
     -8.64300831
     -8.64300831
     -8.64300831
     -8.83092966
     -8.83092966
     -8.18033425
     -8.27839289
     -8.23753867
     -8.28905282
     -8.35832668
     -8.02230098
     -8.00735609
     -8.13159624
     -8.07878365
     -8.00746564
     -8.00812726
     -8.01573896
     -8.01573896
     -8.04563252
     -8.01049447
     -8.03815379
     -8.03815379
     -8.38753981
     -8.07335929
     -8.07335929
     -8.00732694
     -8.00732694
     -8.00853182
     -8.00853182
     -8.72496794
     -8.81321374
     -8.85547185
     -8.33226185
     -8.17828774
     -8.17842465
     -8.27352156
     -8.05782780
     -8.07242906
     -8.06948853
     -8.32237952
     -8.83904312
     -8.83904312
     -8.26516466
     -8.49678308
     -8.43613264
     -8.43613264
     -8.00810957
     -8.00826424
     -8.02194262
     -8.29902837
     -8.29902837
     -9.55504697
    -11.60229218
    -11.43144469
    -11.43144469
    -10.24737926
     -9.46941825
     -9.10078022
    -10.80989314
    -10.80989314
    -10.80989314
     -8.71166409
     -8.07661647
     -8.01387843
     -8.01532670
     -8.01227138
     -8.48393943
     -8.63949730
     -8.63949730
     -8.63949730
     -8.63949730
     -8.35503232
     -8.50665410
     -8.51346737
     -8.56715103
     -8.51112702
     -8.51112702
     -8.24096474
     -8.24096474
     -8.01033107
     -8.08798426
     -8.08666758
     -8.03691720
     -8.39727821
     -8.25130310
     -8.23027604
     -8.23988505
     -8.25484701
     -8.08074066
     -8.02751665
     -8.05366037
     -8.00845070
     -8.01372713
     -8.01116807
     -8.01116807
     -8.24373806
     -8.24373806
     -8.22882581
     -8.22882581
     -8.22882581
     -8.01399468
     -8.01399468
     -8.01648647
     -8.01990900
     -8.15409486
     -8.33459739
     -8.39516246
    -10.44913249
    -10.44913249
    -10.24191170
    -12.11913943
    -13.47465090
     -8.00814123
     -8.18199671
     -9.21978511
     -8.95450968
     -8.70438481
     -8.66389136
     -8.66389136
     -8.17882272
     -8.00784325
     -8.00962905
     -8.01065171
     -8.12136041
     -8.27036731
     -8.13519174
     -8.17735577
     -8.01418703
     -8.01074095
     -8.00869226
     -8.02429423
     -9.27771495
     -9.73230618
     -9.71611138
     -9.68726314
     -9.97201596
     -9.97201596
     -9.70550439
     -9.37004728
    -10.28735311
     -9.61627716
     -9.08595063
     -8.62399456
     -8.01030502
     -8.01424204
     -8.02095275
     -8.02095275
     -8.03770644
     -8.03770644
     -8.14697337
     -8.16797089
     -8.03296797
     -8.01796173
     -8.01071834
     -8.01810441
     -8.61190507
     -8.47752407
     -8.30606015
     -8.32694050
     -8.34928275
     -8.92292204
     -8.21145530
     -8.29259630
     -8.29259630
     -8.01785907
     -8.03073324
     -8.00779641
     -8.00815936
     -8.00825069
     -8.00885560
     -8.75692375
     -8.75692375
     -9.15285444
     -9.15285444
     -9.24441193
     -8.33344222
     -8.33344222
     -8.33344222
     -8.14841728
     -8.45293590
     -8.25858081
     -8.05505858
     -8.00897122
     -8.00897122
     -8.09436870
     -8.05525989
     -8.01525120
     -8.18267241
     -8.07275408
     -8.07275408
     -8.04347374
     -8.04347374
     -8.01568329
     -8.17031628
     -8.11528022
     -8.00908401
     -8.03527115
     -8.03060650
     -8.01769019
     -8.31505558
     -8.31505558
     -8.46881193
     -8.46881193
     -8.46881193
     -8.02532733
     -8.70056570
     -8.53154353
     -8.23719139
     -8.23719139
     -8.03627771
     -8.03599392
     -8.03767560
     -8.25624254
     -8.01311675
     -8.04478828
     -8.04403859
     -8.08415024
     -8.03162676
     -8.03850994
     -8.03898288
     -8.07476926
     -8.74720028
     -9.67212877
     -8.20101973
     -8.50549281
     -8.50549281
     -8.65742404
     -8.41196440
     -8.96620018
     -8.49936698
     -8.48217907
     -8.79264984
     -8.79264984
     -8.79264984
     -9.62217964
     -8.77098227
     -8.00845955
     -8.01903205
     -8.00744363
     -8.00732187
     -8.00732187
     -8.13207985
     -8.13207985
     -8.30746240
     -8.18026867
     -8.30842636
     -8.30842636
     -8.23032342
     -8.52625635
     -8.52625635
     -8.56354241
     -8.31511101
     -8.31511101
     -8.30228362
     -8.44131482
     -8.25048749
     -8.61175855
     -8.60762268
     -8.11706692
     -8.11706692
     -8.11706692
     -8.01319259
     -8.03972545
     -8.01604522
     -8.14059758
     -8.14059758
     -8.43275573
     -9.44445122
     -9.56630009
     -9.56630009
     -9.39720764
     -9.43837646
     -9.76017864
     -8.40532911
     -8.38259814
     -8.38259814
     -8.08635279
     -8.36053895
     -8.36053895
     -8.36053895
     -8.13879734
     -8.01809412
     -8.03376116
     -8.03376116
     -8.03376116
     -8.05310140
     -8.05310140
     -8.02311082
     -8.01485200
     -8.01040898
     -8.00834507
     -8.12852176
     -8.12852176
     -8.18599693
     -8.17097736
     -8.12042224
     -8.07005761
     -8.07005761
     -8.05791065
     -8.01288510
     -8.01468534
     -8.01195057
     -8.08988381
     -8.07838603
     -8.07838603
     -8.25784041
     -8.03882432
     -8.00831551
     -8.03557430
     -8.03557430
     -8.00732746
    -10.17196501
     -9.48681246
    -10.30666362
    -11.95312411
    -11.95312411
     -8.71455169
     -8.35627190
     -8.20948781
     -9.47974819
     -9.47974819
     -9.67649687
     -9.67649687
     -8.83673035
     -8.54895482
     -8.07120408
     -8.56242867
     -8.85211539
     -8.85211539
    -11.46521644
    -11.46521644
    -11.46521644
    -11.46521644
    -11.46521644
    -10.77455966
     -9.81343863
     -9.80637524
     -9.80637524
     -9.80637524
     -8.89448463
    -11.29618314
     -9.89414683
    -10.26100930
    -10.26100930
    -10.26100930
    -10.26100930
    -10.26100930
     -8.82414320
     -9.82597907
     -8.24842322
     -8.20281557
     -8.64118730
     -8.89173416
     -8.89173416
     -8.67929648
     -8.20687966
     -8.20687966
     -8.19316029
     -8.43349728
     -8.69862370
    -10.63222933
    -10.63222933
    -12.16970534
    -12.16970534
    -12.16970534
    -12.16970534
    -12.30506427
     -8.74510256
     -8.03838051
     -8.21916534
     -8.07638514
     -8.04344945
     -8.06367633
     -8.06367633
     -8.29605812
     -8.22003004
     -8.86330197
     -9.13942031
     -9.13942031
     -8.74455342
     -8.46788613
     -9.17581277
     -8.62361083
     -9.51331838
     -9.70083987
     -9.89589642
     -8.45192127
     -8.45333056
     -8.49878578
     -8.16368859
     -8.18117635
     -8.47063547
     -9.23692823
     -9.70017666
     -9.70017666
     -9.84778185
     -9.50261478
     -9.16326395
     -9.49872114
     -9.49872114
     -8.60321971
     -9.29481958
     -9.78466481
     -9.78466481
     -9.13494989
     -8.65418102
     -8.65418102
     -8.65418102
     -8.65418102
     -8.69898738
     -8.74967523
     -8.47999832
     -9.82979680
     -9.72852577
     -9.24975974
     -9.20103682
    -10.14546854
    -10.17104879
    -10.17104879
    -10.17104879
    -10.17104879
    -12.20754076
     -9.26442092
     -8.81620844
    -10.31221969
    -10.42460232
     -9.34187617
     -9.34187617
     -8.01317778
     -8.01537646
     -8.44456746
     -8.98534057
     -8.12974260
     -8.12974260
     -8.12974260
     -8.14409754
     -8.14573662
     -8.08261160
     -8.08261160
     -8.16128980
     -8.82266749
     -8.59799882
     -8.30710449
     -8.32184849
     -8.50432821
     -8.06705291
     -8.01798645
     -8.12907473
     -8.10256652
     -8.09923139
     -8.19854202
     -8.19854202
     -8.19382779
     -8.01553224
     -8.01830159
     -8.01477307
     -8.00785706
     -8.05375509
     -8.05375509
     -8.05888010
     -8.07279607
     -8.06620450
     -8.01696060
     -8.07752710
     -8.12641533
     -8.12641533
     -8.04880550
     -8.04880550
     -8.47755283
     -8.59189554
     -8.48391864
     -8.91494127
     -8.91494127
     -9.04448798
     -9.04448798
     -8.88364183
     -9.07260456
     -9.14686310
    -10.02377242
     -8.41107137
     -8.41107137
     -8.16510454
     -8.81664113
     -8.94715408
     -8.60134300
     -8.06379155
     -8.10986240
     -8.37341131
     -8.37341131
     -8.37341131
     -8.48354278
     -9.11979050
     -8.56210459
     -8.60906349
     -8.62447786
     -8.06062847
     -8.03692189
     -8.00765094
     -8.07480734
     -8.04200835
     -8.04200835
     -8.02468010
     -8.04140561
     -8.11140440
     -8.20198292
     -8.62902068
     -8.11690844
     -8.08788819
     -8.10015033
     -8.73955186
    -11.34670211
    -11.34670211
     -8.28749357
     -8.34726739
     -8.08095373
     -8.03060465
     -8.03060465
     -8.03060465
     -8.07642882
     -8.10616467
     -8.08352993
     -8.00887338
     -8.20802905
     -8.02954229
     -8.02431141
     -8.04255809
     -8.00911096
     -8.00909929
     -8.09802216
     -8.00931254
     -8.00931254
     -8.00931254
     -8.00931254
     -8.00931254
     -8.01254812
     -8.00884972
     -8.05056362
     -8.37244773
     -8.62061337
     -8.62776470
     -8.63042435
     -8.61250379
     -8.62007275
     -8.41152290
     -8.41152290
     -8.27989271
     -8.09387249
     -8.09387249
     -8.23001440
    -10.14333786
     -8.08587867
     -8.22345089
     -8.22345089
     -8.22345089
     -8.05601224
     -8.08735693
     -8.00778670
     -8.00733929
     -8.22744775
     -8.25014013
     -8.53815447
     -8.18684480
     -8.16413522
     -8.40242087
     -8.77674088
     -8.61703595
     -8.61714881
     -8.61714881
     -8.61320200
     -8.61320200
     -8.61320200
     -8.27089231
     -8.72239684
     -8.58786555
     -8.58786555
     -9.05451877
     -9.05288495
    -10.79690414
    -10.79690414
    -10.79690414
     -8.69267138
     -8.04213365
     -8.04213365
     -8.51875097
     -8.51875097
     -8.57350704
     -8.55766524
     -8.00992060
     -8.01328593
     -8.04581221
     -8.10587404
     -8.10587404
     -8.20718350
     -9.87734576
     -9.61626220
    -10.05113785
     -9.32404756
     -8.93649808
     -9.47451096
     -9.47451096
    -10.64110159
     -9.51347193
     -9.51347193
    -10.58043025
     -9.95293000
     -9.95293000
     -9.95293000
     -8.46709986
     -8.08771631
     -8.08771631
     -8.04653723
     -8.08281454
    -10.08198860
    -10.08198860
    -10.08198860
     -8.83607058
     -9.55763754
    -10.24264523
    -10.24264523
     -8.73974459
     -8.73814854
     -8.54318524
     -8.69343143
     -8.92562213
     -8.92562213
     -8.41965486
     -8.69026022
     -8.75205526
     -8.75600473
     -8.70148520
     -8.80414380
     -8.68766113
    -10.35134732
     -9.90549613
     -8.69523550
     -8.09003842
     -8.09003842
     -8.11104097
     -8.07783092
     -8.23469832
     -9.31442333
    -11.34003987
    -11.34003987
    -11.34003987
    -12.12721629
    -12.12721629
    -12.12721629
    -12.12721629
    -13.82712497
    -13.82712497
    -13.82712497
    -13.82712497
    -13.59349912
     -9.36114296
     -9.36114296
     -9.36114296
     -9.40426275
     -9.40426275
     -9.54755920
     -8.35344195
     -8.00924396
     -8.02261377
     -8.07387989
     -8.00732112
     -8.00780473
     -8.00780473
     -8.08763981
     -8.09558354
    -11.03223012
    -11.04472951
    -11.04472951
    -11.04472951
     -9.69950063
    -11.04478102
    -11.04478102
    -11.04478102
    -11.04478102
    -10.68937313
    -10.36299535
    -11.59929616
    -11.59929616
    -10.01756712
    -11.94536418
    -11.94536418
    -10.29277390
    -10.29277390
     -8.95053680
     -8.74771894
     -8.74771894
     -8.74771894
     -8.74771894
     -8.59507005
     -9.02495219
     -9.51296978
     -8.20835045
     -8.20835045
     -8.01321358
     -8.01159940
     -8.01421732
     -8.17675704
     -8.02980196
     -8.56357941
     -8.04554351
     -8.08687719
     -8.13602239
     -8.02828459
     -8.05562204
     -8.05869973
     -8.05869973
     -8.11646361
     -8.04025268
     -8.11594460
     -8.20441049
     -8.20441049
     -8.28058728
     -8.28058728
     -9.07397002
     -9.33973098
     -8.92391230
     -9.68137181
     -9.28685686
     -9.28685686
    -11.20662462
    -11.20662462
     -9.90257151
     -8.53786178
     -8.53786178
     -8.53786178
     -8.98838440
     -8.98838440
     -9.15931197
    -10.35221337
     -9.65740584
     -9.73561034
     -9.10495804
     -9.67275007
     -9.01439436
     -8.36480722
     -8.70225135
     -8.70225135
     -8.67996168
     -8.64136960
     -8.64335039
    -10.49412557
    -10.49412557
    -10.49412557
     -9.67709092
    -10.82537088
     -9.86447207
     -9.99499723
    -10.04774293
    -10.32248951
    -10.66267760
    -10.66267760
     -9.83873692
     -9.83873692
     -9.74308748
     -9.60101448
     -9.29100216
     -8.17293221
     -8.17293221
     -8.20609414
     -8.23992443
     -8.58817930
     -8.58817930
     -8.58817930
     -8.71149433
     -8.71149433
     -8.71149433
     -8.85581683
     -9.05941922
    -10.00154220
    -11.38696030
    -11.38696030
    -11.38696030
    -13.54779701
    -11.85040183
    -11.85040183
    -11.85040183
    -12.56241701
    -12.56241701
    -12.56241701
    -11.11912005
     -9.16587667
     -9.36393101
     -9.36393101
     -9.36393101
     -8.86732960
     -8.02667892
     -8.05406408
     -8.20293004
     -8.25303166
     -8.16396298
     -8.91172287
     -8.24584268
     -8.70800815
     -8.70800815
     -8.27495228
     -8.44185384
     -8.01271184
     -8.03946700
     -8.88770599
     -8.28705822
     -9.10942928
     -9.10942928
     -9.25659723
     -9.25659723
     -9.49895966
     -9.85451736
    -10.45646337
    -11.02449314
     -8.93073410
    -10.68330286
    -10.37056383
    -10.37056383
     -8.61146943
     -8.61146943
     -8.27959185
     -8.09887816
     -8.02684284
     -8.24674786
     -8.22219480
     -8.22219480
     -8.98869373
     -8.26092884
     -8.36053206
     -8.25883897
     -9.61285943
     -8.31708933
     -8.31708933
     -8.06651987
     -8.55695897
     -9.12394298
     -9.12394298
     -9.28246395
     -8.83161820
     -8.83161820
     -8.53366069
     -8.42342451
     -9.51434103
    -10.69234281
    -10.69234281
    -10.69234281
    -10.37885471
     -9.30081075
     -9.12989380
     -9.12335347
     -8.63817230
     -8.70421651
     -8.62807540
     -8.62807540
     -8.39266046
     -8.40637126
     -8.16628100
     -8.17595169
     -8.30635741
     -8.27642194
     -8.11667650
     -8.11090436
     -8.06404155
     -8.04815567
     -8.04815567
     -8.78642177
     -8.28142860
     -8.28142860
     -8.33630999
     -8.80545234
     -8.80545234
     -9.77018785
     -9.73173887
    -10.03499957
     -8.75495798
     -8.75495798
     -8.75495798
     -8.73185649
     -9.44151556
     -9.44151556
     -8.35087598
     -8.57378401
     -8.23292623
     -8.16445357
     -8.16445357
     -9.15400678
     -8.22588631
     -8.31117935
     -8.06466862
     -8.05959152
     -8.01045749
     -8.01261686
     -8.00737789
     -8.00737789
     -8.01158748
     -8.05335895
     -8.02122018
     -8.02216448
     -8.02223133
    -10.36348519
    -10.36348519
    -10.29854554
     -9.64864367
     -9.64864367
     -9.88272306
     -9.88272306
     -8.70786834
     -8.70786834
     -8.90977886
     -8.06631418
     -8.06631418
     -8.04601180
     -8.07591797
     -8.02699542
     -8.00976056
     -9.22180743
     -8.19813815
     -8.59120834
     -8.59120834
     -8.30167680
     -8.30167680
     -8.25336728
     -9.79512780
     -9.79512780
     -9.36268604
     -9.36034521
     -9.36034521
     -8.70718517
     -8.30950498
     -8.26072087
     -8.57625056
     -8.56640395
     -8.56640395
     -8.38902086
     -8.48382014
     -8.38310978
     -8.17383918
     -8.33069081
     -8.16709658
     -8.34441712
     -8.34441712
     -8.40891843
     -8.80282437
     -8.31831380
     -8.42861997
     -8.42206592
     -8.36269998
     -8.36269998
     -8.36269998
     -8.36814242
     -8.36939146
     -8.00745414
     -8.01200121
     -8.01200121
     -8.02836084
     -8.00837864
     -8.21439957
     -8.26078055
     -8.44264777
     -8.69016024
     -8.69016024
     -8.63251074
     -9.42499246
     -8.90595979
     -8.90595979
     -8.90595979
     -8.69178753
     -8.47623357
     -8.43131347
     -8.38516955
     -8.03287812
     -8.00764807
     -8.02890019
     -8.02890019
     -8.04153117
     -9.36236139
     -9.36236139
     -8.77568135
     -8.77568135
     -9.84231776
     -9.87411044
     -9.90197967
     -9.90197967
     -8.62055180
     -9.44432543
     -9.44432543
    -10.27708109
    -10.27708109
    -10.27708109
     -9.19258215
     -8.57814562
     -8.57814562
     -9.86218536
     -9.46399302
     -9.46399302
     -8.60865446
     -8.89334409
     -8.94801748
     -8.84880473
     -8.07816294
     -8.08364270
     -8.27803567
     -8.10752263
     -8.07537660
     -8.82400248
     -8.82400248
     -8.82400248
     -9.75234340
     -8.05279688
     -9.66594272
     -9.26832886
     -9.26832886
     -8.07247043
     -8.03798744
     -8.15828363
     -8.17223183
     -8.17223183
     -8.16990379
     -8.16990379
     -8.16990379
     -8.40989690
     -8.05165063
     -8.00811028
     -8.00734841
     -8.00754613
     -8.09491911
     -8.09741173
     -8.06498649
     -8.03019732
     -8.21156729
     -8.30160233
     -8.17943523
     -8.18035001
     -8.15244401
     -8.04468227
     -8.96223365
     -8.96223365
     -8.96223365
     -8.96223365
     -8.00793977
     -8.01551502
     -8.05617006
     -8.15675042
     -8.15675042
     -9.31553691
     -8.40904114
     -8.40904114
     -8.40904114
     -9.42346091
     -9.50544695
     -9.50544695
     -8.75346107
    -10.11009147
    -10.11009147
     -8.54767340
     -8.53795155
     -8.13032849
     -9.53361526
     -9.53361526
     -9.53361526
     -9.53361526
     -8.23597184
     -8.24663746
     -9.66310862
     -8.25007113
     -8.07787308
     -8.01938430
     -8.01938430
     -8.01938430
     -8.02243909
     -8.03586874
     -8.02621995
     -8.01759386
     -8.01645036
     -8.01609122
     -8.02631297
     -8.02631297
     -8.37882886
     -8.50675210
     -8.35193304
     -8.89661476
     -8.55154207
     -8.55154207
     -8.17327983
     -8.24106419
     -8.36120735
     -8.36120735
     -8.45957405
     -8.45957405
     -8.45957405
     -8.43478554
     -8.42704600
     -8.71833683
     -8.78822924
    -10.06477161
     -9.91603761
     -9.54741127
     -8.83533307
     -9.61717812
     -9.60198812
     -9.60198812
     -8.87971077
    -10.27944134
    -10.27944134
     -8.27865044
     -8.27865044
     -8.27865044
     -8.27865044
     -8.00732888
     -8.03707413
     -8.04124977
     -8.04124977
     -8.04124977
     -8.01700888
     -8.02884935
     -9.69641435
     -9.69641435
     -9.69641435
     -9.14661108
     -9.14661108
     -8.46227671
     -9.03338148
    -11.60588434
    -11.60588434
    -11.60588434
    -12.32293938
    -12.17619392
    -10.62325524
    -10.76956061
    -10.76956061
    -12.05185261
    -12.32863091
    -12.32863091
    -12.32863091
    -10.46282193
     -9.80441333
     -9.91407354
    -11.93300020
     -9.97060927
     -9.97060927
     -9.90335484
     -9.25132196
     -9.25132196
     -8.48671026
     -8.18463202
     -8.11313382
     -8.10914867
     -8.34801994
     -8.02059406
     -8.04078380
     -8.05935199
     -8.08283662
     -8.07177601
     -8.15630962
     -8.22673058
     -8.20685019
     -8.19504948
     -8.23711059
     -8.23711059
     -8.03528417
     -8.06099808
     -8.06099808
     -8.04213072
     -8.02356950
     -8.09367304
     -8.09367304
     -8.05110170
     -8.05110170
     -8.04314716
     -8.03084486
     -8.01780417
     -8.01672676
     -9.44864729
     -9.44864729
     -8.62757607
     -8.03054786
     -8.02633210
     -8.02814017
     -8.27330584
     -8.40679016
     -8.02705530
     -8.01063512
     -8.04610225
     -8.75474614
     -8.71856042
     -8.27028233
     -8.70678358
     -8.09948687
     -8.09133193
     -8.11186588
     -8.24493214
     -8.08248233
     -8.07670947
     -8.07839735
     -8.02719590
     -8.02820588
     -8.02820588
     -8.01216047
     -8.00732091
     -8.01348040
     -8.20674618
     -8.19903560
     -8.35713264
     -8.11607639
     -8.00941964
     -8.01191556
     -8.14018152
     -8.10827040
     -8.70824015
     -8.70824015
     -9.37679600
     -8.34126907
     -8.34126907
     -9.17479122
     -9.17479122
     -8.12445390
     -8.26467939
     -8.55140033
     -8.55140033
     -8.24582976
     -8.28844728
     -8.28844728
     -8.43698576
     -8.34937730
     -8.08565211
     -8.08216089
     -8.00791005
     -8.43643494
     -9.99747563
     -9.82613939
     -9.04380200
     -9.04380200
     -9.09711263
    -10.06801043
     -9.42383033
    -10.64983779
    -10.64448895
    -10.64448895
     -9.34683349
     -9.34683349
     -8.27397998
     -8.01571784
     -8.36645637
     -8.03405305
     -8.24442659
     -8.15668989
     -8.27194210
     -9.54869391
    -10.81124103
     -9.56218884
     -9.56218884
     -9.56218884
     -9.12413972
     -8.02810469
     -8.02810469
     -8.18045706
     -8.18150120
     -8.33049833
     -8.39093276
     -8.66354231
     -8.25406924
     -8.12392776
     -8.01546435
     -8.01546435
     -8.79400331
     -8.79400331
    -10.05753860
    -10.05753860
    -10.16799544
     -9.91025466
     -8.81271653
     -8.01125708
     -8.01586561
     -8.38196269
     -8.57410757
     -8.70589184
     -8.33567416
     -8.20248614
     -8.48299986
     -8.48299986
     -9.33094640
     -9.33094640
     -8.19040052
     -8.55940129
     -9.01239415
     -8.77329339
     -8.74144752
     -8.68200902
     -8.47686187
     -8.31032150
     -8.31032150
     -8.66036344
     -8.58723122
     -8.58723122
     -8.73739701
     -8.74413085
     -8.68264946
     -8.90997091
     -8.15145606
     -8.07778196
     -8.08006328
     -8.04667871
     -8.13933143
     -9.03950312
     -8.41244716
     -8.14395291
     -8.14395291
     -8.52651296
     -8.21712052
     -8.28414388
     -8.30208634
     -8.28391340
     -8.05072268
     -8.05072268
     -8.01046697
     -8.78708504
     -8.02194196
     -8.02639936
     -8.10466577
     -8.11534826
     -8.08484884
     -8.02667413
     -8.19255203
     -8.63344225
     -9.58360336
     -9.58360336
     -9.33657611
     -9.31241875
    -10.74149058
    -11.37646940
    -10.72299395
    -10.72299395
     -8.63371118
     -8.25361077
     -8.24917209
     -8.39110997
     -8.34381829
     -8.18373908
     -8.47502118
     -8.19769082
     -8.19268094
     -8.01799748
     -8.07123012
     -8.04367307
     -8.09995078
     -8.09995078
     -8.09995078
     -8.07066323
     -8.01555885
     -8.02975295
     -8.06497207
     -8.16386490
     -8.60878410
     -8.83078488
     -8.62131214
    -10.32455853
    -10.32455853
     -9.87723434
     -9.87723434
     -9.27158186
     -9.27158186
     -8.65510818
     -8.65510818
     -8.04715152
     -8.02672918
     -8.08880929
     -9.95318283
     -9.33535286
     -9.86794270
     -9.86794270
     -9.44202247
     -8.95173030
     -9.48298988
     -9.48298988
     -8.72449719
     -8.70492174
     -8.70492174
     -8.05414863
     -8.07024501
     -8.01081406
     -8.02225400
     -8.31139226
     -9.29978127
     -9.29978127
     -9.29978127
     -9.47539248
     -9.66515923
     -9.14538037
     -9.14538037
     -9.37533581
    -10.01303241
    -10.01303241
     -9.40881961
     -8.61553301
     -8.96644117
     -8.18562757
     -8.64631314
     -8.08356895
     -9.39088877
     -9.65753167
     -9.65753167
     -9.64624325
     -9.88435963
     -9.08156838
    -10.55041231
    -10.42015586
    -10.36660518
    -11.32735399
    -11.32735399
    -12.83966049
     -9.90360715
     -9.33073283
     -9.33073283
     -9.33073283
     -8.48183248
     -8.53953502
    -10.20830036
    -10.20830036
    -10.74266489
     -9.36964221
     -9.39208317
     -9.58822713
     -8.90532912
     -8.29266892
     -8.52374249
     -8.52374249
     -8.59492610
     -8.59492610
     -9.77845438
     -8.51291791
     -9.41462822
     -9.41462822
     -9.41286949
    -10.24975054
    -10.32806384
     -9.00911424
     -8.81485429
     -9.68409504
     -9.68409504
     -9.06789665
     -9.30703442
     -9.30703442
     -9.12205875
     -9.37613730
     -9.37613730
     -8.92779573
     -8.92779573
     -8.11720440
     -8.36036959
     -8.15433300
     -8.27586522
     -8.01494960
     -8.01494960
     -8.11350298
     -8.39060593
     -8.39060593
     -9.05543181
    -10.34893831
    -10.11674699
    -10.11674699
    -10.11674699
    -10.35737744
     -8.81892884
     -9.14615349
     -8.38481676
     -8.35883303
     -8.33989028
     -9.30567491
     -9.59166900
     -9.59166900
    -10.12226573
    -10.05190592
     -9.03370972
     -9.03370972
     -9.04164993
     -9.04164993
     -8.07312882
     -8.07312882
     -8.10120523
     -8.09219574
     -8.13299690
     -8.13538737
     -8.01174691
     -8.20526105
     -8.87456955
     -8.54787010
     -8.54787010
     -8.54787010
     -9.49867813
     -9.49867813
     -8.60433861
     -8.60719678
     -9.43975481
     -9.43975481
     -9.21914362
     -9.09884339
     -8.80178796
     -8.73579882
     -8.52199881
     -8.04974705
     -8.04974705
     -9.39857496
    -10.03726614
    -10.03726614
     -8.65690640
     -8.65690640
     -8.81988997
     -8.81988997
     -8.71423357
     -8.71423357
     -8.60344781
     -8.60344781
     -8.63115405
     -8.92302958
     -8.15162832
     -9.93017031
     -9.93017031
     -9.99576258
     -8.21791426
     -8.23506107
     -8.16872271
     -8.00760741
     -8.00760741
     -8.00792855
     -8.00769979
     -8.00769979
     -8.49804040
     -8.66014884
     -8.42439551
     -8.24979794
     -8.24979794
     -8.24979794
     -8.20350802
     -8.01021227
     -8.01087195
     -8.33313714
     -8.33313714
     -9.87973500
     -9.87973500
     -9.42381447
     -9.42381447
     -9.42381447
     -8.93550330
     -8.37885863
     -9.92487609
     -9.11750226
     -8.73171863
     -8.31000923
     -8.31000923
     -8.14622131
     -8.14622131
     -8.14622131
     -8.39874294
     -8.46236485
     -8.54690429
     -9.35327443
     -9.19843001
     -9.18331487
     -9.18331487
     -9.18331487
     -9.18331487
    -10.96776206
     -9.55855199
     -9.55855199
     -8.93960500
     -9.31490832
     -9.22567833
     -9.87843402
     -9.07047639
     -8.41135220
     -9.23275342
     -9.45093790
     -8.65192536
     -8.65192536
     -8.65192536
     -8.01130396
     -8.01130396
     -8.01130396
     -8.01130396
     -8.01130396
     -8.14265379
     -8.05751952
     -8.00772923
     -8.00772923
     -8.05308930
     -8.05761846
     -8.08359842
     -8.10333472
     -8.23251697
     -8.23251697
     -8.14604626
     -8.16585206
     -8.09320716
     -8.02376759
     -8.15002119
     -8.03041824
     -8.14136961
     -8.18118828
     -8.18043640
     -8.10511371
     -8.19638782
     -8.16697763
     -8.26285207
     -8.05290521
     -8.09741540
     -8.26130472
     -8.60083922
     -8.61274874
     -9.58389008
     -9.58389008
     -9.58389008
     -9.12242335
     -9.48082152
     -9.48082152
     -8.29846872
     -8.41143975
     -8.41143975
     -8.41143975
     -8.68597334
     -8.00733288
     -8.01075156
     -8.01179842
     -8.18314269
     -8.32069571
     -8.38348428
     -8.01567691
     -8.02956624
     -8.03425628
     -8.03425628
     -8.48112267
     -8.48112267
     -8.08192037
     -8.01676556
     -8.10382552
     -8.10053965
     -8.33872594
     -8.36200250
     -8.19012767
     -8.04801730
     -8.03562335
     -8.33140567
     -8.15120596
     -8.25849974
     -8.39930604
     -8.44081300
     -8.00854651
     -8.13125013
     -8.03742909
     -8.03742909
     -8.04155851
     -8.39261577
     -8.08011384
     -8.08010373
     -8.07746099
     -8.07746099
     -8.35258391
     -8.35258391
     -8.35258391
     -8.35258391
     -8.74346845
     -8.64491424
     -8.64491424
     -8.64491424
     -8.52692584
     -8.52692584
     -8.05421173
     -8.00743853
     -8.70127866
    -10.29358202
    -10.29358202
     -9.50779092
     -8.59773913
     -8.25518028
     -8.30703236
     -8.71394213
     -8.71394213
     -8.75698205
     -8.75698205
     -8.00732422
     -8.63354215
     -8.00764188
     -8.16142350
     -8.16142350
     -8.03558989
     -8.22635600
     -8.22635600
     -8.08061003
     -8.83348156
     -8.83348156
     -8.05901569
     -8.05659408
     -8.45207968
     -8.46229132
     -8.00817114
     -8.00817307
     -8.30056830
     -8.21435039
     -8.14829610
     -8.14829610
     -8.24046339
     -8.53564924
     -8.34531689
    -10.41138738
    -10.46664697
     -8.54903856
     -8.17853889
     -8.17853889
     -8.66405066
     -8.63447429
     -8.34377359
     -8.39244877
     -8.39244877
     -8.30808963
     -9.20113296
     -8.54346921
     -8.28922464
     -8.85219503
     -8.85219503
     -8.22530220
     -8.22530220
     -8.25979448
     -8.84929187
     -9.02466953
     -8.34750724
     -8.69684459
     -8.69684459
     -8.69684459
     -8.33093249
     -8.02534509
     -8.30118349
     -8.07957877
     -8.32038753
     -8.59914127
     -9.07331967
     -8.81201567
     -8.91494427
     -8.91494427
     -8.12150581
     -8.12643320
     -8.17594963
     -8.00876751
     -8.03840956
     -8.01068652
     -8.03579300
     -8.06580425
     -8.12685940
     -8.12435957
     -8.00742509
     -8.03587565
     -8.03587565
     -8.03503361
     -8.00883811
     -8.01081423
     -8.02261138
     -8.15540198
     -8.10318384
     -8.01209020
     -8.03605105
     -8.36198065
     -8.51448167
     -8.53295422
     -9.51368411
    -12.10946357
    -12.10946357
    -11.75003373
     -8.02209904
     -9.07659960
     -9.07659960
     -9.01065181
     -8.46101010
     -8.56109802
     -8.25467543
     -8.25483416
     -8.24054303
     -8.50704939
     -8.16758953
     -8.14285657
     -8.09286988
     -8.09191639
     -8.05902432
     -8.03406159
     -8.81910829
    -10.68388183
    -10.14588226
    -10.97239140
    -10.97239140
    -10.97239140
    -10.97239140
    -11.29999162
    -11.29999162
    -10.68482944
    -11.11539916
    -10.62019292
    -10.62019292
    -10.62019292
    -10.65086927
    -10.56909915
    -10.34019262
    -11.03797758
    -11.03797758
    -10.62833822
    -10.50716985
    -10.50716985
    -10.50716985
     -9.70846352
     -9.36218762
     -9.34731390
     -8.93383118
     -9.03291075
     -9.02890463
     -9.02890463
     -9.40240949
     -8.38694648
     -8.27002538
     -8.79898731
