0  0.000000e+00  0.000000e+00  -9.190123e+00  2.242392e+00  3.089600e-03  9.426872e+00  
1  0.000000e+00  0.000000e+00  -5.603147e+00  7.331754e-01  3.876579e-03  9.426872e+00  
2  0.000000e+00  0.000000e+00  -5.086804e+00  -2.482351e+00  1.922766e+00  9.426869e+00  
3  0.000000e+00  0.000000e+00  -4.729341e+00  -3.501986e+00  3.317602e+00  9.426869e+00  
4  0.000000e+00  0.000000e+00  -4.531799e+00  -3.836386e+00  3.963043e+00  9.426502e+00  
5  0.000000e+00  0.000000e+00  -4.358857e+00  -4.063322e+00  4.639058e+00  9.424600e+00  
6  0.000000e+00  0.000000e+00  -4.301052e+00  -4.131078e+00  4.945610e+00  7.736558e+00  
7  0.000000e+00  0.000000e+00  -4.276073e+00  -4.156816e+00  5.097734e+00  6.514342e+00  
8  0.000000e+00  0.000000e+00  -4.252845e+00  -4.181645e+00  5.267237e+00  6.017055e+00  
9  0.000000e+00  0.000000e+00  -4.240337e+00  -4.194882e+00  5.364800e+00  5.835879e+00  
10  0.000000e+00  0.000000e+00  -4.232239e+00  -4.203248e+00  5.436195e+00  5.732386e+00  
11  0.000000e+00  0.000000e+00  -4.225637e+00  -4.210024e+00  5.497312e+00  5.655840e+00  
12  0.000000e+00  0.000000e+00  -4.222812e+00  -4.212746e+00  5.523433e+00  5.626138e+00  
13  0.000000e+00  0.000000e+00  -4.220960e+00  -4.214609e+00  5.541702e+00  5.605858e+00  
14  0.000000e+00  0.000000e+00  -4.219733e+00  -4.215861e+00  5.554002e+00  5.593141e+00  
15  0.000000e+00  0.000000e+00  -4.218872e+00  -4.216739e+00  5.562603e+00  5.584231e+00  
16  0.000000e+00  0.000000e+00  -4.218313e+00  -4.217277e+00  5.568050e+00  5.578532e+00  
17  0.000000e+00  0.000000e+00  -4.218050e+00  -4.217539e+00  5.570739e+00  5.575941e+00  
18  0.000000e+00  0.000000e+00  -4.217951e+00  -4.217642e+00  5.571763e+00  5.574904e+00  
19  0.000000e+00  0.000000e+00  -4.217897e+00  -4.217697e+00  5.572328e+00  5.574351e+00  
20  0.000000e+00  0.000000e+00  -4.217840e+00  -4.217754e+00  5.572903e+00  5.573768e+00  
21  0.000000e+00  0.000000e+00  -4.217823e+00  -4.217770e+00  5.573070e+00  5.573602e+00  
22  0.000000e+00  0.000000e+00  -4.217816e+00  -4.217778e+00  5.573139e+00  5.573531e+00  
23  0.000000e+00  0.000000e+00  -4.217808e+00  -4.217786e+00  5.573224e+00  5.573445e+00  
24  0.000000e+00  0.000000e+00  -4.217803e+00  -4.217791e+00  5.573274e+00  5.573395e+00  
25  0.000000e+00  0.000000e+00  -4.217800e+00  -4.217793e+00  5.573299e+00  5.573371e+00  
26  0.000000e+00  0.000000e+00  -4.217799e+00  -4.217794e+00  5.573310e+00  5.573360e+00  
27  0.000000e+00  0.000000e+00  -4.217798e+00  -4.217796e+00  5.573323e+00  5.573347e+00  
28  0.000000e+00  0.000000e+00  -4.217798e+00  -4.217796e+00  5.573327e+00  5.573342e+00  
