# 311
3.087962e+02
3.104018e+02
3.102785e+02
3.097340e+02
3.095570e+02
3.097092e+02
3.103979e+02
3.090538e+02
3.097594e+02
3.102421e+02
3.070329e+02
3.075154e+02
3.087523e+02
3.099332e+02
3.104022e+02
3.089382e+02
3.099260e+02
3.092662e+02
3.094567e+02
3.093913e+02
3.096391e+02
3.100745e+02
3.104180e+02
3.087284e+02
3.092662e+02
3.100124e+02
3.095262e+02
3.096407e+02
3.104706e+02
3.102925e+02
3.098358e+02
3.104809e+02
3.102247e+02
3.092440e+02
3.091977e+02
3.083928e+02
3.097797e+02
3.095628e+02
3.092538e+02
3.101462e+02
3.103051e+02
3.101728e+02
3.084885e+02
3.083030e+02
3.100598e+02
3.093771e+02
3.099083e+02
3.090395e+02
3.083344e+02
3.103429e+02
3.094259e+02
3.096398e+02
3.099260e+02
3.091587e+02
3.080649e+02
3.099339e+02
3.086765e+02
3.085578e+02
3.102496e+02
3.097742e+02
3.096325e+02
3.102843e+02
3.101916e+02
3.104537e+02
3.093173e+02
3.096396e+02
3.102172e+02
3.095628e+02
3.100598e+02
3.087440e+02
3.083344e+02
3.094567e+02
3.092440e+02
3.102709e+02
3.102828e+02
3.104537e+02
3.103454e+02
3.089055e+02
3.097677e+02
3.101108e+02
3.097742e+02
3.095570e+02
3.096216e+02
3.097797e+02
3.102019e+02
3.099018e+02
3.084885e+02
3.094187e+02
3.084657e+02
3.096325e+02
3.095262e+02
3.100966e+02
3.097742e+02
3.100598e+02
3.087440e+02
3.094259e+02
3.099458e+02
3.093173e+02
3.092339e+02
3.094988e+02
3.103979e+02
3.057679e+02
3.101693e+02
3.102395e+02
3.097797e+02
3.102194e+02
3.089049e+02
3.082977e+02
3.098858e+02
3.097742e+02
3.094567e+02
3.099993e+02
3.086765e+02
3.082513e+02
3.090685e+02
3.095134e+02
3.090110e+02
3.104628e+02
3.099006e+02
3.102731e+02
3.094259e+02
3.100166e+02
3.074797e+02
3.100598e+02
3.094567e+02
3.103247e+02
3.097471e+02
3.102785e+02
3.096391e+02
3.099332e+02
3.069169e+02
3.094963e+02
3.101190e+02
3.092662e+02
3.099993e+02
3.095134e+02
3.103725e+02
3.091977e+02
3.103843e+02
3.082513e+02
3.094988e+02
3.100453e+02
3.084609e+02
3.103979e+02
3.096325e+02
3.098493e+02
3.102731e+02
3.101190e+02
3.102065e+02
3.099093e+02
3.084657e+02
3.085612e+02
3.097007e+02
3.104661e+02
3.091587e+02
3.092538e+02
3.098278e+02
3.104538e+02
3.094912e+02
3.094069e+02
3.091115e+02
3.100124e+02
3.094069e+02
3.090319e+02
3.099339e+02
3.099083e+02
3.099993e+02
3.084098e+02
3.098845e+02
3.104569e+02
3.096396e+02
3.096448e+02
3.103212e+02
3.099083e+02
3.091587e+02
3.092662e+02
3.086765e+02
3.092940e+02
3.099496e+02
3.099339e+02
3.101887e+02
3.102297e+02
3.082914e+02
3.103786e+02
3.097371e+02
3.086765e+02
3.097577e+02
3.088006e+02
3.096396e+02
3.097333e+02
3.095134e+02
3.094888e+02
3.095262e+02
3.095628e+02
3.099006e+02
3.092339e+02
3.094963e+02
3.082893e+02
3.100598e+02
3.086765e+02
3.097723e+02
3.094888e+02
3.097723e+02
3.101393e+02
3.095134e+02
3.104048e+02
3.094719e+02
3.082859e+02
3.069169e+02
3.092662e+02
3.099260e+02
3.103247e+02
3.103438e+02
3.099496e+02
3.093142e+02
3.092609e+02
3.094187e+02
3.098869e+02
3.101190e+02
3.094259e+02
3.104649e+02
3.092538e+02
3.102500e+02
3.080743e+02
3.098920e+02
3.097677e+02
3.099661e+02
3.098845e+02
3.095628e+02
3.087621e+02
3.070339e+02
3.101968e+02
3.082488e+02
3.098931e+02
3.102065e+02
3.093660e+02
3.093913e+02
3.094187e+02
3.104636e+02
3.096398e+02
3.057977e+02
3.084885e+02
3.089049e+02
3.102520e+02
3.104048e+02
3.094719e+02
3.099993e+02
3.094719e+02
3.099332e+02
3.104180e+02
3.092440e+02
3.098234e+02
3.095134e+02
3.093576e+02
3.094912e+02
3.095628e+02
3.094795e+02
3.102696e+02
3.089382e+02
3.102055e+02
3.100951e+02
3.102065e+02
3.089055e+02
3.098278e+02
3.097088e+02
3.097797e+02
3.099470e+02
3.097145e+02
3.062501e+02
3.095708e+02
3.098493e+02
3.087621e+02
3.098438e+02
3.102279e+02
3.085284e+02
3.098660e+02
3.098632e+02
3.098438e+02
3.057192e+02
3.094988e+02
3.102036e+02
3.104420e+02
3.091903e+02
3.097689e+02
3.094567e+02
3.071973e+02
3.092662e+02
3.103051e+02
3.094795e+02
3.097340e+02
3.096957e+02
3.104022e+02
3.097007e+02
3.097340e+02
3.094259e+02
3.097654e+02
3.092538e+02
3.085207e+02
3.092440e+02
3.093173e+02
3.085284e+02
3.101968e+02
3.101759e+02
3.104628e+02
3.104761e+02
3.102871e+02
3.096216e+02
3.087621e+02
3.095134e+02
3.091903e+02
3.091115e+02
