1.697688430000000039e+02
1.699317039999999963e+02
1.721890180000000043e+02
1.720573200000000043e+02
1.779982349999999940e+02
1.720573200000000043e+02
1.721890180000000043e+02
1.723792660000000012e+02
6.988238099999999520e+01
1.767913509999999917e+02
1.702854989999999873e+02
1.779985800000000040e+02
1.697688430000000039e+02
1.721529189999999971e+02
1.721047470000000033e+02
1.723354469999999878e+02
1.722681849999999883e+02
1.720186970000000031e+02
1.720270989999999927e+02
1.697688430000000039e+02
1.717163779999999917e+02
1.721529189999999971e+02
1.720573200000000043e+02
1.720184590000000071e+02
1.723354469999999878e+02
1.722686109999999928e+02
1.724711029999999994e+02
1.717163779999999917e+02
1.722686109999999928e+02
1.724711029999999994e+02
1.729474439999999902e+02
1.701714880000000107e+02
1.697688430000000039e+02
4.979016000000000020e+01
1.701714880000000107e+02
1.701274300000000039e+02
1.720208440000000110e+02
1.716958459999999889e+02
1.725580989999999986e+02
1.722681849999999883e+02
1.722686109999999928e+02
1.725580989999999986e+02
1.779982349999999940e+02
1.720208440000000110e+02
1.721529189999999971e+02
1.730066809999999862e+02
1.701274300000000039e+02
1.720184590000000071e+02
1.729474439999999902e+02
1.727440870000000075e+02
1.722686109999999928e+02
1.699161510000000135e+02
