# 1
# 138:138
0.000000 6.757490 0.068460
8.004000 6.375990 0.063640
16.008000 5.745000 0.059070
24.012010 6.033590 0.059450
32.016010 5.808350 0.057330
40.020010 5.830520 0.058040
48.024010 6.300860 0.063420
56.028010 6.121940 0.060990
64.032020 5.382940 0.053880
72.036020 5.351620 0.053490
80.040020 5.512590 0.054570
88.044020 5.020660 0.048870
96.048020 5.886050 0.058610
104.052030 6.112320 0.061160
112.056030 6.297710 0.064210
120.060030 5.761710 0.057880
128.064030 6.849250 0.068250
136.068030 7.609170 0.076990
144.072040 6.985150 0.069900
152.076040 7.324270 0.075780
160.080040 8.959250 0.088580
168.084040 9.703740 0.096780
176.088040 10.051630 0.100150
360.180090 11.866530 0.118770
368.184090 10.526010 0.104240
376.188090 10.261780 0.101710
384.192100 10.360720 0.104410
392.196100 10.553110 0.106170
400.200100 9.307800 0.093060
408.204100 9.384730 0.093620
416.208100 9.537850 0.094870
424.212110 11.044520 0.109060
432.216110 10.794280 0.106450
440.220110 11.286950 0.114220
448.224110 11.764290 0.117350
456.228110 11.659110 0.115660
464.232120 10.336390 0.104380
472.236120 10.652360 0.105120
480.240120 10.025040 0.100880
488.244120 10.410340 0.104110
496.248120 11.710990 0.118310
504.252130 11.679810 0.118150
512.256130 11.164170 0.112070
520.260130 11.372720 0.112730
528.264130 10.791380 0.107590
536.268130 10.452640 0.102380
720.360180 12.490240 0.126140
728.364180 12.605230 0.126400
736.368180 12.883860 0.127570
744.372190 11.927540 0.121560
752.376190 12.621930 0.125810
760.380190 12.731860 0.125850
768.384190 12.493110 0.126110
776.388190 13.000420 0.127980
784.392200 13.265050 0.131320
792.396200 13.218230 0.133200
800.400200 13.895560 0.139620
808.404200 13.901550 0.138290
816.408200 13.645910 0.135990
824.412210 14.169300 0.142870
832.416210 13.822010 0.138190
840.420210 12.776660 0.126890
848.424210 10.981710 0.109780
856.428210 10.788270 0.107690
864.432220 10.466430 0.105150
872.436220 11.627830 0.115450
880.440220 10.926920 0.111310
888.444220 10.884580 0.110820
896.448220 10.956400 0.109620
1080.540270 11.083650 0.111860
1088.544270 11.991290 0.118200
1096.548270 12.566770 0.125630
1104.552280 11.683210 0.118310
1112.556280 12.055690 0.122310
1120.560280 11.717510 0.115300
1128.564280 12.193200 0.123880
1136.568280 12.487480 0.125480
1144.572290 13.445570 0.135920
1152.576290 13.247250 0.132580
1160.580290 12.672230 0.127730
1168.584290 12.651150 0.124900
1176.588290 13.045810 0.129760
1184.592300 14.241370 0.142540
1192.596300 13.619700 0.137750
1200.600300 13.331940 0.132060
1208.604300 12.639380 0.126650
1216.608300 11.651050 0.116500
1224.612310 11.571250 0.116380
1232.616310 11.230750 0.112720
1240.620310 10.974650 0.109260
1248.624310 10.899130 0.109460
1256.628310 10.928270 0.109070
1440.720360 9.977470 0.101410
1448.724360 9.679480 0.098170
1456.728360 10.112000 0.100910
1464.732370 9.830900 0.098450
1472.736370 10.427150 0.103560
1480.740370 10.732640 0.105680
1488.744370 9.237950 0.091380
1496.748370 10.060540 0.100050
1504.752380 10.016070 0.099430
1512.756380 9.927690 0.099100
1520.760380 9.453210 0.094330
1528.764380 8.956060 0.089930
1536.768380 8.867740 0.088720
1544.772390 9.095750 0.089670
1552.776390 8.534520 0.085720
1560.780390 7.647450 0.078390
1568.784390 8.080850 0.079500
1576.788390 7.564020 0.075550
1584.792400 7.435270 0.075200
1592.796400 8.637280 0.085910
1600.800400 8.659590 0.086390
1608.804400 9.014970 0.090000
1616.808400 8.921440 0.088810
1800.900450 7.568480 0.075090
1808.904450 7.781790 0.078070
1816.908450 8.503550 0.086360
1824.912460 9.401490 0.095540
1832.916460 9.311430 0.092660
1840.920460 9.206950 0.092840
1848.924460 8.582330 0.088100
1856.928460 8.186900 0.081410
1864.932470 8.962700 0.090070
1872.936470 8.625610 0.085690
1880.940470 8.236850 0.082330
1888.944470 8.521150 0.085740
1896.948470 8.031640 0.079100
1904.952480 8.203000 0.083810
1912.956480 8.164450 0.083310
1920.960480 8.002260 0.081240
1928.964480 7.797140 0.079410
1936.968480 8.333020 0.081720
1944.972490 7.673200 0.077570
1952.976490 8.014920 0.081400
1960.980490 8.297140 0.083130
1968.984490 8.196640 0.083360
1976.988490 8.687440 0.086420

0.000000 3.007650 0.030190
8.004000 2.651390 0.027130
16.008000 2.454840 0.024100
24.012010 2.588370 0.025600
32.016010 3.119790 0.030820
40.020010 3.288290 0.032750
48.024010 3.052830 0.030840
56.028010 3.297860 0.033030
64.032020 3.560300 0.035800
72.036020 3.720040 0.037430
80.040020 4.096350 0.040680
88.044020 3.881150 0.039570
96.048020 3.639970 0.036660
104.052030 3.403820 0.034190
112.056030 2.857010 0.029010
120.060030 3.028010 0.030320
128.064030 2.681950 0.027160
136.068030 2.731160 0.027540
144.072040 3.112140 0.030940
152.076040 3.348240 0.033320
160.080040 2.901110 0.029070
168.084040 2.732180 0.027380
176.088040 2.679150 0.026550
360.180090 5.656630 0.057080
368.184090 5.852720 0.060000
376.188090 6.386410 0.063690
384.192100 6.681710 0.066450
392.196100 6.907540 0.069680
400.200100 6.135930 0.062570
408.204100 6.500680 0.065230
416.208100 6.179280 0.062360
424.212110 6.260630 0.062420
432.216110 5.851810 0.058580
440.220110 6.163780 0.062250
448.224110 6.008080 0.060730
456.228110 6.013970 0.059820
464.232120 5.551500 0.055670
472.236120 5.099310 0.051240
480.240120 5.293930 0.053250
488.244120 5.407970 0.053380
496.248120 5.024310 0.050510
504.252130 4.470570 0.044910
512.256130 4.753910 0.047510
520.260130 5.135450 0.051610
528.264130 5.556850 0.054850
536.268130 5.539270 0.056050
720.360180 4.893860 0.049490
728.364180 4.406830 0.044610
736.368180 4.437860 0.044160
744.372190 4.391330 0.043560
752.376190 4.171970 0.042000
760.380190 4.710980 0.048020
768.384190 5.122830 0.051220
776.388190 5.365720 0.053280
784.392200 5.530320 0.055160
792.396200 4.986530 0.050270
800.400200 5.888600 0.058710
808.404200 5.811090 0.059390
816.408200 6.213990 0.062680
824.412210 6.286910 0.062620
832.416210 6.311190 0.062600
840.420210 6.214270 0.062660
848.424210 6.213820 0.062570
856.428210 6.559770 0.065050
864.432220 6.578420 0.065940
872.436220 6.236210 0.062420
880.440220 6.194020 0.063100
888.444220 6.481790 0.065170
896.448220 6.811470 0.068010
1080.540270 6.514520 0.065830
1088.544270 6.142300 0.061710
1096.548270 6.306650 0.063360
1104.552280 6.355520 0.063000
1112.556280 5.763640 0.057760
1120.560280 5.813150 0.058070
1128.564280 5.705070 0.057600
1136.568280 5.970680 0.059710
1144.572290 5.799710 0.058120
1152.576290 5.921420 0.059280
1160.580290 5.972310 0.059640
1168.584290 5.427310 0.055560
1176.588290 6.277560 0.061160
1184.592300 5.763790 0.057180
1192.596300 6.064170 0.060360
1200.600300 6.216880 0.063040
1208.604300 6.033260 0.059930
1216.608300 5.754290 0.057300
1224.612310 6.101370 0.061870
1232.616310 6.350300 0.063060
1240.620310 6.367250 0.063580
1248.624310 6.620710 0.066730
1256.628310 6.492640 0.063790
1440.720360 6.081270 0.060350
1448.724360 6.204660 0.061690
1456.728360 6.319960 0.062690
1464.732370 6.587510 0.065090
1472.736370 6.848190 0.068160
1480.740370 6.742860 0.068050
1488.744370 6.985670 0.068620
1496.748370 6.472930 0.065030
1504.752380 6.535290 0.065020
1512.756380 5.857760 0.058150
1520.760380 5.943300 0.059420
1528.764380 6.015850 0.059450
1536.768380 5.224870 0.052190
1544.772390 4.860250 0.048420
1552.776390 5.097740 0.050970
1560.780390 4.950540 0.049890
1568.784390 4.927490 0.049390
1576.788390 5.289300 0.053170
1584.792400 5.045240 0.049870
1592.796400 4.689720 0.047250
1600.800400 4.996060 0.050360
1608.804400 5.057880 0.050640
1616.808400 4.766670 0.047870
1800.900450 4.408590 0.044440
1808.904450 4.463200 0.044140
1816.908450 4.381090 0.043390
1824.912460 4.763920 0.047970
1832.916460 4.340810 0.043750
1840.920460 4.452410 0.043470
1848.924460 4.411920 0.045100
1856.928460 4.468170 0.044530
1864.932470 4.253080 0.042260
1872.936470 4.025450 0.040130
1880.940470 4.179280 0.042240
1888.944470 3.756300 0.037430
1896.948470 3.815910 0.038360
1904.952480 3.704500 0.036630
1912.956480 4.200320 0.042100
1920.960480 4.574150 0.045980
1928.964480 4.532580 0.046240
1936.968480 4.473360 0.043650
1944.972490 4.562940 0.045100
1952.976490 4.155520 0.041630
1960.980490 4.184530 0.041990
1968.984490 4.680230 0.046580
1976.988490 4.417370 0.044310
