0  0.000000e+00  0.000000e+00  -9.205811e+00  2.291202e+00  2.746387e-03  9.427186e+00
1  0.000000e+00  0.000000e+00  -5.598647e+00  8.234217e-01  2.746387e-03  9.427186e+00
2  0.000000e+00  0.000000e+00  -5.168633e+00  -1.940815e+00  1.014567e+00  9.427186e+00
3  0.000000e+00  0.000000e+00  -4.717707e+00  -3.525592e+00  3.355616e+00  9.427186e+00
4  0.000000e+00  0.000000e+00  -4.398488e+00  -4.014441e+00  4.450590e+00  9.427186e+00
5  0.000000e+00  0.000000e+00  -4.320638e+00  -4.108975e+00  4.831877e+00  9.427186e+00
6  0.000000e+00  0.000000e+00  -4.288085e+00  -4.144914e+00  5.016759e+00  6.918264e+00
7  0.000000e+00  0.000000e+00  -4.267850e+00  -4.166484e+00  5.158052e+00  6.292329e+00
8  0.000000e+00  0.000000e+00  -4.247806e+00  -4.187138e+00  5.306227e+00  5.941505e+00
9  0.000000e+00  0.000000e+00  -4.240002e+00  -4.195745e+00  5.369966e+00  5.827415e+00
10  0.000000e+00  0.000000e+00  -4.228552e+00  -4.207074e+00  5.470446e+00  5.688082e+00
11  0.000000e+00  0.000000e+00  -4.223890e+00  -4.211670e+00  5.514173e+00  5.637154e+00
12  0.000000e+00  0.000000e+00  -4.221818e+00  -4.213796e+00  5.533368e+00  5.614478e+00
13  0.000000e+00  0.000000e+00  -4.220504e+00  -4.215076e+00  5.546187e+00  5.601168e+00
14  0.000000e+00  0.000000e+00  -4.219261e+00  -4.216346e+00  5.558872e+00  5.588131e+00
15  0.000000e+00  0.000000e+00  -4.218688e+00  -4.216889e+00  5.564184e+00  5.582463e+00
16  0.000000e+00  0.000000e+00  -4.218451e+00  -4.217143e+00  5.566797e+00  5.579898e+00
17  0.000000e+00  0.000000e+00  -4.218144e+00  -4.217444e+00  5.569784e+00  5.576941e+00
18  0.000000e+00  0.000000e+00  -4.218034e+00  -4.217559e+00  5.570933e+00  5.575747e+00
19  0.000000e+00  0.000000e+00  -4.217954e+00  -4.217638e+00  5.571734e+00  5.574930e+00
20  0.000000e+00  0.000000e+00  -4.217879e+00  -4.217715e+00  5.572517e+00  5.574164e+00
21  0.000000e+00  0.000000e+00  -4.217847e+00  -4.217747e+00  5.572830e+00  5.573840e+00
22  0.000000e+00  0.000000e+00  -4.217823e+00  -4.217770e+00  5.573065e+00  5.573604e+00
23  0.000000e+00  0.000000e+00  -4.217811e+00  -4.217783e+00  5.573194e+00  5.573476e+00
24  0.000000e+00  0.000000e+00  -4.217805e+00  -4.217788e+00  5.573248e+00  5.573421e+00
25  0.000000e+00  0.000000e+00  -4.217802e+00  -4.217792e+00  5.573284e+00  5.573386e+00
26  0.000000e+00  0.000000e+00  -4.217800e+00  -4.217794e+00  5.573305e+00  5.573364e+00
27  0.000000e+00  0.000000e+00  -4.217799e+00  -4.217795e+00  5.573317e+00  5.573353e+00
28  0.000000e+00  0.000000e+00  -4.217798e+00  -4.217796e+00  5.573323e+00  5.573347e+00
