-9.884942e+01 6.982049e+00 1.948586e+00
-9.569313e+01 6.975096e+00 1.919690e+00
-9.253683e+01 6.968119e+00 1.890199e+00
-8.938054e+01 6.961117e+00 1.860083e+00
-8.622424e+01 6.954091e+00 1.829312e+00
-8.306795e+01 6.947041e+00 1.797849e+00
-7.991165e+01 6.939966e+00 1.765659e+00
-7.675536e+01 6.932867e+00 1.732698e+00
-7.359906e+01 6.925743e+00 1.698920e+00
-7.044277e+01 6.918594e+00 1.664277e+00
-6.728647e+01 6.911421e+00 1.628710e+00
-6.413018e+01 6.904222e+00 1.592156e+00
-6.097388e+01 6.896999e+00 1.554547e+00
-5.781759e+01 6.889751e+00 1.515800e+00
-5.466129e+01 6.882477e+00 1.475826e+00
-5.150500e+01 6.875178e+00 1.434521e+00
-4.834870e+01 6.867854e+00 1.391764e+00
-4.519241e+01 6.860504e+00 1.347417e+00
-4.203611e+01 6.853129e+00 1.301316e+00
-3.887982e+01 6.845728e+00 1.253265e+00
-3.572352e+01 6.838302e+00 1.203029e+00
-3.256723e+01 6.830849e+00 1.150320e+00
-2.941093e+01 6.823371e+00 1.094780e+00
-2.625464e+01 6.815867e+00 1.035951e+00
-2.309834e+01 6.808337e+00 9.732356e-01
-1.994205e+01 6.800781e+00 9.058242e-01
-1.678575e+01 6.793198e+00 8.325749e-01
-1.362946e+01 6.785589e+00 7.517805e-01
-1.047316e+01 6.777954e+00 6.606758e-01
-7.316866e+00 6.770292e+00 5.541955e-01
-4.160571e+00 6.762604e+00 4.208213e-01
-1.004276e+00 6.754889e+00 2.153185e-01
2.152019e+00 6.650452e+00 2.612266e-01
5.308315e+00 6.500863e+00 2.768917e-01
8.464610e+00 6.337481e+00 1.469332e-01
1.162090e+01 6.093515e+00 2.904930e-01
1.477720e+01 5.849515e+00 2.142074e-01
1.793350e+01 5.820298e+00 2.510432e-01
2.108979e+01 5.928360e+00 2.811723e-01
2.424609e+01 6.022013e+00 1.127854e-01
2.740238e+01 5.936216e+00 2.881859e-01
3.055868e+01 5.850383e+00 2.277580e-01
3.371497e+01 5.815891e+00 2.405010e-01
3.687127e+01 5.825433e+00 2.849487e-01
4.002756e+01 5.835346e+00 6.008532e-02
4.318386e+01 6.016088e+00 2.853756e-01
4.634015e+01 6.196794e+00 2.406791e-01
4.949645e+01 6.260570e+00 2.296574e-01
5.265274e+01 6.190632e+00 2.883497e-01
5.580904e+01 6.120661e+00 1.109470e-01
5.896533e+01 5.849098e+00 2.814531e-01
6.212163e+01 5.562472e+00 2.497667e-01
6.527792e+01 5.383426e+00 2.141860e-01
6.843422e+01 5.369357e+00 2.895843e-01
7.159051e+01 5.355245e+00 1.415053e-01
7.474681e+01 5.405337e+00 2.759739e-01
7.790310e+01 5.465945e+00 2.587506e-01
8.105940e+01 5.446248e+00 1.981929e-01
8.421569e+01 5.258255e+00 2.905418e-01
8.737199e+01 5.070217e+00 1.661685e-01
9.052828e+01 5.293872e+00 2.696878e-01
9.368458e+01 5.628866e+00 2.667994e-01
9.684087e+01 5.902677e+00 1.802604e-01
9.999717e+01 5.994193e+00 2.915639e-01
1.031535e+02 6.085673e+00 1.900558e-01
1.063098e+02 6.161792e+00 2.639322e-01
1.094661e+02 6.231778e+00 2.740999e-01
1.126223e+02 6.252992e+00 1.593459e-01
1.157786e+02 6.051273e+00 2.910786e-01
1.189349e+02 5.849520e+00 2.067479e-01
1.220912e+02 6.048415e+00 2.553424e-01
1.252475e+02 6.469216e+00 2.797797e-01
1.284038e+02 6.876143e+00 1.330782e-01
1.315601e+02 7.168305e+00 2.906700e-01
1.347164e+02 7.460445e+00 2.254869e-01
1.378727e+02 7.453271e+00 2.487149e-01
1.410290e+02 7.221920e+00 2.848882e-01
1.441853e+02 7.003761e+00 9.625151e-02
1.473416e+02 7.140581e+00 2.882514e-01
1.504979e+02 7.277380e+00 2.377021e-01
1.536542e+02 7.660001e+00 2.379573e-01
1.568105e+02 8.288450e+00 2.899548e-01
1.599668e+02 8.916890e+00 1.092707e-01
1.631231e+02 9.225716e+00 2.876277e-01
1.662794e+02 9.522649e+00 2.528473e-01
1.694357e+02 9.751681e+00 2.306987e-01
1.725920e+02 9.890051e+00 2.946675e-01
1.757483e+02 1.002843e+01 1.499895e-01
1.789045e+02 1.006985e+01 3.532718e-01
1.820608e+02 1.009959e+01 4.994540e-01
1.852171e+02 1.012934e+01 6.079234e-01
1.883734e+02 1.015910e+01 6.965315e-01
1.915297e+02 1.018888e+01 7.721499e-01
1.946860e+02 1.021867e+01 8.383042e-01
1.978423e+02 1.024847e+01 8.970934e-01
2.009986e+02 1.027829e+01 9.498885e-01
2.041549e+02 1.030813e+01 9.976437e-01
2.073112e+02 1.033798e+01 1.041055e+00
2.104675e+02 1.036785e+01 1.080648e+00
2.136238e+02 1.039774e+01 1.116830e+00
2.167801e+02 1.042764e+01 1.149926e+00
2.199364e+02 1.045756e+01 1.180195e+00
2.230927e+02 1.048750e+01 1.207853e+00
2.262490e+02 1.051745e+01 1.233076e+00
2.294053e+02 1.054743e+01 1.256012e+00
2.325616e+02 1.057742e+01 1.276785e+00
2.357179e+02 1.060743e+01 1.295500e+00
2.388742e+02 1.063746e+01 1.312247e+00
2.420304e+02 1.066751e+01 1.327100e+00
2.451867e+02 1.069759e+01 1.340122e+00
2.483430e+02 1.072768e+01 1.351369e+00
2.514993e+02 1.075779e+01 1.360883e+00
2.546556e+02 1.078792e+01 1.368702e+00
2.578119e+02 1.081808e+01 1.374856e+00
2.609682e+02 1.084826e+01 1.379365e+00
2.641245e+02 1.087846e+01 1.382248e+00
2.672808e+02 1.090868e+01 1.383513e+00
2.704371e+02 1.093893e+01 1.383166e+00
2.735934e+02 1.096920e+01 1.381206e+00
2.767497e+02 1.099949e+01 1.377625e+00
2.799060e+02 1.102981e+01 1.372410e+00
2.830623e+02 1.106015e+01 1.365543e+00
2.862186e+02 1.109052e+01 1.356999e+00
2.893749e+02 1.112091e+01 1.346744e+00
2.925312e+02 1.115133e+01 1.334739e+00
2.956875e+02 1.118177e+01 1.320935e+00
2.988438e+02 1.121224e+01 1.305276e+00
3.020001e+02 1.124274e+01 1.287692e+00
3.051564e+02 1.127326e+01 1.268103e+00
3.083126e+02 1.130381e+01 1.246413e+00
3.114689e+02 1.133439e+01 1.222510e+00
3.146252e+02 1.136500e+01 1.196259e+00
3.177815e+02 1.139564e+01 1.167501e+00
3.209378e+02 1.142630e+01 1.136043e+00
3.240941e+02 1.145700e+01 1.101655e+00
3.272504e+02 1.148772e+01 1.064049e+00
3.304067e+02 1.151848e+01 1.022868e+00
3.335630e+02 1.154926e+01 9.776606e-01
3.367193e+02 1.158008e+01 9.278343e-01
3.398756e+02 1.161092e+01 8.725963e-01
3.430319e+02 1.164180e+01 8.108383e-01
3.461882e+02 1.167271e+01 7.409287e-01
3.493445e+02 1.170365e+01 6.602794e-01
3.525008e+02 1.173463e+01 5.642999e-01
3.556571e+02 1.176564e+01 4.431321e-01
3.588134e+02 1.179668e+01 2.641183e-01
3.619697e+02 1.153007e+01 2.581010e-01
3.651260e+02 1.103614e+01 2.910211e-01
3.682823e+02 1.055411e+01 1.183877e-01
3.714385e+02 1.044202e+01 2.927506e-01
3.745948e+02 1.032995e+01 2.446457e-01
3.777511e+02 1.029079e+01 2.431759e-01
3.809074e+02 1.032596e+01 2.931351e-01
3.840637e+02 1.036114e+01 1.232548e-01
3.872200e+02 1.041780e+01 2.897365e-01
3.903763e+02 1.047538e+01 2.558424e-01
3.935326e+02 1.031336e+01 2.322965e-01
3.966889e+02 9.852331e+00 2.945504e-01
3.998452e+02 9.391309e+00 1.472492e-01
4.030015e+02 9.356544e+00 2.834716e-01
4.061578e+02 9.375784e+00 2.619278e-01
4.093141e+02 9.413626e+00 2.148882e-01
4.124704e+02 9.485761e+00 2.953671e-01
4.156267e+02 9.557902e+00 1.727997e-01
4.187830e+02 1.002690e+01 2.790596e-01
4.219393e+02 1.058552e+01 2.724280e-01
4.250956e+02 1.096883e+01 2.042075e-01
4.282519e+02 1.090112e+01 2.980900e-01
4.314082e+02 1.083344e+01 1.974690e-01
4.345645e+02 1.095405e+01 2.748635e-01
4.377207e+02 1.113947e+01 2.800963e-01
4.408770e+02 1.132356e+01 1.883185e-01
4.440333e+02 1.150258e+01 2.991938e-01
4.471896e+02 1.168162e+01 2.178405e-01
4.503459e+02 1.170700e+01 2.698547e-01
4.535022e+02 1.165747e+01 2.861415e-01
4.566585e+02 1.154857e+01 1.677125e-01
4.598148e+02 1.106343e+01 2.972908e-01
4.629711e+02 1.057832e+01 2.277735e-01
4.661274e+02 1.044155e+01 2.585485e-01
4.692837e+02 1.053654e+01 2.884489e-01
4.724400e+02 1.061086e+01 1.347096e-01
4.755963e+02 1.038560e+01 2.940121e-01
4.787526e+02 1.016036e+01 2.391736e-01
4.819089e+02 1.013414e+01 2.480167e-01
4.850652e+02 1.028534e+01 2.917046e-01
4.882215e+02 1.043655e+01 1.052680e-01
4.913778e+02 1.091604e+01 2.920274e-01
4.945341e+02 1.139793e+01 2.542388e-01
4.976904e+02 1.165968e+01 2.417858e-01
5.008466e+02 1.165982e+01 2.970747e-01
5.040029e+02 1.165998e+01 1.490374e-01
5.071592e+02 1.148851e+01 2.898475e-01
5.103155e+02 1.130236e+01 2.623129e-01
5.134718e+02 1.121189e+01 2.273741e-01
5.166281e+02 1.127415e+01 2.978042e-01
5.197844e+02 1.133642e+01 1.708027e-01
5.229407e+02 1.116260e+01 2.842494e-01
5.260970e+02 1.094690e+01 2.693289e-01
5.292533e+02 1.075766e+01 2.112490e-01
5.324096e+02 1.062634e+01 2.975807e-01
5.355659e+02 1.049504e+01 1.877321e-01
5.387222e+02 1.049226e+01 3.325829e-01
5.418785e+02 1.052626e+01 4.855646e-01
5.450348e+02 1.056028e+01 5.969910e-01
5.481911e+02 1.059432e+01 6.873812e-01
5.513474e+02 1.062838e+01 7.642396e-01
5.545037e+02 1.066246e+01 8.313310e-01
5.576600e+02 1.069656e+01 8.908677e-01
5.608163e+02 1.073068e+01 9.442821e-01
5.639726e+02 1.076482e+01 9.925655e-01
5.671288e+02 1.079898e+01 1.036437e+00
5.702851e+02 1.083316e+01 1.076439e+00
5.734414e+02 1.086737e+01 1.112990e+00
5.765977e+02 1.090160e+01 1.146421e+00
5.797540e+02 1.093585e+01 1.177000e+00
5.829103e+02 1.097012e+01 1.204946e+00
5.860666e+02 1.100442e+01 1.230440e+00
5.892229e+02 1.103875e+01 1.253631e+00
5.923792e+02 1.107309e+01 1.274647e+00
5.955355e+02 1.110747e+01 1.293594e+00
5.986918e+02 1.114187e+01 1.310564e+00
6.018481e+02 1.117629e+01 1.325633e+00
6.050044e+02 1.121074e+01 1.338866e+00
6.081607e+02 1.124522e+01 1.350318e+00
6.113170e+02 1.127972e+01 1.360033e+00
6.144733e+02 1.131425e+01 1.368050e+00
6.176296e+02 1.134881e+01 1.374398e+00
6.207859e+02 1.138340e+01 1.379101e+00
6.239422e+02 1.141802e+01 1.382176e+00
6.270985e+02 1.145267e+01 1.383634e+00
6.302547e+02 1.148734e+01 1.383480e+00
6.334110e+02 1.152205e+01 1.381713e+00
6.365673e+02 1.155679e+01 1.378328e+00
6.397236e+02 1.159155e+01 1.373312e+00
6.428799e+02 1.162635e+01 1.366646e+00
6.460362e+02 1.166118e+01 1.358307e+00
6.491925e+02 1.169605e+01 1.348263e+00
6.523488e+02 1.173094e+01 1.336475e+00
6.555051e+02 1.176587e+01 1.322895e+00
6.586614e+02 1.180083e+01 1.307468e+00
6.618177e+02 1.183583e+01 1.290126e+00
6.649740e+02 1.187086e+01 1.270790e+00
6.681303e+02 1.190592e+01 1.249367e+00
6.712866e+02 1.194102e+01 1.225746e+00
6.744429e+02 1.197615e+01 1.199796e+00
6.775992e+02 1.201133e+01 1.171362e+00
6.807555e+02 1.204653e+01 1.140255e+00
6.839118e+02 1.208178e+01 1.106250e+00
6.870681e+02 1.211706e+01 1.069067e+00
6.902244e+02 1.215238e+01 1.028361e+00
6.933807e+02 1.218773e+01 9.836916e-01
6.965369e+02 1.222313e+01 9.344892e-01
6.996932e+02 1.225856e+01 8.799911e-01
7.028495e+02 1.229404e+01 8.191381e-01
7.060058e+02 1.232955e+01 7.503825e-01
7.091621e+02 1.236510e+01 6.712969e-01
7.123184e+02 1.240070e+01 5.776494e-01
7.154747e+02 1.243633e+01 4.606370e-01
7.186310e+02 1.247201e+01 2.935245e-01
7.217873e+02 1.251270e+01 2.443399e-01
7.249436e+02 1.255945e+01 2.989853e-01
7.280999e+02 1.260625e+01 1.561303e-01
7.312562e+02 1.269027e+01 2.916513e-01
7.344125e+02 1.277773e+01 2.666405e-01
7.375688e+02 1.270590e+01 2.316702e-01
7.407251e+02 1.237456e+01 3.000386e-01
7.438814e+02 1.204326e+01 1.769064e-01
7.470377e+02 1.219384e+01 2.861768e-01
7.501940e+02 1.243319e+01 2.737877e-01
7.533503e+02 1.261308e+01 2.171057e-01
7.565066e+02 1.265974e+01 3.012375e-01
7.596628e+02 1.270644e+01 1.985481e-01
7.628191e+02 1.265837e+01 2.814095e-01
7.659754e+02 1.258245e+01 2.806407e-01
7.691317e+02 1.256803e+01 2.010375e-01
7.722880e+02 1.275169e+01 3.015184e-01
7.754443e+02 1.293539e+01 2.159324e-01
7.786006e+02 1.306249e+01 2.755433e-01
7.817569e+02 1.316546e+01 2.872923e-01
7.849132e+02 1.325142e+01 1.847814e-01
7.880695e+02 1.325111e+01 3.017712e-01
7.912258e+02 1.325086e+01 2.320391e-01
7.943821e+02 1.340224e+01 2.694929e-01
7.975384e+02 1.364301e+01 2.935680e-01
8.006947e+02 1.386234e+01 1.678216e-01
8.038510e+02 1.387286e+01 3.016586e-01
8.070073e+02 1.388344e+01 2.460109e-01
8.101636e+02 1.384275e+01 2.621260e-01
8.133199e+02 1.376135e+01 2.969849e-01
8.164762e+02 1.368550e+01 1.388193e-01
8.196325e+02 1.385886e+01 2.991349e-01
8.227888e+02 1.403229e+01 2.577739e-01
8.259450e+02 1.405645e+01 2.538405e-01
8.291013e+02 1.392253e+01 3.004995e-01
8.322576e+02 1.378867e+01 1.518359e-01
8.354139e+02 1.339323e+01 2.952420e-01
8.385702e+02 1.298400e+01 2.628305e-01
8.417265e+02 1.246514e+01 2.371363e-01
8.448828e+02 1.179099e+01 2.979614e-01
8.480391e+02 1.111687e+01 1.598124e-01
8.511954e+02 1.094895e+01 2.857638e-01
8.543517e+02 1.085141e+01 2.661529e-01
8.575080e+02 1.074990e+01 2.174005e-01
8.606643e+02 1.064076e+01 2.974103e-01
8.638206e+02 1.053164e+01 1.802130e-01
8.669769e+02 1.084453e+01 2.801119e-01
8.701332e+02 1.125886e+01 2.748478e-01
8.732895e+02 1.149578e+01 2.044554e-01
8.764458e+02 1.125379e+01 2.990767e-01
8.796021e+02 1.101182e+01 2.017466e-01
8.827584e+02 1.093063e+01 2.747207e-01
8.859147e+02 1.090758e+01 2.804834e-01
8.890709e+02 1.089422e+01 1.841234e-01
8.922272e+02 1.091988e+01 2.982928e-01
8.953835e+02 1.094557e+01 2.177456e-01
8.985398e+02 1.095561e+01 3.120107e-01
9.016961e+02 1.095770e+01 4.722102e-01
9.048524e+02 1.095981e+01 5.865804e-01
9.080087e+02 1.096195e+01 6.787034e-01
9.111650e+02 1.096411e+01 7.567517e-01
9.143213e+02 1.096629e+01 8.247342e-01
9.174776e+02 1.096850e+01 8.849763e-01
9.206339e+02 1.097073e+01 9.389716e-01
9.237902e+02 1.097299e+01 9.877474e-01
9.269465e+02 1.097527e+01 1.032046e+00
9.301028e+02 1.097757e+01 1.072425e+00
9.332591e+02 1.097990e+01 1.109313e+00
9.364154e+02 1.098225e+01 1.143051e+00
9.395717e+02 1.098463e+01 1.173911e+00
9.427280e+02 1.098703e+01 1.202116e+00
9.458843e+02 1.098945e+01 1.227852e+00
9.490406e+02 1.099190e+01 1.251270e+00
9.521969e+02 1.099437e+01 1.272501e+00
9.553531e+02 1.099686e+01 1.291653e+00
9.585094e+02 1.099938e+01 1.308818e+00
9.616657e+02 1.100193e+01 1.324075e+00
9.648220e+02 1.100450e+01 1.337489e+00
9.679783e+02 1.100709e+01 1.349115e+00
9.711346e+02 1.100971e+01 1.359002e+00
9.742909e+02 1.101235e+01 1.367185e+00
9.774472e+02 1.101501e+01 1.373697e+00
9.806035e+02 1.101770e+01 1.378561e+00
9.837598e+02 1.102042e+01 1.381795e+00
9.869161e+02 1.102316e+01 1.383411e+00
9.900724e+02 1.102592e+01 1.383414e+00
9.932287e+02 1.102871e+01 1.381804e+00
9.963850e+02 1.103152e+01 1.378575e+00
9.995413e+02 1.103436e+01 1.373717e+00
1.002698e+03 1.103722e+01 1.367211e+00
1.005854e+03 1.104011e+01 1.359033e+00
1.009010e+03 1.104302e+01 1.349154e+00
1.012166e+03 1.104595e+01 1.337533e+00
1.015323e+03 1.104891e+01 1.324126e+00
1.018479e+03 1.105190e+01 1.308876e+00
1.021635e+03 1.105491e+01 1.291717e+00
1.024792e+03 1.105794e+01 1.272572e+00
1.027948e+03 1.106100e+01 1.251349e+00
1.031104e+03 1.106409e+01 1.227938e+00
1.034261e+03 1.106720e+01 1.202212e+00
1.037417e+03 1.107033e+01 1.174015e+00
1.040573e+03 1.107349e+01 1.143165e+00
1.043729e+03 1.107668e+01 1.109438e+00
1.046886e+03 1.107989e+01 1.072561e+00
1.050042e+03 1.108312e+01 1.032196e+00
1.053198e+03 1.108638e+01 9.879117e-01
1.056355e+03 1.108967e+01 9.391529e-01
1.059511e+03 1.109298e+01 8.851776e-01
1.062667e+03 1.109632e+01 8.249599e-01
1.065823e+03 1.109968e+01 7.570083e-01
1.068980e+03 1.110306e+01 6.790012e-01
1.072136e+03 1.110648e+01 5.869385e-01
1.075292e+03 1.110992e+01 4.726721e-01
1.078449e+03 1.111338e+01 3.127349e-01
1.081605e+03 1.123028e+01 2.186390e-01
1.084761e+03 1.157003e+01 2.992050e-01
1.087918e+03 1.190980e+01 1.875059e-01
1.091074e+03 1.214401e+01 2.823416e-01
1.094230e+03 1.235209e+01 2.777178e-01
1.097386e+03 1.242363e+01 2.075116e-01
1.100543e+03 1.211742e+01 3.006452e-01
1.103699e+03 1.181125e+01 2.057334e-01
1.106855e+03 1.181506e+01 2.760036e-01
1.110012e+03 1.193374e+01 2.831227e-01
1.113168e+03 1.200781e+01 1.881262e-01
1.116324e+03 1.189618e+01 2.996888e-01
1.119480e+03 1.178459e+01 2.201710e-01
1.122637e+03 1.186092e+01 2.681445e-01
1.125793e+03 1.203499e+01 2.883040e-01
1.128949e+03 1.220351e+01 1.676760e-01
1.132106e+03 1.233187e+01 2.994312e-01
1.135262e+03 1.246028e+01 2.369255e-01
1.138418e+03 1.271557e+01 2.624218e-01
1.141575e+03 1.306049e+01 2.948018e-01
1.144731e+03 1.338494e+01 1.501780e-01
1.147887e+03 1.332164e+01 2.994279e-01
1.151043e+03 1.325839e+01 2.507191e-01
1.154200e+03 1.312002e+01 2.546316e-01
1.157356e+03 1.291072e+01 2.972576e-01
1.160512e+03 1.270147e+01 1.322261e-01
1.163669e+03 1.268708e+01 2.949136e-01
1.166825e+03 1.267702e+01 2.583886e-01
1.169981e+03 1.274255e+01 2.416405e-01
1.173138e+03 1.290329e+01 2.993774e-01
1.176294e+03 1.306407e+01 1.616101e-01
1.179450e+03 1.346013e+01 2.924807e-01
1.182606e+03 1.388046e+01 2.714266e-01
1.185763e+03 1.406975e+01 2.354616e-01
1.188919e+03 1.386699e+01 3.033354e-01
1.192075e+03 1.366430e+01 1.882100e-01
1.195232e+03 1.352605e+01 2.886579e-01
1.198388e+03 1.340059e+01 2.766593e-01
1.201544e+03 1.323180e+01 2.175459e-01
1.204700e+03 1.296139e+01 3.019526e-01
1.207857e+03 1.269102e+01 2.013050e-01
1.211013e+03 1.234333e+01 2.803673e-01
1.214169e+03 1.197167e+01 2.797055e-01
1.217326e+03 1.167358e+01 1.943734e-01
1.220482e+03 1.162558e+01 2.994926e-01
1.223638e+03 1.157760e+01 2.134735e-01
1.226795e+03 1.147305e+01 2.715483e-01
1.229951e+03 1.134325e+01 2.842913e-01
1.233107e+03 1.121815e+01 1.722881e-01
1.236263e+03 1.111847e+01 2.976867e-01
1.239420e+03 1.101881e+01 2.255926e-01
1.242576e+03 1.096180e+01 2.620452e-01
1.245732e+03 1.093098e+01 2.881785e-01
1.248889e+03 1.090353e+01 1.454119e-01
1.252045e+03 1.091264e+01 2.957243e-01
1.255201e+03 1.092177e+01 2.387676e-01
1.258357e+03 1.091662e+01 2.872679e-01
1.261514e+03 1.089970e+01 4.568135e-01
1.264670e+03 1.088279e+01 5.747126e-01
1.267826e+03 1.086591e+01 6.688620e-01
1.270983e+03 1.084906e+01 7.482844e-01
1.274139e+03 1.083222e+01 8.172877e-01
1.277295e+03 1.081541e+01 8.783337e-01
1.280452e+03 1.079862e+01 9.329885e-01
1.283608e+03 1.078185e+01 9.823216e-01
1.286764e+03 1.076510e+01 1.027102e+00
1.289920e+03 1.074838e+01 1.067905e+00
1.293077e+03 1.073167e+01 1.105173e+00
1.296233e+03 1.071499e+01 1.139255e+00
1.299389e+03 1.069832e+01 1.170430e+00
1.302546e+03 1.068168e+01 1.198926e+00
1.305702e+03 1.066506e+01 1.224932e+00
1.308858e+03 1.064846e+01 1.248604e+00
1.312014e+03 1.063188e+01 1.270075e+00
1.315171e+03 1.061531e+01 1.289455e+00
1.318327e+03 1.059877e+01 1.306837e+00
1.321483e+03 1.058225e+01 1.322303e+00
1.324640e+03 1.056574e+01 1.335918e+00
1.327796e+03 1.054926e+01 1.347739e+00
1.330952e+03 1.053279e+01 1.357814e+00
1.334109e+03 1.051634e+01 1.366183e+00
1.337265e+03 1.049991e+01 1.372876e+00
1.340421e+03 1.048350e+01 1.377918e+00
1.343577e+03 1.046711e+01 1.381328e+00
1.346734e+03 1.045074e+01 1.383117e+00
1.349890e+03 1.043438e+01 1.383293e+00
1.353046e+03 1.041804e+01 1.381856e+00
1.356203e+03 1.040171e+01 1.378800e+00
1.359359e+03 1.038541e+01 1.374116e+00
1.362515e+03 1.036912e+01 1.367785e+00
1.365672e+03 1.035285e+01 1.359784e+00
1.368828e+03 1.033659e+01 1.350084e+00
1.371984e+03 1.032035e+01 1.338647e+00
1.375140e+03 1.030413e+01 1.325428e+00
1.378297e+03 1.028792e+01 1.310372e+00
1.381453e+03 1.027173e+01 1.293414e+00
1.384609e+03 1.025555e+01 1.274477e+00
1.387766e+03 1.023939e+01 1.253471e+00
1.390922e+03 1.022324e+01 1.230290e+00
1.394078e+03 1.020711e+01 1.204805e+00
1.397234e+03 1.019099e+01 1.176867e+00
1.400391e+03 1.017489e+01 1.146294e+00
1.403547e+03 1.015880e+01 1.112869e+00
1.406703e+03 1.014273e+01 1.076323e+00
1.409860e+03 1.012667e+01 1.036325e+00
1.413016e+03 1.011062e+01 9.924553e-01
1.416172e+03 1.009459e+01 9.441728e-01
1.419329e+03 1.007857e+01 8.907575e-01
1.422485e+03 1.006256e+01 8.312177e-01
1.425641e+03 1.004657e+01 7.641199e-01
1.428797e+03 1.003059e+01 6.872506e-01
1.431954e+03 1.001462e+01 5.968415e-01
1.435110e+03 9.998661e+00 4.853795e-01
1.438266e+03 9.982717e+00 3.323075e-01
1.441423e+03 9.946498e+00 1.872565e-01
1.444579e+03 9.839394e+00 2.967746e-01
1.447735e+03 9.732300e+00 2.080586e-01
1.450891e+03 9.805388e+00 2.672289e-01
1.454048e+03 9.960726e+00 2.820753e-01
1.457204e+03 1.007849e+01 1.648640e-01
1.460360e+03 9.984457e+00 2.956805e-01
1.463517e+03 9.890439e+00 2.231269e-01
1.466673e+03 9.990759e+00 2.590803e-01
1.469829e+03 1.021283e+01 2.871434e-01
1.472986e+03 1.042548e+01 1.398159e-01
1.476142e+03 1.052801e+01 2.945943e-01
1.479298e+03 1.063056e+01 2.380322e-01
1.482454e+03 1.038061e+01 2.509286e-01
1.485611e+03 9.834042e+00 2.898377e-01
1.488767e+03 9.293521e+00 9.412223e-02
1.491923e+03 9.587691e+00 2.902122e-01
1.495080e+03 9.881869e+00 2.475841e-01
1.498236e+03 1.003303e+01 2.388674e-01
1.501392e+03 1.002375e+01 2.933456e-01
1.504548e+03 1.001448e+01 1.310058e-01
1.507705e+03 9.978086e+00 2.874588e-01
1.510861e+03 9.939827e+00 2.573114e-01
1.514017e+03 9.843712e+00 2.259697e-01
1.517174e+03 9.660636e+00 2.948080e-01
1.520330e+03 9.477567e+00 1.567399e-01
1.523486e+03 9.286770e+00 2.818643e-01
1.526643e+03 9.094756e+00 2.640386e-01
1.529799e+03 8.953916e+00 2.085567e-01
1.532955e+03 8.918036e+00 2.949026e-01
1.536111e+03 8.882155e+00 1.774990e-01
1.539268e+03 8.938041e+00 2.754922e-01
1.542424e+03 9.018048e+00 2.712743e-01
1.545580e+03 9.022073e+00 1.911245e-01
1.548737e+03 8.805252e+00 2.949713e-01
1.551893e+03 8.588429e+00 1.959566e-01
1.555049e+03 8.284331e+00 2.680468e-01
1.558206e+03 7.946301e+00 2.760006e-01
1.561362e+03 7.699117e+00 1.660709e-01
1.564518e+03 7.854292e+00 2.931812e-01
1.567674e+03 8.009454e+00 2.107999e-01
1.570831e+03 7.937861e+00 2.591235e-01
1.573987e+03 7.743262e+00 2.808620e-01
1.577143e+03 7.565493e+00 1.384632e-01
1.580300e+03 7.520669e+00 2.912666e-01
1.583456e+03 7.475827e+00 2.242706e-01
1.586612e+03 7.719667e+00 2.493409e-01
1.589768e+03 8.175527e+00 2.861651e-01
1.592925e+03 8.613691e+00 1.100423e-01
1.596081e+03 8.634654e+00 2.903660e-01
1.599237e+03 8.655613e+00 2.393287e-01
1.602394e+03 8.733418e+00 2.409101e-01
1.605550e+03 8.866992e+00 2.903976e-01
1.608706e+03 9.000565e+00 1.076234e-01
1.611863e+03 8.973122e+00 2.877167e-01
1.615019e+03 8.940511e+00 2.507958e-01
1.618175e+03 8.912084e+00 2.530230e-01
1.621331e+03 8.889135e+00 4.368347e-01
1.624488e+03 8.866186e+00 5.595382e-01
1.627644e+03 8.843235e+00 6.563550e-01
1.630800e+03 8.820282e+00 7.375543e-01
1.633957e+03 8.797328e+00 8.078626e-01
1.637113e+03 8.774371e+00 8.699273e-01
1.640269e+03 8.751411e+00 9.254112e-01
1.643425e+03 8.728449e+00 9.754403e-01
1.646582e+03 8.705484e+00 1.020819e+00
1.649738e+03 8.682515e+00 1.062146e+00
1.652894e+03 8.659543e+00 1.099879e+00
1.656051e+03 8.636567e+00 1.134378e+00
1.659207e+03 8.613586e+00 1.165934e+00
1.662363e+03 8.590602e+00 1.194779e+00
1.665520e+03 8.567612e+00 1.221108e+00
1.668676e+03 8.544617e+00 1.245081e+00
1.671832e+03 8.521618e+00 1.266834e+00
1.674988e+03 8.498612e+00 1.286479e+00
1.678145e+03 8.475601e+00 1.304113e+00
1.681301e+03 8.452583e+00 1.319817e+00
1.684457e+03 8.429560e+00 1.333660e+00
1.687614e+03 8.406529e+00 1.345701e+00
1.690770e+03 8.383492e+00 1.355988e+00
1.693926e+03 8.360447e+00 1.364560e+00
1.697082e+03 8.337395e+00 1.371452e+00
1.700239e+03 8.314335e+00 1.376687e+00
1.703395e+03 8.291267e+00 1.380285e+00
1.706551e+03 8.268191e+00 1.382260e+00
1.709708e+03 8.245106e+00 1.382617e+00
1.712864e+03 8.222012e+00 1.381359e+00
1.716020e+03 8.198909e+00 1.378481e+00
1.719177e+03 8.175797e+00 1.373973e+00
1.722333e+03 8.152675e+00 1.367818e+00
1.725489e+03 8.129543e+00 1.359994e+00
1.728645e+03 8.106400e+00 1.350471e+00
1.731802e+03 8.083247e+00 1.339212e+00
1.734958e+03 8.060084e+00 1.326174e+00
1.738114e+03 8.036909e+00 1.311301e+00
1.741271e+03 8.013723e+00 1.294531e+00
1.744427e+03 7.990525e+00 1.275787e+00
1.747583e+03 7.967315e+00 1.254981e+00
1.750740e+03 7.944093e+00 1.232007e+00
1.753896e+03 7.920858e+00 1.206739e+00
1.757052e+03 7.897611e+00 1.179030e+00
1.760208e+03 7.874350e+00 1.148701e+00
1.763365e+03 7.851077e+00 1.115538e+00
1.766521e+03 7.827789e+00 1.079276e+00
1.769677e+03 7.804488e+00 1.039591e+00
1.772834e+03 7.781172e+00 9.960712e-01
1.775990e+03 7.757843e+00 9.481866e-01
1.779146e+03 7.734498e+00 8.952348e-01
1.782302e+03 7.711138e+00 8.362510e-01
1.785459e+03 7.687763e+00 7.698469e-01
1.788615e+03 7.664373e+00 6.938920e-01
1.791771e+03 7.640966e+00 6.047942e-01
1.794928e+03 7.617544e+00 4.955085e-01
1.798084e+03 7.594105e+00 3.474744e-01
1.801240e+03 7.582421e+00 1.365169e-01
1.804397e+03 7.668293e+00 2.912884e-01
1.807553e+03 7.754150e+00 2.258040e-01
1.810709e+03 7.952370e+00 2.491799e-01
1.813865e+03 8.234743e+00 2.865751e-01
1.817022e+03 8.519270e+00 1.076883e-01
1.820178e+03 8.861910e+00 2.906847e-01
1.823334e+03 9.204549e+00 2.421432e-01
1.826491e+03 9.362908e+00 2.422426e-01
1.829647e+03 9.336985e+00 2.913260e-01
1.832803e+03 9.311066e+00 1.122443e-01
1.835959e+03 9.266075e+00 2.879093e-01
1.839116e+03 9.220376e+00 2.521142e-01
1.842272e+03 9.091812e+00 2.294950e-01
1.845428e+03 8.852605e+00 2.931385e-01
1.848585e+03 8.613395e+00 1.427333e-01
1.851741e+03 8.454385e+00 2.826983e-01
1.854897e+03 8.305045e+00 2.591254e-01
1.858054e+03 8.311324e+00 2.124385e-01
1.861210e+03 8.598560e+00 2.941330e-01
1.864366e+03 8.885791e+00 1.692106e-01
1.867522e+03 8.836024e+00 2.779175e-01
1.870679e+03 8.712567e+00 2.678554e-01
1.873835e+03 8.582205e+00 1.970892e-01
1.876991e+03 8.434498e+00 2.944342e-01
1.880148e+03 8.286785e+00 1.873594e-01
1.883304e+03 8.325166e+00 2.705621e-01
1.886460e+03 8.425971e+00 2.744358e-01
1.889617e+03 8.466514e+00 1.777270e-01
1.892773e+03 8.284310e+00 2.940338e-01
1.895929e+03 8.102099e+00 2.043223e-01
1.899085e+03 8.084820e+00 2.625655e-01
1.902242e+03 8.146215e+00 2.797883e-01
1.905398e+03 8.196875e+00 1.534701e-01
1.908554e+03 8.182270e+00 2.930454e-01
1.911711e+03 8.167656e+00 2.207251e-01
1.914867e+03 8.123644e+00 2.545258e-01
1.918023e+03 8.060457e+00 2.843614e-01
1.921179e+03 7.996409e+00 1.219914e-01
1.924336e+03 7.920939e+00 2.906396e-01
1.927492e+03 7.845458e+00 2.330005e-01
1.930648e+03 7.915500e+00 2.437875e-01
1.933805e+03 8.112794e+00 2.880186e-01
1.936961e+03 8.310077e+00 8.201840e-02
1.940117e+03 8.066538e+00 2.877211e-01
1.943274e+03 7.821931e+00 2.441598e-01
1.946430e+03 7.749205e+00 2.317848e-01
1.949586e+03 7.876860e+00 2.907266e-01
1.952742e+03 8.004501e+00 1.243982e-01
1.955899e+03 8.114652e+00 2.840859e-01
1.959055e+03 8.223393e+00 2.551138e-01
1.962211e+03 8.277181e+00 2.197281e-01
1.965368e+03 8.245008e+00 2.930997e-01
1.968524e+03 8.212825e+00 1.550064e-01
1.971680e+03 8.366040e+00 2.796628e-01
1.974836e+03 8.550929e+00 2.643996e-01
1.977993e+03 8.677325e+00 2.214548e-01
1.981149e+03 8.678389e+00 4.239772e-01
1.984305e+03 8.679450e+00 5.565832e-01
1.987462e+03 8.680507e+00 6.626694e-01
1.990618e+03 8.681560e+00 7.535240e-01
1.993774e+03 8.682609e+00 8.341413e-01
1.996931e+03 8.683655e+00 9.072566e-01
2.000087e+03 8.684698e+00 9.745619e-01
2.003243e+03 8.685736e+00 1.037191e+00
2.006399e+03 8.686771e+00 1.095947e+00
2.009556e+03 8.687803e+00 1.151425e+00
2.012712e+03 8.688831e+00 1.204080e+00
2.015868e+03 8.689855e+00 1.254268e+00
2.019025e+03 8.690876e+00 1.302278e+00
2.022181e+03 8.691893e+00 1.348341e+00
2.025337e+03 8.692907e+00 1.392654e+00
2.028493e+03 8.693917e+00 1.435380e+00
2.031650e+03 8.694924e+00 1.476656e+00
2.034806e+03 8.695927e+00 1.516604e+00
2.037962e+03 8.696927e+00 1.555327e+00
2.041119e+03 8.697924e+00 1.592914e+00
2.044275e+03 8.698916e+00 1.629447e+00
2.047431e+03 8.699906e+00 1.664994e+00
2.050588e+03 8.700892e+00 1.699620e+00
2.053744e+03 8.701875e+00 1.733380e+00
2.056900e+03 8.702854e+00 1.766325e+00
2.060056e+03 8.703830e+00 1.798500e+00
2.063213e+03 8.704802e+00 1.829948e+00
2.066369e+03 8.705771e+00 1.860706e+00
2.069525e+03 8.706737e+00 1.890808e+00
2.072682e+03 8.707700e+00 1.920287e+00
2.075838e+03 8.708659e+00 1.949171e+00
