0.000000000000000000e+00 -3.241576814814814078e+00 6.845999999999999308e-02
8.003999999999999559e+00 -3.623076814814814028e+00 6.364000000000000212e-02
1.600799999999999912e+01 -4.254066814814813746e+00 5.906999999999999751e-02
2.401201000000000008e+01 -3.965476814814813622e+00 5.945000000000000284e-02
3.201601000000000141e+01 -4.190716814814813951e+00 5.732999999999999902e-02
4.002000999999999920e+01 -4.168546814814813928e+00 5.804000000000000131e-02
4.802400999999999698e+01 -3.698206814814813725e+00 6.342000000000000415e-02
5.602801000000000187e+01 -3.877126814814813471e+00 6.099000000000000254e-02
6.403202000000000282e+01 -4.616126814814814239e+00 5.387999999999999734e-02
7.203601999999999350e+01 -4.647446814814814253e+00 5.349000000000000282e-02
8.004001999999999839e+01 -4.486476814814813530e+00 5.457000000000000045e-02
9.604801999999999396e+01 -4.113016814814813848e+00 5.861000000000000237e-02
1.040520300000000020e+02 -3.886746814814813433e+00 6.115999999999999909e-02
1.120560300000000069e+02 -3.701356814814813490e+00 6.421000000000000318e-02
1.280640300000000025e+02 -3.149816814814814236e+00 6.825000000000000511e-02
1.360680299999999932e+02 -2.389896814814814086e+00 7.699000000000000288e-02
1.440720399999999870e+02 -3.013916814814813883e+00 6.990000000000000380e-02
1.520760400000000061e+02 -2.674796814814813573e+00 7.578000000000000014e-02
1.600800399999999968e+02 -1.039816814814813029e+00 8.858000000000000596e-02
1.680840399999999875e+02 -2.953268148148140426e-01 9.678000000000000491e-02
1.760880400000000066e+02 5.256318518518554583e-02 1.001500000000000029e-01
3.601800900000000070e+02 1.867463185185185282e+00 1.187700000000000006e-01
3.681840900000000261e+02 5.269431851851855697e-01 1.042399999999999993e-01
3.761880899999999883e+02 2.627131851851860489e-01 1.017099999999999949e-01
3.841920999999999822e+02 3.616531851851867430e-01 1.044100000000000028e-01
3.921961000000000013e+02 5.540431851851863598e-01 1.061700000000000005e-01
4.002001000000000204e+02 -6.912668148148135572e-01 9.306000000000000383e-02
4.082040999999999826e+02 -6.143368148148145025e-01 9.361999999999999489e-02
4.162081000000000017e+02 -4.612168148148132474e-01 9.486999999999999600e-02
4.242121099999999956e+02 1.045453185185186484e+00 1.090600000000000042e-01
4.322161100000000147e+02 7.952131851851866884e-01 1.064500000000000030e-01
4.402201099999999769e+02 1.287883185185185297e+00 1.142200000000000021e-01
4.482241099999999960e+02 1.765223185185186949e+00 1.173499999999999960e-01
4.562281100000000151e+02 1.660043185185186232e+00 1.156599999999999989e-01
4.642321200000000090e+02 3.373231851851858920e-01 1.043800000000000006e-01
4.722361200000000281e+02 6.532931851851859761e-01 1.051200000000000051e-01
4.802401199999999903e+02 2.597318518518676456e-02 1.008799999999999975e-01
4.882441200000000094e+02 4.112731851851858522e-01 1.041099999999999942e-01
4.962481199999999717e+02 1.711923185185186824e+00 1.183099999999999985e-01
5.042521300000000224e+02 1.680743185185185951e+00 1.181500000000000050e-01
5.122561299999999846e+02 1.165103185185186518e+00 1.120700000000000029e-01
5.202601300000000037e+02 1.373653185185185421e+00 1.127299999999999969e-01
5.282641300000000228e+02 7.923131851851863416e-01 1.075900000000000051e-01
5.362681300000000419e+02 4.535731851851867447e-01 1.023799999999999988e-01
7.203601800000000139e+02 2.491173185185186156e+00 1.261400000000000021e-01
7.283641800000000330e+02 2.606163185185186748e+00 1.264000000000000123e-01
7.363681800000000521e+02 2.884793185185186459e+00 1.275699999999999890e-01
7.443721900000000460e+02 1.928473185185186622e+00 1.215600000000000014e-01
7.523761899999999514e+02 2.622863185185186907e+00 1.258100000000000052e-01
7.603801899999999705e+02 2.732793185185185436e+00 1.258499999999999897e-01
7.683841899999999896e+02 2.494043185185185862e+00 1.261099999999999999e-01
7.763881900000000087e+02 3.001353185185186234e+00 1.279800000000000104e-01
7.843922000000000025e+02 3.265983185185186599e+00 1.313199999999999923e-01
7.923962000000000216e+02 3.219163185185186293e+00 1.332000000000000128e-01
8.004002000000000407e+02 3.896493185185185837e+00 1.396199999999999941e-01
8.084041999999999462e+02 3.902483185185186443e+00 1.382899999999999963e-01
8.164081999999999653e+02 3.646843185185186798e+00 1.359899999999999998e-01
8.244122099999999591e+02 4.170233185185185931e+00 1.428699999999999970e-01
8.324162099999999782e+02 3.822943185185186721e+00 1.381900000000000073e-01
8.404202099999999973e+02 2.777593185185185831e+00 1.268900000000000028e-01
8.484242100000000164e+02 9.826431851851857857e-01 1.097800000000000026e-01
8.564282100000000355e+02 7.892031851851868396e-01 1.076899999999999941e-01
8.644322200000000294e+02 4.673631851851869357e-01 1.051499999999999935e-01
8.724362200000000485e+02 1.628763185185185591e+00 1.154499999999999971e-01
8.804402199999999539e+02 9.278531851851870016e-01 1.113100000000000062e-01
8.884442199999999730e+02 8.855131851851858471e-01 1.108200000000000018e-01
8.964482199999999921e+02 9.573331851851865082e-01 1.096199999999999952e-01
1.080540269999999964e+03 1.084583185185186593e+00 1.118600000000000011e-01
1.088544270000000097e+03 1.992223185185185486e+00 1.181999999999999995e-01
1.096548270000000002e+03 2.567703185185186143e+00 1.256299999999999917e-01
1.104552280000000110e+03 1.684143185185186908e+00 1.183099999999999985e-01
1.112556280000000015e+03 2.056623185185186387e+00 1.223100000000000021e-01
1.120560279999999921e+03 1.718443185185186906e+00 1.152999999999999997e-01
1.128564280000000053e+03 2.194133185185185297e+00 1.238800000000000040e-01
1.136568279999999959e+03 2.488413185185185839e+00 1.254800000000000082e-01
1.144572290000000066e+03 3.446503185185186169e+00 1.359200000000000130e-01
1.152576289999999972e+03 3.248183185185185451e+00 1.325800000000000034e-01
1.160580290000000105e+03 2.673163185185186919e+00 1.277300000000000102e-01
1.168584290000000010e+03 2.652083185185185599e+00 1.248999999999999971e-01
1.176588289999999915e+03 3.046743185185185609e+00 1.297599999999999865e-01
1.184592300000000023e+03 4.242303185185186010e+00 1.425400000000000000e-01
1.192596299999999928e+03 3.620633185185186065e+00 1.377500000000000113e-01
1.200600300000000061e+03 3.332873185185185605e+00 1.320600000000000107e-01
1.208604299999999967e+03 2.640313185185185318e+00 1.266500000000000126e-01
1.216608300000000099e+03 1.651983185185185832e+00 1.165000000000000063e-01
1.224612309999999979e+03 1.572183185185185295e+00 1.163799999999999973e-01
1.232616310000000112e+03 1.231683185185186602e+00 1.127200000000000008e-01
1.240620310000000018e+03 9.755831851851866077e-01 1.092599999999999960e-01
1.248624309999999923e+03 9.000631851851856879e-01 1.094600000000000017e-01
1.256628310000000056e+03 9.292031851851856317e-01 1.090700000000000003e-01
1.440720360000000028e+03 -2.159681481481356968e-02 1.014100000000000001e-01
1.448724359999999933e+03 -3.195868148148139909e-01 9.816999999999999338e-02
1.456728360000000066e+03 1.129331851851862467e-01 1.009099999999999997e-01
1.464732369999999946e+03 -1.681668148148141029e-01 9.844999999999999585e-02
1.472736370000000079e+03 4.280831851851853997e-01 1.035599999999999993e-01
1.480740369999999984e+03 7.335731851851861052e-01 1.056799999999999962e-01
1.496748370000000023e+03 6.147318518518574137e-02 1.000500000000000000e-01
1.504752379999999903e+03 1.700318518518528776e-02 9.943000000000000449e-02
1.512756380000000036e+03 -7.137681481481372714e-02 9.909999999999999365e-02
1.520760379999999941e+03 -5.458568148148135180e-01 9.432999999999999718e-02
1.528764380000000074e+03 -1.043006814814813055e+00 8.992999999999999605e-02
1.536768379999999979e+03 -1.131326814814814341e+00 8.871999999999999331e-02
1.544772390000000087e+03 -9.033168148148131849e-01 8.966999999999999971e-02
1.552776389999999992e+03 -1.464546814814813303e+00 8.572000000000000453e-02
1.560780389999999898e+03 -2.351616814814813772e+00 7.839000000000000135e-02
1.568784390000000030e+03 -1.918216814814813986e+00 7.950000000000000122e-02
1.576788389999999936e+03 -2.435046814814813665e+00 7.555000000000000604e-02
1.584792400000000043e+03 -2.563796814814813807e+00 7.520000000000000295e-02
1.592796399999999949e+03 -1.361786814814813340e+00 8.591000000000000025e-02
1.600800400000000081e+03 -1.339476814814814176e+00 8.638999999999999457e-02
1.608804399999999987e+03 -9.840968148148139250e-01 8.999999999999999667e-02
1.616808399999999892e+03 -1.077626814814813372e+00 8.881000000000000005e-02
1.800900450000000092e+03 -2.430586814814813756e+00 7.509000000000000397e-02
1.808904449999999997e+03 -2.217276814814813868e+00 7.807000000000000051e-02
1.816908449999999903e+03 -1.495516814814813245e+00 8.636000000000000620e-02
1.824912460000000010e+03 -5.975768148148130621e-01 9.553999999999999992e-02
1.832916459999999915e+03 -6.876368148148142012e-01 9.266000000000000625e-02
1.840920460000000048e+03 -7.921168148148129973e-01 9.284000000000000585e-02
1.848924459999999954e+03 -1.416736814814813172e+00 8.809999999999999776e-02
1.856928460000000086e+03 -1.812166814814814231e+00 8.140999999999999626e-02
1.864932469999999967e+03 -1.036366814814813964e+00 9.006999999999999729e-02
1.872936470000000099e+03 -1.373456814814813853e+00 8.569000000000000228e-02
1.880940470000000005e+03 -1.762216814814813404e+00 8.233000000000000040e-02
1.888944469999999910e+03 -1.477916814814813407e+00 8.573999999999999677e-02
1.896948470000000043e+03 -1.967426814814814406e+00 7.910000000000000364e-02
1.904952479999999923e+03 -1.796066814814814450e+00 8.380999999999999561e-02
1.912956480000000056e+03 -1.834616814814813424e+00 8.330999999999999517e-02
1.920960479999999961e+03 -1.996806814814814146e+00 8.124000000000000665e-02
1.928964480000000094e+03 -2.201926814814814115e+00 7.940999999999999448e-02
1.936968480000000000e+03 -1.666046814814814425e+00 8.172000000000000097e-02
1.944972490000000107e+03 -2.325866814814814276e+00 7.757000000000000006e-02
1.952976490000000013e+03 -1.984146814814813808e+00 8.140000000000000013e-02
1.960980489999999918e+03 -1.701926814814813227e+00 8.312999999999999556e-02
1.968984490000000051e+03 -1.802426814814813483e+00 8.336000000000000354e-02
1.976988489999999956e+03 -1.311626814814813358e+00 8.641999999999999682e-02
