   -165.87530878
   -165.87530878
   -165.87530878
   -165.87530878
   -165.87530878
   -165.87530878
   -165.87530878
   -165.87530878
   -165.87530878
   -165.87530878
   -165.87530878
   -165.87530878
   -165.87530878
   -165.87530878
   -165.87530878
   -165.87530878
   -165.87530878
   -141.28471582
   -141.28471582
   -141.28471582
   -141.28471582
   -141.28471582
   -141.28471582
   -141.28471582
   -141.28471582
   -141.28471582
   -141.28471582
   -141.28471582
   -141.28471582
   -141.28471582
   -141.28471582
   -141.28471582
   -141.28471582
   -141.28471582
   -141.28471582
   -141.28471582
   -141.28471582
   -141.28471582
   -141.28471582
   -141.28471582
   -141.28471582
   -141.28471582
   -141.28471582
   -141.28471582
   -141.28471582
   -141.28471582
   -141.28471582
   -141.28471582
    -61.77420572
    -61.77420572
     60.68716561
     61.62236204
     61.62236204
     61.62236204
     61.62236204
     61.62236204
     61.62236204
     61.62236204
     61.62236204
     75.44253080
     75.44253080
     75.44253080
     75.44253080
     75.44253080
     75.44253080
     75.44253080
     75.44253080
     75.44253080
     75.44253080
     75.61907874
     75.61907874
     75.61907874
     75.61907874
     75.61907874
     85.29779328
     85.29779328
     85.29779328
     85.29779328
     85.29779328
     85.29779328
     85.29779328
     85.29779328
     85.29779328
     85.29779328
     85.29779328
     83.29751787
     83.29751787
     83.29751787
     83.29751787
     83.29751787
     83.29751787
     83.29751787
     83.29751787
     83.29751787
     83.29751787
     83.29751787
     83.29751787
     85.90185663
     85.90185663
     85.90185663
   -157.40017521
   -157.40017521
   -157.40017521
   -157.40017521
   -157.40017521
   -157.40017521
   -157.40017521
   -157.40017521
   -157.40017521
   -157.40017521
   -157.40017521
   -157.40017521
   -157.40017521
   -157.40017521
   -157.40017521
   -157.40017521
   -157.40017521
   -157.40017521
   -157.40017521
   -157.40017521
   -157.40017521
   -157.40017521
   -157.40017521
   -157.40017521
   -157.40017521
   -157.40017521
   -157.40017521
   -157.40017521
   -157.40017521
   -157.40017521
    -61.33106205
    -61.33106205
    -61.33106205
    -61.33106205
    -61.33106205
    -60.12119822
    -60.12119822
    -60.12119822
    -60.12119822
    -60.12119822
    -60.12119822
    -60.12119822
    -60.12119822
    -60.12119822
    -60.12119822
    -60.12119822
    -60.12119822
    -60.12119822
    -60.38932019
    -60.38932019
     79.18570606
     79.18570606
     79.18570606
     79.18570606
     79.18570606
     79.18570606
     79.18570606
     79.18570606
     85.75000226
     85.75000226
     85.75000226
     85.75000226
     93.68242503
     93.68242503
     93.68242503
     93.68242503
     93.68242503
     93.68242503
     95.31510625
     95.31510625
     95.31510625
     95.31510625
     95.31510625
     95.31510625
     95.31510625
     95.31510625
     95.31510625
     95.31510625
     95.31510625
     95.31510625
     93.52194014
     93.52194014
     93.52194014
     93.52194014
     93.52194014
     93.69042553
     93.69042553
     93.69042553
     93.64414285
     95.27994456
     93.37985359
     93.37985359
     93.37985359
     93.37985359
     93.37985359
     93.37985359
     93.37985359
     93.37985359
     93.37985359
     93.37985359
   -582.17834021
   -582.17834021
   -582.17834021
   -582.17834021
   -582.17834021
   -107.26554699
   -107.26554699
   -107.26554699
     69.06868014
     69.06868014
     69.06868014
     69.06868014
     69.08629346
     69.08629346
     78.64744100
     78.64744100
     78.64744100
     78.64744100
     78.64744100
     78.64744100
     78.64744100
     78.64744100
     78.64744100
     78.64744100
     78.64744100
     78.64744100
     78.64744100
     78.64744100
     78.64744100
     78.64744100
     78.64744100
     78.64744100
     78.64744100
     78.64744100
     78.64744100
     78.64744100
     78.64744100
     78.64744100
     78.64744100
     78.64744100
     90.83625457
     90.83625457
     95.26724670
     95.26724670
     95.26724670
     95.26724670
     95.26724670
     95.26724670
     95.26724670
     95.26724670
     54.99942160
     54.99942160
     54.99942160
     54.99942160
     54.99942160
     54.99942160
     54.99942160
     54.99942160
     54.99942160
     54.99942160
     54.99942160
     54.99942160
     54.99942160
     54.99942160
     54.99942160
     54.99942160
     62.90102464
     62.90102464
     62.90102464
     62.90102464
     62.90102464
     62.90102464
     62.90102464
     62.90102464
     62.90102464
     62.90102464
     62.90102464
     62.90102464
     62.90102464
     62.90102464
     62.90102464
     62.90102464
     62.90102464
     62.90102464
     62.90102464
     62.90102464
     62.90102464
     62.90102464
     62.90102464
     62.90102464
     62.90102464
     62.90102464
     62.90102464
     62.90102464
     62.90102464
     62.90102464
     62.90102464
     62.90102464
     62.90102464
     62.90102464
     84.52473559
     84.52473559
     84.52473559
     84.52473559
     84.52473559
     84.52473559
     84.52473559
     86.89859476
     86.89859476
     86.89859476
     86.89859476
     86.89859476
     86.89859476
     86.89859476
     86.89859476
     86.89859476
     86.89859476
     86.89859476
     86.89859476
     86.89859476
     85.93765922
     89.58077277
     89.58077277
     89.58077277
     89.58077277
     89.58077277
     89.74126087
     89.74126087
     89.74126087
     89.74126087
     89.74126087
     89.74126087
     89.74126087
     89.74126087
     89.74126087
     89.74126087
     89.74126087
     89.74126087
     89.74126087
     96.59001643
     96.59001643
     97.13298253
     96.96617441
     96.96617441
     96.96617441
     97.85144020
     97.85144020
     97.85144020
     97.85144020
     97.79831698
    -19.44762575
    -19.44762575
    -19.44762575
    -19.44762575
    -19.44762575
    -19.44762575
    -19.44762575
    -19.44762575
    -19.44762575
    -19.44762575
    -19.44762575
    -19.44762575
    -19.44762575
    -19.44762575
    -19.44762575
    -19.44762575
    -19.44762575
    -19.44762575
    -19.44762575
    -19.44762575
    -19.44762575
    -19.44762575
    -19.44762575
    -19.44762575
    -19.44762575
    -19.44762575
    -19.44762575
    -19.44762575
    -19.44762575
    -19.44762575
    -19.44762575
    -19.44762575
    -19.44762575
    -19.44762575
    -19.44762575
    -19.44762575
    -19.44762575
    -19.44762575
    -19.44762575
    -19.44762575
    -19.44762575
    -19.44762575
    -19.44762575
    -19.44762575
    -19.44762575
    -19.44762575
    -19.44762575
    -19.44762575
    -19.44762575
    -19.44762575
    -97.64074427
    -97.64074427
    -97.64074427
    -76.06904889
    -76.06904889
    -76.06904889
    -76.06904889
    -63.25195462
    -63.25195462
    -63.25195462
    -63.25195462
    -63.25195462
    -63.25195462
    -63.25195462
    -63.25195462
    -56.38247407
    -56.38247407
    -56.38247407
    -56.38247407
    -56.38247407
    -56.38247407
    -56.38247407
    -56.38247407
    -56.38247407
    -56.38247407
    -59.72249051
    -59.72249051
    -59.72249051
    -59.72249051
    -59.72249051
    -57.13128924
    -57.13128924
    -57.13128924
    -57.13128924
    -57.13128924
    -57.13128924
    -57.13128924
    -57.13128924
    -57.13128924
    -57.13128924
    -57.13128924
    -57.13128924
    -57.13128924
    -57.13128924
    -57.13128924
    -57.13128924
    -57.13128924
    -57.13128924
    -57.13128924
    -57.13128924
   -450.00326433
   -450.00326433
   -450.00326433
   -450.00326433
   -450.00326433
   -379.92258174
   -379.92258174
   -379.92258174
   -137.58684403
   -137.58684403
   -137.58684403
   -137.58684403
   -137.58684403
   -137.58684403
   -137.58684403
   -137.58684403
   -137.58684403
   -137.58684403
   -137.58684403
   -137.58684403
   -137.58684403
   -137.58684403
   -137.58684403
   -137.58684403
   -137.58684403
    -42.91728785
     51.86950030
     51.86950030
     51.86950030
     51.86950030
     51.86950030
     51.86950030
     51.86950030
     51.86950030
     51.86950030
     51.86950030
     51.86950030
     76.05104467
     76.05104467
     76.05104467
     76.05104467
     76.05104467
     76.05104467
     76.05104467
     76.05104467
     76.05104467
     75.84803537
     75.84803537
     75.84803537
     82.59896586
     95.49446977
    100.24191255
    100.24191255
    100.24191255
    100.24191255
    100.24191255
    100.24191255
    100.24191255
    100.24191255
    100.24191255
    100.24191255
    100.24191255
    100.24191255
    100.49190522
    100.49190522
    100.49190522
    100.45687022
    100.45687022
    100.45687022
    100.45687022
    100.45687022
    100.45687022
    100.45687022
    100.45687022
    100.45687022
    100.45687022
    100.45687022
    100.45687022
    100.45687022
    100.45687022
    100.45687022
    100.45687022
    100.45687022
    100.45687022
    100.45687022
    101.15345284
    101.15345284
    101.15345284
    101.15345284
    101.15345284
    101.15345284
    101.15345284
    100.62956794
    100.62956794
    100.62956794
    100.62956794
    100.62956794
     98.66763371
     98.66763371
     98.66763371
    100.97067729
    100.97067729
    102.07642070
    100.93978122
    100.93978122
    100.93978122
    100.93978122
    100.93978122
    100.93978122
    100.93978122
    100.93978122
    100.93978122
    100.93978122
    100.93978122
    101.78585906
    101.78585906
    101.78585906
    101.78585906
    101.78585906
    101.78585906
    101.78585906
    101.78585906
    101.78585906
    101.78585906
    101.78585906
    101.78585906
    101.78585906
     99.64106609
     99.64106609
     99.64106609
     98.20685326
     98.20685326
     98.20685326
     98.20685326
     98.20685326
     98.20685326
     98.20685326
     98.20685326
     98.20685326
     98.20685326
     98.20685326
     98.20685326
     98.20685326
     98.20685326
     98.20685326
     98.20685326
     98.20685326
     98.20685326
     98.20685326
    101.72826020
     83.51607702
    100.32392876
    100.32392876
    100.32392876
    100.32392876
    100.32392876
    100.32392876
    100.32392876
    100.32392876
    103.28884961
    103.28884961
    102.75542276
    102.75542276
     99.08279316
    102.37436891
    102.37436891
    102.37436891
    102.37436891
    102.37436891
    102.37436891
    102.37436891
    102.37436891
    102.37436891
    102.65361171
    102.65361171
    102.65361171
    102.65361171
    102.65361171
    102.65361171
    103.18471615
    103.18471615
    103.18471615
    103.18471615
    103.18471615
    103.18471615
    102.47173971
    102.47173971
    102.47173971
    102.47173971
    102.47173971
    102.47173971
    102.47173971
    102.47173971
    102.47173971
    102.47173971
    102.47173971
    102.47173971
    102.47173971
    102.51695548
    102.51695548
    -33.39631496
    -33.39631496
    -33.39631496
    -33.39631496
    -33.39631496
    -33.39631496
    -33.39631496
    -33.39631496
    -33.39631496
    -33.39631496
    -33.39631496
    -33.39631496
    -33.39631496
    -33.39631496
    -33.39631496
    -33.39631496
    -33.39631496
    -33.39631496
    -33.39631496
    -33.39631496
    -33.39631496
    -33.39631496
    -33.39631496
    -33.39631496
    -33.39631496
    -33.39631496
    -33.39631496
    -33.39631496
    -33.39631496
    -33.39631496
    -33.39631496
    -33.39631496
    -33.39631496
    -33.39631496
    -33.39631496
    -33.39631496
    -33.39631496
    -33.39631496
    -33.39631496
    -33.39631496
    -33.39631496
    -33.39631496
    -33.39631496
    -33.39631496
    -33.39631496
    -33.39631496
    -33.39631496
    -33.39631496
    -33.39631496
    -33.39631496
   -224.41319174
   -224.41319174
   -224.41319174
   -224.41319174
   -224.41319174
    -86.59500350
    -86.59500350
    -86.59500350
    -86.59500350
    -86.59500350
    -86.59500350
    -86.59500350
    -86.59500350
    -86.59500350
    -86.59500350
    -86.59500350
    -86.59500350
    -86.59500350
    -86.59500350
    -86.59500350
    -86.59500350
    -86.59500350
    -86.59500350
    -86.59500350
    -86.59500350
    -86.59500350
    -86.59500350
    -86.59500350
    -86.59500350
    -86.59500350
    -86.59500350
    -86.59500350
    -86.59500350
    -86.59500350
    -86.59500350
    -86.59500350
    -86.59500350
    -86.59500350
    -86.59500350
    -86.59500350
    -86.59500350
    -86.59500350
    -86.59500350
    -86.59500350
    -86.59500350
    -86.59500350
    -86.59500350
    -86.59500350
    -86.59500350
    -86.59500350
    -70.66516206
    -70.66516206
    -70.66516206
    -70.66516206
    -70.66516206
    -70.66516206
    -34.85292598
    -34.85292598
    -34.85292598
    -34.85292598
    -34.85292598
    -34.85292598
    -34.85292598
    -34.85292598
    -34.85292598
    -34.85292598
    -34.85292598
    -34.85292598
    -34.85292598
    -34.85292598
    -34.85292598
    -34.85292598
    -34.85292598
    -34.85292598
    -34.85292598
    -34.85292598
    -34.85292598
    -32.31519666
    -32.31519666
    -32.31519666
    -32.31519666
    -32.31519666
    -32.31519666
    -32.31519666
    -32.31519666
    -32.31519666
    -32.31519666
    -32.31519666
    -32.31519666
    -32.31519666
    -32.31519666
    -32.31519666
    -32.31519666
    -32.31519666
    -32.31519666
    -32.31519666
    -32.31519666
    -32.31519666
    -32.31519666
    -32.31519666
    -62.50828736
    -62.50828736
    -62.50828736
    -58.14287767
    -58.14287767
    -58.14287767
    -58.14287767
    -58.14287767
    -58.14287767
    -58.14287767
    -58.14287767
    -58.14287767
    -58.14287767
    -58.14287767
    -58.14287767
    -58.14287767
    -58.14287767
    -58.14287767
    -58.14287767
    -58.14287767
    -58.14287767
    -58.14287767
    -58.14287767
    -58.14287767
    -57.95778214
    -57.95778214
    -57.95778214
     43.16333132
     43.16333132
     43.16333132
     43.16333132
     57.09528196
     70.86200580
     83.05473842
     83.05473842
     83.05473842
     83.05473842
     83.05473842
     83.05473842
     83.05473842
     83.05473842
     83.05473842
     83.05473842
     84.11164624
     84.11164624
     84.11164624
     84.11164624
     84.11164624
     84.11164624
     84.11164624
     88.71741851
     88.71741851
     88.71741851
     88.71741851
     88.71741851
     88.71741851
     88.71741851
     88.71741851
     88.71741851
     88.71741851
     88.71741851
     88.71741851
     88.71741851
     88.71741851
     88.71741851
     88.71741851
     93.03131251
     93.03131251
     93.03131251
     95.21082114
     95.21082114
     95.21082114
     95.21082114
     95.21082114
     95.21082114
     95.21082114
     95.21082114
     95.21082114
     95.21082114
     95.18796036
     95.18796036
     95.18796036
     95.18796036
     95.18796036
     95.18796036
     93.75554548
     93.75554548
     93.75554548
     93.75554548
     93.49663610
     93.49663610
     93.49663610
     94.72001140
     94.72001140
     94.72001140
     94.72001140
     94.72001140
     94.72001140
     94.72001140
     94.72001140
     34.54725810
     34.54725810
     34.54725810
     34.54725810
     34.54725810
     34.54725810
     34.54725810
     34.54725810
     34.54725810
     34.54725810
     34.54725810
     34.54725810
     34.54725810
     34.54725810
     34.54725810
     34.54725810
     34.54725810
     34.54725810
     34.54725810
     34.54725810
     44.31476298
     44.31476298
     44.31476298
     44.31476298
     44.31476298
     44.31476298
     44.31476298
     44.31476298
     44.31476298
     44.31476298
     44.31476298
     44.31476298
     44.31476298
     44.31476298
     44.31476298
     44.31476298
     44.31476298
     44.31476298
     44.31476298
     44.31476298
     56.58864189
     56.58864189
     56.58864189
     56.58864189
     56.58864189
     56.58864189
     56.58864189
     60.47674334
     60.47674334
     60.47674334
   -141.81968534
   -141.81968534
   -141.81968534
   -141.81968534
   -141.81968534
   -141.81968534
   -141.81968534
   -141.81968534
   -141.81968534
   -141.81968534
   -141.81968534
   -141.81968534
   -141.81968534
   -141.81968534
   -141.81968534
   -141.81968534
   -141.81968534
   -141.81968534
    -49.61684104
    -49.61684104
    -49.61684104
    -49.61684104
    -49.61684104
    -49.61684104
    -49.61684104
    -49.61684104
    -49.61684104
    -49.61684104
    -49.61684104
    -49.61684104
    -49.61684104
    -49.61684104
    -49.61684104
    -49.61684104
    -49.61684104
    -49.61684104
    -48.44371670
    -48.44371670
    -48.44371670
    -48.44371670
    -48.44371670
    -48.44371670
    -48.44371670
    -48.44371670
    -48.44371670
    -48.44371670
    -48.44371670
    -48.44371670
    -48.44371670
    -48.44371670
   -100.72237192
   -100.72237192
   -100.72237192
   -100.72237192
   -100.72237192
   -100.72237192
   -100.72237192
    -87.24995729
    -87.24995729
    -87.24995729
    -87.24995729
    -87.24995729
    -87.24995729
    -87.24995729
    -87.24995729
    -87.24995729
    -87.24995729
    -72.76180867
    -72.76180867
    -72.76180867
    -72.76180867
    -72.76180867
    -67.07924250
    -67.07924250
    -67.07924250
    -67.07924250
    -67.07924250
    -67.07924250
    -67.07924250
    -67.07924250
    -67.07924250
    -67.07924250
    -67.07924250
    -67.07924250
    -67.07924250
    -67.07924250
    -67.07924250
    -67.07924250
    -67.07924250
    -67.07924250
    -67.07924250
    -67.07924250
    -67.07924250
    -67.07924250
    -67.07924250
    -67.07924250
    -67.07924250
    -67.07924250
    -67.07924250
    -67.07924250
    101.37988502
    101.37988502
    101.37988502
    101.37988502
    101.37988502
    101.37988502
    101.37988502
    101.37988502
    101.37988502
    101.37988502
    101.37988502
    102.44878444
    102.44878444
    102.44878444
    102.44878444
    102.44878444
    102.44878444
    102.44878444
    102.44878444
    102.44878444
    102.44878444
    102.44878444
    102.44878444
    102.44878444
    102.44878444
    102.44878444
    102.44878444
    102.44878444
    100.91632703
    100.91632703
    100.91632703
    100.91632703
    100.91632703
    100.91632703
    100.91632703
    100.91632703
    100.91632703
    101.11145812
    101.11145812
    101.11145812
    103.07923642
    103.07923642
    103.07923642
    103.07923642
    103.07923642
    103.07923642
    103.07923642
    103.07923642
    103.07923642
    103.07923642
      4.76681757
      4.76681757
      4.76681757
      4.76681757
      4.76681757
      4.76681757
      4.76681757
      4.76681757
      4.76681757
      4.76681757
      4.76681757
      4.76681757
      4.76681757
      4.76681757
      4.76681757
      4.76681757
      4.76681757
      4.76681757
      4.76681757
      4.76681757
      4.76681757
      4.76681757
      4.76681757
      4.76681757
      4.76681757
      4.76681757
      4.76681757
      4.76681757
      4.76681757
      4.76681757
      4.76681757
      4.76681757
      4.76681757
      4.76681757
      4.76681757
      4.76681757
      4.76681757
      4.76681757
      4.76681757
      4.76681757
      4.76681757
      4.76681757
      4.76681757
      4.76681757
      4.76681757
      4.76681757
      4.76681757
      4.76681757
      4.76681757
      4.76681757
     94.12782676
     94.12782676
     94.12782676
     94.12782676
     94.12782676
     94.12782676
     94.12782676
     94.12782676
     94.12782676
     94.12782676
     94.12782676
     94.12782676
     94.12782676
     94.12782676
     94.12782676
     94.12782676
     94.12782676
     95.06606167
     95.06606167
     95.06606167
     95.06606167
     95.06606167
     95.06606167
     95.06606167
     95.09560266
     95.09560266
     95.09560266
     95.09560266
     95.09560266
     95.09560266
     95.09560266
     95.09560266
     95.09560266
     95.09560266
     95.09560266
     95.09560266
     95.09560266
     95.09560266
     95.09560266
     95.09560266
     95.44788397
     95.44788397
     95.44788397
     95.44788397
     95.44788397
     95.44788397
     95.44788397
     95.19087738
     95.19087738
     95.19087738
   -488.33697107
   -488.33697107
   -488.33697107
   -488.33697107
   -488.33697107
   -488.33697107
   -488.33697107
   -488.33697107
   -488.33697107
   -488.33697107
   -488.33697107
   -488.33697107
   -488.33697107
   -488.33697107
   -488.33697107
   -488.33697107
   -488.33697107
   -488.33697107
   -488.33697107
   -488.33697107
   -488.33697107
   -488.33697107
   -488.33697107
   -488.33697107
   -488.33697107
   -488.33697107
   -488.33697107
   -488.33697107
   -488.33697107
   -488.33697107
   -488.33697107
   -488.33697107
   -488.33697107
   -488.33697107
   -488.33697107
   -488.33697107
   -488.33697107
   -488.33697107
   -488.33697107
   -488.33697107
   -488.33697107
   -488.33697107
   -488.33697107
   -488.33697107
   -488.33697107
   -408.66018057
   -408.66018057
   -408.66018057
   -349.47225721
   -349.47225721
    -48.95033672
    -48.95033672
    -48.95033672
    -48.95033672
    -48.95033672
    -48.95033672
    -48.95033672
    -48.95033672
    -48.95033672
    -48.95033672
    -48.95033672
    -48.95033672
    -48.95033672
    -48.95033672
    -48.95033672
    -48.95033672
    -48.95033672
    -48.95033672
    -48.95033672
    -48.95033672
    -48.95033672
    -48.95033672
    -48.95033672
    -48.95033672
    -48.95033672
    -48.95033672
    -48.95033672
    -48.95033672
    -48.95033672
    -48.95033672
    -48.95033672
    -48.95033672
    -48.95033672
    -48.95033672
    -48.95033672
    -48.95033672
    -48.95033672
    -48.95033672
    -48.95033672
    -48.95033672
    -48.95033672
    -48.95033672
    -48.95033672
    -48.95033672
    -48.95033672
    -48.95033672
    -48.95033672
    -48.95033672
    -48.95033672
    -48.95033672
     81.24174296
     81.24174296
     95.38241283
     95.38241283
     95.42204796
     95.42204796
     95.42204796
     95.42204796
     95.42204796
     95.42204796
     95.42204796
     95.42204796
     95.42204796
     95.49168597
     95.49168597
     95.49168597
     97.16673611
     97.16673611
     97.16673611
     97.16673611
     97.16673611
     97.16673611
     97.16673611
     97.12037254
     97.12037254
     97.12037254
     97.12037254
     97.12037254
     97.12037254
     97.12037254
     97.12037254
     97.12037254
     99.10510520
     99.10510520
     99.10510520
     99.10510520
    101.90300262
    101.90300262
    101.90300262
    101.90300262
    101.90300262
    101.90300262
    101.90300262
    101.90300262
    101.90300262
    101.90300262
    101.66608230
    101.30242281
    101.30242281
    101.30242281
     14.94719112
     14.94719112
     14.94719112
     14.94719112
     14.94719112
     14.94719112
     14.94719112
     14.94719112
     14.94719112
     14.94719112
     14.94719112
     14.94719112
     14.94719112
     14.94719112
     14.94719112
     14.94719112
     14.94719112
     14.94719112
     14.94719112
     14.94719112
     14.94719112
     14.94719112
     14.94719112
     14.94719112
     14.94719112
     14.94719112
     14.94719112
     14.94719112
     14.94719112
     14.94719112
     14.94719112
     14.94719112
     14.94719112
     14.94719112
     14.94719112
     14.94719112
     14.94719112
     14.94719112
     14.94719112
     14.94719112
     14.94719112
     14.94719112
     14.94719112
     14.94719112
     14.94719112
     14.94719112
     14.94719112
     14.94719112
     14.94719112
     14.94719112
     72.31044924
     72.31044924
     72.31044924
     72.31044924
     72.31044924
     72.31044924
     72.31044924
     72.31044924
     72.31044924
     72.31044924
     72.31044924
     72.31044924
     72.31044924
     72.31044924
     82.68547235
     82.68547235
     82.68547235
     82.68547235
     82.68547235
     82.68547235
     82.68547235
     82.68547235
     82.68547235
     82.68547235
     82.68547235
     82.68547235
     82.68547235
     82.68547235
     82.68547235
     82.68547235
     82.68547235
     82.68547235
     81.73108217
     81.73108217
     81.73108217
     86.98371301
     86.98371301
     86.28066156
     86.28066156
     86.28066156
     86.28066156
     86.28066156
     86.28066156
     86.28066156
     86.07025922
     86.07025922
     86.07025922
     86.07025922
     86.07025922
     86.07025922
    -33.43418445
    -33.43418445
    -33.43418445
    -33.43418445
    -33.43418445
    -33.43418445
    -33.43418445
    -33.43418445
    -33.43418445
    -33.43418445
    -33.43418445
    -33.43418445
    -33.43418445
    -33.43418445
    -33.43418445
    -33.43418445
    -33.43418445
    -33.43418445
    -32.41101976
    -32.41101976
    -32.41101976
    -32.41101976
    -32.41101976
    -32.41101976
    -32.41101976
    -32.41101976
    -32.41101976
    -32.41101976
    -32.41101976
    -32.41101976
    -32.41101976
    -32.41101976
    -32.41101976
    -32.41101976
    -32.41101976
    -32.41101976
    -32.41101976
    -32.41101976
    -32.41101976
    -32.41101976
    -32.41101976
    -32.41101976
    -32.41101976
    -32.41101976
    -32.41101976
    -32.41101976
    -32.41101976
    -32.41101976
    -32.41101976
    -32.41101976
   -128.00226429
   -128.00226429
   -128.00226429
   -128.00226429
   -128.00226429
   -128.00226429
   -128.00226429
   -128.00226429
   -128.00226429
   -128.00226429
   -128.00226429
   -108.37436179
   -108.37436179
   -108.37436179
   -108.37436179
   -108.37436179
   -108.37436179
   -108.37436179
   -108.37436179
   -108.37436179
   -108.37436179
   -108.37436179
   -108.37436179
   -108.37436179
   -108.37436179
   -108.37436179
   -108.37436179
   -108.37436179
   -108.37436179
   -108.37436179
   -108.37436179
   -108.37436179
   -108.37436179
   -108.37436179
   -108.37436179
   -108.37436179
   -108.37436179
   -108.37436179
   -108.37436179
   -108.37436179
   -108.37436179
   -108.37436179
   -108.37436179
   -108.37436179
   -108.37436179
   -108.37436179
   -108.37436179
   -108.37436179
   -108.37436179
   -108.37436179
   -404.46249915
   -404.46249915
   -355.83708423
   -355.83708423
   -355.83708423
   -355.83708423
   -355.83708423
   -355.83708423
   -355.83708423
   -351.46502346
   -351.46502346
   -351.46502346
   -351.46502346
   -343.44048474
   -343.44048474
   -343.44048474
   -343.44048474
   -343.44048474
   -343.44048474
   -116.48456466
   -116.48456466
   -116.48456466
   -116.48456466
    -61.50948865
     47.35653808
     47.35653808
     47.35653808
     68.12479886
     68.12479886
     68.12479886
     68.12479886
     68.12479886
     78.78351178
     78.78351178
     78.78351178
     78.78351178
     78.78351178
     78.78351178
     78.78351178
     78.78351178
     78.78351178
     78.78351178
     78.78351178
     78.78351178
     78.78351178
     78.78351178
     78.78351178
     78.78351178
     78.78351178
     78.78351178
     32.83567179
     32.83567179
     32.83567179
     33.03099799
     32.81948392
     32.81948392
     32.81948392
     32.81948392
     32.81948392
     32.81948392
     32.81948392
     32.81948392
     32.81948392
     32.81948392
     32.81948392
     32.81948392
     32.81948392
     32.81948392
     32.81948392
     32.81948392
     32.81948392
     32.81948392
     32.81948392
     32.81948392
     32.81948392
     32.81948392
     32.81948392
     32.81948392
     32.81948392
     32.81948392
     30.68688677
     30.68688677
     30.68688677
     30.68688677
     30.68688677
     30.68688677
     30.68688677
     30.68688677
     30.68688677
     30.68688677
     30.68688677
     30.68688677
     30.68688677
     30.68688677
     30.68688677
     30.68688677
     30.68688677
     30.68688677
     30.68688677
     30.68688677
    -40.05658925
    -40.05658925
    -40.05658925
    -40.05658925
    -40.05658925
    -40.05658925
    -40.05658925
    -40.05658925
    -40.05658925
    -40.05658925
    -40.05658925
    -40.05658925
    -40.05658925
    -40.05658925
    -40.05658925
    -39.46916322
    -39.46916322
    -39.46916322
    -39.46916322
    -39.46916322
    -39.46916322
    -39.46916322
    -36.99555266
    -36.99555266
    -36.99555266
    -36.99555266
    -36.99555266
    -36.99555266
    -36.99555266
    -36.99555266
    -36.99555266
    -36.99555266
    -36.99555266
    -16.82990891
    -16.82990891
    -16.82990891
    -16.82990891
    -16.82990891
    -16.82990891
    -16.82990891
    -16.82990891
    -16.82990891
    -16.82990891
    -16.82990891
    -16.82990891
    -16.82990891
    -16.82990891
    -16.82990891
    -16.82990891
    -16.82990891
     95.61449039
     95.61449039
     95.61449039
     95.61449039
     95.61449039
     95.61449039
     95.61449039
     95.61449039
     95.61449039
     95.61449039
     95.61449039
     95.61449039
     95.61449039
     95.61449039
     94.38945018
     94.38945018
     94.38945018
     94.38945018
     94.38945018
     94.38945018
     94.38945018
     94.38945018
     94.38945018
     94.38945018
     94.38945018
     94.38945018
     94.38945018
     94.38945018
     94.38945018
     94.38945018
     93.13233154
     93.13233154
     93.13233154
     93.13233154
     93.13233154
     93.13233154
     93.13233154
     94.08451406
     93.55094488
     93.55094488
     95.19050766
     95.19050766
     94.82170516
     95.00140043
     95.00140043
     95.00140043
     95.00140043
     95.00140043
     95.00140043
     95.00140043
   -168.75158426
   -168.75158426
   -168.75158426
   -168.75158426
   -168.75158426
   -168.75158426
    -38.72461195
    -38.72461195
    -38.72461195
    -38.72461195
    -38.72461195
    -38.72461195
    -38.72461195
    -23.32641570
    -23.32641570
    -23.32641570
    -23.32641570
    -23.32641570
    -23.32641570
    -23.32641570
    -23.32641570
    -23.32641570
    -23.32641570
    -23.32641570
    -23.32641570
    -23.32641570
    -23.32641570
    -23.32641570
    -23.32641570
    -23.32641570
    -23.32641570
    -23.32641570
    -23.32641570
    -23.32641570
    -23.32641570
    -23.32641570
    -23.32641570
    -23.32641570
    -23.32641570
    -23.32641570
    -23.32641570
    -23.32641570
    -23.32641570
    -23.32641570
    -23.32641570
    -23.32641570
    -23.32641570
    -23.32641570
    -23.32641570
    -23.32641570
     57.39106525
     57.39106525
     57.39106525
     57.39106525
     57.39106525
     57.39106525
     57.39106525
     57.39106525
     57.39106525
     57.39106525
     57.39106525
     57.39106525
     57.39106525
     57.39106525
     57.39106525
     52.36106230
     52.36106230
     52.36106230
     52.36106230
     52.36106230
     52.36106230
     52.36106230
     52.36106230
     52.36106230
     52.36106230
     52.36106230
     52.36106230
     52.36106230
     52.36106230
     52.36106230
     52.36106230
     52.36106230
     52.36106230
     67.73470389
     67.73470389
     67.73470389
     67.73470389
     67.73470389
     67.73470389
     67.73470389
     67.73470389
     67.73470389
     67.73470389
     67.73470389
     67.73470389
     67.73470389
     67.73470389
     67.73470389
     67.73470389
     67.73470389
    -94.37883954
    -94.37883954
    -94.37883954
    -78.11534182
    -78.11534182
    -78.11534182
    -78.11534182
    -78.11534182
    -78.11534182
    -78.11534182
    -78.11534182
    -78.11534182
    -78.11534182
    -78.11534182
    -78.11534182
    -78.11534182
    -78.11534182
    -78.11534182
    -57.51900765
    -57.51900765
    -57.51900765
    -57.51900765
    -57.51900765
    -57.51900765
    -57.51900765
    -57.51900765
    -57.51900765
    -57.51900765
    -57.51900765
    -57.51900765
    -57.51900765
    -57.51900765
    -57.51900765
    -57.51900765
    -57.51900765
    -57.51900765
    -57.51900765
    -57.51900765
    -57.51900765
    -57.51900765
    -57.51900765
    -57.51900765
    -57.51900765
    -57.51900765
    -57.51900765
    -57.51900765
    -57.51900765
    -57.51900765
    -57.18394721
    -57.18394721
   -200.38496405
   -200.38496405
   -156.25219162
   -156.25219162
   -156.25219162
   -156.25219162
   -156.25219162
   -156.25219162
   -156.25219162
    -57.15872479
    -57.15872479
    -57.15872479
    -57.15872479
    -57.15872479
    -57.15872479
    -57.15872479
    -57.15872479
    -57.15872479
    -57.15872479
    -57.15872479
    -57.15872479
    -57.15872479
    -57.15872479
    -57.15872479
    -57.15872479
    -57.15872479
    -57.15872479
    -57.15872479
    -57.15872479
    -57.15872479
    -57.15872479
    -57.15872479
    -57.15872479
    -57.15872479
    -57.15872479
    -57.15872479
    -57.15872479
    -57.15872479
    -57.15872479
    -57.15872479
    -57.15872479
    -57.15872479
    -57.15872479
    -57.15872479
    -57.15872479
    -57.15872479
    -57.15872479
    -57.15872479
    -57.15872479
    -54.48261676
     75.64128066
     79.90743040
     79.90743040
     79.90743040
     79.90743040
     79.90743040
     79.90743040
     79.90743040
     95.23385801
     95.23385801
     95.23385801
     95.23385801
     95.23385801
     95.23385801
     95.23385801
     95.23385801
     95.23385801
     95.23385801
     95.23385801
     95.23385801
     95.23385801
     95.23385801
     95.23385801
     95.23385801
     95.23385801
     95.23385801
     98.33945685
     98.33945685
     98.33945685
     98.33945685
     98.33945685
     98.33945685
     98.33945685
     98.04447803
     98.04447803
     98.04447803
     98.04447803
     98.04447803
     98.04447803
     98.04447803
     97.07021501
     97.07021501
     97.07021501
     97.07021501
     97.07021501
     97.07021501
     97.07021501
     97.07021501
     97.07021501
     97.07021501
   -145.44619291
   -145.44619291
   -145.44619291
   -145.44619291
   -145.44619291
   -145.44619291
   -145.44619291
    -98.25751194
    -98.25751194
    -98.25751194
    -98.25751194
    -98.25751194
    -98.25751194
    -98.25751194
    -98.25751194
    -98.25751194
    -98.25751194
    -92.56520489
    -92.56520489
    -92.56520489
    -92.56520489
    -92.56520489
    -92.56520489
    -92.56520489
    -92.56520489
    -92.56520489
    -92.56520489
    -92.56520489
    -92.56520489
    -92.56520489
    -92.56520489
    -92.56520489
    -92.56520489
    -92.56520489
    -92.56520489
    -92.56520489
    -49.39344019
    -49.39344019
    -44.16089653
    -44.16089653
    -44.16089653
    -44.16089653
    -44.16089653
    -44.16089653
    -45.61169502
    -45.61169502
    -45.61169502
    -45.61169502
    -45.61169502
    -45.61169502
   -184.85312858
   -184.85312858
   -184.85312858
   -184.85312858
   -184.85312858
   -184.85312858
   -184.85312858
   -184.85312858
   -184.85312858
   -184.85312858
   -184.85312858
   -184.85312858
   -184.85312858
   -184.85312858
   -184.85312858
   -184.85312858
   -184.85312858
   -184.85312858
   -184.85312858
   -184.85312858
   -184.85312858
   -184.85312858
   -184.85312858
   -184.85312858
   -184.85312858
   -184.85312858
   -184.85312858
   -184.85312858
   -184.90768400
   -184.90768400
   -184.90768400
   -184.90768400
   -184.90768400
   -184.90768400
   -184.90768400
   -184.90768400
   -184.90768400
   -184.90768400
   -184.90768400
   -184.90768400
   -184.90768400
   -184.90768400
   -184.90768400
   -184.90768400
   -184.90768400
   -184.90768400
   -184.90768400
   -184.90768400
   -184.90768400
   -184.90768400
     92.17655462
     92.17655462
     92.17655462
     92.17655462
     92.17655462
     92.38177650
     92.38177650
     92.38177650
     92.38177650
     92.38177650
     92.38177650
     92.38177650
     92.38177650
     92.38177650
     92.38177650
     92.38177650
     92.38177650
     90.77765368
     90.77765368
     90.77765368
     90.77765368
     90.77765368
     91.08562098
     91.08562098
     91.08562098
     92.38245465
     92.38245465
     92.33567917
     92.33567917
     92.33567917
     92.33567917
     92.33567917
     92.33567917
     92.33567917
     92.33567917
     92.58423474
     92.45078489
     92.45078489
     92.45078489
     97.26407587
     97.26407587
     97.26407587
     96.23881327
     96.23881327
     96.23881327
     96.23881327
     96.23881327
     96.23881327
     96.23881327
     95.70378765
    102.38351885
    102.38351885
    102.38351885
    102.38351885
    102.38351885
    102.38351885
    102.38351885
    102.38351885
    102.38351885
    102.38351885
    102.38351885
    102.38351885
    102.38351885
    102.38351885
    102.38351885
    102.38351885
    102.38351885
    102.11495554
    102.11495554
    102.11495554
    102.11495554
    102.11495554
    102.11495554
    102.11495554
    102.11495554
    102.11495554
    102.11495554
    102.11495554
    102.11495554
    102.11495554
    101.99657636
    101.99657636
    101.99657636
    101.99657636
    101.99657636
    102.87325583
    102.57584438
    102.75704619
    100.56419736
    100.56419736
    100.56419736
    100.56419736
    100.56419736
    100.56419736
    100.56419736
    100.56419736
    100.56419736
    100.56419736
    100.58650663
    100.58650663
     84.33363451
     84.33363451
     84.33363451
     84.33363451
     84.33363451
     84.33363451
     84.33363451
     88.31460123
     88.31460123
     88.31460123
     88.31460123
     88.31460123
     88.31460123
     88.31460123
     90.48982590
     90.48982590
     90.48982590
     90.48982590
     90.48982590
     90.48982590
     94.22364457
     95.32470488
     95.32470488
     95.32470488
     95.32470488
     95.32470488
     95.32470488
     95.32470488
     95.32470488
     95.32470488
     95.32470488
     95.32470488
     95.32470488
    102.67020559
    102.67020559
    102.67020559
    102.67020559
    102.67020559
    102.67020559
    102.67020559
    102.67020559
    102.36177238
    102.36177238
    102.36177238
    102.36177238
    102.36177238
    102.36177238
    102.36177238
    102.36177238
    102.36177238
   -592.30814141
   -592.30814141
   -592.30814141
   -592.30814141
   -592.30814141
   -592.30814141
   -592.30814141
   -592.30814141
   -592.30814141
   -592.30814141
   -592.30814141
   -522.03499593
   -522.03499593
   -522.03499593
   -522.03499593
   -522.03499593
   -522.03499593
   -522.03499593
   -522.03499593
   -522.03499593
   -522.03499593
   -522.03499593
   -324.06474712
   -324.06474712
   -324.06474712
   -324.06474712
   -324.06474712
   -324.06474712
   -324.06474712
   -243.10159162
   -243.10159162
   -243.10159162
   -243.10159162
   -243.10159162
   -243.10159162
   -243.10159162
   -243.10159162
   -113.36335095
    -83.55065516
    -83.55065516
    -83.55065516
    -83.55065516
    -83.55065516
    -83.55065516
    -83.55065516
    -84.15053091
    -74.91281313
    -74.91281313
    -74.91281313
    -74.91281313
     89.70965460
     89.70965460
     89.70965460
     89.70965460
     89.70965460
     89.27191392
     89.27191392
     89.27191392
     89.27191392
     89.27191392
     89.27191392
     89.27191392
     89.27191392
     89.27191392
     89.27191392
     89.27191392
     89.27191392
     89.27191392
     89.27191392
     89.27191392
     86.91541718
     86.91541718
     86.91541718
     86.91541718
     86.91541718
     86.91541718
     86.91541718
     86.91541718
     86.91541718
     86.91541718
     86.91541718
     86.91541718
     86.91541718
     86.91541718
     86.91541718
     86.91541718
     86.91541718
     86.91541718
     86.91541718
     86.91541718
     86.91541718
     86.91541718
     86.91541718
     86.91541718
     87.21601347
     87.21601347
     87.21601347
     87.21601347
     87.21601347
     87.21601347
     89.27921491
     89.27921491
     88.83479471
     88.83479471
     88.83479471
     88.83479471
     88.83479471
     88.25151329
     88.25151329
     88.25151329
     85.94798061
     85.94798061
     85.94798061
     85.94798061
     85.94798061
     85.94798061
     85.94798061
     85.94798061
     85.94798061
     85.94798061
     85.94798061
     85.94798061
     85.94798061
     85.94798061
     85.94798061
     91.70311357
     94.12318706
     94.20770077
     94.20770077
     94.20770077
     94.20770077
     94.07472596
     94.07472596
     94.07472596
     92.24976452
     92.24976452
     92.24976452
     92.24976452
     92.24976452
     92.24976452
     93.04958653
     93.04958653
     93.04958653
     93.04958653
     93.04958653
     93.04958653
     93.04958653
     93.04958653
     93.04958653
     93.04958653
   -275.30096456
   -275.30096456
   -275.30096456
   -275.30096456
   -275.30096456
   -275.30096456
   -275.30096456
   -275.30096456
   -275.30096456
   -275.30096456
   -275.30096456
   -275.30096456
   -275.30096456
   -275.30096456
   -275.30096456
   -275.30096456
   -275.30096456
   -275.30096456
   -275.30096456
   -275.30096456
   -275.30096456
   -275.30096456
   -275.30096456
   -275.30096456
   -275.30096456
   -275.30096456
   -275.30096456
   -275.30096456
   -275.30096456
   -275.30096456
   -275.30096456
   -275.30096456
   -275.30096456
   -275.30096456
   -275.30096456
   -275.30096456
   -275.30096456
   -275.30096456
   -275.30096456
   -275.30096456
   -275.30096456
   -275.30096456
   -275.30096456
   -275.30096456
   -275.30096456
   -275.30096456
   -275.30096456
   -275.30096456
   -275.30096456
   -275.30096456
     20.11726862
     20.11726862
     20.11726862
     20.11726862
     20.11726862
     20.11726862
     20.11726862
     20.11726862
     22.44847853
     22.44847853
     22.44847853
     22.44847853
     22.44847853
     22.44847853
     22.44847853
     22.44847853
     22.44847853
     22.44847853
     22.44847853
     22.44847853
     22.44847853
     31.07522306
     31.07522306
     31.07522306
     31.07522306
     31.07522306
     31.07522306
     31.07522306
     31.07522306
     31.07522306
     31.07522306
     31.07522306
     31.07522306
     31.07522306
     31.07522306
     31.07522306
     31.07522306
     31.07522306
     31.07522306
     31.07522306
     31.07522306
     31.07522306
     31.07522306
     31.07522306
     31.07522306
     31.07522306
     31.07522306
     31.07522306
     31.07522306
     31.07522306
    -20.72626549
    -20.72626549
    -20.72626549
    -20.72626549
    -20.72626549
    -20.72626549
    -20.72626549
    -20.72626549
    -20.72626549
    -20.72626549
    -20.72626549
    -20.72626549
    -20.72626549
    -20.72626549
    -20.72626549
    -20.72626549
    -20.72626549
    -20.72626549
    -20.72626549
    -20.72626549
    -20.72626549
    -20.72626549
    -20.72626549
    -20.72626549
    -20.72626549
    -20.72626549
    -20.72626549
    -20.72626549
    -20.72626549
    -20.72626549
    -20.72626549
    -20.72626549
    -20.72626549
    -20.72626549
    -20.72626549
    -20.72626549
    -20.72626549
    -20.72626549
    -20.71971494
    -20.71971494
    -20.71971494
    -20.71971494
    -20.71971494
    -20.71971494
    -20.71971494
    -20.71971494
    -20.71971494
    -20.71971494
    -20.71971494
    -20.71971494
     94.53733469
     94.53733469
     94.53733469
     94.53733469
     94.53733469
     94.53733469
     94.53733469
     95.23858514
     95.23858514
     95.23858514
     95.29488708
     95.29488708
     95.29488708
     95.29488708
     95.29488708
     95.29488708
     95.29488708
     99.17777880
     99.17777880
     99.17777880
     99.17777880
    100.60943342
    100.60943342
    100.60943342
    100.64307177
    100.64307177
    100.64307177
     97.13495633
     97.13495633
     97.13495633
     97.13495633
     97.13495633
     97.13495633
     97.13495633
     97.13495633
     97.13495633
     97.13495633
     97.13495633
     97.13495633
     97.13495633
     97.13495633
     97.13495633
     97.13495633
     97.13495633
     97.13495633
     97.13495633
     97.13495633
     97.13495633
     97.13495633
     97.13495633
     93.95417860
     93.95417860
     93.95417860
     93.95417860
     93.95417860
     93.95417860
     93.95417860
     93.95417860
     93.95417860
     93.95417860
     93.95417860
     93.95417860
     93.95417860
     93.95417860
     93.95417860
     93.95417860
     93.95417860
     93.95417860
     93.95417860
     93.95417860
     93.95417860
     93.95417860
     93.95417860
     93.95417860
     93.95417860
     93.95417860
     93.95417860
     93.95417860
     93.95417860
     93.95417860
     93.95417860
     93.95417860
     93.95417860
     93.95417860
     93.95417860
     93.95417860
     93.95417860
     94.62362846
     94.62362846
     94.62362846
     94.62362846
     94.62362846
     94.62362846
     94.62362846
     94.62362846
     94.62362846
     94.62362846
     94.62362846
     94.62362846
     94.62362846
     57.70398900
     57.70398900
     60.18082218
     70.56150037
     70.56150037
     75.39385506
     75.39385506
     75.39385506
     75.39385506
     75.39385506
     75.39385506
     75.39385506
     75.39385506
     75.39385506
     75.39385506
     75.39385506
     75.39385506
     76.53859075
     76.53859075
     76.53859075
     76.53859075
     76.53859075
     76.53859075
     84.36444810
     84.36444810
     84.36444810
     93.94263592
     94.23401302
     94.23401302
     94.23401302
     94.23401302
     94.23401302
     94.23401302
     94.23401302
     94.23401302
     94.23401302
     94.23401302
     94.23401302
     93.43785344
     93.43785344
     98.11789553
     98.11789553
     98.11789553
     98.11789553
     98.11789553
     98.11789553
     98.11789553
    100.10667025
    100.10667025
    100.10667025
   -101.04693501
   -101.04693501
   -101.04693501
   -101.04693501
   -101.04693501
   -101.04693501
   -101.04693501
   -101.04693501
   -101.04693501
   -101.04693501
   -101.04693501
   -101.04693501
   -101.04693501
   -101.04693501
   -101.04693501
   -101.04693501
   -101.04693501
   -101.04693501
   -101.04693501
   -101.04693501
   -101.04693501
   -101.04693501
   -101.04693501
   -101.04693501
   -101.04693501
   -101.04693501
   -101.04693501
   -101.04693501
   -101.04693501
   -101.04693501
   -101.04693501
   -101.04693501
   -101.04693501
   -101.04693501
   -101.04693501
   -101.04693501
   -101.04693501
    -98.25655880
    -98.25655880
    -98.25655880
    -98.25655880
    -98.25655880
    -98.25655880
    -98.25655880
    -98.25655880
    -98.25655880
    -98.25655880
    -98.25655880
    -98.25655880
    -98.25655880
     82.79853584
     82.79853584
     82.79853584
     82.79853584
     82.79853584
     82.79853584
     82.79853584
     82.79853584
     82.79853584
     82.15291413
     82.15291413
     92.74112727
     92.74112727
     92.74112727
     92.74112727
     92.74112727
     92.74112727
     91.64609746
     91.64609746
     91.64609746
     91.64609746
     91.64609746
     91.64609746
     91.64609746
     91.64609746
     93.10857009
     93.10857009
     93.10857009
     93.10857009
     93.10857009
     93.10857009
     93.10857009
     93.10857009
     93.10857009
     93.10857009
     93.10857009
     93.10857009
     93.10857009
     93.10857009
     93.10857009
     99.09366585
     98.98488201
     98.98488201
     99.15310287
     99.15310287
     99.80502200
     99.80502200
     99.80502200
     99.80502200
     99.80502200
   -157.77941519
   -157.77941519
   -157.77941519
   -157.77941519
   -157.77941519
   -157.77941519
   -157.77941519
   -157.77941519
   -157.77941519
   -157.77941519
   -157.77941519
   -157.77941519
   -157.77941519
   -157.77941519
   -157.77941519
   -157.77941519
   -157.77941519
   -157.77941519
   -157.77941519
   -157.77941519
   -157.77941519
   -157.77941519
   -157.77941519
   -157.77941519
   -157.77941519
   -157.77941519
   -157.77941519
   -157.77941519
   -157.77941519
   -157.77941519
   -157.77941519
   -157.77941519
   -157.77941519
   -157.77941519
   -157.77941519
   -157.77941519
   -157.77941519
   -157.77941519
   -157.77941519
   -157.77941519
   -157.77941519
     30.56480002
     30.56480002
     30.56480002
     30.56480002
     30.56480002
     30.56480002
     30.56480002
     30.56480002
     30.56480002
     97.28241361
     97.28241361
     97.28241361
    100.18944674
    100.18944674
    100.18944674
    100.18944674
    100.18944674
    100.18944674
    100.18944674
    100.18944674
    100.18944674
    100.18944674
    102.45757316
    102.45757316
    102.45757316
    102.45757316
    102.45757316
    102.45757316
    102.45757316
    102.45757316
    102.45757316
    102.48671992
    102.48671992
    102.48671992
    102.48671992
    102.48671992
    101.33585789
    101.33585789
    101.33585789
    101.33585789
    101.33585789
    101.33585789
    101.33585789
    101.33585789
    101.33585789
    101.33585789
    101.33585789
    101.33585789
    101.33585789
    101.33585789
    101.33585789
    101.33585789
    101.33585789
    101.33585789
    101.33585789
    101.33585789
    101.19099400
    101.19099400
    101.19099400
   -242.99525340
   -242.99525340
   -242.99525340
   -242.99525340
   -242.99525340
   -242.99525340
   -242.99525340
   -242.99525340
   -242.99525340
   -242.99525340
   -242.99525340
   -242.99525340
   -242.99525340
   -242.99525340
   -242.99525340
   -125.85905139
   -125.85905139
   -125.85905139
   -125.85905139
   -125.85905139
   -125.85905139
   -125.85905139
   -125.85905139
   -125.85905139
   -125.85905139
   -125.85905139
   -125.85905139
   -125.85905139
   -125.85905139
   -125.85905139
   -125.85905139
   -125.85905139
   -125.85905139
   -125.85905139
   -125.85905139
   -125.85905139
   -125.85905139
   -125.85905139
   -125.85905139
   -125.85905139
   -125.85905139
   -125.85905139
   -125.85905139
   -125.85905139
   -125.85905139
    -76.34026335
    -76.34026335
    -76.34026335
    -64.92177851
    -64.92177851
     45.80281407
     45.80281407
     45.80281407
     45.80281407
     45.80281407
     45.80281407
     45.80281407
     45.80281407
     45.80281407
     45.80281407
     45.80281407
     44.29044184
     44.29044184
     44.29044184
     44.29044184
     44.29044184
     44.29044184
     44.29044184
     44.29044184
     44.29044184
     44.29044184
     44.29044184
     44.29044184
     44.29044184
     44.29044184
     44.29044184
     44.29044184
     44.29044184
     44.29044184
     44.29044184
     44.29044184
     44.29044184
     44.29044184
     44.29044184
     44.29044184
     44.29044184
     44.29044184
     44.29044184
     44.29044184
     44.29044184
     44.29044184
     44.29044184
     44.29044184
     44.29044184
     44.29044184
     44.29044184
     44.29044184
     44.29044184
     44.29044184
     44.29044184
   -223.94199008
   -223.94199008
   -223.94199008
   -223.94199008
   -223.94199008
   -223.94199008
   -223.94199008
   -223.94199008
   -223.94199008
   -223.94199008
   -223.94199008
   -223.94199008
   -223.94199008
   -223.94199008
   -223.94199008
   -223.94199008
   -223.94199008
   -223.94199008
   -223.94199008
   -223.94199008
   -223.94199008
   -223.94199008
   -223.94199008
   -222.84243817
   -222.84243817
   -222.84243817
   -222.84243817
   -222.84243817
   -222.84243817
   -222.84243817
   -222.84243817
   -178.04769219
   -178.04769219
   -178.04769219
   -178.04769219
   -178.04769219
   -178.04769219
   -178.04769219
   -178.04769219
   -178.04769219
   -178.04769219
   -178.04769219
   -178.04769219
   -178.04769219
   -178.04769219
   -178.04769219
   -178.04769219
   -178.04769219
   -178.04769219
   -178.04769219
   -132.89730586
   -132.89730586
   -132.89730586
   -132.89730586
   -132.89730586
   -132.89730586
   -132.89730586
   -132.89730586
   -132.89730586
   -132.89730586
   -132.89730586
   -132.89730586
   -132.89730586
   -132.89730586
   -132.89730586
   -132.89730586
   -132.89730586
   -132.89730586
   -132.89730586
   -132.89730586
   -132.89730586
   -132.89730586
   -132.89730586
   -132.89730586
   -132.89730586
   -132.89730586
   -132.89730586
   -132.89730586
   -132.89730586
   -132.89730586
   -132.89730586
   -132.89730586
   -132.89730586
   -132.89730586
   -132.89730586
   -132.89730586
   -132.89730586
   -132.89730586
   -131.59670300
   -117.77956003
   -117.77956003
   -117.77956003
    -94.00888089
    -94.00888089
    -94.00888089
    -94.00888089
    -94.00888089
    -94.00888089
    -94.00888089
    -94.00888089
     86.76440910
     86.76440910
     86.76440910
     86.76440910
     86.76440910
     86.76440910
     86.76440910
     86.76440910
     86.76440910
     86.76440910
     86.76440910
     86.76440910
     86.76440910
     86.76440910
     86.76440910
     86.76440910
     86.76440910
     86.76440910
     86.76440910
     86.76440910
     86.76440910
     86.76440910
     86.76440910
     86.76440910
     86.76440910
     86.76440910
     91.14683482
     91.62678838
     91.62678838
     91.62678838
     91.62678838
     91.62678838
     91.62678838
     91.62678838
     91.62678838
     91.62678838
     91.62678838
     91.62678838
     91.62678838
     91.62678838
     91.62678838
     93.50376450
     93.50376450
     93.50376450
     93.50376450
     93.50376450
     93.50376450
     93.50376450
     93.50376450
     93.50376450
   -139.74854310
   -139.74854310
   -139.74854310
   -139.74854310
   -139.74854310
   -139.74854310
   -139.74854310
   -139.74854310
   -139.74854310
   -139.74854310
   -139.74854310
   -139.74854310
   -139.74854310
   -139.74854310
   -139.74854310
   -139.74854310
   -139.74854310
   -139.74854310
   -139.74854310
   -139.74854310
   -139.74854310
   -139.74854310
   -139.74854310
   -139.74854310
   -139.74854310
   -139.74854310
   -139.74854310
   -139.74854310
   -139.74854310
   -139.74854310
   -139.74854310
   -139.74854310
   -139.74854310
   -139.74854310
   -139.74854310
   -132.55740448
   -132.55740448
   -132.55740448
   -132.55740448
   -132.55740448
   -132.55740448
   -132.55740448
   -132.55740448
   -132.55740448
   -132.55740448
   -132.55740448
   -132.55740448
   -132.55740448
   -132.55740448
   -132.55740448
    -49.20895743
    -49.20895743
    -49.20895743
    -49.20895743
    -49.20895743
    -49.20895743
    -49.20895743
    -49.20895743
    -49.20895743
    -49.20895743
    -49.20895743
    -49.20895743
    -37.22156670
    -37.22156670
    -37.22156670
    -37.22156670
    -37.22156670
    -37.22156670
    -31.20813655
    -31.20813655
    -27.48493972
    -27.48493972
    -27.48493972
    -27.48493972
    -27.48493972
    -27.48493972
    -27.48493972
    -27.48493972
    -27.48493972
    -27.48493972
    -27.48493972
    -27.48493972
    -27.48493972
    -27.48493972
    -27.48493972
    -27.48493972
    -27.48493972
    -27.48493972
    -27.48493972
    -27.48493972
    -27.48493972
    -27.48493972
    -27.48493972
    -27.48493972
    -27.48493972
    -27.48493972
    -27.48493972
    -27.48493972
    -27.48493972
    -27.48493972
    -54.08988400
    -54.08988400
    -54.08988400
    -54.08988400
    -54.08988400
    -54.08988400
    -54.08988400
    -54.08988400
    -54.08988400
    -54.08988400
    -54.08988400
    -54.08988400
    -54.08988400
    -54.08988400
    -54.08988400
    -54.08988400
    -54.08988400
    -54.08988400
    -54.08988400
    -54.08988400
    -54.08988400
    -54.08988400
    -54.08988400
    -54.08988400
    -54.08988400
    -54.08988400
    -54.08988400
    -54.08988400
    -54.08988400
    -54.08988400
    -54.08988400
    -54.08988400
    -54.08988400
    -54.08988400
    -54.08988400
    -54.08988400
    -54.08988400
    -54.08988400
    -54.08988400
    -54.08988400
    -54.08988400
    -54.08988400
    -54.08988400
    -54.08988400
    -48.31481359
    -48.31481359
    -48.31481359
    -48.31481359
    -48.31481359
    -48.31481359
    100.54632579
    100.54632579
    102.92776190
    102.92776190
    102.92776190
    102.92776190
    102.92776190
    102.61626244
    102.61626244
    102.61626244
    102.68915150
    102.68915150
    102.68915150
    102.68915150
    102.68915150
    103.12504145
    103.12504145
    103.12504145
    103.12504145
    103.12504145
    103.12504145
    103.12504145
    103.12504145
    103.12504145
    103.12504145
    103.12504145
     99.44191272
     99.44191272
     99.44191272
     99.44191272
     99.44191272
     99.44191272
     99.44191272
     99.44191272
     99.44191272
     99.44191272
     99.44191272
     99.44191272
     99.44191272
     99.44191272
     99.44191272
     99.44191272
    100.15418583
    100.15418583
    100.15418583
    100.15418583
    100.15418583
    102.64136859
    102.64136859
    102.64136859
     12.63394978
     12.63394978
     12.63394978
     12.63394978
     12.63394978
     12.63394978
     12.63394978
     12.63394978
     12.63394978
     12.63394978
     12.63394978
     12.63394978
     12.63394978
     12.63394978
     12.63394978
     12.63394978
     12.63394978
     12.63394978
     12.63394978
     12.63394978
     12.63394978
     12.63394978
     12.63394978
     12.63394978
     12.63394978
     12.63394978
     12.63394978
     12.63394978
     12.63394978
     12.63394978
     12.63394978
     12.63394978
     12.63394978
     12.63394978
     12.63394978
     12.63394978
     12.63394978
     12.63394978
     12.63394978
     12.63394978
     15.95507427
     15.95507427
     15.95507427
     15.95507427
     15.95507427
     15.95507427
     15.95507427
     15.95507427
     15.95507427
     15.95507427
    -43.38222780
    -43.38222780
    -43.38222780
    -43.38222780
    -43.38222780
    -43.38222780
    -43.38222780
    -43.38222780
    -43.38222780
    -43.38222780
    -43.38222780
    -43.38222780
    -43.38222780
    -43.38222780
    -43.38222780
    -43.38222780
    -43.38222780
    -43.38222780
    -43.38222780
    -43.38222780
    -43.38222780
    -43.38222780
    -43.38222780
    -43.38222780
    -43.38222780
    -43.38222780
    -43.38222780
    -43.38222780
    -43.38222780
    -39.03959427
    -39.03959427
    -39.03959427
    -39.03959427
    -39.03959427
    -39.03959427
    -39.03959427
    -39.03959427
    -39.03959427
    -39.03959427
    -39.03959427
    -39.03959427
    -39.03959427
    -39.03959427
    -39.03959427
    -39.03959427
    -39.03959427
    -39.03959427
    -39.03959427
    -39.03959427
    -39.03959427
    -66.28507896
    -66.28507896
    -66.28507896
    -66.28507896
    -66.28507896
    -66.28507896
    -66.28507896
    -66.28507896
    -66.28507896
    -66.28507896
    -66.28507896
    -66.28507896
    -66.28507896
    -66.28507896
    -66.28507896
    -66.28507896
    -66.28507896
    -66.28507896
    -66.28507896
    -66.28507896
    -66.28507896
    -66.28507896
    -66.28507896
    -66.28507896
    -66.28507896
    -66.28507896
    -66.28507896
    -66.28507896
    -66.28507896
    -66.28507896
    -66.28507896
    -66.28507896
    -66.28507896
    -66.28507896
    -66.28507896
    -66.28507896
    -66.28507896
    -66.33699416
    -66.33699416
    -66.33699416
    -66.33699416
    -66.33699416
    -66.33699416
    -66.33699416
    -66.33699416
    -66.33699416
    -66.33699416
    -66.33699416
    -66.33699416
    -66.33699416
    103.10442371
    103.10442371
    103.10442371
    103.10442371
    103.10442371
    103.10442371
    103.10442371
    103.10442371
    103.10442371
    103.10442371
    103.10442371
    103.10442371
    103.10442371
    103.10442371
    103.10442371
    103.10442371
    103.10442371
    103.10442371
    103.10442371
    103.10442371
    103.10442371
    103.10442371
    103.10442371
    103.10442371
    103.10442371
    103.10442371
    103.10442371
    103.10442371
    103.10442371
    103.10442371
    103.10442371
    103.10442371
    103.10442371
    103.10442371
    103.10442371
    103.10442371
    103.10442371
    103.10442371
    103.10442371
    103.10442371
    103.10442371
    103.10442371
    103.10442371
    103.10442371
    103.10442371
    103.10442371
    103.10442371
    103.10442371
    103.10442371
    103.10442371
     82.93577168
     82.00320102
     82.00320102
     82.00320102
     82.89233562
     82.89233562
     82.89233562
     82.89233562
     82.89233562
     82.89233562
     82.89233562
     82.89233562
     83.89899708
     83.89899708
     83.89899708
     84.64872705
     84.64872705
     84.64872705
     84.64872705
     84.64872705
     84.64872705
     84.64872705
     84.64872705
     84.64872705
     84.64872705
     84.64872705
     93.99668695
     93.99668695
     93.99668695
     93.99668695
     93.99668695
     93.99668695
     93.99668695
     93.99668695
     95.44440401
     95.44440401
     97.68356863
     99.67358211
     99.67358211
     99.67358211
     99.67358211
     99.67358211
     99.67358211
    102.08734234
    102.08734234
    102.08734234
    102.08734234
    102.08734234
    102.08734234
    102.08734234
    -46.69274824
    -46.69274824
    -46.69274824
    -46.69274824
    -46.69274824
    -46.69274824
    -46.69274824
    -46.69274824
    -46.69274824
    -46.69274824
    -46.69274824
    -46.69274824
    -46.69274824
    -46.69274824
    -46.69274824
    -46.69274824
    -46.69274824
    -46.69274824
    -46.69274824
    -46.69274824
    -46.69274824
    -46.69274824
    -46.69274824
    -37.52944909
    -37.52944909
    -37.52944909
    -37.52944909
    -37.52944909
    -37.52944909
    -37.52944909
    -37.52944909
    -37.52944909
    -37.52944909
    -37.52944909
    -37.52944909
    -37.52944909
    -37.52944909
    -37.52944909
    -31.37450270
    -31.37450270
    -31.37450270
    -31.37450270
    -31.37450270
    -31.37450270
    -31.37450270
    -31.37450270
    -31.37450270
    -31.37450270
    -31.37450270
    -31.37450270
     57.92047858
     57.92047858
     57.92047858
     57.92047858
     57.92047858
     58.35208423
     58.35208423
     58.35208423
     81.69533497
     81.69533497
     81.69533497
     81.69533497
     81.69533497
     81.76243317
     81.76243317
     81.76243317
     81.76243317
     81.76243317
     81.76243317
     81.76243317
     81.76243317
     83.59834168
     83.59834168
     83.59834168
     83.59834168
     83.59834168
     83.59834168
     83.59834168
     83.59834168
     83.59834168
     85.76830628
     85.76830628
     85.76830628
     85.76830628
     85.76830628
     85.76830628
     85.76830628
     85.76830628
     85.76830628
     85.76830628
     85.74811110
     85.74811110
     85.74811110
     85.74811110
     85.74811110
     85.74811110
     85.74811110
     85.74811110
     85.74811110
     85.74811110
    -19.82169074
    -19.82169074
    -19.82169074
    -19.82169074
    -19.82169074
    -19.82169074
    -19.82169074
    -19.82169074
    -19.82169074
    -19.82169074
    -21.07348921
    -21.07348921
    -21.07348921
    -21.07348921
    -21.07348921
    -21.07348921
    -21.07348921
    -21.07348921
    -21.07348921
    -21.07348921
    -21.07348921
    -21.07348921
    -21.07348921
    -21.07348921
    -21.07348921
    -21.07348921
    -21.07348921
    -21.07348921
    -21.07348921
    -21.07348921
    -21.07348921
    -21.07348921
    -21.07348921
    -21.07348921
    -21.07348921
    -20.38275414
    -20.38275414
    -20.38275414
    -20.38275414
    -20.38275414
    -20.38275414
    -20.38275414
    -20.38275414
    -20.38275414
    -20.38275414
    -20.38275414
    -20.67107029
    -20.67107029
    -20.67107029
    -20.96680621
     75.81862478
     75.81862478
     89.83476389
     89.83476389
     89.83476389
     89.83476389
     89.83476389
     89.83476389
     89.83476389
     89.83476389
     89.83476389
     89.83476389
     89.83476389
     89.83476389
    101.10858986
    101.10858986
    101.73583473
    101.73583473
    101.73583473
    101.73583473
    101.70880243
    101.70880243
    101.70880243
    101.70880243
    101.70880243
    101.70880243
    101.70880243
    101.70880243
    101.70880243
    101.70880243
    102.57172741
    102.57172741
    102.57172741
    102.57172741
    102.57172741
    102.57172741
    102.57172741
    102.09046615
    102.09046615
    102.09046615
    102.09046615
    102.09046615
    102.09046615
    101.97364323
    101.97364323
    101.97364323
    101.97364323
    101.97364323
    101.95105604
    101.95105604
     45.10780883
     45.10780883
     45.10780883
     45.10780883
     45.10780883
     45.10780883
     45.10780883
     45.10780883
     45.10780883
     45.10780883
     45.10780883
     45.10780883
     45.10780883
     45.10780883
     45.10780883
     45.10780883
     45.10780883
     45.10780883
     45.10780883
     45.10780883
     45.10780883
     45.10780883
     45.10780883
     45.10780883
     45.10780883
     45.10780883
     45.10780883
     45.10780883
     45.10780883
     45.10780883
     45.10780883
     45.10780883
     45.10780883
     45.10780883
     45.10780883
     45.10780883
     45.10780883
     45.10780883
     45.10780883
     45.10780883
     45.10780883
     45.10780883
     45.10780883
     45.10780883
     45.10780883
     45.10780883
     45.10780883
     45.10780883
     73.33561908
     73.33561908
     87.53987788
     87.53987788
     87.53987788
     87.53987788
     87.53987788
     87.53987788
     87.53987788
     87.53987788
     87.53987788
     87.53987788
     87.53987788
     87.53987788
     87.53987788
     87.53987788
     87.53987788
     87.68536403
     87.68536403
     94.92071650
     94.92071650
     94.92071650
     94.92071650
     94.94076823
     94.94076823
     94.94076823
     94.94076823
     94.94076823
     94.94076823
     94.94076823
     94.97019333
     95.34541534
     94.63394764
     94.63394764
     94.63394764
     92.45049826
     92.45049826
     92.45049826
     92.45049826
     92.45049826
     92.45049826
     92.45049826
     92.45049826
     92.45049826
     92.45049826
     92.45049826
     92.45049826
     92.45049826
     92.45049826
     92.45049826
     92.45049826
     92.45049826
     97.44370630
     97.44370630
     96.88795894
     96.88795894
     96.88795894
     96.88795894
     98.34498550
     98.34498550
     98.34498550
     98.34498550
     98.34498550
     98.34498550
     98.34498550
     98.35239552
     98.35239552
     98.35239552
     98.35239552
     98.35239552
     98.35239552
     98.35239552
     98.35239552
     98.35239552
     98.35239552
     98.35239552
     98.35239552
     98.35239552
     98.35239552
     98.35239552
     98.35239552
     98.35239552
     98.35239552
     98.35239552
     98.35239552
     98.35239552
     98.35239552
     98.35239552
     98.35239552
     98.35239552
     98.35239552
     98.35239552
     98.35239552
     98.35239552
     98.75566182
     98.75566182
     98.75566182
     98.75566182
     95.03919237
     95.03919237
     95.03919237
     95.03919237
     85.11422639
     85.59338627
     85.59338627
     86.97398212
     86.97398212
     86.97398212
     86.97398212
     86.97398212
     86.97398212
     86.97398212
     86.97398212
     86.97398212
     88.80215603
     88.80215603
     88.80215603
     88.80215603
     87.73676464
     87.73676464
     87.73676464
     90.04592288
     90.04592288
     92.01847694
     91.63349683
     91.63349683
     94.56995677
     94.56995677
     94.56995677
     94.56995677
     94.56995677
     94.63628880
     94.63628880
     94.63628880
     94.63628880
     94.63628880
     94.63628880
     94.63628880
     94.63628880
     94.63628880
     94.63628880
     94.63628880
     94.63628880
     94.63628880
     95.53290987
     95.53290987
     95.53290987
     95.53290987
     95.53290987
     95.52754535
     95.52754535
     95.52754535
    100.58476186
    100.58476186
    100.58476186
    100.58476186
    100.58476186
    100.58476186
    100.58476186
    100.57821761
    100.57821761
    100.57821761
    100.57821761
    100.57821761
    100.57821761
    100.57821761
    100.57821761
     99.15719195
     99.15719195
     99.15719195
     99.15719195
     99.15719195
     99.15719195
     99.75880344
     99.75880344
    102.47289541
    102.47289541
    102.47289541
    102.47289541
    102.47289541
    102.47289541
    102.45629845
    102.45629845
    102.45629845
    102.45629845
    102.45629845
    102.45629845
    102.45629845
    102.45629845
    102.45629845
    102.45629845
    102.45629845
    102.45629845
    102.45629845
    102.45629845
    102.45629845
    102.45629845
    102.45629845
    102.45629845
    102.45629845
    102.45629845
    102.54666748
   -144.20955538
   -144.20955538
   -144.20955538
   -144.20955538
   -144.20955538
   -144.20955538
   -144.20955538
    -49.28697830
    -49.28697830
    -49.28697830
    -49.28697830
    -49.28697830
    -49.28697830
    -49.28697830
    -21.63166133
    -21.63166133
    -21.63166133
    -21.63166133
    -21.63166133
    -21.63166133
    -21.63166133
    -21.63166133
    -21.63166133
    -21.63166133
    -21.63166133
    -21.63166133
    -21.63166133
    -21.63166133
    -21.63166133
    -21.63166133
    -21.63166133
    -21.63166133
    -21.63166133
    -21.63166133
    -21.63166133
    -21.63166133
    -21.63166133
    -21.63166133
    -21.63166133
    -21.63166133
    -21.63166133
    -21.63166133
    -21.63166133
    -21.63166133
    -21.63166133
    -21.63166133
    -21.63166133
    -21.63166133
    -21.63166133
    -21.63166133
   -719.07685870
   -719.07685870
   -719.07685870
   -719.07685870
   -719.07685870
   -527.69565121
   -462.09954093
   -462.09954093
   -462.09954093
   -462.09954093
   -462.09954093
   -462.09954093
   -462.09954093
   -462.09954093
   -462.09954093
     57.80320984
     74.39955360
     74.39955360
     74.39955360
     74.39955360
     74.39955360
     74.39955360
     74.39955360
     74.39955360
     74.39955360
     74.39955360
     74.39955360
     74.39955360
     74.39955360
     74.39955360
     74.39955360
     74.39955360
     74.39955360
     74.39955360
     74.39955360
     74.39955360
     74.39955360
     84.21217920
     84.21217920
     84.21217920
     84.21217920
     84.21217920
     94.91312787
     94.91312787
     94.91312787
     94.91312787
    101.12194340
    101.12194340
    101.50584355
    101.50584355
     92.91544682
     92.91544682
     92.91544682
     92.75664248
     92.75664248
     92.75664248
     94.36184882
     94.36184882
     94.36184882
     95.66578526
     95.66578526
     95.66578526
     95.66578526
     95.66578526
     95.66578526
     95.66578526
     95.66578526
     95.66578526
     95.66578526
     95.66578526
     95.66578526
     95.66578526
     95.66578526
     95.66578526
     95.66578526
     95.66578526
     95.66578526
     95.04629707
     95.04629707
     95.04629707
     95.04629707
     95.04629707
     95.04629707
     95.04629707
     95.04629707
    103.24344776
    103.24344776
    103.24344776
    103.24787976
    103.30430903
    103.30430903
    103.30430903
    103.30430903
    103.30430903
    103.30430903
    103.30430903
    103.30430903
    103.30430903
     98.98702881
     98.98702881
     67.68591446
     67.68591446
     67.68591446
     67.68591446
     67.68591446
     67.68591446
     67.68591446
     67.68591446
     67.68591446
     67.68591446
     67.68591446
     67.68591446
     67.68591446
     67.68591446
     67.68591446
     67.68591446
     67.68591446
     67.68591446
     67.68591446
     67.68591446
     67.68591446
     67.68591446
     67.68591446
     67.68591446
     67.68591446
     67.68591446
     67.68591446
     67.68591446
     67.68591446
     67.68591446
     67.68591446
     67.68591446
     67.68591446
     67.68591446
     67.68591446
     67.68591446
     67.68591446
     67.68591446
     67.68591446
     67.68591446
     67.68591446
     67.68591446
     67.68591446
     67.68591446
     67.68591446
     67.68591446
     67.68591446
     67.68591446
     67.68591446
     67.68591446
   -122.44753791
   -122.44753791
   -122.44753791
   -122.44753791
   -122.44753791
   -122.44753791
   -122.44753791
   -122.44753791
   -122.44753791
   -122.44753791
   -119.00863133
   -119.00863133
   -119.00863133
   -119.00863133
   -112.69620706
   -112.69620706
   -112.69620706
   -112.69620706
   -107.42424747
   -107.42424747
   -107.42424747
   -107.42424747
   -107.42424747
   -107.42424747
   -107.42424747
   -107.42424747
   -107.42424747
   -107.42424747
   -107.42424747
   -107.42424747
   -107.42424747
   -107.42424747
   -107.42424747
   -107.42424747
   -107.42424747
   -107.42424747
   -107.42424747
   -107.42424747
   -107.42424747
   -107.42424747
   -107.42424747
   -107.42424747
   -107.42424747
   -107.42424747
   -107.42424747
   -107.42424747
   -107.42424747
   -107.42424747
    -98.42121938
    -98.42121938
   -355.50498835
   -355.50498835
   -106.69450544
   -106.69450544
   -106.69450544
     50.13452280
     87.58278740
     87.58278740
     87.66032958
     87.66032958
     87.66032958
     88.28941222
     88.52843879
     88.52843879
     88.52843879
     88.52843879
     88.52843879
     88.52843879
     88.52843879
     88.52843879
     88.52843879
     87.17413996
     87.17413996
     87.17413996
     87.17413996
     87.17413996
     87.17413996
     89.84839657
     89.84839657
     89.84839657
     89.84839657
     89.84839657
     89.84839657
     89.84839657
     89.84839657
     89.84839657
     89.84839657
     89.84839657
     89.73047185
     89.73047185
     89.73047185
     89.73047185
     89.73047185
     89.73047185
     89.73047185
     89.73047185
     89.14676578
     93.40815214
     93.40815214
     93.21585960
     22.29518244
     22.29518244
     22.29518244
     22.29518244
     22.29518244
     22.29518244
     22.29518244
     22.29518244
     22.29518244
     22.29518244
     22.29518244
     22.29518244
     22.29518244
     22.29518244
     22.29518244
     22.29518244
     22.29518244
     22.29518244
     22.29518244
     22.29518244
     22.29518244
     22.29518244
     22.29518244
     22.29518244
     22.29518244
     22.29518244
     22.29518244
     22.29518244
     22.29518244
     22.29518244
     22.29518244
     22.29518244
     22.29518244
     22.29518244
     22.29518244
     22.29518244
     22.29518244
     22.29518244
     22.29518244
     22.29518244
     22.29518244
     22.29518244
     22.29518244
     22.29518244
     22.29518244
     22.29518244
     22.29518244
     22.29518244
     22.29518244
     22.29518244
   -147.81722340
   -147.81722340
   -147.81722340
   -147.81722340
   -147.81722340
   -147.81722340
   -147.81722340
   -147.81722340
   -147.81722340
   -147.81722340
   -147.81722340
   -147.81722340
   -147.81722340
   -147.81722340
   -147.81722340
   -147.81722340
   -147.81722340
   -147.81722340
   -147.81722340
   -147.81722340
   -147.81722340
   -147.81722340
   -147.81722340
   -147.81722340
   -147.81722340
   -147.81722340
   -147.81722340
   -147.81722340
   -147.81722340
   -147.81722340
    -60.94638415
    -60.94638415
    -60.94638415
    -60.94638415
    -60.94638415
    -60.94638415
    -60.94638415
    -60.94638415
    -60.94638415
    -60.94638415
    -60.94638415
    -60.94638415
    -60.94638415
    -60.94638415
    -60.94638415
    -60.94638415
    -60.94638415
    -60.94638415
    -60.94638415
    -60.94638415
     85.23300139
     85.23300139
     85.23300139
     85.23300139
     85.23300139
     85.23300139
     85.23300139
     85.23300139
     88.30098118
     88.30098118
     88.30098118
     88.30098118
     88.30098118
     88.30098118
     88.30098118
     88.30098118
     88.30098118
     88.30098118
     88.30098118
     88.92586589
     88.92586589
     88.92586589
     88.92586589
     88.92586589
     88.92586589
     88.92586589
     88.92586589
     88.92586589
     88.92586589
     88.92586589
     88.92586589
     88.92586589
     88.92586589
     88.92586589
     88.92586589
     88.92586589
     88.92586589
     88.92586589
     88.92586589
     88.92586589
     89.87423071
     89.87423071
     89.87423071
     89.55848846
     89.55848846
     89.55848846
     89.55848846
     89.55848846
     88.82452150
     88.82452150
   -248.86187367
   -248.86187367
   -248.86187367
   -248.86187367
   -248.86187367
   -248.86187367
   -248.86187367
   -248.86187367
   -248.86187367
   -248.86187367
   -114.91245768
   -114.91245768
   -114.91245768
   -114.91245768
   -114.91245768
   -114.91245768
   -114.91245768
   -114.91245768
   -114.91245768
   -114.91245768
   -114.49004062
   -114.49004062
   -114.49004062
   -114.49004062
   -114.49004062
   -114.49004062
   -114.49004062
   -114.49004062
   -114.49004062
   -114.49004062
   -114.49004062
   -114.49004062
   -114.49004062
   -114.49004062
   -114.49004062
   -114.49004062
   -114.49004062
   -114.49004062
   -114.49004062
   -114.49004062
   -114.49004062
   -114.49004062
   -114.49004062
   -114.49004062
   -114.49004062
   -114.49004062
   -114.49004062
   -114.49004062
   -114.49004062
   -114.49004062
     39.45421211
     39.45421211
     39.45421211
     39.45421211
     39.45421211
     39.45421211
     39.45421211
     39.45421211
     39.45421211
     39.45421211
     39.45421211
     39.45421211
     39.45421211
     39.45421211
     39.45421211
     39.45421211
     39.45421211
     39.45421211
     39.45421211
     39.45421211
     39.45421211
     39.45421211
     39.45421211
     39.45421211
     39.45421211
     39.45421211
     39.45421211
     39.45421211
     39.45421211
     39.45421211
     39.45421211
     39.45421211
     39.45421211
     39.45421211
     39.45421211
     39.45421211
     39.45421211
     39.45421211
     39.45421211
     39.45421211
     39.45421211
     39.45421211
     39.45421211
     39.45421211
     39.45421211
     39.45421211
     39.45421211
     39.45421211
     39.45421211
     39.45421211
    100.93098583
    100.93098583
    100.93098583
    104.12346824
    104.12346824
    104.12346824
    104.12346824
    104.12346824
    104.12346824
    104.12346824
    104.12346824
    104.12346824
    104.12346824
    104.12346824
    104.12346824
    104.12346824
    104.12346824
    104.12346824
    104.12346824
    104.12346824
    104.12346824
    104.12346824
    104.12346824
    104.12346824
    104.12346824
    104.12346824
    104.12346824
    104.12346824
    104.12346824
    104.12346824
    104.05195879
    104.05195879
    104.05195879
    104.05195879
    104.05195879
    104.05195879
    104.05195879
    104.05195879
    104.05195879
    104.05195879
    104.05195879
    104.05195879
    104.05195879
    104.05195879
    104.05195879
    104.05195879
    104.05195879
    104.05195879
    104.05195879
    104.05195879
    100.08226275
    100.08226275
    100.08226275
    100.08226275
    100.08226275
    100.08226275
     99.97462641
     99.97462641
     99.97462641
     99.97462641
     99.97462641
     99.97462641
     99.97462641
     99.97462641
     99.97462641
     99.97462641
     99.97462641
     99.97462641
     99.97462641
     99.97462641
     99.97462641
     99.97462641
     99.97462641
     99.97462641
     99.97462641
     99.97462641
     99.97462641
    100.71339271
    100.71339271
    100.71339271
    100.71339271
    100.71339271
    100.71339271
    100.71339271
    100.71339271
    100.71339271
    100.71339271
    101.07722825
    101.07722825
    101.07722825
    101.07722825
    101.07722825
    101.07722825
    102.38626052
    102.38626052
    102.38626052
    102.38626052
    101.81731922
    101.81731922
    101.81731922
     83.87264469
     83.87264469
     83.87264469
     83.87264469
     83.87264469
     83.87264469
     83.87264469
     83.87264469
     83.87264469
     83.87264469
     83.87264469
     83.87264469
     85.84429871
     85.84429871
     85.84429871
     85.84429871
     85.84429871
     85.84429871
     85.84429871
     85.84429871
     85.84429871
     85.84429871
     89.43377161
     89.43377161
     89.43377161
     89.43377161
     89.43377161
     89.43377161
     89.43377161
     91.65581046
     91.65581046
     91.65581046
     91.65581046
     91.65581046
     92.35323705
     92.35323705
     92.35323705
     93.88682920
     93.88682920
     93.88682920
     93.88682920
     93.88682920
     93.88682920
     93.88682920
     93.88682920
     93.88682920
     93.88682920
    100.75291026
    100.75291026
    100.75291026
     44.23375126
     44.23375126
     48.88999477
     48.88999477
     48.88999477
     48.88999477
     48.88999477
     48.88999477
     48.88999477
     48.88999477
     48.88999477
     48.88999477
     48.88999477
     48.88999477
     48.88999477
     48.88999477
     48.88999477
     48.88999477
     48.88999477
     48.88999477
     48.88999477
     48.88999477
     48.88999477
     48.88999477
     48.88999477
     48.88999477
     48.88999477
     48.88999477
     48.88999477
     48.88999477
     48.88999477
     48.88999477
     48.88999477
     48.88999477
     48.88999477
     48.88999477
     48.88999477
     48.88999477
     48.88999477
     48.88999477
     48.88999477
     48.88999477
     48.88999477
     48.88999477
     48.88999477
     48.88999477
     48.88999477
     48.88999477
     48.88999477
     48.88999477
    -27.46885982
    -27.46885982
    -27.46885982
    -27.46885982
    -27.46885982
    -27.46885982
    -27.46885982
    -27.46885982
    -27.46885982
    -27.46885982
    -27.46885982
    -27.46885982
    -27.46885982
    -27.46885982
    -27.46885982
    -27.46885982
    -27.46885982
    -27.46885982
    -27.46885982
    -27.46885982
    -27.46885982
    -27.46885982
    -27.46885982
    -27.46885982
    -27.46885982
    -27.46885982
    -27.46885982
    -27.46885982
    -27.46885982
    -27.46885982
    -27.46885982
    -27.46885982
    -27.46885982
    -27.46885982
    -27.46885982
    -27.46885982
    -27.46885982
    -27.46885982
    -27.46885982
    -27.46885982
    -27.46885982
    -27.46885982
    -27.46885982
    -27.46885982
    -27.46885982
    -27.46885982
    -27.46885982
    -27.46885982
    -27.46885982
    -27.46885982
   -161.45222430
   -161.45222430
   -161.45222430
   -161.45222430
   -161.45222430
   -161.45222430
   -161.45222430
   -161.45222430
   -161.45222430
   -161.45222430
   -161.45222430
   -144.53011230
   -144.53011230
   -144.53011230
   -144.53011230
   -144.53011230
   -144.53011230
   -144.53011230
   -144.53011230
   -144.53011230
   -144.53011230
   -144.53011230
   -144.53011230
   -144.53011230
   -144.53011230
   -144.53011230
   -144.53011230
   -144.53011230
   -144.53011230
   -144.53011230
   -144.53011230
   -144.53011230
   -144.53011230
   -144.53011230
   -144.53011230
   -144.53011230
   -144.53011230
   -144.53011230
   -144.53011230
   -144.53011230
   -144.53011230
   -144.53011230
   -144.53011230
   -144.53011230
   -144.53011230
   -144.53011230
   -144.53011230
   -121.08699864
   -121.08699864
   -121.08699864
     65.02071336
     65.02071336
     70.62871148
     70.62871148
     70.62871148
     70.62871148
     70.62871148
     70.62871148
     70.62871148
     70.62871148
     70.62871148
     70.62871148
     70.62871148
     70.62871148
     70.62871148
     70.62871148
     71.99195561
     71.99195561
     71.99195561
     71.99195561
     71.99195561
     71.99195561
     71.99195561
     71.99195561
     70.23525955
     70.23525955
     70.23525955
     70.23525955
     70.23525955
     70.23525955
     70.23525955
     70.23525955
     70.23525955
     70.23525955
     70.23525955
     70.23525955
     70.23525955
     70.23525955
     70.23525955
     70.23525955
     70.23525955
     70.23525955
     70.23525955
     70.23525955
     89.29753644
     89.29753644
     99.18448190
     99.18448190
     99.18448190
     99.18448190
     -8.04245887
     -8.04245887
     -8.04245887
     -8.04245887
     -8.04245887
     -8.04245887
     31.02468089
     31.02468089
     31.02468089
     31.02468089
     31.02468089
     31.02468089
     31.02468089
     31.02468089
     31.02468089
     31.02468089
     31.02468089
     31.02468089
     31.02468089
     31.02468089
     31.02468089
     31.02468089
     31.02468089
     31.02468089
     31.02468089
     31.02468089
     31.02468089
     31.02468089
     31.02468089
     31.02468089
     31.02468089
     31.02468089
     31.02468089
     31.02468089
     31.02468089
     31.02468089
     31.02468089
     31.02468089
     31.02468089
     31.02468089
     31.02468089
     31.02468089
     31.02468089
     31.02468089
     31.02468089
     31.02468089
     31.02468089
     31.02468089
     31.02468089
     31.02468089
