#Lag,CCF
-1000.0,-0.6395499157976193
-998.5,-0.6428914015284861
-997.0,-0.6452332312935452
-995.5,-0.6465395342327795
-994.0,-0.6467899143624796
-992.5,-0.6459806946968845
-991.0,-0.6484908654797011
-989.5,-0.6500237946566487
-988.0,-0.6505423200244319
-986.5,-0.6500357990605024
-985.0,-0.6485100788147024
-983.5,-0.6494626301307436
-982.0,-0.6512731619851853
-980.5,-0.6521451596554741
-979.0,-0.6520565794780179
-977.5,-0.6510006571609728
-976.0,-0.6504717938388676
-974.5,-0.6521455662922606
-973.0,-0.652949047807116
-971.5,-0.6528510884647691
-970.0,-0.65183385105763
-968.5,-0.6498940397727389
-967.0,-0.6516705800297227
-965.5,-0.6526216428752258
-964.0,-0.6526601509692247
-962.5,-0.6517611943659277
-961.0,-0.6499149249475185
-959.5,-0.6511355993237227
-958.0,-0.6536833019727839
-956.5,-0.6554289402446449
-955.0,-0.6563457662209728
-953.5,-0.6564189979985586
-952.0,-0.6560842852125414
-950.5,-0.6559063167694269
-949.0,-0.6549622682730749
-947.5,-0.6532452470667958
-946.0,-0.6507590972181941
-944.5,-0.6475185640097645
-943.0,-0.6485477120185028
-941.5,-0.6491516142595717
-940.0,-0.6492332507369519
-938.5,-0.6487923326823023
-937.0,-0.647832993962005
-935.5,-0.6477993374434015
-934.0,-0.6480789999364285
-932.5,-0.6478858815256562
-931.0,-0.6472188436664785
-929.5,-0.6460806228642049
-928.0,-0.6443751738063239
-926.5,-0.6420027874048948
-925.0,-0.639207507983697
-923.5,-0.6359967806782487
-922.0,-0.6323810950547799
-920.5,-0.628373828691625
-919.0,-0.62738985823348
-917.5,-0.6262245660844261
-916.0,-0.6247840742029475
-914.5,-0.6230668365724933
-913.0,-0.6210724340267652
-911.5,-0.620169536104165
-910.0,-0.6198573152478559
-908.5,-0.6193749101139943
-907.0,-0.6187197038489093
-905.5,-0.6178894515960216
-904.0,-0.6176826451729156
-902.5,-0.6192401473992202
-901.0,-0.6207537773001868
-899.5,-0.6222222824601458
-898.0,-0.6236444460340376
-896.5,-0.6250190896295325
-895.0,-0.6337526021503317
-893.5,-0.6357181625950614
-892.0,-0.6375712424542388
-890.5,-0.6393093446067757
-889.0,-0.6409301777016003
-887.5,-0.6481801927086163
-886.0,-0.6497544046777081
-884.5,-0.6511007458964648
-883.0,-0.652212679941228
-881.5,-0.6530845516633734
-880.0,-0.6565877044643811
-878.5,-0.6581855953796514
-877.0,-0.6594464637862696
-875.5,-0.6603635537113666
-874.0,-0.6609317948991343
-872.5,-0.6611478966417228
-871.0,-0.6642870833443809
-869.5,-0.6651679197870208
-868.0,-0.6654424213679578
-866.5,-0.6651178552350729
-865.0,-0.6642061579921226
-863.5,-0.6629167780595305
-862.0,-0.662509631875758
-860.5,-0.6614317514710797
-859.0,-0.6596918164637999
-857.5,-0.657304470099407
-856.0,-0.6580374306600645
-854.5,-0.6601602244575275
-853.0,-0.6614223235309338
-851.5,-0.661820378412685
-850.0,-0.661360635193519
-848.5,-0.6600585684020053
-847.0,-0.6633879939293204
-845.5,-0.6656045337464818
-844.0,-0.666722139080826
-842.5,-0.6667673304538682
-841.0,-0.66577897559573
-839.5,-0.6680588283215037
-838.0,-0.6702099017921981
-836.5,-0.6711992231417616
-835.0,-0.6710564178758731
-833.5,-0.6698249470933415
-832.0,-0.6694955626698536
-830.5,-0.671311070772695
-829.0,-0.672011244378686
-827.5,-0.6716177164270042
-826.0,-0.6701647274107345
-824.5,-0.6676976623340211
-823.0,-0.6709777181312863
-821.5,-0.6732626829008401
-820.0,-0.6743689895956693
-818.5,-0.6743016365706428
-817.0,-0.6730825825477779
-815.5,-0.6750996476058504
-814.0,-0.677292546312454
-812.5,-0.6782838517551031
-811.0,-0.678065314165687
-809.5,-0.6766468864513726
-808.0,-0.6773594249679954
-806.5,-0.6793540084461269
-805.0,-0.6800896304516061
-803.5,-0.6795533121868325
-802.0,-0.6777524573849409
-800.5,-0.6747146178323482
-799.0,-0.676855968474581
-797.5,-0.6761682911939788
-796.0,-0.6741436926302575
-794.5,-0.6707918508427828
-793.0,-0.6661454712795934
-791.5,-0.6645101544192072
-790.0,-0.6623685563596187
-788.5,-0.6589260282357008
-787.0,-0.6541905921936375
-785.5,-0.6481927433516325
-784.0,-0.6447612314713542
-782.5,-0.6449181479161239
-781.0,-0.6437151617221963
-779.5,-0.6411422896626766
-778.0,-0.6372156073403081
-776.5,-0.6319768816653031
-775.0,-0.6345068666247646
-773.5,-0.6329024655634958
-772.0,-0.6298983842877568
-770.5,-0.6254979526449094
-769.0,-0.6197323195309876
-767.5,-0.6197606035730622
-766.0,-0.6176329574273025
-764.5,-0.6140544827323702
-763.0,-0.609023386578527
-761.5,-0.6025684492811407
-760.0,-0.6005421493807844
-758.5,-0.5989931014020471
-757.0,-0.5959530936775401
-755.5,-0.5914160543060683
-754.0,-0.5854097983977582
-752.5,-0.5779952964101074
-751.0,-0.5796596529969593
-749.5,-0.5748297887886671
-748.0,-0.5685070842385368
-746.5,-0.5607255735397636
-745.0,-0.5515532023543885
-743.5,-0.5501677189615766
-742.0,-0.5457040521464537
-740.5,-0.539754730650997
-739.0,-0.532357831252646
-737.5,-0.5235863564177097
-736.0,-0.5208255279826068
-734.5,-0.5152292015945923
-733.0,-0.50821106174235
-731.5,-0.49982470644426
-730.0,-0.490156858585434
-728.5,-0.4793231448056715
-727.0,-0.4792828561537107
-725.5,-0.4719950177886773
-724.0,-0.4634001416570718
-722.5,-0.45357795644260107
-721.0,-0.4426372014035739
-719.5,-0.4403277697029252
-718.0,-0.43333208168916415
-716.5,-0.4251512640836009
-715.0,-0.4158493381911164
-713.5,-0.4055169701188649
-712.0,-0.39585716836162793
-710.5,-0.39033966531681874
-709.0,-0.38380208031084184
-707.5,-0.3762868867389498
-706.0,-0.36785894849417355
-704.5,-0.3586027785749729
-703.0,-0.3539726799638081
-701.5,-0.34909423814165
-700.0,-0.34340071561807267
-698.5,-0.3369356173472896
-697.0,-0.3297578030745223
-695.5,-0.32440798595812226
-694.0,-0.3202506003225819
-692.5,-0.31537405918928874
-691.0,-0.3098074211463372
-689.5,-0.3035932457515599
-688.0,-0.298314130704305
-686.5,-0.2975904543167157
-685.0,-0.29626912429628915
-683.5,-0.29434622048095926
-682.0,-0.29182861668178783
-680.5,-0.28873391710256663
-679.0,-0.28827269000125144
-677.5,-0.2876275128964022
-676.0,-0.2864077636305233
-674.5,-0.2846133626204819
-673.0,-0.2822545345218427
-671.5,-0.2821484912252892
-670.0,-0.283773381061673
-668.5,-0.28490346476823797
-667.0,-0.2855252850199605
-665.5,-0.2856334565729931
-664.0,-0.2859974505714825
-662.5,-0.2886176348068543
-661.0,-0.29082309445328003
-659.5,-0.29259272441554884
-658.0,-0.293910895626029
-656.5,-0.2947680025107422
-655.0,-0.2961829415317379
-653.5,-0.29732884427313755
-652.0,-0.2980593225741969
-650.5,-0.29836024543914835
-649.0,-0.29822272093407404
-647.5,-0.2999196260003899
-646.0,-0.30310412765222877
-644.5,-0.3059031534124459
-643.0,-0.30829060207966985
-641.5,-0.3102446483039153
-640.0,-0.312070032848622
-638.5,-0.3146595762970701
-637.0,-0.316834664696136
-635.5,-0.31857492777110824
-634.0,-0.31986491060775346
-632.5,-0.32069459048435245
-631.0,-0.3218615870334328
-629.5,-0.3227063416867929
-628.0,-0.32310478497739875
-626.5,-0.3230472545540757
-625.0,-0.32252965646196163
-623.5,-0.32327207918769413
-622.0,-0.3250440727969941
-620.5,-0.3263829891414837
-619.0,-0.3272739516705283
-617.5,-0.32770740835580947
-616.0,-0.3285054692501234
-614.5,-0.3320873730356292
-613.0,-0.3352751800156595
-611.5,-0.33804903400822783
-610.0,-0.340393572768391
-608.5,-0.3422984149386432
-607.0,-0.3469815836546411
-605.5,-0.3517499175160055
-604.0,-0.35609626374403663
-602.5,-0.3599971418979429
-601.0,-0.3634340382741411
-599.5,-0.3670127553343451
-598.0,-0.37072566129551415
-596.5,-0.37403646171754734
-595.0,-0.3769276009345761
-593.5,-0.37938591860102644
-592.0,-0.38206218231234657
-590.5,-0.3870205840044583
-589.0,-0.3915976800570208
-587.5,-0.39577511469389715
-586.0,-0.39953835146015776
-584.5,-0.40287703986598344
-583.0,-0.40568290911191335
-581.5,-0.40814991032226317
-580.0,-0.41029637290919335
-578.5,-0.4121179411080131
-577.0,-0.41361263231560796
-575.5,-0.4159018311270782
-574.0,-0.4189213795976644
-572.5,-0.4216649924336927
-571.0,-0.42412552656783553
-569.5,-0.42629775680092563
-568.0,-0.4283259748264727
-566.5,-0.4307219304280109
-565.0,-0.4328704022473612
-563.5,-0.43476718201524983
-562.0,-0.4364095710257235
-560.5,-0.4377964140849848
-559.0,-0.4411750513494916
-557.5,-0.44480912629343095
-556.0,-0.44831695582284303
-554.5,-0.4516928623842643
-553.0,-0.45493142138450016
-551.5,-0.45819376520907695
-550.0,-0.4615221695116326
-548.5,-0.4647760095371539
-547.0,-0.4679513414939134
-545.5,-0.471044273395625
-544.0,-0.4739084664746944
-542.5,-0.4760704243271935
-541.0,-0.4781922274726623
-539.5,-0.4802722291481818
-538.0,-0.48230879028031437
-536.5,-0.4843002817585083
-535.0,-0.4904751276124351
-533.5,-0.4925253590770649
-532.0,-0.49448528340677367
-530.5,-0.49635197466079073
-529.0,-0.498122645702909
-527.5,-0.503847089080297
-526.0,-0.5060470283581654
-524.5,-0.508069807288215
-523.0,-0.5099090712711383
-521.5,-0.511559080712754
-520.0,-0.5164307698977848
-518.5,-0.5185813075344237
-517.0,-0.520472715795897
-515.5,-0.5220974449534009
-514.0,-0.5234491997789259
-512.5,-0.5245230263037548
-511.0,-0.5265129099172094
-509.5,-0.5277037676564147
-508.0,-0.5284281912976256
-506.5,-0.5286872299472517
-505.0,-0.5284855907828916
-503.5,-0.5274178804819525
-502.0,-0.5272972675903171
-500.5,-0.5266693651803132
-499.0,-0.5255364855191399
-497.5,-0.5239053227083164
-496.0,-0.522132243310139
-494.5,-0.520604721155888
-493.0,-0.5183737439404873
-491.5,-0.5154444341766434
-490.0,-0.5118304584896043
-488.5,-0.5075536228404369
-487.0,-0.5019985582063035
-485.5,-0.5010798389128696
-484.0,-0.4993354998621986
-482.5,-0.49678813835515734
-481.0,-0.4934713728787693
-479.5,-0.4865879082482303
-478.0,-0.48436031584613504
-476.5,-0.4812869917630045
-475.0,-0.4774001109894883
-473.5,-0.47274342174172723
-472.0,-0.46550379925394403
-470.5,-0.4632355367429871
-469.0,-0.4601872219191011
-467.5,-0.4563865456416979
-466.0,-0.4518710984560378
-464.5,-0.4466867798449277
-463.0,-0.4412052010125632
-461.5,-0.4385500217483904
-460.0,-0.43507067083701567
-458.5,-0.4307915704573632
-457.0,-0.42575003910639914
-455.5,-0.422105788685718
-454.0,-0.42048388742737486
-452.5,-0.418051900025404
-451.0,-0.4148188635701329
-449.5,-0.41080720383460523
-448.0,-0.4086361195114331
-446.5,-0.4085396494753675
-445.0,-0.40762988205775263
-443.5,-0.40590146986609277
-442.0,-0.40336337426359115
-440.5,-0.40003851356464815
-439.0,-0.39931772773471663
-437.5,-0.39653679776056805
-436.0,-0.39291126890709815
-434.5,-0.38845666183501093
-433.0,-0.38320382063836855
-431.5,-0.37845978155134896
-430.0,-0.3741601222162669
-428.5,-0.3690524936692715
-427.0,-0.36315645748211195
-425.5,-0.3565061788962649
-424.0,-0.3506120947028638
-422.5,-0.347778634332366
-421.0,-0.34411292666124194
-419.5,-0.3396238282315294
-418.0,-0.334337468779111
-416.5,-0.3282964770992647
-415.0,-0.32121339006116995
-413.5,-0.3169098520222459
-412.0,-0.3118039751191538
-410.5,-0.30591903102478546
-409.0,-0.29929534048147755
-407.5,-0.28952519084227235
-406.0,-0.28344475067925584
-404.5,-0.2765801546901468
-403.0,-0.26896658202349083
-401.5,-0.2606569440219084
-400.0,-0.2497092349959245
-398.5,-0.24552990146289552
-397.0,-0.24062628349506565
-395.5,-0.23501955434490213
-394.0,-0.2287488623567161
-392.5,-0.22187001950840757
-391.0,-0.21960028313498656
-389.5,-0.21611570032452881
-388.0,-0.21198193847865004
-386.5,-0.20722339009661866
-385.0,-0.2018808091665184
-383.5,-0.19806771397354667
-382.0,-0.19328304363669407
-380.5,-0.18787744607699614
-379.0,-0.18188937781298678
-377.5,-0.17537327132630054
-376.0,-0.1702920412410994
-374.5,-0.1677794952707738
-373.0,-0.16473021417173644
-371.5,-0.16116400830125888
-370.0,-0.1571151344094296
-368.5,-0.1526306631286266
-367.0,-0.1540716979944705
-365.5,-0.15307585134780735
-364.0,-0.15157313309743783
-362.5,-0.14957748206500737
-361.0,-0.1471171000122376
-359.5,-0.15443960955843605
-358.0,-0.1540126278215146
-356.5,-0.15308549249719466
-355.0,-0.15166176296219808
-353.5,-0.1497593453820233
-352.0,-0.1474379135139875
-350.5,-0.14487967646431507
-349.0,-0.14185485902638803
-347.5,-0.1383835021234912
-346.0,-0.1344981619557623
-344.5,-0.13024239649750627
-343.0,-0.12851894198888597
-341.5,-0.1272280147180499
-340.0,-0.1255674309091592
-338.5,-0.12355043046210037
-337.0,-0.1211993641962816
-335.5,-0.12084248721521637
-334.0,-0.12304577320029077
-332.5,-0.12492090495076327
-331.0,-0.1264491004146568
-329.5,-0.12762027827771946
-328.0,-0.12835834305242252
-326.5,-0.12814839267438438
-325.0,-0.12760913776877175
-323.5,-0.12673722633214995
-322.0,-0.12553707768349084
-320.5,-0.12402082459919744
-319.0,-0.12313517238085389
-317.5,-0.12221159824898523
-316.0,-0.12097421418301246
-314.5,-0.11942844495907262
-313.0,-0.11758689444408801
-311.5,-0.11662207525397289
-310.0,-0.11688093293729598
-308.5,-0.1168762763305185
-307.0,-0.11660587976222932
-305.5,-0.11607307854089
-304.0,-0.11544818323619892
-302.5,-0.11602854358117975
-301.0,-0.11639042285649591
-299.5,-0.1165255474046902
-298.0,-0.1164295334234883
-296.5,-0.1161021720044289
-295.0,-0.1172096930653726
-293.5,-0.11863410349750503
-292.0,-0.11985544296556137
-290.5,-0.12086047844085328
-289.0,-0.12163941733612166
-287.5,-0.12191974708481254
-286.0,-0.12163402324907738
-284.5,-0.12113735436281127
-283.0,-0.1204223696881799
-281.5,-0.11948504983386207
-280.0,-0.11818959368621709
-278.5,-0.11535297557709041
-277.0,-0.11229114131823226
-275.5,-0.10901243152228053
-274.0,-0.10552891174961065
-272.5,-0.10185624053526876
-271.0,-0.0992510207081223
-269.5,-0.096864631342914
-268.0,-0.09430204577990046
-266.5,-0.09157001835020029
-265.0,-0.0886782507638482
-263.5,-0.08591919783314045
-262.0,-0.08339056946827154
-260.5,-0.08070481428015336
-259.0,-0.07786755738759024
-257.5,-0.07488721769830012
-256.0,-0.07187029160065389
-254.5,-0.06974214658675534
-253.0,-0.06747572786239338
-251.5,-0.06507600352585308
-250.0,-0.06255046292495729
-248.5,-0.059909051239560904
-247.0,-0.05918656888812331
-245.5,-0.05903446399257526
-244.0,-0.058770108200912934
-242.5,-0.05838980430155147
-241.0,-0.05789198866009629
-239.5,-0.057320408262902696
-238.0,-0.05671982792251406
-236.5,-0.0560360971649214
-235.0,-0.0552655121866547
-233.5,-0.05440561422041916
-232.0,-0.05350447959585021
-230.5,-0.05310628993445078
-229.0,-0.05262840428272637
-227.5,-0.05206696742819655
-226.0,-0.05141932874748624
-224.5,-0.050684197189261884
-223.0,-0.05114979982748161
-221.5,-0.052010697537608314
-220.0,-0.05281481414979736
-218.5,-0.05355434319830975
-217.0,-0.05422223115872076
-215.5,-0.054194264514710155
-214.0,-0.0531944027959671
-212.5,-0.05213440737561446
-211.0,-0.05101302083909482
-209.5,-0.049829641639012726
-208.0,-0.048560118859594686
-206.5,-0.0469065164277787
-205.0,-0.04519681485469621
-203.5,-0.04343204684426025
-202.0,-0.041613816093491185
-200.5,-0.039744300302629175
-199.0,-0.03879349684555296
-197.5,-0.038175768057559054
-196.0,-0.03754256217212425
-194.5,-0.03689246309286617
-193.0,-0.036224081926818134
-191.5,-0.03481639384400318
-190.0,-0.03229342604581977
-188.5,-0.029746111577551568
-187.0,-0.02717575782842152
-185.5,-0.02458375928010223
-184.0,-0.02190113476448724
-182.5,-0.018126391113711747
-181.0,-0.014342264913631345
-179.5,-0.010549641639852565
-178.0,-0.006749381406829902
-176.5,-0.002942316216207677
-175.0,0.013107883847415944
-173.5,0.017567973863910277
-172.0,0.022028928730056706
-170.5,0.02648843533187519
-169.0,0.03094422843690591
-167.5,0.049972239056674965
-166.0,0.05443743421256389
-164.5,0.058885976541035
-163.0,0.0633120957547213
-161.5,0.06771012300235284
-160.0,0.08756552782121926
-158.5,0.09468231863747974
-157.0,0.10174431245845515
-155.5,0.1087343202676966
-154.0,0.11563563602004774
-152.5,0.12243224295660711
-151.0,0.14786081168548013
-149.5,0.154440005846178
-148.0,0.160855944968548
-146.5,0.16709126205612973
-145.0,0.1731306716754828
-143.5,0.19505580214384383
-142.0,0.20112749728915794
-140.5,0.20699191906130293
-139.0,0.21263032139417726
-137.5,0.21802642855341905
-136.0,0.23467534468612228
-134.5,0.24442548421286114
-133.0,0.25384889242847036
-131.5,0.2628989732778287
-130.0,0.2715350369284983
-128.5,0.27972314903707823
-127.0,0.2993210014752018
-125.5,0.3099237288575539
-124.0,0.3199058511372944
-122.5,0.32922858610920586
-121.0,0.33786635986317826
-119.5,0.35530755497860605
-118.0,0.3642847631414996
-116.5,0.372537327455969
-115.0,0.3800325700150037
-113.5,0.3867525804030366
-112.0,0.3988246662348379
-110.5,0.4062758293814365
-109.0,0.412934875139008
-107.5,0.4187812762010205
-106.0,0.4238087334756272
-104.5,0.42802420086069576
-103.0,0.4403682602440421
-101.5,0.4463544458515182
-100.0,0.45148265077463556
-98.5,0.4557415976791785
-97.0,0.4591349967985387
-95.5,0.4689385767739438
-94.0,0.4754531189546719
-92.5,0.4810613691256538
-91.0,0.4857466835042949
-89.5,0.4895077696554451
-88.0,0.4967471580259334
-86.5,0.5032488276616639
-85.0,0.5087856570735718
-83.5,0.5133324300072764
-82.0,0.5168808686090889
-80.5,0.5194391966522074
-79.0,0.5288932922617038
-77.5,0.5347707583337128
-76.0,0.5395944621815751
-74.5,0.5433463040415376
-73.0,0.5460266144708551
-71.5,0.5525519204846001
-70.0,0.5572829755330104
-68.5,0.5609584071307477
-67.0,0.5635613722487613
-65.5,0.5650927638010501
-64.0,0.5688189514710547
-62.5,0.573355692386869
-61.0,0.5767159877754895
-59.5,0.5788684969554276
-58.0,0.5798041961035691
-56.5,0.5795364794415756
-55.0,0.584554494241432
-53.5,0.5874864536284603
-52.0,0.5891468067139336
-50.5,0.5895201109071522
-49.0,0.5886158282838818
-47.5,0.5920399402856216
-46.0,0.5957619666834095
-44.5,0.5981584276370612
-43.0,0.5992025641856276
-41.5,0.5988946902504205
-40.0,0.600196353817064
-38.5,0.6035713780759395
-37.0,0.6055551078751494
-35.5,0.6061175967865797
-34.0,0.6052584739427361
-32.5,0.6030068719230848
-31.0,0.6067576643731731
-29.5,0.6085571822307221
-28.0,0.6089279700766757
-26.5,0.6078610918025353
-25.0,0.6053778912432923
-23.5,0.6070994434456525
-22.0,0.6102495268516703
-20.5,0.6119328637909545
-19.0,0.6121311237879856
-17.5,0.6108578987904156
-16.0,0.610732227151439
-14.5,0.6139061856514861
-13.0,0.6155969892003945
-11.5,0.6157819318804474
-10.0,0.6144712065120745
-8.5,0.6117071633182072
-7.0,0.6152026226388039
-5.5,0.6173003828849669
-4.0,0.6178211583499782
-2.5,0.6167637583652723
-1.0,0.6141629723450206
0.5,0.612938467318382
2.0,0.6159388541825909
3.5,0.6173966251223476
5.0,0.6172902007978254
6.5,0.6156334701928919
8.0,0.6124748656509025
9.5,0.6146217430748884
11.0,0.6185314830267188
12.5,0.620937025957149
14.0,0.6218253426377589
15.5,0.6212164525449908
17.0,0.6205670273242548
18.5,0.6242365484875705
20.0,0.6264889926092465
21.5,0.6273120615174508
23.0,0.6267225374232659
24.5,0.6223417591416182
26.0,0.6234224217233593
27.5,0.6231970820341128
29.0,0.6216568998805518
30.5,0.618817878443219
32.0,0.6147201691400773
33.5,0.6110693263015219
35.0,0.610849480519045
36.5,0.609413702702253
38.0,0.6067623544752916
39.5,0.6029175437228943
41.0,0.5973302843275945
42.5,0.5973573136666349
44.0,0.5962247463654695
45.5,0.5939290577687681
47.0,0.5904870364280723
48.5,0.5832160206293392
50.0,0.5837748207475844
51.5,0.5833242096039271
53.0,0.5818602593232467
54.5,0.5793947443622972
56.0,0.5759547328523129
57.5,0.5728892124377987
59.0,0.5738499103987803
60.5,0.5739208396683957
62.0,0.5730944932498223
63.5,0.5713757251879741
65.0,0.5670054077338511
66.5,0.5694310515182543
68.0,0.5710358507676443
69.5,0.5718019755176792
71.0,0.5717223821057511
72.5,0.5674241337717159
74.0,0.5717208722674786
75.5,0.5752467865981861
77.0,0.5779691407107896
78.5,0.5798647210857619
80.0,0.5809205792006409
81.5,0.5789720682177157
83.0,0.5811504724447563
84.5,0.5825408579399816
86.0,0.5831274787542
87.5,0.5829042073994422
89.0,0.5827469907298004
90.5,0.5862663266947504
92.0,0.5890322053948629
93.5,0.5910197811923162
95.0,0.5922127802789857
96.5,0.5913137065700784
98.0,0.5952730454206412
99.5,0.5985040334403509
101.0,0.6009763104157473
102.5,0.6026676120840424
104.0,0.603564515480975
105.5,0.6055026397311457
107.0,0.6083749138077528
108.5,0.6105020869523369
110.0,0.6118621709121996
111.5,0.6124416309995935
113.0,0.6148454770514717
114.5,0.6180038786087676
116.0,0.6203816063934728
117.5,0.6219508797910382
119.0,0.6226930203080296
120.5,0.6209583802928973
122.0,0.6253799843143094
123.5,0.6291577756592872
125.0,0.6322676893555095
126.5,0.6346919273339624
128.0,0.6364194913024076
129.5,0.6419544579084828
131.0,0.6474350343664033
132.5,0.652292244017237
134.0,0.6565030018452067
135.5,0.6600504168392894
137.0,0.6641415929090518
138.5,0.6685455669257228
140.0,0.6723941555723358
141.5,0.6756694782324535
143.0,0.6783581005991837
144.5,0.6791086662794111
146.0,0.682470191725731
147.5,0.6853471066129468
149.0,0.6877247275427074
150.5,0.6895917165502852
152.0,0.6909403434799117
153.5,0.6910243947936645
155.0,0.6937510621610383
156.5,0.6959962948970986
158.0,0.6977512632367571
159.5,0.6990105152805537
161.0,0.6967169741712569
162.5,0.7003915528957918
164.0,0.7037371578308842
165.5,0.7067399149949103
167.0,0.7093870504250612
168.5,0.7051282840117317
170.0,0.7096316258981255
171.5,0.7138799832416025
173.0,0.7178613208180837
174.5,0.7215642274385894
176.0,0.7249780201198466
177.5,0.7227992317590548
179.0,0.7259631794549171
180.5,0.7290603123965306
182.0,0.7320892280158366
183.5,0.7350486155178533
185.0,0.7381723058278025
186.5,0.7413347501442469
188.0,0.7443695693723056
189.5,0.747274136957107
191.0,0.7500460862851073
192.5,0.7531983831544682
194.0,0.7575215683227755
195.5,0.7615578570661353
197.0,0.7652975489168501
198.5,0.7687319826194844
200.0,0.7718536048288176
201.5,0.7778144263779031
203.0,0.7833899804636666
204.5,0.78832694143952
206.0,0.7926120710123354
207.5,0.7962371600855214
209.0,0.8004318821211269
210.5,0.80457717687948
212.0,0.8077826903437284
213.5,0.8100532821456335
215.0,0.8114043627806062
216.5,0.8133484892617838
218.0,0.8185474531036608
219.5,0.8227358880153509
221.0,0.8259014427370642
222.5,0.8280442221573592
224.0,0.8291764203343004
225.5,0.8351394302768259
227.0,0.8402642812776842
228.5,0.8440476202803437
230.0,0.846489627209345
231.5,0.8476115097693262
233.0,0.8523789508337543
234.5,0.85892555936062
236.0,0.8637336398691607
237.5,0.8668535948038729
239.0,0.8683638453688496
240.5,0.8700946641363867
242.0,0.875237968742343
243.5,0.8785545542173792
245.0,0.8800834498940546
246.5,0.8798962823512912
248.0,0.8780910843991906
249.5,0.8763121896532388
251.0,0.8729527624556483
252.5,0.8679385568770384
254.0,0.8613710819108789
255.5,0.8533712259472921
257.0,0.8472575269030946
258.5,0.8417955709899048
260.0,0.8346357996688963
261.5,0.8258671941497926
263.0,0.8156049070244815
264.5,0.8059224009759309
266.0,0.8007174096164071
267.5,0.7939396750509748
269.0,0.7856673515194735
270.5,0.7760012406635576
272.0,0.7650598385220629
273.5,0.7596541829887904
275.0,0.7533994799542973
276.5,0.745661653081483
278.0,0.73651925024166
279.5,0.7260724767141225
281.0,0.7187791422854062
282.5,0.7133064564202382
284.0,0.7063791860819093
285.5,0.6980577958015786
287.0,0.6884260654243652
288.5,0.6794770289903189
290.0,0.675325351913121
291.5,0.6698295779156171
293.0,0.6630303558618249
294.5,0.6549900053043728
296.0,0.6457900359567186
297.5,0.6400389373181279
299.0,0.6333895892364465
300.5,0.62535664570167
302.0,0.6159947783505733
303.5,0.6053832700882211
305.0,0.5978203810846194
306.5,0.5921675324725344
308.0,0.5851508698476735
309.5,0.5768137017729098
311.0,0.5672256785324667
312.5,0.5577678691242689
314.0,0.551398040032198
315.5,0.5437110550372466
317.0,0.534750437388537
318.5,0.5245860198856662
320.0,0.5133112946592673
321.5,0.5065418163500867
323.0,0.499176636172845
324.5,0.4905770770335657
326.0,0.480806280785143
327.5,0.4699520454160856
329.0,0.4606575340714446
330.5,0.4522520132340895
332.0,0.4426958545720677
333.5,0.4320502287575224
335.0,0.4204001291672672
336.5,0.409356989795579
338.0,0.40263066336855113
339.5,0.3948445868118251
341.0,0.386046350306182
342.5,0.3763064405148745
344.0,0.3657155506648907
345.5,0.3590983822906916
347.0,0.3521407244506017
348.5,0.3442528040934819
350.0,0.3354941142889688
351.5,0.32594383258076065
353.0,0.3175452182562575
354.5,0.3098005561891636
356.0,0.30117011756393136
357.5,0.2917202383462069
359.0,0.2815373422869128
360.5,0.2627966143226904
362.0,0.25645428818877736
363.5,0.24935130326024574
365.0,0.24153557334007247
366.5,0.2330733507807075
368.0,0.22404651298582712
369.5,0.20608245539907016
371.0,0.19851721113327064
372.5,0.19037790652467812
374.0,0.18172892307908467
375.5,0.17264700014810735
377.0,0.15532770775188684
378.5,0.15095729854958545
380.0,0.14618887438887102
381.5,0.14105744495532105
383.0,0.1356061001737875
384.5,0.1211254760418348
386.0,0.11749490790675735
387.5,0.11356462283726323
389.0,0.10935882628595317
390.5,0.10490771384283229
392.0,0.10024639863691528
393.5,0.08054284471896354
395.0,0.07615991113963838
396.5,0.07158068052758465
398.0,0.06683505353754739
399.5,0.06195643277486784
401.0,0.04274504292466911
402.5,0.03828313432164938
404.0,0.03371684437175392
405.5,0.02907626158267628
407.0,0.02439294524312851
408.5,0.008493071791413564
410.0,0.004165872049893465
411.5,-0.00018666449694233062
413.0,-0.004538543125693184
414.5,-0.008863814055925442
416.0,-0.013137339974606345
417.5,-0.02572309135789988
419.0,-0.028662640458871007
420.5,-0.03155448394122898
422.0,-0.034384488687665554
423.5,-0.03713969724455179
425.0,-0.04518458171168386
426.5,-0.04844700618500876
428.0,-0.05163626636123775
429.5,-0.05473836967339764
431.0,-0.05774073044747906
432.5,-0.06585716849785238
434.0,-0.06966185274713572
435.5,-0.0733893726804852
437.0,-0.07702080533954014
438.5,-0.08053831453031526
440.0,-0.08392555967714892
441.5,-0.0940451739503432
443.0,-0.09744319564562275
444.5,-0.10069182535078355
446.0,-0.10377401875132439
447.5,-0.10667524962316535
449.0,-0.11708338629907247
450.5,-0.1196929946853495
452.0,-0.12210521318632049
453.5,-0.12430620572951899
455.0,-0.12628542977051083
456.5,-0.12940526379301534
458.0,-0.12953887431902858
459.5,-0.1294587785204649
461.0,-0.12916185058289234
462.5,-0.1286482021737982
464.0,-0.12792121867204967
465.5,-0.12211758199830887
467.0,-0.12143823817414333
468.5,-0.12057528284733356
470.0,-0.11953322828618346
471.5,-0.11831902040497788
473.0,-0.11160942335387176
474.5,-0.11105948246291106
476.0,-0.11034303455711011
477.5,-0.10946606992517507
479.0,-0.10843678190225364
480.5,-0.09711126156268192
482.0,-0.09741819499146048
483.5,-0.09764685297786445
485.0,-0.09780078447844591
486.5,-0.09788351119953514
488.0,-0.09789833761042695
489.5,-0.09232260024126202
491.0,-0.09421472232897644
492.5,-0.09608954405610959
494.0,-0.0979395071221554
495.5,-0.0997557413441843
497.0,-0.08388389757577278
498.5,-0.08448908629705532
500.0,-0.08505916777158709
501.5,-0.0855976931234629
503.0,-0.08610770763683889
504.5,-0.06740965742182455
506.0,-0.06788542787275548
507.5,-0.06837305017004477
509.0,-0.06887930029625244
510.5,-0.06940991383956144
512.0,-0.0699692557095478
513.5,-0.051642029994592345
515.0,-0.052562938329368966
516.5,-0.05354861724032929
518.0,-0.05460437020636871
519.5,-0.055733120737992234
521.0,-0.026085928982106377
522.5,-0.026705930507283676
524.0,-0.027427961752809454
525.5,-0.028273100963517428
527.0,-0.029261772513624454
528.5,0.020892716612199824
530.0,0.018569430482479943
531.5,0.015958545020638287
533.0,0.013040193431767988
534.5,0.009799465863473827
536.0,0.006227673779198972
537.5,0.11193941064706331
539.0,0.1118739983304824
540.5,0.11175204779318001
542.0,0.11156501842951572
543.5,0.11130427806437734
545.0,0.1114539127392811
546.5,0.11204435829787812
548.0,0.11254325675617
549.5,0.11293708295949462
551.0,0.11321259501153044
552.5,0.1134045091351853
554.0,0.11363812448577829
555.5,0.11356727988371268
557.0,0.11318450511050848
558.5,0.11248822937361873
560.0,0.11148288838749346
561.5,0.10625478911144144
563.0,0.09939775512815666
564.5,0.09199040499417502
566.0,0.08426467691466945
567.5,0.07643086900194143
569.0,0.06805964787090486
570.5,0.058669230304966555
572.0,0.04895753913053344
573.5,0.03916599864338158
575.0,0.02950538037612134
576.5,0.02048421113375974
578.0,0.013444239527994103
579.5,0.006072011169427002
581.0,-0.0014955826019746182
582.5,-0.009119069595601922
584.0,-0.016666800528690434
585.5,-0.02968836624678764
587.0,-0.04399823360997062
588.5,-0.05799442505015024
590.0,-0.07144814422305096
591.5,-0.08418115790074304
593.0,-0.09569161916926289
594.5,-0.10606420860137371
596.0,-0.11567175653547447
597.5,-0.12442094918880336
599.0,-0.13227317807695518
600.5,-0.13894116085199495
602.0,-0.14303851286379737
603.5,-0.14660054796700722
605.0,-0.14961420502347178
606.5,-0.15208657001499606
608.0,-0.1540404862672073
609.5,-0.15863726364503555
611.0,-0.1634512238822705
612.5,-0.16766481652184406
614.0,-0.17128460024763315
615.5,-0.174331703601189
617.0,-0.17737828762947064
618.5,-0.18053226952111118
620.0,-0.1831551672461284
621.5,-0.1852519693180095
623.0,-0.18684089217555988
624.5,-0.18837677666622404
626.0,-0.19239621193341855
627.5,-0.1958878287231809
629.0,-0.19885276533429824
630.5,-0.20130361845987826
632.0,-0.20326229562265186
633.5,-0.2070680344029381
635.0,-0.2109706548311856
636.5,-0.21433454440042995
638.0,-0.21715988069809916
639.5,-0.2194577237786649
641.0,-0.22329391450700212
642.5,-0.22906052755305342
644.0,-0.23424935251873968
645.5,-0.2388419698858822
647.0,-0.24283272575525744
648.5,-0.24654982089888117
650.0,-0.25212311637044527
651.5,-0.2571227564383013
653.0,-0.2615302051857555
654.5,-0.26533846550452256
656.0,-0.26855149811402157
657.5,-0.27542625300555185
659.0,-0.2828637845853341
660.5,-0.28962107374883095
662.0,-0.2956597914585414
663.5,-0.3009571094053527
665.0,-0.3071739858750737
666.5,-0.3147510446403984
668.0,-0.3215737842347466
669.5,-0.3275988038658353
671.0,-0.33280004195670876
672.5,-0.33730602463515613
674.0,-0.3421360172421676
675.5,-0.3461748457749758
677.0,-0.3493961602071197
678.5,-0.3517904531891799
680.0,-0.35336494841634725
681.5,-0.3556528213363973
683.0,-0.3575483905134933
684.5,-0.3585855380104805
686.0,-0.3587633409958239
687.5,-0.35809880243921133
689.0,-0.35776838896225494
690.5,-0.3580828210632601
692.0,-0.35754466642944605
693.5,-0.3561560423554749
695.0,-0.3539369694819561
696.5,-0.35140462275323636
698.0,-0.3523366100129717
699.5,-0.3524243978862327
701.0,-0.35166169193482644
702.5,-0.3500601201094695
704.0,-0.3476487257790598
705.5,-0.34774739033906266
707.0,-0.3480295459142056
708.5,-0.3474647398238109
710.0,-0.34605358022071164
711.5,-0.34381503255941237
713.0,-0.3417879289091138
714.5,-0.3402509520645095
716.0,-0.3378287900474507
717.5,-0.33452422104002494
719.0,-0.3303606013407536
720.5,-0.3254252685367799
722.0,-0.3260075113287419
723.5,-0.3257482661415262
725.0,-0.32462094854560636
726.5,-0.32261906752044117
728.0,-0.3197573925323881
729.5,-0.3211558564457564
731.0,-0.3221339903905285
732.5,-0.32225175693323554
734.0,-0.32149227725564933
735.5,-0.3198602681685282
737.0,-0.3170708187498207
738.5,-0.3163066288222226
740.0,-0.31472699127754633
741.5,-0.31233508692008616
743.0,-0.3091530862027988
744.5,-0.3006622722522806
746.0,-0.2984860860172023
747.5,-0.2955682187869205
749.0,-0.2919126792279013
750.5,-0.2875400437700795
752.0,-0.28248702444655327
753.5,-0.2711892594341495
755.0,-0.26670662957701996
756.5,-0.2615486026501299
758.0,-0.2557438479000237
759.5,-0.2493358161979887
761.0,-0.23490192592345985
762.5,-0.22933512189237254
764.0,-0.22319085341283978
765.5,-0.21650674928658967
767.0,-0.20933249305875765
768.5,-0.19152991646971734
770.0,-0.18330946779123392
771.5,-0.17463857690962226
773.0,-0.16557009257761418
774.5,-0.15616519496012257
776.0,-0.14649127668729206
777.5,-0.12820342362786866
779.0,-0.12367304938934351
780.5,-0.11886970119643
782.0,-0.11382234689135991
783.5,-0.10856462787143917
785.0,-0.09008482466465154
786.5,-0.08553549852250716
788.0,-0.08081441967084634
789.5,-0.07594947018539171
791.0,-0.0709707403433261
792.5,-0.05112212130680129
794.0,-0.04857056293512789
795.5,-0.04592178525145783
797.0,-0.04318813868725082
798.5,-0.04038329444936359
800.0,-0.03752186796921972
801.5,-0.023787512981666335
803.0,-0.021355207358968394
804.5,-0.018901847580648085
806.0,-0.01644151174940785
807.5,-0.013987904029666386
809.0,0.0005915280961839159
810.5,0.0006558536762282588
812.0,0.0006707598681854401
813.5,0.0006354264124197734
815.0,0.0005506245636937787
816.5,0.02074756108129411
818.0,0.022358501163100612
819.5,0.023918362649337752
821.0,0.02541695080252919
822.5,0.02684535815519153
824.0,0.028196261090315918
825.5,0.057990150915104635
827.0,0.05993995179403681
828.5,0.06177445196071815
830.0,0.06348487919790927
831.5,0.06506479130754261
833.0,0.0976366027254691
834.5,0.0988920377592619
836.0,0.09995463263334983
837.5,0.10081874454478289
839.0,0.1014823119646126
840.5,0.12890758403185124
842.0,0.12912966649742327
843.5,0.12918123423776176
845.0,0.12906766083529247
846.5,0.12879590029812285
848.0,0.12837417655526445
849.5,0.15345148667483194
851.0,0.15404187307233472
852.5,0.15446587240400844
854.0,0.15471887745359947
855.5,0.15479773997197832
857.0,0.1770826482133735
858.5,0.17670338945704936
860.0,0.17614374623202933
861.5,0.17539876028637175
863.0,0.174464509908333
864.5,0.19303448500886328
866.0,0.18924364390512904
867.5,0.18528108736712856
869.0,0.18114824747648356
870.5,0.17684755555644516
872.0,0.1723827349248651
873.5,0.1866862182185068
875.0,0.18380600163575062
876.5,0.18073882480646283
878.0,0.17747636185409527
879.5,0.17401226321335866
881.0,0.18919483066664589
882.5,0.1859075010935048
884.0,0.18259694363985352
885.5,0.17925021180163977
887.0,0.17585028441982067
888.5,0.1925417640004388
890.0,0.18633581578719444
891.5,0.1799015058312056
893.0,0.17321716705837223
894.5,0.16626375215782482
896.0,0.15902681623767628
897.5,0.1782661570509848
899.0,0.16351515348553006
900.5,0.14883608185200575
902.0,0.1342367496807304
903.5,0.11972416015462134
905.0,0.10539942171767314
906.5,0.0912812773002155
908.0,0.07719765383552091
909.5,0.0631709269262595
911.0,0.04922260761102593
912.5,0.03532010199042637
914.0,0.019679148549987993
915.5,0.004052024439832089
917.0,-0.01147333361049771
918.5,-0.02681297474339603
920.0,-0.04188934371665218
921.5,-0.06496882330962873
923.0,-0.09058158758773008
924.5,-0.11468387175497771
926.0,-0.13715156156825178
927.5,-0.1579542281990381
929.0,-0.17544142716422817
930.5,-0.18884797795887387
932.0,-0.20140852455224964
933.5,-0.21308446379855023
935.0,-0.2238723410208668
936.5,-0.2337462199464465
938.0,-0.24068449550643603
939.5,-0.24704105312137004
941.0,-0.25280190843933986
942.5,-0.2579694693492526
944.0,-0.2625597178923781
945.5,-0.2730244338155304
947.0,-0.2856516386452353
948.5,-0.29735014244953945
950.0,-0.3080545834308208
951.5,-0.31773790314003225
953.0,-0.32933258312608304
954.5,-0.3450633021032731
956.0,-0.3592483817754569
957.5,-0.37185941382148546
959.0,-0.3829326217868116
960.5,-0.3926055682058583
962.0,-0.40507803722512536
963.5,-0.4161155751458929
965.0,-0.42569165261495684
966.5,-0.43383270211579705
968.0,-0.4406059276099845
969.5,-0.44942438825036685
971.0,-0.45845124258776737
972.5,-0.46607385907725085
974.0,-0.47232588952989285
975.5,-0.4772726722101661
977.0,-0.48254119503481235
978.5,-0.4895028503449308
980.0,-0.49512792534721095
981.5,-0.49944532893211224
983.0,-0.5025141255219658
984.5,-0.5044536295059665
986.0,-0.5123979283514513
987.5,-0.5190222126395687
989.0,-0.5243488431383476
990.5,-0.5284256719638712
992.0,-0.5313203718111366
993.5,-0.5373374663390552
995.0,-0.5442138477670476
996.5,-0.549823246691767
998.0,-0.5541833944813961
999.5,-0.5573350959098404
