-197.698849,6.673556529123768,0.841154192833564
-195.97848193110949,6.6470148347327935,0.8032376622017212
-194.258114862219,6.620256594863953,0.7627709845206949
-192.5377477933285,6.59328004279713,0.7193122673244247
-190.81738072443798,6.566083397383676,0.6722688601401758
-189.0970136555475,6.53866486295704,0.6208124775944233
-187.376646586657,6.511022629188485,0.5637204103607419
-185.6562795177665,6.483154870986397,0.49904435236450456
-183.935912448876,6.455059748365482,0.4233009243630549
-182.21554537998549,6.426735406330829,0.32890343715174264
-180.495178311095,6.3981799747505885,0.18975749691202848
-178.7748112422045,6.319808212355968,0.17738750757748525
-177.05444417331398,6.19017732066939,0.27149791431516385
-175.3340771044235,6.060299720561748,0.29015598813714616
-173.613710035533,5.930166836790023,0.25081314845878067
-171.89334296664248,5.799770077259627,0.09927593057856965
-170.172975897752,5.719021138330333,0.2222420473670373
-168.4526088288615,5.647477509089028,0.2840742928634685
-166.73224175997098,5.575651339370818,0.2831103190488844
-165.0118746910805,5.503537886815286,0.21852031913657613
-163.29150762218998,5.453979837013139,0.10663608326185996
-161.57114055329947,5.5028965547351625,0.25228195532992226
-159.850773484409,5.551521185943909,0.28989872946154055
-158.13040641551848,5.599856941104294,0.2693731720216502
-156.41003934662797,5.647907011619214,0.1708948524512465
-154.6896722777375,5.774354666803111,0.18257130742591332
-152.96930520884698,5.968813929612889,0.27301180557170573
-151.2489381399565,6.163011868356754,0.2897613894636921
-149.52857107106598,6.356961305068376,0.24822051153775077
-147.8082040021755,6.550450301341916,0.08791769450861517
-146.087836933285,6.627639407966348,0.22765387423531255
-144.36746986439448,6.688926167464264,0.28595879150421866
-142.647102795504,6.7499991487123125,0.2829411824229596
-140.9267357266135,6.810862384080634,0.21604555046444343
-139.20636865772298,6.837802907537181,0.12462512084266464
-137.4860015888325,6.751896882902701,0.2568841294170391
-135.76563451994198,6.665781237689551,0.29117141314420725
-134.04526745105147,6.579450286066701,0.268161129394491
-132.324900382161,6.4928983279833306,0.16545348363641332
-130.60453331327048,6.50825219818968,0.19077327686828785
-128.88416624437997,6.597985375282509,0.27568590453874064
-127.16379917548947,6.687498769700882,0.2897444630120807
-125.44343210659898,6.776798291621404,0.2454464304891485
-123.72306503770848,6.865952937225513,0.07882638695787572
-122.00269796881798,6.961071159123467,0.2324389667385575
-120.28233089992747,7.056564017988912,0.2873765441019814
-118.56196383103698,7.151867372093662,0.28208726954314706
-116.84159676214648,7.246987513890939,0.21211064653053174
-115.12122969325597,7.331993954199488,0.13731667237611034
-113.40086262436547,7.390351241299925,0.26046959633634736
-111.68049555547498,7.448541062121668,0.2921324963564273
-109.96012848658448,7.506567258680716,0.26711691076660055
-108.23976141769397,7.564433662187506,0.16084421514902855
-106.51939434880347,7.6708549127745655,0.19929615766057085
-104.79902727991298,7.806933499535775,0.27879495212003885
-103.07866021102248,7.942872125093916,0.29041854825329405
-101.35829314213197,8.078679764864855,0.2440689029646677
-99.63792607324147,8.209486468894077,0.08186441025732077
-97.91755900435098,8.143919095496159,0.23859279661875227
-96.19719193546047,8.066520159363659,0.2894468273563691
-94.47682486656997,7.988998401374848,0.2815768645280066
-92.75645779767947,7.9113487031214,0.20843111579879803
-91.03609072878898,7.83059290499042,0.14926657315722527
-89.31572365989847,7.743245283814079,0.2638780750854943
-87.59535659100797,7.6557534963807825,0.2924913081337703
-85.87498952211747,7.568111766001364,0.2646569379082234
-84.15462245322696,7.4803143060759805,0.15199977344464724
-82.43425538433647,7.394120006003829,0.20451429476836583
-80.71388831544597,7.3086558779431465,0.2800050657673269
-78.99352124655547,7.223018889624004,0.28887042231628185
-77.27315417766496,7.137203386816438,0.2386572455012913
-75.55278710877447,7.046383347763104,0.07176164100736432
-73.83242003988397,6.850754205192489,0.24033617943089955
-72.11205297099346,6.651277282129696,0.2887791684282135
-70.39168590210296,6.451584095025178,0.27813597395903095
-68.67131883321247,6.251661459021842,0.1991444733282834
-66.95095176432196,6.146126022356965,0.1521845702197507
-65.23058469543147,6.210113925106504,0.26420875583239684
-63.510217626540964,6.273856435763079,0.29106055414914267
-61.78985055765045,6.337357762951652,0.26056480922478475
-60.06948348875997,6.400622099390954,0.13905087080642592
-58.34911641986946,6.330033370447158,0.20764984805367903
-56.62874935097895,6.203404368692876,0.2803660039649508
-54.90838228208847,6.07652953183481,0.2869318521121301
-53.18801521319796,5.949400482901746,0.23301033854562359
-51.467648144307475,5.832004643047358,0.06767805911143979
-49.747281075416964,5.848218719506944,0.2423639280250733
-48.026914006526454,5.866427123523172,0.28870165620512683
-46.30654693763597,5.884367443326531,0.2759583079932186
-44.58617986874546,5.902040863445419,0.19274697806065821
-42.86581279985495,5.968396230030013,0.1599646296132963
-41.14544573096447,6.107785214360364,0.2664174530409698
-39.42507866207396,6.246922050285802,0.2908949115638716
-37.70471159318345,6.385815924387025,0.2579090080396611
-35.984344524292965,6.524476007215327,0.12909337233584736
-34.263977455402454,6.623992421318215,0.21302001644585725
-32.54361038651194,6.710173052589855,0.28213968081374036
-30.82324331762146,6.796141308443254,0.2866647278152597
-29.10287624873095,6.881902864981327,0.23043395416470286
-27.38250917984047,6.942595573181712,0.08421890410408771
-25.662142110949958,6.781052631358209,0.24713325510555945
-23.941775042059447,6.618107279826498,0.2899370995307687
-22.221407973168965,6.454943474185505,0.27453946522178924
-20.501040904278454,6.291550441453006,0.18707682675421988
-18.780673835387944,6.173568718540313,0.16841863163685492
-17.06030676649746,6.112756390222113,0.2688243319202889
-15.339939697606951,6.0516922417223995,0.29049597961527684
-13.61957262871644,5.99037224124733,0.2544252641602534
-11.899205559825958,5.928792340108133,0.11530061944214245
-10.178838490935448,5.899428990533963,0.21686441760647768
-8.458471422044965,5.878411536219752,0.28276648685250516
-6.738104353154455,5.857126788978921,0.28472182864731643
-5.017737284263944,5.835573343466043,0.22440893375438375
-3.297370215373462,5.877841021333423,0.08966335594246028
-1.5770031464829515,6.319628229737159,0.19559286474472293
0.14336392240755913,6.718221273479864,0.10164152068345811
1.8637309912980413,6.643035118567218,0.25262691015209354
3.584098060188552,6.567632155417163,0.2941981642380273
5.3044651290790625,6.492007405509978,0.28023849624069336
7.024832197969545,6.4161558756745425,0.19940261452555905
8.745199266860055,6.315814832738282,0.17878874573303177
10.465566335750566,6.183189447142173,0.27367399147397237
12.185933404641048,6.050316891747138,0.2949223762229279
13.906300473531559,5.917188393567054,0.2611778505817266
15.626667542422041,5.783795162719403,0.1363689204797046
17.34703461131255,5.800494734938248,0.22362932003783131
19.067401680203062,5.859743179511327,0.28704054310965615
20.787768749093544,5.918723098561671,0.2896230397871488
22.508135817984055,5.9774383862769,0.23340557289204789
24.228502886874566,6.0227343765931085,0.11073475560078351
25.948869955765048,5.976365647330139,0.2545107392652491
27.66923702465556,5.929736092613725,0.2938944645044716
29.38960409354607,5.882842633698374,0.27760153084946704
31.10997116243655,5.835682174418499,0.1919354532243585
32.83033823132706,5.813459587968861,0.18391576002607643
34.550705300217544,5.819012376789966,0.27510329404479994
36.271072369108055,5.824293950815384,0.29429883793797096
37.991439437998565,5.829304658769258,0.25810432836046054
39.71180650688905,5.834044831484509,0.1252783172702684
41.43217357577956,5.9161765803615305,0.2279301868819369
43.15254064467007,6.014993031189068,0.2882955508688397
44.87290771356055,6.113551206956694,0.28881737015428055
46.59327478245106,6.211857615019479,0.22990366587674488
48.31364185134157,6.287098615307166,0.12473649683069851
50.034008920232054,6.249370671911047,0.25809819467499584
51.754375989122565,6.21139992836372,0.29467815220816185
53.474743058013075,6.173183877630333,0.2760908182114261
55.19511012690356,6.13471999647313,0.1865064494972513
56.91547719579407,6.035672918751416,0.1911993757579181
58.63584426468458,5.879745783756197,0.2773390872418609
60.35621133357506,5.7235514439280095,0.2938491893906369
62.07657840246554,5.567079586445559,0.25465824607654364
63.79694547135608,5.410319880170578,0.1114527725400204
65.51731254024656,5.3827597202351125,0.23143952916973737
67.23767960913705,5.37539474863274,0.2888041922281428
68.95804667802759,5.3677292721414425,0.2867902940071539
70.67841374691807,5.359762784639542,0.22379987349737335
72.39878081580855,5.360377067406531,0.13167014866877552
74.11914788469909,5.393931461134555,0.2596842508933025
75.83951495358957,5.427186573869984,0.29416719983500583
77.55988202248005,5.460144601294142,0.27319840036458903
79.28024909137059,5.4928077194850715,0.17816240232356828
81.00061616026107,5.450222157109945,0.19580640645511901
82.72098322915156,5.348055700407316,0.27851552433674476
84.4413502980421,5.245586933740735,0.29285188949908353
86.16171736693258,5.142809091549186,0.25083123380717115
87.88208443582306,5.039715387866183,0.09501104961489655
89.60245150471354,5.195985339829898,0.23486425921410664
91.32281857360408,5.37892653063665,0.2896692837771607
93.04318564249456,5.561567449741331,0.285758230716899
94.76355271138505,5.743920156111939,0.22002055188672043
96.48391978027558,5.892663364556531,0.14351403706554183
98.20428684916607,5.942916271244568,0.26311999534809455
99.92465391805655,5.992906143959648,0.2949317480852078
101.64502098694709,6.042636283319472,0.2717697180407618
103.36538805583757,6.092109972773169,0.17277382946156505
105.08575512472805,6.135030774938871,0.20304953203364992
106.80612219361859,6.173516719316358,0.2812019143914506
108.52648926250907,6.211754855248895,0.29342590188174966
110.24685633139956,6.249747707426827,0.24960708587885191
111.9672234002901,6.287497784350738,0.08765297771697397
113.68759046918058,6.185484042724431,0.24098696965670818
115.40795753807106,6.075629026411825,0.29154927520393836
117.1283246069616,5.965519738561282,0.2847347009242592
118.84869167585208,5.8551489091485065,0.21515643722414196
120.56905874474256,5.845329469755268,0.15239830737832344
122.2894258136331,6.075164024816739,0.2657885895917022
124.00979288252358,6.30474427763914,0.2953825436102791
125.73015995141407,6.534085386388461,0.2702803143388336
127.4505270203046,6.763202493433164,0.16745634640407717
129.1708940891951,6.947608032666144,0.21013166969343194
130.89126115808557,7.1071503859360625,0.2838905165691813
132.6116282269761,7.266506574432746,0.2940130490274821
134.3319952958666,7.425687119740276,0.24840774221601483
136.05236236475707,7.584702531838847,0.07984667999794556
137.77272943364756,7.461318766721191,0.24694780013617543
139.4930965025381,7.335178182011181,0.29378230917320197
141.21346357142858,7.208866488193518,0.28471927734848107
142.93383064031906,7.082375345467109,0.21272728179345451
144.6541977092096,7.023939933877661,0.16473680360465676
146.37456477810008,7.098740114494066,0.2698489788914053
148.09493184699056,7.173353575044098,0.29649934481223567
149.8152989158811,7.2477852419265005,0.269114048167916
151.53566598477158,7.322040029535021,0.16231422881041807
153.25603305366207,7.580593009870248,0.21707259414686647
154.9764001225526,7.923468258515824,0.28659259416223215
156.6967671914431,8.266211240224383,0.294638701975052
158.41713426033357,8.608844584798986,0.24728868814046912
160.1375013292241,8.945365607382062,0.09917725944599666
161.8578683981146,9.107450282301395,0.252984352322826
163.57823546700507,9.269480863356865,0.29684545222387854
165.2986025358956,9.431468048701806,0.2866895847070117
167.0189696047861,9.593422533631774,0.21498977595390473
168.73933667367658,9.725337575671674,0.18231979266914827
170.45970374256711,9.808451088716648,0.2766321153093837
172.1800708114576,9.891556791856573,0.2998675089464048
173.90043788034808,9.974660172192339,0.2709790243940916
175.62080494923862,10.057766716671056,0.16446366798610643
177.3411720181291,10.293796966804974,0.20925007672449902
179.06153908701958,10.586866126680526,0.2144354400411428
180.78190615591006,10.851626557637273,0.12046332779791517
182.5022732248006,10.928624471127229,0.2574515328307662
184.2226402936911,11.00556456064047,0.29609973638422704
185.94300736258157,11.082575880328111,0.2803927448365289
187.6633744314721,11.159663514907615,0.19777262877245538
189.3837415003626,11.290527184648417,0.19159305818254427
191.10410856925307,11.480115569562638,0.2788546914500725
192.8244756381436,11.669806517146545,0.29758021331346257
194.5448427070341,11.859612551844352,0.2628552528615255
196.26520977592457,12.049546205702585,0.13918153952309298
197.9855768448151,12.171789810516408,0.23507586808873338
199.7059439137056,12.279844869878044,0.29249099377876453
201.42631098259608,12.388055294473975,0.2928717791386747
203.14667805148662,12.496428228954489,0.23649400700559173
204.8670451203771,12.59872386500789,0.14196441131039397
206.58741218926758,12.671336029847371,0.2642142117219653
208.30777925815812,12.744129408342154,0.2992886253864267
210.0281463270486,12.817108806712419,0.2818735689121517
211.74851339593909,12.890279043462122,0.19860402653806966
213.46888046482962,12.788971964131944,0.20408338396472236
215.1892475337201,12.526952131512381,0.28337388458558394
216.9096146026106,12.265103979519832,0.29824482095042465
218.62998167150113,12.00341021947953,0.25999991577015746
220.3503487403916,11.742037909263933,0.1277163639964415
222.0707158092821,11.809924173283225,0.2385290597110094
223.79108287817257,11.928217928667808,0.2931964435356538
225.5114499470631,12.046643832924769,0.29136838004322213
227.2318170159536,12.16520970518639,0.23171095195917835
228.95218408484408,12.234934456183176,0.14993953942962673
230.67255115373462,12.126502015153385,0.2661423048135105
232.3929182226251,12.018214814809571,0.2983869493039016
234.11328529151558,11.910065705429924,0.2776613194857673
235.83365236040612,11.802047546414009,0.1871140927986846
237.5540194292966,11.767744601021432,0.20484144184078062
239.27438649818708,11.79067717674753,0.28310233392783685
240.99475356707762,11.813732820137815,0.2968276082371326
242.7151206359681,11.836913053458066,0.25659542301694493
244.4354877048586,11.859243923391965,0.11901249714076467
246.15585477374913,11.734231699465552,0.2421040116333019
247.8762218426396,11.593681265959246,0.2934734400626305
249.5965889115301,11.453240893354817,0.2886282914181709
251.31695598042063,11.312901309000274,0.22394753699273137
253.0373230493111,11.235987265557972,0.1523627290940185
254.7576901182016,11.341273428131196,0.2665442994833989
256.47805718709213,11.446652986239222,0.2975494673352088
258.1984242559826,11.552132897626125,0.27511540517832145
259.9187913248731,11.65772012666505,0.18027998369834247
261.63915839376364,11.667710017701497,0.2101388191015252
263.3595254626541,11.615466708026393,0.2846289603997444
265.0798925315446,11.563334897649199,0.2959563493186411
266.8002596004351,11.511311144540556,0.2527639353356837
268.5206266693256,11.460258849617752,0.11107260660612406
270.2409937382161,11.454865833454644,0.24509334164468918
271.9613608071066,11.452770531725976,0.2941212433390068
273.6817278759971,11.450775987191964,0.2873969481529521
275.4020949448876,11.448882068161664,0.21986089569657785
277.1224620137781,11.398038317413903,0.16184533896376888
278.84282908266863,11.23313920050517,0.26913869279808683
280.5631961515591,11.068326339506088,0.29696308888965983
282.2835632204496,10.903588852565926,0.2710210220781093
284.00393028934013,10.7389158627963,0.1680110090773401
285.7242973582306,10.576149796053523,0.21151277904216312
287.4446644271211,10.414433122460315,0.28399513369642704
289.16503149601164,10.252748649266191,0.2930030872219422
290.8853985649021,10.091085701156604,0.24562521834419807
292.6057656337926,9.937474127706874,0.09527496376118716
294.32613270268314,9.996123146169241,0.24480940718541033
296.0464997715736,10.063837358319608,0.29261630936241123
297.7668668404641,10.131560622594346,0.2837884893052802
299.48723390935464,10.199297410445016,0.21134121329926348
301.2076009782451,10.257323010089994,0.16450336021730205
302.9279680471356,10.296739298180354,0.2695282028434254
304.64833511602615,10.3361800158677,0.2958038210669829
306.36870218491663,10.375647767244969,0.26763524425932794
308.0890692538071,10.4151451581914,0.15820060257437527
309.8094363226976,10.332286466810595,0.2153911406422912
311.52980339158813,10.1946129426367,0.28494617214722995
313.2501704604786,10.056957105110213,0.291887225743489
314.97053752936915,9.919309865424447,0.2416731170367455
316.69090459825964,9.778087335217855,0.09595233305383984
318.4112716671501,9.580798793550967,0.24780361909183804
320.1316387360406,9.382230357073633,0.29244760715145013
321.8520058049311,9.183625969231937,0.28043117839744447
323.5723728738217,8.984972517065218,0.20187358471009748
325.29273994271216,8.90200956888414,0.16647542804768004
327.01310701160264,9.003442698647,0.2695040306615368
328.7334740804931,9.104814867394238,0.29405883184797166
330.4538411493836,9.206132768262549,0.2631202102282424
332.1742082182741,9.307403090835914,0.14461263813835476
333.89457528716457,9.435927395002345,0.21760600480741932
335.61494235605517,9.574358058671633,0.2852869096905805
337.33530942494565,9.712765456322694,0.29070436349882894
339.05567649383613,9.851158726367537,0.2381478864010449
340.7760435627266,9.990638123429308,0.10323067694540762
342.4964106316171,10.14127290247536,0.251797856017455
344.2167777005076,10.292018756177272,0.29413850620442317
345.9371447693982,10.442788727796293,0.2808977205780802
347.65751183828866,10.593592772008419,0.20139105041448666
349.37787890717914,10.681310237228837,0.18035266810269088
351.0982459760696,10.684733560638318,0.2745934550711488
352.8186130449601,10.688206931177957,0.2960617120826928
354.5389801138506,10.69173057818017,0.26321708879563577
356.2593471827412,10.695304734296682,0.14243879223355974
357.97971425163166,11.083383922022906,0.19838186159830073
359.70008132052214,11.582781774406598,0.16490884593445596
361.4204483894126,11.541022880536321,0.23223595983719242
363.1408154583031,11.289905984943546,0.2933410381500536
364.8611825271936,11.038879093323963,0.2977776644582652
366.5815495960842,10.787925631487171,0.24859998399435881
368.30191666497467,10.550066089049338,0.12204750927523716
370.02228373386515,10.489564204720793,0.2589489085314194
371.74265080275563,10.429099481361074,0.299133066246625
373.4630178716461,10.36866792674956,0.28666998389412646
375.1833849405366,10.308265550858804,0.21248499721667743
376.9037520094271,10.280985581058207,0.18976617739850526
378.6241190783177,10.300193673797027,0.2793552464097194
380.34448614720816,10.31942642420388,0.30056637256719543
382.06485321609864,10.33868510214634,0.27003115129314337
383.7852202849891,10.357970979171588,0.1605141337531258
385.5055873538796,10.386615292446209,0.23312633862435944
387.2259544227701,10.418180100793226,0.29314309903912716
388.9463214916607,10.449777356932364,0.29641831185860135
390.66668856055117,10.481409147087938,0.24523706287306396
392.38705562944165,10.4816256363898,0.13436723861988267
394.10742269833213,10.22997027796711,0.26214338129034825
395.8277897672226,9.978334940674237,0.29925047659260245
397.5481568361131,9.726703010157658,0.28382237889481254
399.2685239050037,9.475057872270852,0.20427839237531267
400.9888909738942,9.343683785085174,0.19270432122077263
402.70925804278465,9.35434879063385,0.2796858282168919
404.42962511167514,9.364976003925587,0.29880710967287766
406.1499921805656,9.375566126625216,0.2651838149207788
407.8703592494561,9.386119857954025,0.14604607117506735
409.5907263183467,9.41979279713004,0.2342884001333916
411.3110933872372,9.459005275118336,0.29247751334437005
413.03146045612766,9.4981868708533,0.29359240979468554
414.75182752501814,9.537340171319126,0.23843541858759987
416.4721945939086,9.617264582033282,0.1375595055420241
418.1925616627991,9.92213242120823,0.2631543997473958
419.9129287316896,10.226999956360112,0.2996997622744173
421.6332958005802,10.531887316528136,0.2839668613817765
423.35366286947067,10.836814632064042,0.20420456763705916
425.07402993836115,10.970253399594696,0.2045612993903919
426.79439700725163,10.932903629089292,0.28448629857518387
428.5147640761421,10.895620291278426,0.30074055735778354
430.2351311450326,10.858400924513592,0.265301948337641
431.9554982139232,10.821243071359296,0.14404124068685706
433.6758652828137,10.901339537540697,0.24189437464431737
435.39623235170416,11.002423196017684,0.29608160367762426
437.11659942059464,11.103577877255235,0.2955169305257933
438.8369664894851,11.20481026005369,0.23981372110535973
440.5573335583756,11.305366794290618,0.1580377736701279
442.2777006272662,11.402896185007766,0.26997154410649493
443.9980676961567,11.500523039939468,0.3024673943775409
445.71843476504716,11.598253804947609,0.28422969741169185
447.43880183393765,11.696094932765668,0.20194503552610757
449.1591689028281,11.726042636309568,0.213154324038086
450.8795359717186,11.698990865308769,0.28795559653440556
452.5999030406092,11.672056108329409,0.30186482289692174
454.3202701094997,11.64523658699662,0.26466728122938316
456.04063717839017,11.618530530536189,0.14032838362674896
457.76100424728065,11.379511824734777,0.24788952067926862
459.48137131617113,11.11460978470399,0.2975992991735613
461.2017383850616,10.849786174617636,0.2935777823222913
462.9221054539522,10.58502350935643,0.2330585780059199
464.6424725228427,10.395857531002774,0.16090490997918253
466.3628395917332,10.447920972911184,0.2702439015818312
468.08320666062366,10.500018826265828,0.3008296649398136
469.80357372951414,10.552154530859132,0.2798127338559608
471.5239407984046,10.604331528981588,0.19083652565837014
473.2443078672951,10.553805165372403,0.21383032003766567
474.9646749361857,10.430739563456443,0.2870975243319816
476.6850420050762,10.307707238577974,0.298996250153591
478.40540907396667,10.184700067459069,0.2581599406776514
480.12577614285715,10.061709928485765,0.11900576274210188
481.84614321174763,10.130446749424049,0.24773859759291567
483.5665102806381,10.212846618859118,0.2967373035491218
485.2868773495287,10.295265378833738,0.29152908116048204
487.0072444184192,10.377708471081203,0.2284340979271192
488.7276114873097,10.510880207179328,0.16873733639572133
490.44797855620016,10.773789784423728,0.2730877258104946
492.16834562509064,11.036755288790893,0.3020369591457943
493.8887126939811,11.299794082716518,0.2800445357791174
495.6090797628717,11.562923533482344,0.19018248354744582
497.3294468317622,11.660503657176564,0.22342779149981046
499.0498139006527,11.660298697201089,0.2913925739341816
500.77018096954316,11.660208196586357,0.3011305666848873
502.49054803843364,11.660232149347575,0.2592903007241022
504.2109151073241,11.66037055707445,0.12066053582019633
505.9312821762147,11.5609586878812,0.2555468135927728
507.6516492451052,11.459208467539824,0.29995949662818794
509.3720163139957,11.357559429464043,0.29210079759933993
511.09238338288617,11.256004862217818,0.22659319080315612
512.8127504517767,11.198349133701134,0.17983637873312608
514.5331175206671,11.232375123270216,0.27672656712253757
516.2534845895576,11.266487318306867,0.3023125417008601
517.9738516584482,11.300687971088392,0.2771116664508061
519.6942187273387,11.33497933972534,0.1810186313854285
521.4145857962292,11.26696272942926,0.22608467826212367
523.1349528651197,11.148838109613505,0.29149848879332285
524.8553199340101,11.03079417968515,0.2988897337183805
526.5756870029006,10.91282314573445,0.2533901065316132
528.2960540717912,10.795590281462573,0.11015073570167011
530.0164211406817,10.714013006887397,0.2560036673303287
531.7367882095722,10.632487712634026,0.29875619261229536
533.4571552784627,10.551009015947628,0.2886028470155903
535.1775223473531,10.469571537158702,0.21827809026322842
536.8978894162436,10.29935017161583,0.17408796707279695
538.6182564851342,9.975336318906914,0.22508823778728734
540.3386235540247,9.651325674987518,0.13527099050207766
542.0589906229152,9.440143884030078,0.2221924012891771
543.7793576918057,9.262988770734944,0.2862556533434632
545.4997247606962,9.085789833089212,0.2889236432011825
547.2200918295866,8.908535371431954,0.23232216009192416
548.9404588984772,8.753252928625956,0.10224546968378105
550.6608259673677,8.763032194159031,0.2519465605523776
552.3811930362582,8.773084099050042,0.2925680872389546
554.1015601051487,8.783059833365408,0.27668332216848857
555.8219271740392,8.792960055755435,0.19064995802965992
557.5422942429296,8.790413941402392,0.1793044817216192
559.2626613118201,8.773453643016449,0.2731831933178775
560.9830283807107,8.756417198447172,0.29312130470260717
562.7033954496012,8.739303482861985,0.25695564924816383
564.4237625184917,8.72211136631237,0.12223797378271195
566.1441295873822,8.655559527603934,0.2243555269968219
567.8644966562726,8.577414245032914,0.28631333486264327
569.5848637251631,8.49917987266883,0.28702193062344783
571.3052307940537,8.420851245053544,0.22705571696422328
573.0255978629442,8.385592001783195,0.11180782922218183
574.7459649318347,8.579990261173831,0.2544719872502376
576.4663320007252,8.774299600855716,0.29304736137917076
578.1866990696157,8.968532850213569,0.27544302488318834
579.9070661385061,9.162702833604227,0.18635895733799088
581.6274332073967,9.334184659475897,0.18815760307935495
583.3478002762872,9.483497736784432,0.276433035424074
585.0681673451777,9.632781548971366,0.2941295717845116
586.7885344140682,9.782045952570625,0.25631405745548796
588.5089014829587,9.931300323569994,0.11817315490467864
590.2292685518491,10.02868745746323,0.23187633253036805
591.9496356207397,10.11715503704575,0.28955990283903055
593.6700026896302,10.205635189066037,0.288343506780108
595.3903697585207,10.294133755488822,0.2272830166152775
597.1107368274112,10.376227235965612,0.1344669691896245
598.8311038963017,10.432742382133736,0.2609099430166451
600.5514709651922,10.48929093757327,0.2956071955846856
602.2718380340826,10.545876635940315,0.27570874623192604
603.9922051029732,10.602503213329639,0.18429892002784296
605.7125721718637,10.524691875019002,0.19834289381575243
607.4329392407542,10.336078278784143,0.2799053741959764
609.1533063096447,10.14749170952078,0.2942746487314535
610.8736733785352,9.958919715699633,0.25316740251993164
612.5940404474256,9.772040372167742,0.10630108294371506
614.3144075163162,10.033894404885812,0.23572155942514
616.0347745852067,10.350100673310557,0.2909066265617037
617.7551416540972,10.666334894538826,0.28815230434561245
619.4755087229877,10.982617948119678,0.22534304452961143
621.1958757918782,11.217351459477072,0.14935519824470594
622.9162428607686,11.198170831839711,0.26553198907503955
624.6366099296592,11.179074151305711,0.2971318514081205
626.3569769985497,11.160060157017622,0.27504903341118364
628.0773440674402,11.141127593552454,0.1805486115065681
629.7977111363307,11.216470924195526,0.20662038492789445
631.5180782052212,11.357169184625453,0.2834809884030358
633.2384452741117,11.497961890117494,0.29618713877512004
634.9588123430023,11.638858336586479,0.25453875908133355
636.6791794118927,11.778428454390268,0.11536761361202418
638.3995464807832,11.815132149545844,0.2447450075778245
640.1199135496737,11.843547713173201,0.2944901356300022
641.8402806185642,11.872089835274078,0.2886838308521202
643.5606476874547,11.900760400357997,0.2230268304096819
645.2810147563451,11.92361953921352,0.16152338234008864
647.0013818252357,11.931754957513936,0.2695106421611314
648.7217488941262,11.940022758222247,0.2982712235300613
650.4421159630167,11.948423487216596,0.27401336733337167
652.1624830319072,11.956957699169818,0.17602592956711108
653.8828501007977,11.938746243821052,0.2137443708148933
655.6032171696882,11.905097058723518,0.2858946642547922
657.3235842385787,11.871578495924698,0.2959256320341755
659.0439513074692,11.838188342346443,0.2513898553573829
660.7643183763597,11.805900568578528,0.11194730509880199
662.4846854452502,11.805702179085381,0.2482952351633634
664.2050525141407,11.80727121730948,0.2952796052714865
665.9254195830312,11.808964418831241,0.2872582216150679
667.6457866519218,11.810781895447986,0.21824530118120886
669.3661537208122,11.851429919807988,0.16934047042132946
671.0865207897027,11.971429190356961,0.27204857798006665
672.8068878585932,12.09156346282126,0.29866271603198424
674.5272549274837,12.211840669137052,0.27248334615921055
676.2476219963742,12.332268750671965,0.1707329720759487
677.9679890652648,12.37544215966419,0.22014770040277512
679.6883561341552,12.381625987118875,0.2882631971185129
681.4087232030457,12.387971899957424,0.29611288012071496
683.1290902719362,12.394480317179747,0.2494548503724844
684.8494573408267,12.394887351747375,0.1167656825474977
686.5698244097172,12.279170465946567,0.25303185094006875
688.2901914786077,12.160267302755901,0.29657850569659716
690.0105585474982,12.041511609623857,0.28596041396021765
691.7309256163887,11.922895545642907,0.21323022511938677
693.4512926852792,11.842679465796907,0.1765475319712438
695.1716597541697,11.827548360425864,0.27419405745956366
696.8920268230602,11.812542757167773,0.2983099172025265
698.6123938919507,11.797661665262886,0.26942894068351125
700.3327609608413,11.782904102181773,0.16120636699450808
702.0531280297317,11.851929535405498,0.2237645987141812
703.7734950986222,11.953903670397548,0.28913157097398756
705.4938621675127,12.056011650174202,0.2949572863994033
707.2142292364032,12.158260216472335,0.24551924715040538
708.9345963052937,12.261426488639088,0.11927163318227556
710.6549633741843,12.373818827194457,0.25612162364320995
712.3753304430747,12.486488565303324,0.29760336116388164
714.0956975119652,12.599327312412914,0.28555107883547964
715.8160645808557,12.712342518757453,0.2109772594631965
717.5364316497462,12.726934390141604,0.17509978280642668
719.2567987186367,12.6016949832913,0.20035164861664373
720.9771657875273,12.528250140132275,0.19050394142982413
722.6975328564178,12.547287868664844,0.281079108187315
724.4178999253082,12.56649862050277,0.3045064666265732
726.1382669941987,12.585883664040896,0.27830117566981977
727.8586340630892,12.60544427919394,0.18216338803191293
729.5790011319797,12.644617984011852,0.2344823601958152
731.2993682008702,12.692059457353619,0.2956609309614733
733.0197352697608,12.73968351263069,0.30156378437483455
734.7401023386512,12.787493294233965,0.2560447190515458
736.4604694075417,12.823174642527784,0.13591368692862024
738.1808364764322,12.641755288333803,0.2638163598713464
739.9012035453227,12.460515194702666,0.3028650090702066
741.6215706142132,12.279442395166631,0.29131220439944183
743.3419376831038,12.09852493428783,0.22136851388138704
745.0623047519942,12.042609683532973,0.19615171239970008
746.7826718208847,12.173232649487549,0.2829001198870532
748.5030388897752,12.304003941544055,0.30423983813980204
750.2234059586657,12.43493219394733,0.27580247861852936
751.9437730275562,12.566026051317028,0.17476700412421703
753.6641400964468,12.617762485586159,0.23842154230175536
755.3845071653373,12.642974737465673,0.296720073796426
757.1048742342277,12.66836633043232,0.3004851537281966
758.8252413031182,12.693938940972021,0.252172563804592
760.5456083720087,12.713171123817634,0.14452437923140457
762.2659754408992,12.671268649581261,0.26641841106389613
763.9863425097898,12.62954738455129,0.303515871078017
765.7067095786803,12.588004574053564,0.2903828902583036
767.4270766475707,12.546637475200976,0.21812319154024304
769.1474437164612,12.56802711541291,0.20403366525138977
770.8678107853517,12.668070720735212,0.2857991465998212
772.5881778542422,12.76829532411424,0.30467300489841104
774.3085449231327,12.868707542944554,0.2739820122530099
776.0289119920233,12.969314006984979,0.16851697591228124
777.7492790609138,13.034444362210586,0.24318018717429918
779.4696461298042,13.090362536362518,0.2985185332585293
781.1900131986947,13.14648959062126,0.30046626969681195
782.9103802675852,13.202829230811354,0.2502736604957853
784.6307473364757,13.251412125372745,0.15724765917721908
786.3511144053663,13.250686758182871,0.27069888502249123
788.0714814742568,13.250180856600132,0.3051401388223418
789.7918485431472,13.24989438722205,0.2902239103616166
791.5122156120377,13.249827331127612,0.21594856426135248
793.2325826809282,13.313583458091934,0.21265409134698599
794.9529497498187,13.444786929867236,0.2894877095678461
796.6733168187093,13.576222682819221,0.3063070767492358
798.3936838875998,13.707899395061851,0.2743849175469471
800.1140509564902,13.839825760623665,0.16789107002595666
801.8344180253807,13.866099801466996,0.2506860293232227
803.5547850942712,13.871503248669077,0.30171540920630857
805.2751521631617,13.877167151233763,0.3012585419432234
806.9955192320523,13.883091883114446,0.24903207698142302
808.7158863009428,13.879958704448951,0.16976945339986482
810.4362533698333,13.834967996668034,0.27504834039791703
812.1566204387237,13.790235331981359,0.3065057541077449
813.8769875076142,13.745757756892548,0.2893251841082705
815.5973545765047,13.701532334743423,0.2119875952653088
817.3177216453952,13.730656678051702,0.21899268064506583
819.0380887142858,13.825201813543536,0.2918951026065959
820.7584557831763,13.920004347319406,0.30659666270192015
822.4788228520667,14.015070538750857,0.27268371045921697
824.1991899209572,14.110406664659248,0.16205628538687217
825.9195569898477,14.057831938755914,0.25519015145131274
827.6399240587383,13.984588168578595,0.30311411733626126
829.3602911276288,13.911612320245123,0.30038328153726007
831.0806581965193,13.83889957549267,0.24531086651833403
832.8010252654097,13.73261418218311,0.17707572141264477
834.5213923343002,13.509164610627305,0.2771601046494346
836.2417594031907,13.285951570814325,0.3059013078730382
837.9621264720812,13.062960324985765,0.2857164619497673
839.6824935409717,12.840176150021346,0.20245846274318857
841.4028606098622,12.53443733148173,0.21996215634697736
843.1232276787526,12.16644888965531,0.29032772569628823
844.8435947476434,11.798608326033076,0.30164698792411954
846.5639618165338,11.430891353734912,0.26170072788453724
848.2843288854243,11.063273694048357,0.12951193730793326
850.0046959543148,10.984652241178761,0.24874642428191582
851.7250630232053,10.931671407446567,0.29765323806098576
853.4454300920958,10.878756925054928,0.2928823347503795
855.1657971609862,10.825905300292233,0.23113172682319275
856.8861642298767,10.77124524248627,0.16776907849826747
858.6065312987672,10.711492070638398,0.2724892606417485
860.3268983676577,10.65179071266342,0.30122166566958375
862.0472654365482,10.592137226754133,0.27857333212059443
863.7676325054387,10.532527674244854,0.18668893266260764
865.4879995743291,10.648337789383092,0.2172848925813601
867.2083666432198,10.874592497609068,0.28877842539598625
868.9287337121103,11.100909788499212,0.30014462826573546
870.6491007810008,11.32730460478799,0.2594146278323307
872.3694678498913,11.553791894314868,0.122533316005317
874.0898349187818,11.435278886419988,0.253689511627844
875.8102019876723,11.302934517485449,0.29933688409257614
877.5305690565627,11.170681012741236,0.29233965355915703
879.2509361254532,11.038509640076802,0.2278968702673601
880.9713031943437,10.943440866614981,0.17699979849956338
882.6916702632342,10.931361085721184,0.2757216003907058
884.4120373321247,10.919347635677758,0.30207557129394363
886.1324044010152,10.907399723287824,0.27751522451421795
887.8527714699059,10.895516559679914,0.1825206524529879
889.5731385387963,10.910604686853098,0.22386436251568909
891.2935056076868,10.939854667591872,0.29076007738297116
893.0138726765773,10.969171539977939,0.29908539585990485
894.7342397454678,10.99855723966436,0.2546536942410168
896.4546068143583,11.02963392086458,0.1059322746841601
898.1749738832488,11.495592542397834,0.22527482860304618
899.8953409521392,11.961654748478338,0.1980233428177963
901.6157080210297,12.19119204914363,0.18453930994708026
903.3360750899202,12.074358888816011,0.2768160554353837
905.0564421588107,11.957667526394312,0.2983975836370433
906.7768092277012,11.841110257269833,0.2670206052977319
908.4971762965916,11.724679385682924,0.1529676442952551
910.2175433654824,11.737304723906119,0.22674892644332734
911.9379104343728,11.79227227713378,0.289745699921389
913.6582775032633,11.847363003345858,0.2937219169974825
915.3786445721538,11.902580539938072,0.2416105752531862
917.0990116410443,11.953533303552206,0.12223897969454832
918.8193787099348,11.967203709531175,0.257798430352198
920.5397457788252,11.980845410482484,0.2971991757763212
922.2601128477157,11.99462273506322,0.2828702257599249
923.9804799166062,12.008536592928673,0.20377065321698198
925.7008469854967,11.923710288303615,0.18920570296712477
927.4212140543872,11.717340441504033,0.2779300299689998
929.1415811232777,11.51108882027456,0.2972387356955613
930.8619481921684,11.304941806737046,0.26290497229608817
932.5823152610589,11.098885789919798,0.1398016369122578
934.3026823299493,11.067313369989343,0.2291010550685737
936.0230493988398,11.080562153172943,0.28968051706971093
937.7434164677303,11.093887118290477,0.2913119059068107
939.4637835366208,11.107289145125518,0.23522546082317397
941.1841506055113,11.113616354022506,0.12506734305794773
942.9045176744017,11.07729024392774,0.2586688533079501
944.6248847432922,11.041037415961169,0.296135282753973
946.3452518121827,11.004858160280136,0.27928394790676053
948.0656188810732,10.968750088130589,0.19446662525885258
949.7859859499637,10.99519032159419,0.19184102896601266
951.5063530188542,11.086515016959774,0.2785560830973398
953.2267200877449,11.17791628729725,0.2965537155590362
954.9470871566353,11.269400167426289,0.26049483373830606
956.6674542255258,11.360972697618635,0.13163792393926763
958.3878212944163,11.327445577780512,0.23421536545077312
960.1081883633068,11.269868601292924,0.291214420748457
961.8285554321973,11.212380305795225,0.2903983249894976
963.5489225010878,11.154976895597885,0.2311552659349659
965.2692895699782,11.116063000033678,0.1358335936961467
966.9896566388687,11.157878234280455,0.26164821306213665
968.7100237077592,11.199774755298806,0.29669632122329864
970.4303907766497,11.241755329323427,0.2777817350780529
972.1507578455402,11.283822728148321,0.1893643935890428
973.8711249144309,11.31145243554752,0.19891741012060601
975.5914919833214,11.326462456157799,0.28087303683830367
977.3118590522118,11.341564894396539,0.2963379681864805
979.0322261211023,11.356760747425161,0.25758509138017904
980.7525931899928,11.371748851041005,0.12120802157360679
982.4729602588833,11.209191161394624,0.23812186808284055
984.1933273277738,11.022303804331992,0.29199711858771116
985.9136943966643,10.835488782659459,0.2886653450984197
987.6340614655547,10.648733761821887,0.22560497711775798
989.3544285344452,10.571292710420986,0.14315134256790357
991.0747956033357,10.863139046456546,0.26368265260843216
992.7951626722262,11.155047208938713,0.2968319317964021
994.5155297411167,11.447036471274163,0.27611442826200994
996.2358968100074,11.739126112202097,0.18416121094905652
997.9562638788979,11.76363733685005,0.2056831752456439
999.6766309477883,11.591095188521308,0.28294863274525245
1001.3969980166788,11.418662930347184,0.2956434110248084
1003.1173650855693,11.246329177394614,0.2536588291325187
1004.8377321544598,11.076501734671577,0.10996311567878321
1006.5580992233503,11.156305414716034,0.24105542522271542
1008.2784662922408,11.259727026112614,0.29291175880683645
1009.9988333611312,11.36323664889972,0.2881947730071906
1011.7192004300217,11.466841117358271,0.22334677145328435
1013.4395674989122,11.556945531218311,0.1565898369597999
1015.1599345678027,11.610541385026725,0.26792654608429967
1016.8803016366934,11.664248412939529,0.2979600877271887
1018.6006687055839,11.718070160988633,0.27479374998050604
1020.3210357744744,11.772010182791682,0.17881639527963406
1022.0414028433648,11.752511746136964,0.21216269738063248
1023.7617699122553,11.687733918897516,0.2852521909427721
1025.4821369811457,11.62307236243548,0.2957133209058307
1027.2025040500362,11.558522807438138,0.2514901239690273
1028.9228711189267,11.49335388521794,0.10888481563425406
1030.6432381878171,11.398014181869073,0.24576618004034761
1032.3636052567076,11.300923172687854,0.29396314165825904
1034.083972325598,11.203922894889645,0.2863357925480479
1035.8043393944886,11.107006943987713,0.21707468438307628
1037.524706463379,11.07858165389573,0.16219655509267036
1039.24507353227,11.200134086038556,0.26942250682512187
1040.9654406011605,11.321770594912742,0.29745910807035564
1042.685807670051,11.443499211639937,0.2720151124755006
1044.4061747389414,11.565327973417752,0.1706328270940265
1046.126541807832,11.665524909759704,0.2166015510512969
1047.8469088767224,11.754680528651296,0.28674080241472555
1049.567275945613,11.843956838512765,0.2954692866858916
1051.2876430145034,11.93335973385749,0.24932510678506442
1053.0080100833939,12.019562972126554,0.11221488428919871
1054.7283771522843,12.031701950628486,0.2507256510213608
1056.4487442211748,12.04131915918659,0.2959337471180576
1058.1691112900653,12.05107598418663,0.2865644849458797
1059.8894783589558,12.060973069829831,0.2156134846070802
1061.6098454278463,12.098111238773434,0.17500541776597175
1063.3302124967367,12.184443230913159,0.27397218434559156
1065.0505795656272,12.270924289333335,0.2990478278142958
1066.7709466345177,12.35756012400554,0.2715459956054709
1068.4913137034082,12.444356455101246,0.1672706984582645
1070.2116807722987,12.432481690141639,0.2240907986254797
1071.9320478411892,12.379092423254285,0.28936215167444407
1073.6524149100796,12.325865074473668,0.2952478935258393
1075.3727819789701,12.272796129436367,0.24604915405948163
1077.0931490478606,12.189968826295615,0.11357425781039945
1078.813516116751,11.698171932987508,0.20649803640929806
1080.5338831856416,11.199285687352003,0.10706480009064673
1082.2542502545325,11.364956322160252,0.25512572965808766
1083.974617323423,11.533197918128888,0.2997190274140155
1085.6949843923135,11.701545581559387,0.29190406744250713
1087.415351461204,11.870010427689193,0.22631258122446427
1089.1357185300944,12.019360233452627,0.18604067104664096
1090.856085598985,12.132117630460813,0.2794029898662917
1092.5764526678754,12.245020638930573,0.3040238058407333
1094.2968197367659,12.35807671334523,0.27876200663354733
1096.0171868056564,12.471293318293906,0.18410727303718474
1097.7375538745468,12.390347694246483,0.23258376833526268
1099.4579209434373,12.222785544813362,0.2945850089065533
1101.1782880123278,12.055374993240514,0.3006318788223863
1102.8986550812183,11.888104986157012,0.25474253107903394
1104.6190221501088,11.729956840428265,0.12486726558726138
1106.3393892189993,11.794727634342314,0.2605151684514002
1108.0597562878897,11.859621763355724,0.30165203975543914
1109.7801233567802,11.924643512136779,0.29150530351419784
1111.5004904256707,11.989797173790333,0.22318317612092306
1113.2208574945612,12.00614692895984,0.19426291841947507
1114.9412245634517,11.944884431550442,0.281913690202632
1116.6615916323422,11.883755183427354,0.3033374067378906
1118.3819587012326,11.822755148502164,0.2745107533710495
1120.1023257701231,11.761880299206036,0.17175169156969963
1121.8226928390136,11.815235356591222,0.23364222082745806
1123.5430599079045,11.91010909863805,0.294671042968809
1125.263426976795,12.005113793906279,0.2998410042205708
1126.9837940456855,12.100255715143192,0.25260703049453703
1128.704161114576,12.193438121781044,0.13971209911882362
1130.4245281834665,12.263008382488797,0.26492292132921413
1132.144895252357,12.332732896797708,0.30307370466166483
1133.8652623212474,12.402616268298363,0.2907468698660185
1135.585629390138,12.4726631110804,0.2195960761105774
1137.3059964590284,12.593349903619936,0.201829876159916
1139.0263635279189,12.781442215641194,0.2853555663680114
1140.7467305968094,12.969723011143357,0.30553124637895773
1142.4670976656998,13.158204721453004,0.2765918965525944
1144.1874647345903,13.346899791200409,0.17574001884039253
1145.9078318034808,13.361901700646865,0.24436696963718793
1147.6281988723713,13.327017416013799,0.29937916606183224
1149.3485659412618,13.292357636751882,0.3014956259004999
1151.0689330101523,13.257920074439552,0.2520530377062982
1152.7893000790427,13.213719761445919,0.15507868610185999
1154.5096671479332,13.099093769274058,0.2698911568164824
1156.2300342168237,12.984677233691286,0.3046925871001179
1157.9504012857142,12.87046260029078,0.2899028947160759
1159.6707683546047,12.756442327983425,0.21553946552354875
1161.3911354234951,12.693477386220524,0.20832172930468454
1163.1115024923856,12.687754119892915,0.2871745016328086
1164.831869561276,12.682213151227632,0.30431513860325904
1166.552236630167,12.676854114390142,0.27169127356710415
1168.2726036990575,12.671676655533828,0.16152264566650743
1169.992970767948,12.742165494029202,0.2447136945432443
1171.7133378368385,12.829542015608993,0.2986925587774505
1173.433704905729,12.917110196478788,0.2994263685901758
1175.1540719746195,13.004875818378306,0.24738962150638882
1176.87443904351,13.116310568355942,0.1617153529281725
1178.5948061124004,13.345571027313483,0.2723703973338097
1180.315173181291,13.575057216657187,0.30602261331677105
1182.0355402501814,13.804784288346648,0.2907741658912276
1183.7559073190719,14.03476741023194,0.2165238023412724
1185.4762743879623,14.089380009240365,0.21988318232359275
1187.1966414568528,13.978080014184119,0.2922567898061991
1188.9170085257433,13.86704751126915,0.3066902436182486
1190.6373755946338,13.756275169520308,0.27255370125020206
1192.3577426635243,13.645755675127091,0.16151982079807028
1194.0781097324148,13.5712709354197,0.2522922053497354
1195.7984768013052,13.502788505289798,0.3016444201504378
1197.5188438701957,13.43454218592025,0.2995203454128063
1199.2392109390862,13.366527471311638,0.24458181241153001
1200.9595780079767,13.281998394392561,0.1709165096611097
1202.6799450768672,13.134267023081499,0.2749128081779346
1204.4003121457577,12.986747430696449,0.305151839560547
1206.1206792146481,12.839429877173679,0.28607492920776595
1207.8410462835386,12.692304635799214,0.20429814757498008
1209.5614133524296,12.514099356054654,0.21822271416944078
1211.28178042132,12.311134429784003,0.2900358866764139
1213.0021474902105,12.108326934662546,0.30252554965383327
1214.722514559101,11.905663480203927,0.26424569155114036
1216.4428816279915,11.703130685445311,0.1379395427517074
1218.163248696882,11.660007287363793,0.2494240908322371
1219.8836157657724,11.633943973488348,0.2986876296810522
1221.603982834663,11.607993378889724,0.29484971954430705
1223.3243499035534,11.582153790152619,0.2353251929572746
1225.044716972444,11.545032253345832,0.16963160868692792
1226.7650840413344,11.474087601403326,0.2735631640293683
1228.4854511102249,11.403245114132107,0.3025729551122764
1230.2058181791153,11.332500114107829,0.28092714747598463
1231.9261852480058,11.26184793035955,0.192204256017623
1233.6465523168963,11.20089680351926,0.21802591492362108
1235.3669193857868,11.146469152534538,0.2890627388638486
1237.0872864546773,11.092122035018834,0.3001881474962158
1238.8076535235678,11.037851862686882,0.2592373461975026
1240.5280205924582,10.983655052313768,0.12175569761484892
1242.2483876613487,10.964992910402799,0.25092375132760475
1243.9687547302392,10.948409666912577,0.2982364609076411
1245.6891217991297,10.931893879908586,0.29224575181042695
1247.4094888680202,10.915444458931942,0.22880029116558429
1249.1298559369106,10.907583531841645,0.17355657389819545
1250.8502230058011,10.920268644674149,0.2744582416882952
1252.570590074692,10.933019355966723,0.30163374793628145
1254.2909571435825,10.945836507601818,0.2776558904077572
1256.011324212473,10.958720945824062,0.18344831618117516
1257.7316912813635,11.110417975995432,0.2052299527101509
1259.452058350254,11.339775670229688,0.2202916591489953
1261.1724254191445,11.557948762667069,0.1096586227782731
1262.892792488035,11.60942519705959,0.2522232257206457
1264.6131595569254,11.657621721188818,0.2957290485267267
1266.333526625816,11.70593252792664,0.2845752484974426
1268.0538936947064,11.75436080702124,0.21023094891347452
1269.7742607635969,11.800680162931629,0.1793236374587785
1271.4946278324874,11.843650040388642,0.27500649307591063
1273.2149949013778,11.886746483071878,0.2980943852484294
1274.9353619702683,11.929972336455606,0.2680588281981528
1276.6557290391588,11.973330454543401,0.15687542430160525
1278.3760961080493,12.055287774040194,0.22572266610054262
1280.0964631769398,12.151007674726626,0.28966560727026736
1281.8168302458303,12.246874434103637,0.2944888863506821
1283.5371973147207,12.342894381822054,0.24372953569063785
1285.2575643836112,12.438579582421522,0.12199705740115906
1286.9779314525017,12.529624552620106,0.2576116469837742
1288.6982985213922,12.620805821035734,0.29795882079639735
1290.4186655902827,12.712164966818941,0.2849946837102378
1292.1390326591732,12.803708022010893,0.20901984890718622
1293.8593997280636,12.841734478902584,0.1909160285936949
1295.5797667969546,12.809761582243917,0.2794017598448205
1297.300133865845,12.77797903886465,0.2996578410485833
1299.0205009347355,12.746384750300429,0.267657360626874
1300.740868003626,12.714976630523573,0.15361468584461468
1302.4612350725165,12.76864134195811,0.23298174423632356
1304.181602141407,12.846300301610789,0.2924829313971911
1305.9019692102975,12.924152027032111,0.29485789276363006
1307.622336279188,13.002201658419768,0.24179660223416394
1309.3427033480784,13.047751673464136,0.13436108225691318
1311.063070416969,12.87324636817334,0.26184588762013766
1312.7834374858594,12.698756990182543,0.29866858415569714
1314.5038045547499,12.524450636323367,0.2826339747283793
1316.2241716236404,12.350315797935966,0.20148927679746814
1317.9445386925308,12.264659574152455,0.1947784679908597
1319.6649057614213,12.276387673720443,0.2802545753032592
1321.3852728303118,12.288270910251791,0.29845239794643547
1323.1056398992023,12.300310068357236,0.26369500097210324
1324.8260069680928,12.312505942915914,0.14114221817879255
1326.5463740369833,12.120662791208847,0.23530771703053813
1328.2667411058737,11.885195115649777,0.2919626607085426
1329.9871081747642,11.649856748359149,0.29128531487043446
1331.7074752436547,11.414632150985083,0.2327755047032073
1333.4278423125452,11.224175752420011,0.13224344029839294
1335.1482093814357,11.250380029950566,0.2606696910327784
1336.8685764503261,11.276671701732473,0.2966034728965237
1338.588943519217,11.303052503687816,0.278511064682623
1340.3093105881076,11.329524177616772,0.19165155566731432
1342.029677656998,11.35297238458207,0.1969504485853861
1343.7500447258885,11.37362097127383,0.2802529047926605
1345.470411794779,11.394365089269417,0.29647489847698766
1347.1907788636695,11.4152061082052,0.25857102397605464
1348.91114593256,11.436031964838703,0.12438950757218893
1350.6315130014505,11.196535499281383,0.23657685820649654
1352.351880070341,10.916678015418533,0.291328761412663
1354.0722471392314,10.636885892946642,0.28842377596047414
1355.792614208122,10.35714065843541,0.2256449577910655
1357.5129812770124,10.108898191395665,0.13647590899383677
1359.2333483459029,9.976612634430396,0.2611612119024881
1360.9537154147934,9.844330370523254,0.2947915750166372
1362.6740824836838,9.712042665663942,0.2733519599386868
1364.3944495525743,9.579740785479611,0.17793151908566002
1366.1148166214648,9.568150052894064,0.19637199154134696
1367.8351836903553,9.651012877083106,0.2789644167519281
1369.5555507592458,9.73385749642631,0.2935456186218253
1371.2759178281362,9.816689380778149,0.25220590196980064
1372.9962848970267,9.898768853104896,0.10445697928521641
1374.7166519659172,9.860290086417843,0.23696015460361183
1376.4370190348077,9.808770883968439,0.2905514020401116
1378.1573861036982,9.757243892728736,0.28603578149738207
1379.8777531725887,9.705705710602867,0.21986013835328425
1381.5981202414796,9.665441091055257,0.14418366662720244
1383.31848731037,9.65796367786105,0.26325655785386315
1385.0388543792606,9.650468518745809,0.29479166122643147
1386.759221448151,9.642955118842606,0.27127090209735955
1388.4795885170415,9.635422982075779,0.1713412830236116
1390.199955585932,9.709278418881668,0.20265862777145355
1391.9203226548225,9.836600210392634,0.2810611168442039
1393.640689723713,9.963916050556895,0.29340983118272684
1395.3610567926034,10.091234345481151,0.24970848178656085
1397.081423861494,10.214977985444964,0.10074967935465354
1398.8017909303844,10.142730579655325,0.24161372448311377
1400.522157999275,10.056447703477946,0.2918051504441708
1402.2425250681654,9.970173391513118,0.28479094259992466
1403.9628921370559,9.883901947445818,0.21504192428298227
1405.6832592059463,9.785535231002495,0.15320799544535424
1407.4036262748368,9.658743377479146,0.2657661198727522
1409.1239933437273,9.531933829515934,0.2946554240721143
1410.8443604126178,9.405098214446145,0.2684167118368766
1412.5647274815083,9.278228157878566,0.16218774694534982
1414.2850945503988,9.303424384156083,0.2070476118150764
1416.0054616192892,9.411924543404297,0.28210060700966855
1417.7258286881797,9.520390711867334,0.29212777440161247
1419.4461957570702,9.628830051080463,0.24524250561131616
1421.1665628259607,9.734306680672436,0.09404449811878209
1422.8869298948512,9.759861450724584,0.24425318208771887
1424.607296963742,9.781903281808846,0.2922027856169199
1426.3276640326326,9.803935550153167,0.2832583469438302
1428.048031101523,9.825959710454821,0.21027773807600683
1429.7683981704135,9.805952114944722,0.16214580921605487
1431.488765239304,9.704732341541485,0.2684588741031634
1433.2091323081945,9.603497910144487,0.29480890379049896
1434.929499377085,9.50224213669899,0.26612318831126913
1436.6498664459755,9.40095833573687,0.15425207364556756
1438.370233514866,9.557953113125889,0.18962101976668025
1440.0906005837564,9.831772289638474,0.16894031521114344
1441.810967652647,9.900029875236218,0.21767705717486419
1443.5313347215374,9.849590383960171,0.2879770456962655
1445.251701790428,9.79914579902833,0.2976907137441257
1446.9720688593184,9.748692789808288,0.2538734927527588
1448.6924359282089,9.698228025108365,0.10208018287919772
1450.4128029970993,9.780783967810102,0.2509842902444704
1452.1331700659898,9.865845608579125,0.29715915892838446
1453.8535371348803,9.950903228948677,0.2894446307426207
1455.5739042037708,10.035962444895864,0.22229665845739957
1457.2942712726613,10.076119875912479,0.17552681641797135
1459.0146383415517,10.024672726018169,0.274563934310128
1460.7350054104422,9.973232042374525,0.3002102608375306
1462.4553724793327,9.921794428576156,0.2739271737178315
1464.1757395482232,9.870356488439697,0.17352537565148723
1465.8961066171137,9.93568790310294,0.22222819288147383
1467.6164736860046,10.056873782760151,0.2895447912224389
1469.336840754895,10.178068254759367,0.2974838296038254
1471.0572078237856,10.29927932103251,0.2517298727208088
1472.777574892676,10.41895252628321,0.10841837063113985
1474.4979419615665,10.474985005236016,0.25559332929140727
1476.218309030457,10.531053682557205,0.29869754327787773
1477.9386760993475,10.587162260206997,0.2888557950642015
1479.659043168238,10.64331444278823,0.21904055951839563
1481.3794102371285,10.567769308395278,0.18450755513878947
1483.099777306019,10.269339368977567,0.277386101503558
1484.8201443749094,9.970932050058423,0.2999664195068188
1486.5405114438,9.672527649133489,0.2704753067876497
1488.2608785126904,9.374106463880425,0.1626951827905341
1489.9812455815809,9.405804541716792,0.22485596356224413
1491.7016126504714,9.566524637605989,0.28990900603021996
1493.4219797193618,9.72722095025936,0.29594288948106545
1495.1423467882523,9.887904089744906,0.24731765834066008
1496.8627138571428,10.037561748154754,0.11838011337029057
1498.5830809260333,10.032402231383877,0.2578569755726114
1500.3034479949238,10.027249691208596,0.2985480544605688
1502.0238150638143,10.022103787429485,0.2862551199835249
1503.7441821327047,10.016964180283003,0.21194687987115554
1505.4645492015952,10.005335203613496,0.18852139453038094
1507.1849162704857,9.984516147911576,0.27871003994634086
1508.9052833393762,9.96370090709787,0.29995127839411306
1510.6256504082671,9.942888106834147,0.2691059486283068
1512.3460174771576,9.922076372948528,0.1581656634639178
1514.066384546048,9.841110524736893,0.23129579132322972
1515.7867516149386,9.7412957862466,0.291857229749766
1517.507118683829,9.641468803882875,0.294856236345965
1519.2274857527195,9.54162298652383,0.2424394366831576
1520.94785282161,9.441236536123203,0.12606832723934475
1522.6682198905005,9.336605352461994,0.25954195838391947
1524.388586959391,9.2319352050182,0.2979345471047362
1526.1089540282815,9.127219182897687,0.2830331683513448
1527.829321097172,9.022450372159348,0.20344061005278244
1529.5496881660624,8.956624042430393,0.191265181867566
1531.270055234953,8.937173235025467,0.27898245841547703
1532.9904223038434,8.917657091123566,0.2982188121071577
1534.7107893727339,8.898074322149967,0.26437671154746717
1536.4311564416244,8.87842363514879,0.14390253928059063
1538.1515235105148,8.909822585711588,0.2328167526434558
1539.8718905794053,8.95361757368534,0.29164304059491886
1541.5922576482958,8.997348310901005,0.2928484345698523
1543.3126247171863,9.041017684705501,0.23731298719925714
1545.0329917860768,9.060139062678612,0.1340112935612685
1546.7533588549672,8.942023737119065,0.2615098816509514
1548.4737259238577,8.823843395315265,0.297693543527965
1550.1940929927482,8.705590234340946,0.28047540660976605
1551.9144600616387,8.587256446469569,0.19626464935477742
1553.6348271305296,8.436045265877171,0.19590951984564678
1555.35519419942,8.251813296386766,0.28003230180578387
1557.0755612683106,8.067470739120164,0.2968314493904838
1558.795928337201,7.883005422767692,0.25972207694565963
1560.5162954060916,7.698405167898443,0.12826760731350775
1562.236662474982,7.742034997141564,0.234497718063396
1563.9570295438725,7.82693640583034,0.2912698934935445
1565.677396612763,7.911699174017406,0.2902709228549355
1567.3977636816535,7.996328898208794,0.23075138080679614
1569.118130750544,8.043907098754891,0.13875120169754798
1570.8384978194345,7.937947808649725,0.26241487857124435
1572.558864888325,7.831857207633243,0.29664905526222596
1574.2792319572154,7.7256282910102545,0.2769011217202996
1575.999599026106,7.619254044963091,0.18675996566936812
1577.7199660949964,7.557333837555537,0.198739361800496
1579.4403331638869,7.533026606898028,0.2805371176197615
1581.1607002327773,7.508561330182745,0.29560337097556866
1582.8810673016678,7.483936392076036,0.25600871500119515
1584.6014343705583,7.459150166703475,0.11477209466204343
1586.3218014394488,7.677698816727769,0.23794022367300327
1588.0421685083393,7.926502574584065,0.2922950749757668
1589.7625355772298,8.175174265846982,0.28961085554247246
1591.4829026461202,8.423730309206556,0.22787989796314365
1593.2032697150107,8.616146088014412,0.15124273799236926
1594.9236367839012,8.627557055706111,0.26638096322476956
1596.6440038527921,8.638882244312907,0.29800225657225704
1598.3643709216826,8.650122401589657,0.2764392541612888
1600.084737990573,8.661278269672088,0.18383551104554408
1601.8051050594636,8.708532576000295,0.2075664404246843
1603.525472128354,8.781479215708726,0.2840697313368328
1605.2458391972445,8.854350239131307,0.2968677806570852
1606.966206266135,8.927150457616499,0.2557154504115594
1608.6865733350255,8.999884677840063,0.11166621519580294
1610.406940403916,8.987316834007283,0.24482188606253752
1612.1273074728065,8.968419695412585,0.294697573640721
1613.847674541697,8.949459283378548,0.28914200801595813
1615.5680416105874,8.930434346034964,0.2240674494862821
1617.288408679478,8.898985582336438,0.15559952637566174
1619.0087757483684,8.835535206475441,0.22371187328320985
1620.729142817259,8.77201278340277,0.1488545925159224
1622.4495098861494,8.764839644925338,0.21003400412303966
1624.1698769550399,8.784007390830201,0.2824738167789805
1625.8902440239303,8.803099687373361,0.29034564177134026
1627.6106110928208,8.82211779512854,0.24008931123642066
1629.3309781617113,8.83855116548458,0.08630933486593369
1631.0513452306018,8.811122221646468,0.24494254431506746
1632.7717122994923,8.782465834657534,0.2912649222316898
1634.4920793683827,8.75373389652433,0.2801502714157178
1636.2124464372732,8.724924510207915,0.20234112683574226
1637.9328135061637,8.758024003148325,0.16378483596683985
1639.6531805750546,8.893867594420428,0.26865849220608157
1641.3735476439451,9.029642989908723,0.2939830845353276
1643.0939147128356,9.16535915426149,0.26377119125258475
1644.814281781726,9.30102504820973,0.14703910041206433
1646.5346488506166,9.229899366124975,0.21659960411597476
1648.255015919507,9.079761647316916,0.2845490505918398
1649.9753829883975,8.929568006482345,0.2897031958618422
1651.695750057288,8.779308527007293,0.2362107294340663
1653.4161171261785,8.644403995555336,0.09130930001210602
1655.136484195069,8.681859768422381,0.24825717368600111
1656.8568512639595,8.721164285538038,0.2918461631456817
1658.57721833285,8.760389204038018,0.27842479601577347
1660.2975854017404,8.799537113772526,0.19664220082362469
1662.017952470631,8.816376966635975,0.1714522490480534
1663.7383195395214,8.802266484565928,0.27084122309207564
1665.4586866084119,8.788081758699715,0.2935049540864979
1667.1790536773024,8.773821852485042,0.2603263749960226
1668.8994207461928,8.7594858243985,0.13499668667983675
1670.6197878150833,8.771280277232574,0.22019045509420823
1672.3401548839738,8.790998396022829,0.28542648499315165
1674.0605219528643,8.810641527033653,0.2886342361497143
1675.7808890217548,8.830210967217369,0.23239762192993232
1677.5012560906453,8.83849895640357,0.10162850810373096
1679.2216231595357,8.76127537970531,0.2517177406919545
1680.9419902284262,8.683771766645274,0.29237082052241314
1682.6623572973172,8.606186086107183,0.27639528646462475
1684.3827243662076,8.528513215458275,0.19000103756778652
1686.1030914350981,8.448782163107795,0.1779046531084538
1687.8234585039886,8.366656307812354,0.2725363691004451
1689.543825572879,8.284427447318523,0.2925715804530398
1691.2641926417696,8.202090152419965,0.25616250203062746
1692.98455971066,8.119638986751553,0.11972505667649086
1694.7049267795505,8.148182039261934,0.22291226725120908
1696.425293848441,8.202901655674065,0.28574214826655114
1698.1456609173315,8.257507454896432,0.28688818503772084
1699.866027986222,8.312003042308449,0.22728576389231375
1701.5863950551125,8.334126015244657,0.11141399668478238
1703.306762124003,8.18176822039381,0.2540735982862031
1705.0271291928934,8.029295213008403,0.29211711961120984
1706.747496261784,7.876696925970103,0.2734147421115937
1708.4678633306744,7.72396328389592,0.18116354172158297
1710.1882303995649,7.659016935192211,0.1822896491943875
1711.9085974684554,7.680578980228916,0.2735944262559396
1713.6289645373458,7.701992721433237,0.2916134263421789
1715.3493316062363,7.7232595726612905,0.25255820522421807
1717.0696986751268,7.7443809359721225,0.10530940966172234
1718.7900657440173,7.713500621153063,0.22667229117825055
1720.5104328129078,7.67340567728636,0.2863063022943629
1722.2307998817982,7.633161955969316,0.28479598254097327
1723.9511669506887,7.592766800085529,0.2208901505199388
1725.6715340195797,7.596058973719653,0.11883990407869699
1727.3919010884701,7.776049973338166,0.25584112495392386
1729.1122681573606,7.955898972652364,0.29224455748749123
1730.832635226251,8.135617846287863,0.2720014573458487
1732.5530022951416,8.31521846028334,0.17659388104174611
1734.273369364032,8.470474793679907,0.19100551299498345
1735.9937364329226,8.60549400071542,0.2767626736185639
1737.714103501813,8.74042597194072,0.292462722786105
1739.4344705707035,8.875279616319826,0.25158709508234706
1741.154837639594,9.009609919056807,0.10152736950408617
1742.8752047084845,9.011891673656244,0.2336361125046294
1744.595571777375,8.997845885256373,0.2891150922483868
1746.3159388462655,8.98373876629763,0.28549339765879267
1748.036305915156,8.969569385351699,0.2198684017055895
1749.7566729840464,8.953701741955879,0.13769284653318528
1751.477040052937,8.932625087625862,0.2611059664040381
1753.1974071218274,8.911482796497507,0.29368949116799464
1754.9177741907179,8.890273472642173,0.2705469809172675
1756.6381412596083,8.868995715701399,0.17029190236590402
1758.3585083284988,8.878631344721944,0.1977476709747761
1760.0788753973893,8.90984694701841,0.2788337330018148
1761.7992424662798,8.940995408578237,0.29193946931144643
1763.5196095351703,8.972078785995448,0.24808733592539098
1765.2399766040608,9.000944546792224,0.09182617710107363
1766.9603436729512,8.868299403160654,0.2371928527836824
1768.6807107418422,8.722128164295876,0.2895781427660579
1770.4010778107327,8.575877390456967,0.2832743553954447
1772.1214448796231,8.429537425360484,0.21313393595705032
1773.8418119485136,8.327726584010213,0.1438231774015182
1775.562179017404,8.33850360612119,0.262586917447152
1777.2825460862946,8.349175764238566,0.2931537330263992
1779.002913155185,8.35974376299453,0.2676775274714398
1780.7232802240756,8.370208300147157,0.16150714620752032
1782.443647292966,8.486062828550871,0.20270702911098226
1784.1640143618565,8.663465240806627,0.28031802571052455
1785.884381430747,8.84078424483977,0.29137762300325526
1787.6047484996375,9.018031548230928,0.24507137831486284
1789.325115568528,9.187749521251986,0.08922332393596354
1791.0454826374184,9.105089108963744,0.241523999395099
1792.765849706309,9.009083964176497,0.2908244659819043
1794.4862167751994,8.913018230828506,0.282329562502592
1796.20658384409,8.816885566129638,0.20910736937284408
1797.9269509129804,8.571424247719616,0.1471162748873738
1799.6473179818709,8.017553549647737,0.1923198349514778
1801.3676850507613,7.624476914060705,0.15340399389725382
1803.0880521196518,7.6628408165057715,0.266586990160147
1804.8084191885423,7.701055243948585,0.2968170591144156
1806.5287862574328,7.7391227195163115,0.2731895190429184
1808.2491533263233,7.777045756634887,0.17510427343412927
1809.9695203952137,7.886817583845799,0.20962321056628758
1811.6898874641047,8.04074772024419,0.28432266852651955
1813.4102545329952,8.194553333150676,0.29562763114152735
1815.1306216018857,8.34824457766231,0.25221532733609686
1816.8509886707761,8.501831601332311,0.09738441202450783
1818.5713557396666,8.687737209571349,0.24714787261704632
1820.291722808557,8.874681012901917,0.2954297022558354
1822.0120898774476,9.061555353649775,0.28876011487316755
1823.732456946338,9.248372570291021,0.2222433954005936
1825.4528240152285,9.37203575327168,0.1705469352216353
1827.173191084119,9.3578489053945,0.27267624921239153
1828.8935581530095,9.343624496359558,0.2993534679666237
1830.6139252219,9.329361586987108,0.27362524210995676
1832.3342922907905,9.315059235566414,0.17356055573282467
1834.054659359681,9.293823001610543,0.21876070982991588
1835.7750264285714,9.269019097179884,0.28784205868730534
1837.495393497462,9.244171766553198,0.2963202607398659
1839.2157605663524,9.219279369171394,0.2504306185721712
1840.9361276352429,9.193380697384537,0.0940682130626104
1842.6564947041334,9.06302818278537,0.2517927076967807
1844.3768617730238,8.932618641325291,0.29636933353961104
1846.0972288419143,8.802143462645073,0.28663727051720506
1847.8175959108048,8.67159403204397,0.2153520329760855
1849.5379629796953,8.558574835599046,0.17476040623866007
1851.2583300485862,8.47724245463749,0.27350787823781675
1852.9786971174767,8.395814369987958,0.2979897213593273
1854.6990641863672,8.31428520531757,0.2692932203374224
1856.4194312552577,8.232649577614698,0.1611370643573279
1858.1397983241482,8.319004264797682,0.22053622264467546
1859.8601653930386,8.47589239760628,0.28786579420362546
1861.5805324619291,8.632684737588999,0.2947097141043721
1863.3008995308196,8.789391637051278,0.24616778599702582
1865.02126659971,8.93446997013546,0.10643281166974172
1866.7416336686006,8.867194360010789,0.25445593693443236
1868.462000737491,8.799848792989414,0.2966104317000499
1870.1823678063815,8.732428822539633,0.28464688937653865
1871.902734875272,8.66492999722692,0.20948579328156813
1873.6231019441625,8.592250940003968,0.18088039689157417
1875.343469013053,8.511810262230997,0.27539053434222244
1877.0638360819435,8.431276163129757,0.2977692379792486
1878.784203150834,8.350643325394547,0.26683482457511504
1880.5045702197244,8.269906425195739,0.15309554911343756
1882.224937288615,8.290711077707256,0.22535368743641795
1883.9453043575054,8.345904022794796,0.289141418637291
1885.6656714263959,8.400992592505547,0.2934761763334462
1887.3860384952868,8.455980424087725,0.24158118667454184
1889.1064055641773,8.496369966235292,0.11636834450046223
1890.8267726330678,8.397107702717795,0.25665772098427186
1892.5471397019583,8.297744444571963,0.2964190030269985
1894.2675067708487,8.198273631286112,0.2819938269248452
1895.9878738397392,8.098688695240812,0.20208874614306876
1897.7082409086297,8.057956146921205,0.18531897943257175
1899.4286079775202,8.091661360909805,0.2766551673993424
1901.1489750464107,8.125245413006907,0.29726833252153384
1902.8693421153012,8.158710520619167,0.26426764507416606
1904.5897091841916,8.192058893299516,0.1447064877930771
1906.3100762530821,8.192962223614668,0.23008841434734412
1908.0304433219726,8.18511192096747,0.290439634551385
1909.750810390863,8.177146626552585,0.29234125724652454
1911.4711774597536,8.16906581445711,0.2372038347454536
1913.191544528644,8.157325405321592,0.12659819660108385
1914.9119115975345,8.123077383161464,0.25928350460174476
1916.632278666425,8.088710273378588,0.2967879984675766
1918.3526457353155,8.054221806849926,0.2803536199162487
1920.073012804206,8.01960970646533,0.1969023595963386
1921.7933798730965,7.981889218091755,0.1923597740166686
1923.513746941987,7.940862454061641,0.2788121096846988
1925.2341140108774,7.8997045715587255,0.2967740824862478
1926.954481079768,7.858412853111858,0.26080836596014134
1928.6748481486584,7.816984572412947,0.13254938442160277
1930.3952152175493,7.899772289382401,0.23330474508941346
1932.1155822864398,8.007599939426727,0.29108129139830324
1933.8359493553303,8.115300877377239,0.2909270849576913
1935.5563164242208,8.222882214250529,0.23272694742433522
1937.2766834931112,8.287234997105074,0.13636235391247373
1938.9970505620017,8.153923840593507,0.26183217858563074
1940.7174176308922,8.020495633106812,0.2968203959526282
1942.4377846997827,7.88694156497184,0.2779183818880111
1944.1581517686732,7.753252818208848,0.1896366504036891
1945.8785188375637,7.726762272127706,0.19730331853833255
1947.5988859064541,7.796605082625264,0.28031988233540023
1949.3192529753446,7.866307249979087,0.29633265408236004
1951.039620044235,7.935873376312493,0.2581326297540846
1952.7599871131256,8.005308054766216,0.12260456967495635
1954.480354182016,8.066072983575003,0.2377899579775828
1956.2007212509066,8.125485199742863,0.29238414565651905
1957.921088319797,8.184778487259047,0.28998578049365475
1959.6414553886875,8.243956760994685,0.22880884598189807
1961.361822457578,8.286087601552362,0.14675489251163965
1963.0821895264685,8.268638477613493,0.2649353708645513
1964.802556595359,8.251079876793124,0.29753302435243545
1966.5229236642494,8.233410639778402,0.27667180999339064
1968.24329073314,8.215629599945883,0.1850723012763127
1969.9636578020304,8.265582630332329,0.20474852789244133
1971.684024870921,8.366783987182547,0.28300445570383614
1973.4043919398118,8.467882347262805,0.2966539841468987
1975.1247590087023,8.568884385651193,0.25624254601504837
1976.8451260775928,8.669796771061725,0.11426105705172873
1978.5654931464833,8.687467407443481,0.2719008344131704
1980.2858602153738,8.697496402513812,0.3814293224705173
1982.0062272842642,8.707444236285667,0.4646429646822863
1983.7265943531547,8.71731156557053,0.5340064867379319
1985.4469614220452,8.72709904186363,0.5944040312858808
1987.1673284909357,8.736807311388853,0.6483600526982323
1988.8876955598262,8.74643701514152,0.6973840075722021
1990.6080626287167,8.755988788924425,0.7424652616405119
1992.3284296976071,8.7654632634019,0.7842949275138181
1994.0487967664976,8.774861064131112,0.8233789690217492
1995.769163835388,8.784182811604595,0.860101412409518
1997.4895309042786,8.793429121300056,0.8947622029320774
1999.209897973169,8.802600603705645,0.9276011380973901
2000.9302650420595,8.811697864376782,0.9588136731178479
2002.65063211095,8.820721503962297,0.9885617408179086
2004.3709991798405,8.829672118257921,1.0169813853849807
2006.091366248731,8.838550298226462,1.0441882883008302
2007.8117333176215,8.847356630060773,1.0702818580184459
2009.532100386512,8.856091695197156,1.0953483156471702
2011.2524674554024,8.864756070381986,1.119463062957925
2012.972834524293,8.873350327674798,1.1426925271663884
2014.6932015931834,8.881875034525185,1.165095617527604
2016.4135686620743,8.890330753776137,1.186724889380778
2018.1339357309648,8.898718043721422,1.2076274845909838
2019.8543027998553,8.907037458141128,1.2278458988918992
2021.5746698687458,8.91528954632432,1.2474186136633125
2023.2950369376363,8.923474853123562,1.2663806204080463
2025.0154040065268,8.93159391897361,1.2847638594707957
2026.7357710754172,8.939647279946334,1.3025975896008462
2028.4561381443077,8.947635467761689,1.319908701284232
2030.1765052131982,8.955559009851793,1.3367219840040108
2031.8968722820887,8.963418429364907,1.3530603554828617
2033.6172393509792,8.971214245232137,1.3689450593458348
2035.3376064198696,8.978946972169505,1.3843958363882474
2037.0579734887601,8.986617120740656,1.3994310736544529
2038.7783405576506,8.994225197365312,1.4140679347615417
2040.498707626541,9.001771704376083,1.428322474289512
2042.2190746954316,9.009257140030266,1.4422097385698296
2043.939441764322,9.016681998563135,1.4557438548102708
2045.6598088332125,9.024046770199922,1.4689381101749206
2047.380175902103,9.03135194120944,1.481805022178436
2049.1005429709935,9.03859799391368,1.494356401540831
2050.820910039884,9.045785406742013,1.5066034084739175
2052.5412771087745,9.05291465424377,1.5185566032255757
2054.261644177665,9.05998620713478,1.5302259915875267
2055.9820112465554,9.067000532314868,1.5416210659716634
2057.702378315446,9.073958092911289,1.5527508425756111
2059.422745384337,9.080859348300535,1.5636238950871209
2061.1431124532273,9.087704754138974,1.5742483853167903
2062.863479522118,9.094494762403185,1.5846320910977074
2064.5838465910083,9.101229821402201,1.594782431747065
2066.304213659899,9.107910375826044,1.6047064913478135
2068.0245807287893,9.114536866758993,1.6144110400765468
2069.7449477976797,9.121109731721615,1.6239025537764629
2071.46531486657,9.127629404687122,1.6331872319506668
2073.1856819354607,9.134096316125316,1.6422710143306305
2074.906049004351,9.14051089301237,1.651159596156948
2076.6264160732417,9.146873558878841,1.6598584422940776
2078.346783142132,9.153184733819739,1.6683728002873577
2080.0671502110226,9.159444834537016,1.6767077124588015
2081.787517279913,9.165654274354766,1.6848680271279004
2083.5078843488036,9.171813463255955,1.6928584090346042
2085.228251417694,9.17792280790477,1.7006833490336823
2086.9486184865846,9.183982711672035,1.7083471731226487
2088.668985555475,9.189993574668922,1.715854050859208
2090.3893526243655,9.195955793763392,1.7232080032186743
2092.109719693256,9.201869762615756,1.730412909936942
2093.8300867621465,9.207735871698729,1.7374725163802098
2095.550453831037,9.213554508325924,1.7443904399788086
2097.2708208999275,9.219326056675765,1.7511701762590246
2098.991187968818,9.22505089781733,1.7578151045036905
2100.7115550377084,9.230729409736037,1.7643284930695884
2102.4319221065994,9.236361967360612,1.7707135043871784
2104.15228917549,9.24194894258294,1.7769731996659661
2105.8726562443803,9.247490704284447,1.783110543326803
2107.593023313271,9.252987618365646,1.7891284071805889
2109.3133903821613,9.258440047761642,1.7950295743712255
2111.0337574510518,9.263848352471934,1.8008167430991888
2112.7541245199423,9.269212889584711,1.8064925301407446
2114.4744915888327,9.27453401329438,1.812059474176622
2116.194858657723,9.279812074932535,1.8175200389428603
2117.9152257266137,9.28504742298452,1.8228766162155388
2119.635592795504,9.290240403118075,1.8281315286401973
2121.3559598643947,9.295391358204565,1.8332870324159185
2123.076326933285,9.3005006283345,1.838345319843288
2124.7966940021756,9.305568550853893,1.8433085217447678
2126.517061071066,9.31059546037105,1.8481787097653672
2128.2374281399566,9.315581688796366,1.852957898560941
2129.957795208847,9.320527565342527,1.8576480478808972
2131.6781622777376,9.325433416567492,1.8622510645516246
2133.398529346628,9.33029956637965,1.8667688043664952
2135.1188964155185,9.335126336073587,1.8712030738878884
2136.839263484409,9.339914044334389,1.875555632166325
2138.5596305532995,9.344663007276687,1.8798281923814133
2140.27999762219,9.349373538452399,1.8840224234090455
2142.0003646910804,9.354045948877285,1.8881399513189245
2143.720731759971,9.358680547048385,1.8921823608062913
2145.441098828862,9.36327763896918,1.8961511965614264
2147.1614658977524,9.367837528165913,1.900047964580279
2148.881832966643,9.372360515703992,1.9038741334193912
2150.6022000355333,9.376846900221258,1.9076311353980242
2152.322567104424,9.381296977928422,1.9113203677502781
2154.0429341733143,9.38571104264928,1.9149431937297712
2155.7633012422048,9.39008938582088,1.9185009436693163
2157.4836683110952,9.394432296528235,1.921994915997875
2159.2040353799857,9.398740061514204,1.9254263782169254
2160.924402448876,9.403012965200352,1.928796567838267
2162.6447695177667,9.407251289707883,1.9321066932851547
2164.365136586657,9.411455314874338,1.9353579347585443
2166.0855036555477,9.415625318273955,1.9385514450701364
2167.805870724438,9.419761575231798,1.9416883504438
2169.5262377933286,9.423864358847402,1.9447697512868707
2171.246604862219,9.427933940010293,1.9477967229327342
2172.9669719311096,9.431970587414831,1.9507703163560288
2174.687339,9.435974567582683,1.9536915588617219
