# time,flux,err
5.474873000000000320e+04,2.920303000000000093e+00,6.505505000000000315e-01
5.475772000000000116e+04,2.918616999999999795e+00,6.365216999999999681e-01
5.476669999999999709e+04,2.916887000000000008e+00,6.221619000000000455e-01
5.477569000000000233e+04,2.915111000000000008e+00,6.074477999999999822e-01
5.478468000000000029e+04,2.913289999999999935e+00,5.923528000000000127e-01
5.479366000000000349e+04,2.911423000000000094e+00,5.768469000000000513e-01
5.480265000000000146e+04,2.909508000000000205e+00,5.608959999999999502e-01
5.481163999999999942e+04,2.907545999999999964e+00,5.444609000000000254e-01
5.482062000000000262e+04,2.905534999999999979e+00,5.274961000000000233e-01
5.482961000000000058e+04,2.903474000000000110e+00,5.099487000000000325e-01
5.483859999999999854e+04,2.901364000000000054e+00,4.917561999999999767e-01
5.484758000000000175e+04,2.899201999999999835e+00,4.728438999999999837e-01
5.485656999999999971e+04,2.896990000000000176e+00,4.531216000000000133e-01
5.486555999999999767e+04,2.894724000000000075e+00,4.324781999999999793e-01
5.487454000000000087e+04,2.892405999999999811e+00,4.107746999999999926e-01
5.488352999999999884e+04,2.890033999999999992e+00,3.878326999999999747e-01
5.489251999999999680e+04,2.887608000000000175e+00,3.634177000000000102e-01
5.490150000000000000e+04,2.885126000000000079e+00,3.372091999999999867e-01
5.491048999999999796e+04,2.882587000000000010e+00,3.087506999999999890e-01
5.491948000000000320e+04,2.879992000000000107e+00,2.773496999999999768e-01
5.492845999999999913e+04,2.877339000000000091e+00,2.418621999999999994e-01
5.493744999999999709e+04,2.874626999999999821e+00,2.001948000000000061e-01
5.494643000000000029e+04,2.871856000000000186e+00,1.470907999999999938e-01
5.495541999999999825e+04,2.856721999999999984e+00,1.154807000000000056e-01
5.496441000000000349e+04,2.815166000000000057e+00,1.493956999999999924e-01
5.497338999999999942e+04,2.773547999999999902e+00,1.552393999999999996e-01
5.498237999999999738e+04,2.731866000000000128e+00,1.366584000000000132e-01
5.499137000000000262e+04,2.690120999999999984e+00,7.776149999999999729e-02
5.500034999999999854e+04,2.646205000000000140e+00,1.204766000000000031e-01
5.500933999999999651e+04,2.645853999999999928e+00,1.767934999999999923e-01
5.501833000000000175e+04,2.645436999999999816e+00,2.155824000000000074e-01
5.502730999999999767e+04,2.644950999999999830e+00,2.453084000000000098e-01
5.503630000000000291e+04,2.644397000000000109e+00,2.689968999999999832e-01
5.504529000000000087e+04,2.643772999999999929e+00,2.881440000000000112e-01
5.505426999999999680e+04,2.643078000000000038e+00,3.036129000000000189e-01
5.506326000000000204e+04,2.642310999999999854e+00,3.159465000000000190e-01
5.507225000000000000e+04,2.641471999999999820e+00,3.255036000000000040e-01
5.508123000000000320e+04,2.640559000000000101e+00,3.325252000000000208e-01
5.509022000000000116e+04,2.639571000000000112e+00,3.371709999999999985e-01
5.509920999999999913e+04,2.638508999999999993e+00,3.395395999999999970e-01
5.510819000000000233e+04,2.637369000000000074e+00,3.396792000000000145e-01
5.511718000000000029e+04,2.636153000000000191e+00,3.375928000000000262e-01
5.512616999999999825e+04,2.634856999999999783e+00,3.332385999999999959e-01
5.513515000000000146e+04,2.633483000000000018e+00,3.265252000000000154e-01
5.514413999999999942e+04,2.632028000000000034e+00,3.173019000000000256e-01
5.515312999999999738e+04,2.630491999999999830e+00,3.053400000000000003e-01
5.516211000000000058e+04,2.628873000000000015e+00,2.902989999999999737e-01
5.517109999999999854e+04,2.627171000000000145e+00,2.716650999999999927e-01
5.518008999999999651e+04,2.625383999999999940e+00,2.486281999999999937e-01
5.518906999999999971e+04,2.623511999999999844e+00,2.198033000000000070e-01
5.519805999999999767e+04,2.621554000000000162e+00,1.824606000000000006e-01
5.520705000000000291e+04,2.619508000000000170e+00,1.294151000000000051e-01
5.521602999999999884e+04,2.638592000000000048e+00,7.325776999999999983e-02
5.522501999999999680e+04,2.757061000000000206e+00,6.719227999999999312e-02
5.523400000000000000e+04,2.796027000000000040e+00,5.838584000000000135e-02
5.524298999999999796e+04,2.851722999999999786e+00,3.872194000000000330e-02
5.525198000000000320e+04,2.918730000000000047e+00,8.933069000000000426e-02
5.526095999999999913e+04,2.886839000000000155e+00,8.195397000000000098e-02
5.526994999999999709e+04,2.932653000000000176e+00,7.079146000000000050e-02
5.527894000000000233e+04,3.076187000000000005e+00,6.832802999999999793e-02
5.528791999999999825e+04,3.133443000000000200e+00,9.014821000000000639e-02
5.529691000000000349e+04,3.130199000000000176e+00,1.020497999999999961e-01
5.530590000000000146e+04,3.135205000000000020e+00,6.490397000000000527e-02
5.531487999999999738e+04,3.167289999999999939e+00,1.102643999999999985e-01
5.532387000000000262e+04,3.199273999999999951e+00,7.554813000000000500e-02
5.533286000000000058e+04,3.174729000000000134e+00,3.831024000000000235e-02
5.534183999999999651e+04,3.177490999999999843e+00,8.851907999999999999e-02
5.535083000000000175e+04,3.171927999999999859e+00,3.387077000000000143e-02
5.535981999999999971e+04,3.224285000000000068e+00,6.249833999999999945e-02
5.536880000000000291e+04,3.245082000000000022e+00,4.415870000000000212e-02
5.537779000000000087e+04,3.222354999999999858e+00,3.933108999999999911e-02
5.538677999999999884e+04,3.272918000000000216e+00,6.670236000000000220e-02
5.539576000000000204e+04,3.314125000000000210e+00,1.166230999999999934e-01
5.540475000000000000e+04,3.353426999999999936e+00,1.739395999999999998e-01
5.541373999999999796e+04,3.392618999999999829e+00,2.127447000000000088e-01
5.542272000000000116e+04,3.431697999999999915e+00,2.421204999999999885e-01
5.543170999999999913e+04,3.470664999999999889e+00,2.652282000000000250e-01
5.544069999999999709e+04,3.509517999999999915e+00,2.836119999999999752e-01
5.544968000000000029e+04,3.548256999999999994e+00,2.981535000000000157e-01
5.545866999999999825e+04,3.586879000000000151e+00,3.094004000000000199e-01
5.546766000000000349e+04,3.625385000000000080e+00,3.177073000000000258e-01
5.547663999999999942e+04,3.663771999999999807e+00,3.233042999999999889e-01
5.548562999999999738e+04,3.702040999999999915e+00,3.263334999999999986e-01
5.549462000000000262e+04,3.740190000000000126e+00,3.268676999999999833e-01
5.550359999999999854e+04,3.778217000000000159e+00,3.249198999999999837e-01
5.551258999999999651e+04,3.816122000000000014e+00,3.204446000000000239e-01
5.552158000000000175e+04,3.853905000000000136e+00,3.133317999999999937e-01
5.553055999999999767e+04,3.891563000000000105e+00,3.033934999999999826e-01
5.553955000000000291e+04,3.929094999999999782e+00,2.903356000000000270e-01
5.554852999999999884e+04,3.966502000000000194e+00,2.737065000000000192e-01
5.555751999999999680e+04,4.003779999999999895e+00,2.527947999999999862e-01
5.556651000000000204e+04,4.040930999999999607e+00,2.264067999999999914e-01
5.557548999999999796e+04,4.077951999999999799e+00,1.922870000000000135e-01
5.558448000000000320e+04,4.114842000000000333e+00,1.450577999999999868e-01
5.559347000000000116e+04,4.151601000000000319e+00,5.878291000000000072e-02
5.560244999999999709e+04,4.073555999999999955e+00,4.264685000000000004e-02
5.561144000000000233e+04,4.030240000000000045e+00,1.151512999999999981e-01
5.562043000000000029e+04,3.987604999999999844e+00,1.152640000000000053e-01
5.562941000000000349e+04,3.944831999999999894e+00,3.784788000000000041e-02
5.563840000000000146e+04,3.966416999999999859e+00,7.635164999999999313e-02
5.564738999999999942e+04,3.818982000000000099e+00,8.188726000000000338e-02
5.565637000000000262e+04,3.807891000000000137e+00,7.262899000000000438e-02
5.566536000000000058e+04,3.720248000000000221e+00,4.774234000000000117e-02
5.567434999999999854e+04,3.637220000000000120e+00,3.513713000000000253e-02
5.568333000000000175e+04,3.567873000000000072e+00,1.005264000000000019e-01
5.569231999999999971e+04,3.523315000000000197e+00,1.233543000000000001e-01
5.570130999999999767e+04,3.478609000000000062e+00,9.391222000000000458e-02
5.571029000000000087e+04,3.474200000000000177e+00,2.400812000000000085e-02
5.571927999999999884e+04,3.413845999999999936e+00,2.612917999999999838e-02
5.572826999999999680e+04,3.424077000000000037e+00,9.355674999999999408e-02
5.573725000000000000e+04,3.406521000000000132e+00,8.589019999999999988e-02
5.574623999999999796e+04,3.336019999999999985e+00,2.639021000000000075e-02
5.575523000000000320e+04,3.386667000000000094e+00,6.406075999999999437e-02
5.576420999999999913e+04,3.382886000000000060e+00,8.549895999999999885e-02
5.577319999999999709e+04,3.378188000000000191e+00,1.566902000000000017e-01
5.578219000000000233e+04,3.373331999999999997e+00,2.003775999999999891e-01
5.579116999999999825e+04,3.368317999999999923e+00,2.326350000000000084e-01
5.580016000000000349e+04,3.363144999999999829e+00,2.578085999999999989e-01
5.580915000000000146e+04,3.357810999999999879e+00,2.778465999999999991e-01
5.581812999999999738e+04,3.352317000000000213e+00,2.938149999999999928e-01
5.582712000000000262e+04,3.346659999999999968e+00,3.063619000000000203e-01
5.583611000000000058e+04,3.340840000000000032e+00,3.159042000000000239e-01
5.584508999999999651e+04,3.334855999999999820e+00,3.227157999999999971e-01
5.585408000000000175e+04,3.328707000000000082e+00,3.269727000000000050e-01
5.586305999999999767e+04,3.322392999999999930e+00,3.287777000000000061e-01
5.587205000000000291e+04,3.315911999999999971e+00,3.281729999999999925e-01
5.588104000000000087e+04,3.309263000000000066e+00,3.251452000000000231e-01
5.589001999999999680e+04,3.302446000000000215e+00,3.196234000000000020e-01
5.589901000000000204e+04,3.295459999999999834e+00,3.114712000000000036e-01
5.590800000000000000e+04,3.288304000000000116e+00,3.004684000000000244e-01
5.591698000000000320e+04,3.280978000000000172e+00,2.862778000000000267e-01
5.592597000000000116e+04,3.273480000000000167e+00,2.683825000000000238e-01
5.593495999999999913e+04,3.265810000000000102e+00,2.459600999999999871e-01
5.594394000000000233e+04,3.257966999999999835e+00,2.175950000000000106e-01
5.595293000000000029e+04,3.249950999999999812e+00,1.804790000000000005e-01
5.596191999999999825e+04,3.241760000000000197e+00,1.271220000000000128e-01
5.597090000000000146e+04,3.253859999999999975e+00,4.680451000000000056e-02
5.597988999999999942e+04,3.306979999999999809e+00,4.418306999999999790e-02
5.598887999999999738e+04,3.229855999999999838e+00,9.835584999999999467e-02
5.599786000000000058e+04,3.154555999999999916e+00,7.294652000000000081e-02
5.600684999999999854e+04,3.261210999999999860e+00,3.265024999999999872e-02
5.601583999999999651e+04,3.256359999999999921e+00,4.459524000000000127e-02
5.602481999999999971e+04,3.263561999999999852e+00,7.054394999999999416e-02
5.603380999999999767e+04,3.370127000000000095e+00,4.427753000000000244e-02
5.604280000000000291e+04,3.217942999999999998e+00,5.450723999999999847e-02
5.605177999999999884e+04,3.218068999999999846e+00,7.535266000000000186e-02
5.606076999999999680e+04,3.192670999999999815e+00,5.413578000000000140e-02
5.606976000000000204e+04,3.089840999999999838e+00,6.516408999999999396e-02
5.607873999999999796e+04,3.145573999999999870e+00,1.017926999999999998e-01
5.608773000000000320e+04,3.191444999999999865e+00,3.853133999999999726e-02
5.609672000000000116e+04,3.127845000000000208e+00,7.418349000000000470e-02
5.610569999999999709e+04,3.120179999999999954e+00,1.521253999999999940e-01
5.611469000000000233e+04,3.112334000000000156e+00,1.985847000000000029e-01
5.612368000000000029e+04,3.104308000000000067e+00,2.332465999999999984e-01
5.613266000000000349e+04,3.096102000000000132e+00,2.608914999999999984e-01
5.614165000000000146e+04,3.087715000000000209e+00,2.836083999999999827e-01
5.615062999999999738e+04,3.079146999999999856e+00,3.025346999999999897e-01
5.615962000000000262e+04,3.070399999999999796e+00,3.183688000000000073e-01
5.616861000000000058e+04,3.061472000000000193e+00,3.315722999999999865e-01
5.617758999999999651e+04,3.052363999999999855e+00,3.424655999999999811e-01
5.618658000000000175e+04,3.043076999999999810e+00,3.512768000000000002e-01
5.619556999999999971e+04,3.033609999999999918e+00,3.581703999999999999e-01
5.620455000000000291e+04,3.023963999999999874e+00,3.632642999999999844e-01
5.621354000000000087e+04,3.014139000000000124e+00,3.666400000000000214e-01
5.622252999999999884e+04,3.004135000000000222e+00,3.683491999999999877e-01
5.623151000000000204e+04,2.993954000000000004e+00,3.684174000000000060e-01
5.624050000000000000e+04,2.983595000000000219e+00,3.668455999999999939e-01
5.624948999999999796e+04,2.973059000000000118e+00,3.636109000000000147e-01
5.625847000000000116e+04,2.962346000000000146e+00,3.586639999999999828e-01
5.626745999999999913e+04,2.951458000000000137e+00,3.519264999999999755e-01
5.627644999999999709e+04,2.940393999999999952e+00,3.432842999999999867e-01
5.628543000000000029e+04,2.929155999999999871e+00,3.325775000000000259e-01
5.629441999999999825e+04,2.917745000000000033e+00,3.195844999999999936e-01
5.630341000000000349e+04,2.906159999999999854e+00,3.039948000000000095e-01
5.631238999999999942e+04,2.894403000000000059e+00,2.853619000000000017e-01
5.632137999999999738e+04,2.882474999999999898e+00,2.630137000000000169e-01
5.633037000000000262e+04,2.870375999999999816e+00,2.358644000000000018e-01
5.633934999999999854e+04,2.858108999999999789e+00,2.019457000000000058e-01
5.634833999999999651e+04,2.845673000000000119e+00,1.568694999999999951e-01
5.635733000000000175e+04,2.833069000000000059e+00,8.420326999999999673e-02
5.636630999999999767e+04,2.859805000000000152e+00,1.172655999999999976e-01
5.637530000000000291e+04,2.892882999999999871e+00,1.175937999999999983e-01
5.638429000000000087e+04,2.925797999999999899e+00,4.893758000000000136e-02
5.639326999999999680e+04,2.978168000000000148e+00,5.076496999999999954e-02
5.640226000000000204e+04,2.987689000000000039e+00,4.079061999999999966e-02
5.641125000000000000e+04,2.969829999999999970e+00,7.998463999999999574e-02
5.642023000000000320e+04,2.884701000000000182e+00,3.006653000000000103e-02
5.642922000000000116e+04,2.976863999999999955e+00,5.495864999999999778e-02
5.643820999999999913e+04,2.944601000000000024e+00,8.008560000000000678e-02
5.644719000000000233e+04,2.999493000000000187e+00,4.496283000000000224e-02
5.645618000000000029e+04,2.968049000000000159e+00,6.537987000000000659e-02
5.646516000000000349e+04,2.870788999999999813e+00,7.096550000000000080e-02
5.647415000000000146e+04,2.934892000000000056e+00,4.375997000000000220e-02
5.648313999999999942e+04,2.897332000000000019e+00,6.403169999999999695e-02
5.649212000000000262e+04,2.847885000000000222e+00,6.153898000000000007e-02
5.650111000000000058e+04,2.882795999999999914e+00,9.749428999999999734e-02
5.651009999999999854e+04,2.905946999999999836e+00,6.961119999999999808e-02
5.651908000000000175e+04,2.884824000000000055e+00,1.444768999999999914e-01
5.652806999999999971e+04,2.863564999999999916e+00,1.827128000000000085e-01
5.653705999999999767e+04,2.842172000000000143e+00,2.058719999999999994e-01
5.654604000000000087e+04,2.820644999999999847e+00,2.188068999999999986e-01
5.655502999999999884e+04,2.798985000000000056e+00,2.233092999999999884e-01
5.656401999999999680e+04,2.777194999999999858e+00,2.199023999999999979e-01
5.657300000000000000e+04,2.755326999999999860e+00,2.082032000000000049e-01
5.658198999999999796e+04,2.733649000000000218e+00,1.867506999999999917e-01
5.659098000000000320e+04,2.713257000000000030e+00,1.529935000000000045e-01
5.659995999999999913e+04,2.697678999999999938e+00,1.130456999999999990e-01
5.660894999999999709e+04,2.695069000000000159e+00,9.546886999999999734e-02
5.661794000000000233e+04,2.714570000000000149e+00,9.503846999999999989e-02
5.662691999999999825e+04,2.752231000000000094e+00,9.268529999999999824e-02
5.663591000000000349e+04,2.795583000000000151e+00,8.866322999999999566e-02
5.664490000000000146e+04,2.858805999999999958e+00,8.506165000000000254e-02
5.665387999999999738e+04,2.953812999999999800e+00,8.050438999999999512e-02
5.666287000000000262e+04,3.016725999999999797e+00,6.587611000000000161e-02
5.667186000000000058e+04,2.873431000000000068e+00,3.570389000000000201e-02
5.668083999999999651e+04,2.882413000000000114e+00,4.468629999999999824e-02
5.668983000000000175e+04,2.929431999999999814e+00,6.690245999999999693e-02
5.669881999999999971e+04,2.953834000000000071e+00,5.858818999999999833e-02
5.670780000000000291e+04,2.975366999999999873e+00,4.776654999999999790e-02
5.671679000000000087e+04,3.053812000000000193e+00,4.906858000000000053e-02
5.672577999999999884e+04,3.010384999999999867e+00,5.023322999999999677e-02
5.673476000000000204e+04,3.053498999999999963e+00,5.764365999999999934e-02
5.674375000000000000e+04,3.063076000000000132e+00,4.223411999999999999e-02
5.675273000000000320e+04,3.138644000000000212e+00,5.548216999999999732e-02
5.676172000000000116e+04,3.154628000000000210e+00,3.526144999999999974e-02
5.677070999999999913e+04,3.227914000000000172e+00,3.912217999999999946e-02
5.677969000000000233e+04,3.376984000000000208e+00,4.511746999999999980e-02
5.678868000000000029e+04,3.482397999999999882e+00,5.013341999999999798e-02
5.679766999999999825e+04,3.595209999999999795e+00,4.882177000000000044e-02
5.680665000000000146e+04,3.642060999999999993e+00,5.163327000000000194e-02
5.681563999999999942e+04,3.555384999999999796e+00,5.337390000000000190e-02
5.682462999999999738e+04,3.615728999999999971e+00,6.291404000000000440e-02
5.683361000000000058e+04,3.634183999999999859e+00,4.466665999999999692e-02
5.684259999999999854e+04,3.598224000000000089e+00,6.389722999999999931e-02
5.685158999999999651e+04,3.608791000000000082e+00,7.992586000000000135e-02
5.686056999999999971e+04,3.601941000000000059e+00,9.709360000000000213e-02
5.686955999999999767e+04,3.576982000000000106e+00,1.594283999999999979e-01
5.687855000000000291e+04,3.551985999999999866e+00,1.968216000000000132e-01
5.688752999999999884e+04,3.526966999999999963e+00,2.222501000000000060e-01
5.689651999999999680e+04,3.501933000000000185e+00,2.395612000000000019e-01
5.690551000000000204e+04,3.476887000000000061e+00,2.504487000000000241e-01
5.691448999999999796e+04,3.451840999999999937e+00,2.557374000000000036e-01
5.692348000000000320e+04,3.426825000000000010e+00,2.557767000000000235e-01
5.693247000000000116e+04,3.401947999999999972e+00,2.505695000000000006e-01
5.694144999999999709e+04,3.377568000000000126e+00,2.397733999999999976e-01
5.695044000000000233e+04,3.354747000000000146e+00,2.225766000000000133e-01
5.695943000000000029e+04,3.336295999999999928e+00,1.973816999999999933e-01
5.696841000000000349e+04,3.328753999999999991e+00,1.617140999999999995e-01
5.697740000000000146e+04,3.344073999999999991e+00,1.218686999999999965e-01
5.698638999999999942e+04,3.392790000000000195e+00,9.952801000000000009e-02
5.699537000000000262e+04,3.461018999999999846e+00,9.760997000000000423e-02
5.700436000000000058e+04,3.505119999999999791e+00,9.608089000000000213e-02
5.701334999999999854e+04,3.499229000000000145e+00,9.482116999999999629e-02
5.702233000000000175e+04,3.466253000000000029e+00,9.086078999999999684e-02
5.703131999999999971e+04,3.446575000000000166e+00,4.219504000000000310e-02
5.704030999999999767e+04,3.478152000000000132e+00,7.944508999999999599e-02
5.704929000000000087e+04,3.435839000000000087e+00,7.484501999999999822e-02
5.705827999999999884e+04,3.506359999999999921e+00,3.716872000000000231e-02
5.706726000000000204e+04,3.438810000000000144e+00,6.399143000000000192e-02
5.707625000000000000e+04,3.344107000000000163e+00,7.674174000000000273e-02
5.708523999999999796e+04,3.408943999999999974e+00,6.383519999999999472e-02
5.709422000000000116e+04,3.410667999999999811e+00,7.886561999999999739e-02
5.710320999999999913e+04,3.414060999999999790e+00,6.141168999999999795e-02
5.711219999999999709e+04,3.397266999999999815e+00,7.753983999999999877e-02
5.712118000000000029e+04,3.344104999999999883e+00,7.344204000000000010e-02
5.713016999999999825e+04,3.309744999999999937e+00,7.305665000000000076e-02
5.713916000000000349e+04,3.316284000000000010e+00,7.880539000000000294e-02
5.714813999999999942e+04,3.344415999999999833e+00,4.332944999999999852e-02
5.715712999999999738e+04,3.365324999999999900e+00,6.122405999999999682e-02
5.716612000000000262e+04,3.362064000000000163e+00,5.656549000000000299e-02
5.717509999999999854e+04,3.393651000000000195e+00,8.294218999999999897e-02
5.718408999999999651e+04,3.449863999999999820e+00,7.622954999999999315e-02
5.719308000000000175e+04,3.531430999999999987e+00,6.699784999999999768e-02
5.720205999999999767e+04,3.502920000000000034e+00,9.743058000000000274e-02
5.721105000000000291e+04,3.475506999999999902e+00,3.427757000000000026e-02
5.722004000000000087e+04,3.549249000000000098e+00,5.886473999999999873e-02
5.722901999999999680e+04,3.549068999999999807e+00,1.200222999999999984e-01
5.723801000000000204e+04,3.574235999999999969e+00,1.737970000000000070e-01
5.724700000000000000e+04,3.599498000000000086e+00,2.092176000000000036e-01
5.725598000000000320e+04,3.624855000000000160e+00,2.347490999999999883e-01
5.726497000000000116e+04,3.650312000000000001e+00,2.534017000000000075e-01
5.727395999999999913e+04,3.675867999999999913e+00,2.666259000000000268e-01
5.728294000000000233e+04,3.701525999999999872e+00,2.752076999999999996e-01
5.729193000000000029e+04,3.727288000000000157e+00,2.795767000000000113e-01
5.730091999999999825e+04,3.753156999999999854e+00,2.799319000000000113e-01
5.730990000000000146e+04,3.779141999999999779e+00,2.762899999999999801e-01
5.731888999999999942e+04,3.805271999999999988e+00,2.684891999999999834e-01
5.732787999999999738e+04,3.831653999999999893e+00,2.561504000000000003e-01
5.733686000000000058e+04,3.858640999999999988e+00,2.385711000000000082e-01
5.734584999999999854e+04,3.887249000000000176e+00,2.144845999999999975e-01
5.735483999999999651e+04,3.920058000000000042e+00,1.817117000000000038e-01
5.736381999999999971e+04,3.962740999999999847e+00,1.406308000000000002e-01
5.737280999999999767e+04,4.026133999999999880e+00,1.030516999999999961e-01
5.738179000000000087e+04,4.124660000000000437e+00,9.868575999999999737e-02
5.739077999999999884e+04,4.257589000000000290e+00,9.868581999999999355e-02
5.739976999999999680e+04,4.379907000000000217e+00,9.793430999999999664e-02
5.740875000000000000e+04,4.413943999999999868e+00,9.171651000000000109e-02
5.741773999999999796e+04,4.306979000000000113e+00,4.071612000000000148e-02
5.742673000000000320e+04,4.292310999999999765e+00,7.749188999999999383e-02
5.743570999999999913e+04,4.222847999999999935e+00,4.802516999999999897e-02
5.744469999999999709e+04,4.377557000000000365e+00,8.364618000000000053e-02
5.745369000000000233e+04,4.378047999999999718e+00,6.576645000000000407e-02
5.746266999999999825e+04,4.291297000000000139e+00,6.795336999999999905e-02
5.747166000000000349e+04,4.189701000000000342e+00,7.507418000000000424e-02
5.748065000000000146e+04,4.192553000000000196e+00,4.635972000000000010e-02
5.748962999999999738e+04,4.185268999999999906e+00,7.088239000000000345e-02
5.749862000000000262e+04,4.173688000000000287e+00,7.793468000000000617e-02
5.750761000000000058e+04,4.281484999999999985e+00,6.056974999999999859e-02
5.751658999999999651e+04,4.195242999999999611e+00,7.255011999999999572e-02
5.752558000000000175e+04,4.264935000000000365e+00,7.696060000000000401e-02
5.753456999999999971e+04,4.371928999999999732e+00,6.250543999999999545e-02
5.754355000000000291e+04,4.466782000000000252e+00,6.374900999999999485e-02
5.755254000000000087e+04,4.564389000000000252e+00,6.893164000000000236e-02
5.756152999999999884e+04,4.664831000000000394e+00,1.045476000000000044e-01
5.757051000000000204e+04,4.766148000000000273e+00,8.365430000000000088e-02
5.757950000000000000e+04,4.765482999999999691e+00,7.968298999999999521e-02
5.758848999999999796e+04,4.720550000000000246e+00,1.521107999999999905e-01
5.759747000000000116e+04,4.675734000000000279e+00,1.940166000000000113e-01
5.760645999999999913e+04,4.631020000000000358e+00,2.233119000000000076e-01
5.761544999999999709e+04,4.586406000000000205e+00,2.445797000000000110e-01
5.762443000000000029e+04,4.541889000000000287e+00,2.598059999999999814e-01
5.763341999999999825e+04,4.497467000000000326e+00,2.700208000000000053e-01
5.764241000000000349e+04,4.453136999999999901e+00,2.757863999999999871e-01
5.765138999999999942e+04,4.408897999999999762e+00,2.773841000000000223e-01
5.766037999999999738e+04,4.364747999999999628e+00,2.748893000000000031e-01
5.766936000000000058e+04,4.320692000000000199e+00,2.681894000000000222e-01
5.767834999999999854e+04,4.276748000000000438e+00,2.569560000000000177e-01
5.768733999999999651e+04,4.232982999999999940e+00,2.405538999999999872e-01
5.769631999999999971e+04,4.189583999999999975e+00,2.178256000000000081e-01
5.770530999999999767e+04,4.147020999999999624e+00,1.867165000000000075e-01
5.771430000000000291e+04,4.106269000000000169e+00,1.463621999999999979e-01
5.772327999999999884e+04,4.068249999999999922e+00,1.062151999999999957e-01
5.773226999999999680e+04,4.030460999999999849e+00,9.955379000000000311e-02
5.774126000000000204e+04,3.985075999999999841e+00,1.002114000000000060e-01
5.775023999999999796e+04,3.929577999999999793e+00,9.787284000000000261e-02
5.775923000000000320e+04,3.874604000000000159e+00,9.443505000000000649e-02
5.776822000000000116e+04,3.827793999999999919e+00,9.302705000000000002e-02
5.777719999999999709e+04,3.779983999999999789e+00,8.483053999999999595e-02
5.778619000000000233e+04,3.732816000000000134e+00,6.393843000000000443e-02
5.779518000000000029e+04,3.804431999999999814e+00,7.621635999999999689e-02
5.780416000000000349e+04,3.804110999999999798e+00,6.257401999999999409e-02
5.781315000000000146e+04,3.789473999999999787e+00,7.622626000000000401e-02
5.782213999999999942e+04,3.779139999999999944e+00,7.403508000000000311e-02
5.783112000000000262e+04,3.813260000000000094e+00,4.002905999999999825e-02
5.784011000000000058e+04,3.753090999999999955e+00,8.029052999999999884e-02
5.784909999999999854e+04,3.713794000000000040e+00,6.000085000000000141e-02
5.785808000000000175e+04,3.621398999999999813e+00,6.849958000000000435e-02
5.786706999999999971e+04,3.574749000000000176e+00,8.763793000000000277e-02
5.787605999999999767e+04,3.493002000000000162e+00,7.841370000000000284e-02
5.788504000000000087e+04,3.435293999999999848e+00,8.907782999999999674e-02
5.789402999999999884e+04,3.411936999999999998e+00,5.301183000000000284e-02
5.790301999999999680e+04,3.377261999999999986e+00,5.530895999999999729e-02
5.791200000000000000e+04,3.411000000000000032e+00,8.686027999999999805e-02
5.792098999999999796e+04,3.393944999999999990e+00,5.265345999999999915e-02
5.792998000000000320e+04,3.207864999999999966e+00,9.233091000000000215e-02
5.793895999999999913e+04,3.127981999999999818e+00,1.132728000000000068e-01
5.794794999999999709e+04,3.115979999999999972e+00,1.251285000000000036e-01
5.795694000000000233e+04,3.103993000000000002e+00,8.668030000000000179e-02
5.796591999999999825e+04,3.115132000000000012e+00,1.134652000000000022e-01
5.797491000000000349e+04,3.139575999999999922e+00,1.668868000000000018e-01
5.798388999999999942e+04,3.163977000000000039e+00,1.994808000000000137e-01
5.799287999999999738e+04,3.188327000000000133e+00,2.206927999999999945e-01
5.800187000000000262e+04,3.212622999999999784e+00,2.336548999999999987e-01
5.801084999999999854e+04,3.236857000000000095e+00,2.397171999999999914e-01
5.801983999999999651e+04,3.261010000000000186e+00,2.394089000000000078e-01
5.802883000000000175e+04,3.285028000000000059e+00,2.327062000000000019e-01
5.803780999999999767e+04,3.308742000000000072e+00,2.190215000000000078e-01
5.804680000000000291e+04,3.331684000000000090e+00,1.969412000000000107e-01
5.805579000000000087e+04,3.352663999999999866e+00,1.639062000000000019e-01
5.806476999999999680e+04,3.369174999999999809e+00,1.227261999999999936e-01
5.807376000000000204e+04,3.377774000000000054e+00,1.013681000000000026e-01
5.808275000000000000e+04,3.377889000000000141e+00,1.034920000000000007e-01
5.809173000000000320e+04,3.376097000000000126e+00,1.050713999999999954e-01
5.810072000000000116e+04,3.380279999999999951e+00,1.036867000000000066e-01
5.810970999999999913e+04,3.384539999999999882e+00,1.015989000000000059e-01
5.811869000000000233e+04,3.363481999999999861e+00,9.530747999999999998e-02
5.812768000000000029e+04,3.296675000000000022e+00,7.534435000000000437e-02
5.813666999999999825e+04,3.278029000000000082e+00,9.753235999999999850e-02
5.814565000000000146e+04,3.226694000000000173e+00,8.271549999999999736e-02
5.815463999999999942e+04,3.182633000000000045e+00,9.506981000000000459e-02
5.816362999999999738e+04,3.146252000000000049e+00,9.343187000000000020e-02
5.817261000000000058e+04,3.097541000000000100e+00,7.300729999999999720e-02
5.818159999999999854e+04,3.119307000000000052e+00,9.252092000000000649e-02
5.819058999999999651e+04,3.119655999999999985e+00,9.620259000000000449e-02
5.819956999999999971e+04,3.118208999999999786e+00,7.747358999999999496e-02
5.820855999999999767e+04,3.231351999999999780e+00,7.535548000000000246e-02
5.821755000000000291e+04,3.153675999999999924e+00,5.777540999999999927e-02
5.822652999999999884e+04,3.068995999999999835e+00,6.155175999999999703e-02
5.823551999999999680e+04,3.212695000000000078e+00,5.510026999999999980e-02
5.824451000000000204e+04,3.134908999999999946e+00,5.734697999999999879e-02
5.825348999999999796e+04,3.108877000000000113e+00,7.322431999999999552e-02
5.826248000000000320e+04,3.103930000000000078e+00,8.307533999999999752e-02
5.827145999999999913e+04,3.058511000000000202e+00,6.720091999999999732e-02
5.828044999999999709e+04,3.044699000000000044e+00,6.236531000000000019e-02
5.828944000000000233e+04,3.032633999999999830e+00,5.312058000000000058e-02
5.829841999999999825e+04,3.050199999999999800e+00,7.927312999999999721e-02
5.830741000000000349e+04,3.011636999999999897e+00,1.026601999999999931e-01
5.831640000000000146e+04,3.028964999999999907e+00,1.014652999999999944e-01
5.832537999999999738e+04,2.995115000000000194e+00,1.154507000000000033e-01
5.833437000000000262e+04,2.884859000000000062e+00,1.086937000000000042e-01
5.834336000000000058e+04,2.892380000000000173e+00,1.083526999999999962e-01
5.835233999999999651e+04,2.988236999999999810e+00,1.058289000000000035e-01
5.836133000000000175e+04,2.923741999999999841e+00,1.243813000000000002e-01
5.837031999999999971e+04,2.896863999999999884e+00,1.361028999999999989e-01
5.837930000000000291e+04,2.916198000000000068e+00,1.563777000000000084e-01
5.838829000000000087e+04,2.964154999999999873e+00,1.819638000000000089e-01
5.839727999999999884e+04,3.019213999999999842e+00,1.988931999999999922e-01
5.840626000000000204e+04,3.073881000000000085e+00,2.045035000000000047e-01
5.841525000000000000e+04,3.127720000000000056e+00,1.997509000000000090e-01
5.842423999999999796e+04,3.179498000000000157e+00,1.838988000000000012e-01
5.843322000000000116e+04,3.226105000000000000e+00,1.547632999999999925e-01
5.844220999999999913e+04,3.261114000000000068e+00,1.161577000000000026e-01
5.845119999999999709e+04,3.285146999999999817e+00,1.026891999999999944e-01
5.846018000000000029e+04,3.308173000000000030e+00,1.036490000000000050e-01
5.846916999999999825e+04,3.330188999999999844e+00,9.424080999999999431e-02
5.847816000000000349e+04,3.420619999999999994e+00,9.443853000000000664e-02
5.848713999999999942e+04,3.460395000000000110e+00,9.075155000000000027e-02
5.849612999999999738e+04,3.499759000000000064e+00,9.104742999999999864e-02
5.850512000000000262e+04,3.544239999999999835e+00,8.246984999999999733e-02
5.851409999999999854e+04,3.510219000000000200e+00,9.396909000000000511e-02
5.852308999999999651e+04,3.412437000000000165e+00,8.640298999999999896e-02
5.853208000000000175e+04,3.334327000000000041e+00,7.730496000000000589e-02
5.854105999999999767e+04,3.201588000000000100e+00,7.117553999999999548e-02
5.855005000000000291e+04,3.203733999999999860e+00,8.693602000000000274e-02
5.855904000000000087e+04,3.357756000000000185e+00,6.786414000000000335e-02
5.856801999999999680e+04,3.267377999999999894e+00,7.064786000000000676e-02
5.857701000000000204e+04,3.202297000000000171e+00,7.017265000000000308e-02
5.858598999999999796e+04,3.297004999999999963e+00,5.653819999999999679e-02
5.859498000000000320e+04,3.400834999999999830e+00,6.838413000000000130e-02
5.860397000000000116e+04,3.438133000000000106e+00,7.554513000000000200e-02
5.861294999999999709e+04,3.481786000000000048e+00,7.221880999999999440e-02
5.862194000000000233e+04,3.671419000000000210e+00,8.766462999999999339e-02
5.863093000000000029e+04,3.809994000000000103e+00,8.888071000000000166e-02
5.863991000000000349e+04,3.895560999999999829e+00,7.255933999999999995e-02
5.864890000000000146e+04,4.027720000000000411e+00,6.927885000000000293e-02
5.865788999999999942e+04,4.007900000000000240e+00,7.618331999999999882e-02
5.866687000000000262e+04,4.036745999999999945e+00,1.070244000000000056e-01
5.867586000000000058e+04,4.099287999999999599e+00,1.115474000000000049e-01
5.868484999999999854e+04,4.155479999999999841e+00,1.198195999999999983e-01
5.869383000000000175e+04,4.231017999999999724e+00,1.329962000000000089e-01
5.870281999999999971e+04,4.322180999999999607e+00,1.363270000000000037e-01
5.871180999999999767e+04,4.409835000000000171e+00,1.337293999999999983e-01
5.872079000000000087e+04,4.500483000000000011e+00,1.301242999999999983e-01
5.872977999999999884e+04,4.612807000000000102e+00,1.370389999999999942e-01
5.873876999999999680e+04,4.655922000000000338e+00,1.481113000000000013e-01
5.874775000000000000e+04,4.578038000000000274e+00,1.536974000000000118e-01
5.875673999999999796e+04,4.656944000000000194e+00,1.707461000000000118e-01
5.876573000000000320e+04,4.736030000000000406e+00,1.849235999999999935e-01
5.877470999999999913e+04,4.788165000000000227e+00,1.934149000000000007e-01
5.878369999999999709e+04,4.839178000000000424e+00,1.895971999999999935e-01
5.879269000000000233e+04,4.887236999999999831e+00,1.728485999999999911e-01
5.880166999999999825e+04,4.927799000000000262e+00,1.412731999999999877e-01
5.881066000000000349e+04,4.930333000000000077e+00,1.186547000000000018e-01
5.881965000000000146e+04,4.888269000000000197e+00,1.144074999999999953e-01
5.882862999999999738e+04,4.810443000000000247e+00,1.092116000000000059e-01
5.883762000000000262e+04,4.785048999999999886e+00,1.133856000000000031e-01
5.884661000000000058e+04,4.737467999999999790e+00,1.149847999999999981e-01
5.885558999999999651e+04,4.654847000000000179e+00,1.129764999999999936e-01
5.886458000000000175e+04,4.541522999999999755e+00,1.054065000000000002e-01
5.887355999999999767e+04,4.447141000000000233e+00,1.056519999999999959e-01
5.888255000000000291e+04,4.393604999999999983e+00,1.056219000000000047e-01
5.889154000000000087e+04,4.381723000000000035e+00,1.005058999999999952e-01
5.890051999999999680e+04,4.337639000000000244e+00,9.411606999999999612e-02
5.890951000000000204e+04,4.347011000000000180e+00,1.000864999999999949e-01
5.891850000000000000e+04,4.429320999999999842e+00,1.243101999999999957e-01
5.892748000000000320e+04,4.566297999999999746e+00,1.412117999999999984e-01
5.893647000000000116e+04,4.700314999999999799e+00,1.251789000000000096e-01
5.894545999999999913e+04,4.884305000000000341e+00,1.167514999999999942e-01
5.895444000000000233e+04,5.035556999999999839e+00,1.127621000000000040e-01
5.896343000000000029e+04,5.184578000000000131e+00,1.092357000000000050e-01
5.897241999999999825e+04,5.329818000000000389e+00,1.022464000000000012e-01
5.898140000000000146e+04,5.455778999999999712e+00,1.122061000000000031e-01
5.899038999999999942e+04,5.635558999999999763e+00,1.131502000000000063e-01
5.899937999999999738e+04,5.858247000000000426e+00,1.155555000000000054e-01
5.900836000000000058e+04,6.021739000000000175e+00,1.207107999999999931e-01
5.901734999999999854e+04,6.136020000000000252e+00,1.275330000000000075e-01
5.902633999999999651e+04,6.255772999999999584e+00,1.384556000000000120e-01
5.903531999999999971e+04,6.251346999999999987e+00,1.802872000000000086e-01
5.904430999999999767e+04,6.210581999999999603e+00,2.208604000000000123e-01
5.905330000000000291e+04,6.169914000000000343e+00,2.531228999999999840e-01
5.906227999999999884e+04,6.129233000000000153e+00,2.800449999999999884e-01
5.907126999999999680e+04,6.088518999999999792e+00,3.031268999999999769e-01
5.908026000000000204e+04,6.047769999999999868e+00,3.232591000000000214e-01
5.908923999999999796e+04,6.006988999999999912e+00,3.410256999999999872e-01
5.909823000000000320e+04,5.966180999999999734e+00,3.568367000000000067e-01
5.910722000000000116e+04,5.925349999999999895e+00,3.709946000000000077e-01
5.911619999999999709e+04,5.884501000000000204e+00,3.837314000000000003e-01
5.912519000000000233e+04,5.843638000000000332e+00,3.952301999999999760e-01
5.913418000000000029e+04,5.802766000000000091e+00,4.056394999999999862e-01
5.914316000000000349e+04,5.761889000000000038e+00,4.150816999999999979e-01
5.915215000000000146e+04,5.721011999999999986e+00,4.236596999999999724e-01
5.916113999999999942e+04,5.680139999999999745e+00,4.314609999999999834e-01
5.917012000000000262e+04,5.639276999999999873e+00,4.385613999999999901e-01
5.917911000000000058e+04,5.598427000000000042e+00,4.450266999999999973e-01
5.918808999999999651e+04,5.557595000000000063e+00,4.509148000000000045e-01
5.919708000000000175e+04,5.516785999999999746e+00,4.562772999999999968e-01
5.920606999999999971e+04,5.476003999999999650e+00,4.611600000000000144e-01
5.921505000000000291e+04,5.435253999999999586e+00,4.656042000000000236e-01
5.922404000000000087e+04,5.394540000000000113e+00,4.696472999999999898e-01
5.923302999999999884e+04,5.353867000000000154e+00,4.733230999999999966e-01
