-4.964058549999999741e+02
-1.529450199999999995e+02
-4.842672800000000279e+02
-4.075886980000000221e+02
-3.301198509999999828e+02
-2.858274579999999787e+02
-4.974521290000000135e+02
-4.711065909999999803e+02
-4.932845050000000242e+02
-2.836952279999999860e+02
-4.897981570000000033e+02
-1.267420110000000051e+02
-2.880647440000000188e+02
-4.700960830000000215e+02
-4.901758820000000014e+02
-3.975907690000000230e+02
-3.434644959999999969e+02
-3.605620799999999804e+02
-4.367754639999999995e+02
-4.981838399999999751e+02
-3.840849129999999718e+02
-3.000157560000000103e+02
-4.944330110000000218e+02
-3.972876800000000230e+02
-4.974521290000000135e+02
-4.657810119999999756e+02
-4.996982889999999884e+02
-4.036151090000000181e+02
-3.890510919999999828e+02
-4.096190910000000258e+02
-1.226703459999999950e+02
-4.008875300000000266e+02
-4.008875300000000266e+02
-4.143311320000000251e+02
-4.209575950000000262e+02
-4.086862699999999791e+02
-4.073923990000000117e+02
-4.089632760000000076e+02
-4.895922939999999812e+02
-4.981838399999999751e+02
-4.394104080000000181e+02
-3.377169489999999996e+02
-4.700960830000000215e+02
-4.096193269999999984e+02
-2.770123330000000124e+02
-4.382041540000000168e+02
-3.396787739999999758e+02
-4.073923990000000117e+02
-4.336236670000000117e+02
-4.132587720000000218e+02
-3.890510919999999828e+02
-4.907453530000000228e+02
-3.605620799999999804e+02
-4.463514040000000023e+02
-4.902938520000000153e+02
-4.068517079999999737e+02
-4.700960830000000215e+02
-4.957435639999999921e+02
-4.944609090000000151e+02
-1.267420110000000051e+02
-2.638730780000000209e+02
-4.327118609999999990e+02
-4.194595909999999890e+02
-2.801160090000000196e+02
-4.957435639999999921e+02
-3.434644959999999969e+02
-4.382041540000000168e+02
-4.501269399999999905e+02
-4.463514040000000023e+02
-4.638802709999999934e+02
-4.075886980000000221e+02
-4.068517079999999737e+02
-3.400462099999999737e+02
-3.301198509999999828e+02
-2.640817030000000045e+02
-3.384406749999999988e+02
-4.096052980000000048e+02
-4.194597410000000082e+02
-4.980721560000000068e+02
-3.716167130000000043e+02
-3.605620799999999804e+02
-3.035057449999999903e+02
-1.551329780000000085e+02
-1.551329780000000085e+02
-3.973062580000000139e+02
-4.638802709999999934e+02
-4.957436040000000048e+02
-3.000157560000000103e+02
-4.837991149999999720e+02
-4.974523029999999721e+02
-3.396787739999999758e+02
-4.970903989999999908e+02
-1.551329780000000085e+02
-4.897981570000000033e+02
-4.269086970000000179e+02
-4.394104070000000206e+02
-4.974521290000000135e+02
-3.716167130000000043e+02
-3.946525229999999738e+02
-3.301198509999999828e+02
-3.973062580000000139e+02
-4.132587720000000218e+02
-1.641461009999999874e+02
-4.944609090000000151e+02
-4.168791420000000016e+02
-4.096190910000000258e+02
-4.964058549999999741e+02
-4.068517079999999737e+02
-4.008875300000000266e+02
-4.292960889999999949e+02
-3.665495849999999791e+02
-4.901758560000000102e+02
-4.974523029999999721e+02
-4.951858449999999721e+02
-4.194595909999999890e+02
-4.367754639999999995e+02
-4.953484139999999911e+02
-4.973274549999999863e+02
-4.501269399999999905e+02
-3.348506429999999909e+02
-4.143092350000000010e+02
-4.095860210000000166e+02
-3.410932480000000169e+02
-4.955894979999999919e+02
-4.075939099999999939e+02
-3.716167130000000043e+02
-4.814589280000000144e+02
-4.711213409999999726e+02
-4.075886980000000221e+02
-3.663181369999999788e+02
-3.907984299999999962e+02
-4.837991149999999720e+02
-3.890510919999999828e+02
-3.384406749999999988e+02
-4.394104080000000181e+02
-4.974523029999999721e+02
-4.380179810000000202e+02
-4.096190910000000258e+02
-4.907453530000000228e+02
-4.075886980000000221e+02
-4.292154679999999871e+02
-2.906448439999999778e+02
-4.394104080000000181e+02
-3.890510919999999828e+02
-4.615254180000000019e+02
-4.944330110000000218e+02
-3.396787739999999758e+02
-4.974523029999999721e+02
-4.360312410000000227e+02
-4.568970550000000230e+02
-3.384406749999999988e+02
-4.974521290000000135e+02
-4.095882320000000050e+02
-4.944609090000000151e+02
-4.068517079999999737e+02
-4.842672800000000279e+02
-3.325232280000000173e+02
-4.655460570000000189e+02
-4.932780260000000112e+02
-3.000157560000000103e+02
-4.959187769999999773e+02
-4.700960830000000215e+02
-4.075886980000000221e+02
-4.758467669999999998e+02
-2.836952279999999860e+02
-4.951854759999999942e+02
-2.201159330000000125e+02
-4.194597309999999766e+02
-4.932780030000000124e+02
-3.716167130000000043e+02
-4.096190910000000258e+02
-1.226703449999999975e+02
-4.572672230000000013e+02
-4.062135519999999929e+02
-4.886614959999999996e+02
-1.226703449999999975e+02
-4.842672800000000279e+02
-4.143092350000000010e+02
-4.292154679999999871e+02
-4.981838399999999751e+02
-4.068831050000000005e+02
-4.814589280000000144e+02
-4.837991149999999720e+02
-4.978887849999999844e+02
-4.096190910000000258e+02
-3.663181369999999788e+02
-1.551329780000000085e+02
-4.367754639999999995e+02
-3.377169489999999996e+02
-3.605620799999999804e+02
-4.963068999999999846e+02
-4.700960830000000215e+02
-4.837991149999999720e+02
-2.808501029999999901e+02
-4.087178349999999796e+02
4.386628600000000233e+01
-4.292154679999999871e+02
-2.880647440000000188e+02
-1.551329780000000085e+02
-4.736014870000000201e+02
-4.711213409999999726e+02
-4.941394169999999804e+02
-3.890510919999999828e+02
-3.840849129999999718e+02
4.386628600000000233e+01
-2.408664379999999881e+02
-4.271804409999999734e+02
-4.940786469999999895e+02
-1.641461009999999874e+02
-3.716167130000000043e+02
-4.957436040000000048e+02
-4.075886980000000221e+02
-4.075886980000000221e+02
4.386628600000000233e+01
-4.758467669999999998e+02
-3.975907690000000230e+02
-3.410932480000000169e+02
-4.395292109999999752e+02
-3.396787739999999758e+02
-4.944609090000000151e+02
-4.008875300000000266e+02
-4.073923990000000117e+02
-4.568970530000000281e+02
-4.096052980000000048e+02
-4.843222700000000032e+02
-1.641461009999999874e+02
-4.194597410000000082e+02
-3.410932480000000169e+02
-3.035057449999999903e+02
-4.367754639999999995e+02
-2.880647440000000188e+02
-4.008875300000000266e+02
-4.837991149999999720e+02
-4.814589280000000144e+02
-3.301198509999999828e+02
-4.143311320000000251e+02
-3.972876800000000230e+02
-2.906448439999999778e+02
-4.932845050000000242e+02
-4.957436040000000048e+02
-2.640817049999999995e+02
-3.384406749999999988e+02
-4.605018689999999992e+02
-3.396787739999999758e+02
-4.269086970000000179e+02
-4.096190910000000258e+02
-4.777516360000000191e+02
-4.876495709999999804e+02
-4.495515169999999898e+02
-3.384406749999999988e+02
-2.640817030000000045e+02
-4.953484139999999911e+02
-4.843222700000000032e+02
-4.394104070000000206e+02
-3.540611959999999954e+02
-4.269086970000000179e+02
-4.327118609999999990e+02
-4.500881810000000200e+02
-1.226703449999999975e+02
-4.096190910000000258e+02
-4.944609090000000151e+02
-2.237037070000000085e+02
-4.843222700000000032e+02
-4.766853760000000193e+02
-3.348506429999999909e+02
-2.998645970000000034e+02
-3.665497550000000047e+02
-4.568970550000000230e+02
-4.940786469999999895e+02
4.386628600000000233e+01
-4.336236670000000117e+02
-3.663181369999999788e+02
-4.837991149999999720e+02
-3.716167130000000043e+02
-4.568673440000000028e+02
-2.808501029999999901e+02
-3.665495849999999791e+02
-4.500881810000000200e+02
-4.463514040000000023e+02
-4.736014870000000201e+02
-3.840848490000000197e+02
-4.075886980000000221e+02
-4.959187769999999773e+02
-4.292154679999999871e+02
-4.532097539999999753e+02
-4.974521290000000135e+02
-4.500881810000000200e+02
-4.638074970000000121e+02
-3.424195320000000038e+02
-4.700960830000000215e+02
-4.842672800000000279e+02
-4.500881810000000200e+02
-3.056891780000000267e+02
-4.073923990000000117e+02
-4.941392230000000154e+02
-2.808501029999999901e+02
-4.336236670000000117e+02
-4.856424030000000016e+02
-4.073923990000000117e+02
-4.638802709999999934e+02
-2.858235990000000015e+02
-4.700960830000000215e+02
-4.073923990000000117e+02
-4.876495709999999804e+02
-3.056891780000000267e+02
-4.956502140000000054e+02
-4.327118609999999990e+02
-2.640817030000000045e+02
-4.963068999999999846e+02
-2.836952279999999860e+02
-4.980721560000000068e+02
-4.955894979999999919e+02
-4.068517079999999737e+02
-2.880647440000000188e+02
-3.890505150000000185e+02
-4.072518769999999790e+02
-3.410932480000000169e+02
-2.640817030000000045e+02
-4.957436040000000048e+02
-4.732537050000000249e+02
-4.940786469999999895e+02
-4.638802709999999934e+02
-3.410932480000000169e+02
-4.095882320000000050e+02
-4.907453530000000228e+02
-4.095860210000000166e+02
-4.367754639999999995e+02
-3.663181289999999990e+02
-4.096190910000000258e+02
-3.665497550000000047e+02
-3.400462099999999737e+02
-4.269086970000000179e+02
-1.045347260000000063e+02
-4.336236670000000117e+02
-4.394104070000000206e+02
-3.663181369999999788e+02
-4.778483209999999985e+02
-4.842672800000000279e+02
-3.663181369999999788e+02
-2.836952279999999860e+02
-4.842672800000000279e+02
-4.132587720000000218e+02
-4.336236670000000117e+02
-4.075886980000000221e+02
-4.777516370000000165e+02
-4.996982889999999884e+02
-4.957436040000000048e+02
