-197.698849,6.931958465413311,1.274123075737374
-195.97848193110949,6.906061450618216,1.25203568645645
-194.258114862219,6.879940490255427,1.2291574084257044
-192.5377477933285,6.853593647743368,1.2054362286294773
-190.81738072443798,6.827018969757836,1.1808140976243031
-189.0970136555475,6.800214486082366,1.15522586793109
-187.376646586657,6.773178209458228,1.1285979765543026
-185.6562795177665,6.745908135451215,1.1008467915629951
-183.935912448876,6.7184022422842045,1.0718765111793258
-182.21554537998549,6.6906584907037026,1.0415764571038848
-180.495178311095,6.66267482381628,1.0098175328834351
-178.7748112422045,6.634449166943581,0.9764475077658777
-177.05444417331398,6.605979427467938,0.9412846097366464
-175.3340771044235,6.577263494673931,0.9041086190412755
-173.613710035533,6.548299239593417,0.8646481512984959
-171.89334296664248,6.5190845148495224,0.8225619182269894
-170.172975897752,6.489617154496672,0.7774100514161767
-168.4526088288615,6.459894973855258,0.7286081509542295
-166.73224175997098,6.429915769353068,0.67534928880197
-165.0118746910805,6.399677318368978,0.6164614229403991
-163.29150762218998,6.3691773790565644,0.5501193960549762
-161.57114055329947,6.338413690187197,0.47317407141687967
-159.850773484409,6.307383970966901,0.37919439775417324
-158.13040641551848,6.276085920892632,0.24958297634103788
-156.41003934662797,6.220952151677336,0.1298622619264577
-154.6896722777375,6.086502505446175,0.2727699438397507
-152.96930520884698,5.951768152448418,0.30955901480731385
-151.2489381399565,5.816739103633543,0.284851864239595
-149.52857107106598,5.681405348097504,0.1741852164886039
-147.8082040021755,5.58145561353369,0.2013044591455812
-146.087836933285,5.507336207729873,0.29265435718641925
-144.36746986439448,5.432889156415088,0.3075058965625419
-142.647102795504,5.358108940166391,0.2593569731725323
-140.9267357266135,5.284235089143445,0.07340990752507394
-139.20636865772298,5.324344654886131,0.2449617566943804
-137.4860015888325,5.374874037107086,0.30450305855868803
-135.76563451994198,5.425065953218356,0.29867477782973156
-134.04526745105147,5.474924124392482,0.2223932337231152
-132.324900382161,5.56604374349841,0.139039686843107
-130.60453331327048,5.768061311726173,0.27508730507646423
-128.88416624437997,5.969770564311835,0.3096540420615479
-127.16379917548947,6.171186455757896,0.2827999820380692
-125.44343210659898,6.3723239188137075,0.1671493925067714
-123.72306503770848,6.488340622857274,0.20905930643654438
-122.00269796881798,6.552022303599996,0.29534416716597833
-120.28233089992747,6.615453790704153,0.30780965019305134
-118.56196383103698,6.678639786908425,0.2574176263421041
-116.84159676214648,6.737999240869369,0.0753149787214265
-115.12122969325597,6.6573244102298705,0.25126760853189284
-113.40086262436547,6.567834783864091,0.3065647953321447
-111.68049555547498,6.478096136173216,0.298038785207444
-109.96012848658448,6.388101814043603,0.21833303373681537
-108.23976141769397,6.355693164929546,0.1525412056276067
-106.51939434880347,6.448999103066326,0.27888524365533013
-104.79902727991298,6.5420472095392,0.3102969982209267
-103.07866021102248,6.634844382829881,0.2807063445549022
-101.35829314213197,6.727397502817192,0.15908257956457925
-99.63792607324147,6.824404686980428,0.21592601803516284
-97.91755900435098,6.923575038573739,0.29756182326001057
-96.19719193546047,7.022522743037106,0.3075050828330817
-94.47682486656997,7.12125513624145,0.2543124876914284
-92.75645779767947,7.2181443922140485,0.07773209713472369
-91.03609072878898,7.279925017865123,0.25620307342950743
-89.31572365989847,7.340240695856112,0.30815885115694414
-87.59535659100797,7.400364617850306,0.29744146898579016
-85.87498952211747,7.460301241362936,0.21486446843789578
-84.15462245322696,7.549321430556118,0.1658741670464862
-82.43425538433647,7.6908330462958165,0.2830904646261109
-80.71388831544597,7.832178898569778,0.3115365906897669
-78.99352124655547,7.973369466593509,0.27975661583715977
-77.27315417766496,8.11441521808509,0.15414534925323195
-75.55278710877447,8.099431359227266,0.22450911660716263
-73.83242003988397,8.018985445660475,0.30056941380914
-72.11205297099346,7.938398097478226,0.3076002158022292
-70.39168590210296,7.85766334002612,0.2514624668675965
-68.67131883321247,7.776121809290215,0.0869691683211464
-66.95095176432196,7.6857352116186295,0.26101439909305524
-65.23058469543147,7.595024855767411,0.3092780091552505
-63.510217626540964,7.504141633329008,0.29568478836302675
-61.78985055765045,7.413078806325389,0.20846078567017834
-60.06948348875997,7.323015605631026,0.17412952971510617
-58.34911641986946,7.234540508046967,0.2852464767722142
-56.62874935097895,7.145865817964106,0.3107174667493543
-54.90838228208847,7.056984961145053,0.27543596306569307
-53.18801521319796,6.96789134805468,0.13899027425569951
-51.467648144307475,6.790739156551629,0.2274201327860095
-49.747281075416964,6.583637245189122,0.3005883249950295
-48.026914006526454,6.3762874840868395,0.30492682804368604
-46.30654693763597,6.168674500560455,0.24413476582332788
-44.58617986874546,5.988354255534963,0.08384631465980322
-42.86581279985495,6.0536424798463155,0.2620063389629652
-41.14544573096447,6.120169485133745,0.308368904508089
-39.42507866207396,6.1864142796893,0.2923323939622347
-37.70471159318345,6.252381774832001,0.19936149757402802
-35.984344524292965,6.231008075938105,0.17925706225842555
-34.263977455402454,6.099537376185014,0.2863365588773376
-32.54361038651194,5.967782936059566,0.30940715108960265
-30.82324331762146,5.835734987436469,0.2708683276786477
-29.10287624873095,5.703383740423947,0.12203520105625436
-27.38250917984047,5.690748532586015,0.2305731548862069
-25.662142110949958,5.709759149414266,0.30108847248693116
-23.941775042059447,5.72845712814051,0.3032966191687743
-22.221407973168965,5.746843855017383,0.23909849087801818
-20.501040904278454,5.782407608467606,0.09660468143769244
-18.780673835387944,5.927182561061555,0.26526329601545257
-17.06030676649746,6.071712552346275,0.3088127792534815
-15.339939697606951,6.21595674036241,0.29030293623706305
-13.61957262871644,6.3599258192059,0.19259468829695803
-11.899205559825958,6.477416469593889,0.18733419486347727
-10.178838490935448,6.566785193148691,0.2889267516636614
-8.458471422044965,6.655904817563373,0.3096308009084603
-6.738104353154455,6.74478195007905,0.26884097688238134
-5.017737284263944,6.833423179941361,0.1126249713952297
-3.297370215373462,6.8155201157583125,0.21980119735677792
-1.5770031464829515,6.775954297610868,0.22969131171496415
0.14336392240755913,6.709489262974932,0.10347978554688161
1.8637309912980413,6.349460814641402,0.1978216826107676
3.584098060188552,6.073724275253342,0.11195822619016474
5.3044651290790625,6.183606067095679,0.23712826172662524
7.024832197969545,6.293210351326719,0.19984952876252163
8.745199266860055,6.2207880944890785,0.17309193121796823
10.465566335750566,5.907978784340754,0.16938479948118423
12.185933404641048,5.757040441060463,0.1852076157898492
13.906300473531559,5.751205864927497,0.23905896792894346
15.626667542422041,5.745061723511769,0.1406923997319597
17.34703461131255,5.713676545090932,0.19776284898834753
19.067401680203062,5.675091462683058,0.08998178898530432
20.787768749093544,5.783585885916162,0.22137652308416608
22.508135817984055,5.913151983048683,0.22587268705082686
24.228502886874566,6.020418073613262,0.1160372120895303
25.948869955765048,5.974552496467522,0.27062850174261704
27.66923702465556,5.928393912716116,0.312779718845024
29.38960409354607,5.881938900199996,0.29537438468407995
31.10997116243655,5.835184014805714,0.20366951327945157
32.83033823132706,5.813174268881555,0.19506942965812787
34.550705300217544,5.818729038240674,0.29271118611174923
36.271072369108055,5.823979248406827,0.31323312226111666
37.991439437998565,5.828925288625738,0.2745199835862385
39.71180650688905,5.833567525589663,0.13195373474624392
41.43217357577956,5.9159707911858685,0.2422159087317564
43.15254064467007,6.015114079594989,0.3067884617877631
44.87290771356055,6.113967368584769,0.3073174150843838
46.59327478245106,6.2125379870251205,0.24421945614511703
48.31364185134157,6.287980726181315,0.13107251265406047
50.034008920232054,6.250264978037576,0.27442011692599017
51.754375989122565,6.212276664298772,0.31357946508932627
53.474743058013075,6.1740129685574825,0.2937071213811565
55.19511012690356,6.135471053980643,0.19773264345051425
56.91547719579407,6.036256324459755,0.2027757902703863
58.63584426468458,5.88007472800596,0.2950703612154668
60.35621133357506,5.723593120457322,0.31276178073147615
62.07657840246554,5.5667999004504605,0.2708901076434652
63.79694547135608,5.409683443502145,0.11723407083249526
65.51731254024656,5.382225003520171,0.24606667889958805
67.23767960913705,5.375003196123915,0.3074081700926608
68.95804667802759,5.367443932198901,0.30525771870846186
70.67841374691807,5.359546651302429,0.23789891785620332
72.39878081580855,5.36024390149935,0.13907094373914078
74.11914788469909,5.394034449429375,0.2762814109309198
75.83951495358957,5.427488951786048,0.3131370985412198
77.55988202248005,5.460609888838681,0.2907188385451707
79.28024909137059,5.493399716144593,0.18898466913220585
81.00061616026107,5.450694511482295,0.20790171193292797
82.72098322915156,5.348205708473868,0.29641591006642065
84.4413502980421,5.245377462197348,0.31176263452859326
86.16171736693258,5.142202149074903,0.26688299952398403
87.88208443582306,5.038672119809641,0.09973201926204753
89.60245150471354,5.195313383623963,0.24981229044433018
91.32281857360408,5.378675476436717,0.3083505932629192
93.04318564249456,5.561700384974655,0.3041229919876259
94.76355271138505,5.744401678504792,0.23374672242180292
96.48391978027558,5.893366294970244,0.15159759526885172
98.20428684916607,5.943532993837733,0.27986964256008795
99.92465391805655,5.993404386335298,0.31388377928329986
101.64502098694709,6.04298416988537,0.28909488140241535
103.36538805583757,6.092276020266906,0.1829782903618965
105.08575512472805,6.135264843393989,0.21547821294329234
106.80612219361859,6.173974689245048,0.29916961398739544
108.52648926250907,6.212406313420447,0.3122308898010458
110.24685633139956,6.250562565205003,0.26531159102088253
111.9672234002901,6.288446273457781,0.09055803170793794
113.68759046918058,6.185930644364069,0.2560809668848223
115.40795753807106,6.075510444687508,0.3102365175883328
117.1283246069616,5.964804723310541,0.30298177024335327
118.84869167585208,5.85380527263049,0.22853864233391083
120.56905874474256,5.843691588079471,0.161190547603458
122.2894258136331,6.074073359267663,0.28271704449612256
124.00979288252358,6.30416950221308,0.31432330039824985
125.73015995141407,6.533997075983587,0.2873997539669701
127.4505270203046,6.763573119745493,0.17698182682559943
129.1708940891951,6.9484593373534,0.22286549273284867
130.89126115808557,7.108484534599315,0.3019125406012452
132.6116282269761,7.268300793699781,0.31270138507926293
134.3319952958666,7.427919963254846,0.26374972324991897
136.05236236475707,7.587353877256044,0.08054870944109672
137.77272943364756,7.4631152108582,0.26217878950993795
139.4930965025381,7.33608833198816,0.3124440462742906
141.21346357142858,7.208869389266502,0.3027790018223397
142.93383064031906,7.081448950822031,0.22560469841454717
144.6541977092096,7.022339478687888,0.17397144969813144
146.37456477810008,7.0969862640459365,0.28686206934625963
148.09493184699056,7.171423258793398,0.3153786151696513
149.8152989158811,7.245655981603091,0.2859941094286411
151.53566598477158,7.319689936001607,0.1710891155264461
153.25603305366207,7.578869324146824,0.23008576127715066
154.9764001225526,7.922749524379798,0.30465572910410355
156.6967671914431,8.266481155171979,0.31319828821623275
158.41713426033357,8.610089700408976,0.2622502358528087
160.1375013292241,8.947531440343822,0.10100807804048995
161.8578683981146,9.109258726945574,0.2683292635466582
163.57823546700507,9.270925410589372,0.3154256028543915
165.2986025358956,9.432543477056479,0.3044485783853007
167.0189696047861,9.594124908542346,0.2271243130916613
168.73933667367658,9.723191647314453,0.1917239668714781
170.45970374256711,9.79943625799656,0.293635915921428
172.1800708114576,9.875671434718805,0.31870931543041614
173.90043788034808,9.951902829472496,0.2877904838861374
175.62080494923862,10.028136093963843,0.17308868982989734
177.3411720181291,10.08751242985956,0.25827342420116983
179.06153908701958,10.140612750382816,0.36870428709004255
180.78190615591006,10.193728931393435,0.4413341523925908
182.5022732248006,10.24686491086259,0.49317497652396186
184.2226402936911,10.30002462824111,0.5303719342485456
185.94300736258157,10.353212024722067,0.5558827380794696
187.6633744314721,10.406431043568224,0.5712822989646422
189.3837415003626,10.459685630373263,0.5773846864498625
191.10410856925307,10.512979733373873,0.5744880593903636
192.8244756381436,10.566317303743523,0.5624525209529302
194.5448427070341,10.619702295860419,0.5406643523752508
196.26520977592457,10.67313866763507,0.507862888362781
197.9855768448151,10.72663038077693,0.4616957363618417
199.7059439137056,10.780181401106097,0.39751652308888835
201.42631098259608,10.833795698833859,0.3041013965810772
203.14667805148662,10.88749190826933,0.12894761649111547
204.8670451203771,10.960107647449503,0.25051229693625626
206.58741218926758,11.035702535016929,0.31017433105580305
208.30777925815812,11.111379644045199,0.3081945489120026
210.0281463270486,11.187144585139206,0.24307064992648242
211.74851339593909,11.288986235418191,0.15192958102773238
213.46888046482962,11.485898669331098,0.28093360199417505
215.1892475337201,11.682926701740824,0.3166746332185709
216.9096146026106,11.880084940085494,0.29523945478735925
218.62998167150113,12.077388001462507,0.1989229396193244
220.3503487403916,12.226667713334512,0.21778121221595126
222.0707158092821,12.33861610146556,0.30160282308265507
223.79108287817257,12.450743307618664,0.31658586341257944
225.5114499470631,12.563057644784314,0.27425980622123647
227.2318170159536,12.675330134010045,0.13014201479365248
228.95218408484408,12.754789982888274,0.25915585330597324
230.67255115373462,12.830902871016717,0.31408736403124915
232.3929182226251,12.90723107476836,0.30994515515664284
234.11328529151558,12.983780253023992,0.24373422126071195
235.83365236040612,12.970392444867988,0.17123316469205394
237.5540194292966,12.697011016559129,0.28707496014268374
239.27438649818708,12.423834977265413,0.3182778219774495
240.99475356707762,12.150844074037954,0.29324497612008027
242.7151206359681,11.878018067622284,0.19100530125722193
244.4354877048586,11.845083479990711,0.22285046205608808
246.15585477374913,11.96892799356287,0.303021039669269
247.8762218426396,12.092923916892408,0.31564643377810075
249.5965889115301,12.21708044290031,0.27036532114467265
251.31695598042063,12.337096768629115,0.12271049474715594
253.0373230493111,12.239481736184926,0.26224244134663033
254.7576901182016,12.126396312907046,0.31395882386068386
256.47805718709213,12.01347397391057,0.3066202976007424
258.1984242559826,11.900706347256252,0.23474952380461322
259.9187913248731,11.829094038120308,0.17289869643177963
261.63915839376364,11.85338213871371,0.2871887750081095
263.3595254626541,11.877813082615218,0.3171950625090536
265.0798925315446,11.902388681117513,0.29035372052905
266.8002596004351,11.927110756231171,0.18316736165983427
268.5206266693256,11.840901060413591,0.22815828211684877
270.2409937382161,11.694319544187037,0.3041620576175736
271.9613608071066,11.547869078549061,0.3137058514626075
273.6817278759971,11.40153880582744,0.264099152410329
275.4020949448876,11.26446097043945,0.11059534247503729
277.1224620137781,11.363896842719496,0.2631917874091617
278.84282908266863,11.473901663832569,0.3134974096456898
280.5631961515591,11.58402119399175,0.3045095730738899
282.2835632204496,11.69426359735091,0.22935699774505897
284.00393028934013,11.748102033533774,0.18108315585978646
285.7242973582306,11.693472696078741,0.28961105137795157
287.4446644271211,11.638974346424098,0.3169447202291275
289.16503149601164,11.58460294412719,0.28728767801878796
290.8853985649021,11.530354458152997,0.1735223604093404
292.6057656337926,11.512223180518303,0.2325034802286329
294.32613270268314,11.510393431703632,0.30542212237628524
296.0464997715736,11.5086810974025,0.3129386928243878
297.7668668404641,11.507086050655571,0.2607740489577527
299.48723390935464,11.495541018495457,0.11393233057585248
301.2076009782451,11.327859653576807,0.2670959110628912
302.9279680471356,11.156567513090591,0.3137487989029211
304.64833511602615,10.98536655485587,0.301345711467161
306.36870218491663,10.814244086218478,0.2201153112392462
308.0890692538071,10.644308890399527,0.1837145958099072
309.8094363226976,10.47621940905452,0.28960619930696374
311.52980339158813,10.308170669708728,0.3146606180114071
313.2501704604786,10.140150213407663,0.28137911092841894
314.97053752936915,9.972145583298497,0.15605949629531807
316.69090459825964,9.978894263175304,0.2327262709478936
318.4112716671501,10.049507393329135,0.3043569078637821
320.1316387360406,10.120129629516653,0.3099295696253572
321.8520058049311,10.190766207597433,0.25383491617749016
323.5723728738217,10.258802056965406,0.11023656254170569
325.29273994271216,10.300167758252298,0.268093538358785
327.01310701160264,10.341302796764664,0.3130444794665931
328.7334740804931,10.382468574703678,0.2985502523360632
330.4538411493836,10.423668144056775,0.21278566105880603
332.1742082182741,10.386150493026546,0.18970507360220124
333.89457528716457,10.243145874560069,0.2912928378169777
335.61494235605517,10.100164718277211,0.3140830054325186
337.33530942494565,9.95719642370686,0.27817612641036193
339.05567649383613,9.814230391337814,0.14507473816006075
340.7760435627266,9.622141448394428,0.237241166767428
342.4964106316171,9.415760913667823,0.3050279795192861
344.2167777005076,9.209342499714607,0.30742789145733973
345.9371447693982,9.002870902901988,0.24636015825664762
347.65751183828866,8.835585768028421,0.10954960100026534
349.37787890717914,8.945292402789475,0.2686618154241216
351.0982459760696,9.055411297801397,0.31181227029949604
352.8186130449601,9.165465597670659,0.2947981265261831
354.5389801138506,9.275463461686256,0.20301044493988019
356.2593471827412,9.719168811797898,0.1861539182004624
357.97971425163166,10.539402580609503,0.24719287074266574
359.70008132052214,11.359681775744603,0.17564201164649565
361.4204483894126,10.997012007858201,0.20669454089121647
363.1408154583031,10.176591283758155,0.13041324666820855
364.8611825271936,10.172129011680466,0.22499998937002416
366.5815495960842,10.349975656521293,0.23675952502496037
368.30191666497467,10.522426271044692,0.12081315378549466
370.02228373386515,10.621102949771638,0.206286124915206
371.74265080275563,10.679549255195594,0.13101586269475085
373.4630178716461,10.534035515394093,0.24340387891253007
375.1833849405366,10.388566804001739,0.21064635467290302
376.9037520094271,10.38326763805105,0.1819968001028065
378.6241190783177,10.57473616816665,0.18375684086860794
380.34448614720816,10.61407378624426,0.19628573073915817
382.06485321609864,10.508645420951437,0.24671813385009383
383.7852202849891,10.403260201684743,0.16294978083242548
385.5055873538796,10.400680197557461,0.24616293057645272
387.2259544227701,10.429970211852845,0.31105140754077404
388.9463214916607,10.459297539279829,0.3146300014613735
390.66668856055117,10.488664354124593,0.25944947767798887
392.38705562944165,10.486663999314827,0.13856602937270124
394.10742269833213,10.233141525716759,0.27776165270793685
395.8277897672226,9.979641772587184,0.31783218595639584
397.5481568361131,9.726145945738166,0.30133853105207803
399.2685239050037,9.472635251259304,0.21566488522399505
400.9888909738942,9.340539170739545,0.20315604740540363
402.70925804278465,9.351832344466244,0.29695379517828574
404.42962511167514,9.363082899380712,0.3175025467509329
406.1499921805656,9.3742916695723,0.2813450839045488
407.8703592494561,9.385459486056432,0.15237027998182584
409.5907263183467,9.418728472567734,0.24806096682183795
411.3110933872372,9.457288846839175,0.310687979644906
413.03146045612766,9.495814420722011,0.31187654327617403
414.75182752501814,9.534308050458248,0.2524962085920492
416.4721945939086,9.61398974299149,0.14297027215021973
418.1925616627991,9.920930146660565,0.27907855963686634
419.9129287316896,10.227870123789272,0.31830883639281754
421.6332958005802,10.534832430573045,0.3012548214672541
423.35366286947067,10.84183982485345,0.21490361878072425
425.07402993836115,10.975416301986668,0.21527660069120824
426.79439700725163,10.93627082267784,0.3017556857516755
428.5147640761421,10.897200193062629,0.31929295743932323
430.2351311450326,10.858201516487737,0.2811080595792012
431.9554982139232,10.819271901634052,0.1492345145059458
433.6758652828137,10.899510744646163,0.2558171582553687
435.39623235170416,11.001084996027613,0.3142420532413277
437.11659942059464,11.1027389023546,0.31356718180151494
438.8369664894851,11.204480000137009,0.25332039246887167
440.5573335583756,11.305560517834946,0.16409184814008584
442.2777006272662,11.40364527098424,0.28591834438643837
443.9980676961567,11.501839524452775,0.3209751446997868
445.71843476504716,11.60015055826082,0.30126346568832413
447.43880183393765,11.698585661074587,0.2120131103411801
449.1591689028281,11.729026541479554,0.2242236632481005
450.8795359717186,11.702385907749486,0.30528077828609135
452.5999030406092,11.67587692263909,0.3203084485945538
454.3202701094997,11.649497620805588,0.28014725614465535
456.04063717839017,11.623246046516057,0.14437503478310498
457.76100424728065,11.382368870450263,0.26202822349082344
459.48137131617113,11.115335797241825,0.3158115804331224
461.2017383850616,10.848390849402547,0.31157282827527466
462.9221054539522,10.581514235938767,0.24633314881321489
464.6424725228427,10.391143210059182,0.16791966226718036
466.3628395917332,10.444890607634632,0.28650368245298097
468.08320666062366,10.498676424523962,0.3194496350853168
469.80357372951414,10.552504648341595,0.29680643747405955
471.5239407984046,10.606379269857355,0.2005447524948758
473.2443078672951,10.555798457948027,0.22551785720133144
474.9646749361857,10.431442017883652,0.30467627397030256
476.6850420050762,10.307123000065827,0.3175212754289483
478.40540907396667,10.182832187611067,0.273563629453297
480.12577614285715,10.058560365752895,0.12195008606663651
481.84614321174763,10.127265201619691,0.26232713563860377
483.5665102806381,10.209723402877783,0.31510188369672826
485.2868773495287,10.292202588409138,0.3094690586510876
487.0072444184192,10.374708873132347,0.24137146935931203
488.7276114873097,10.508437689039765,0.17649634844769127
490.44797855620016,10.773163660867096,0.2895198837128576
492.16834562509064,11.037952389809389,0.3206141366117733
493.8887126939811,11.302823507007743,0.29676854931456675
495.6090797628717,11.567796649707132,0.1991276950540643
497.3294468317622,11.665600322467169,0.23535285271964265
499.0498139006527,11.664667867477233,0.30895893341044045
500.77018096954316,11.663864264736715,0.31947310203326096
502.49054803843364,11.663189454664161,0.27425398075288454
504.2109151073241,11.662643387232192,0.12208279823490534
505.9312821762147,11.562205936636117,0.27022076454794136
507.6516492451052,11.459434771657426,0.31826305072260164
509.3720163139957,11.35677724317439,0.3098374071373477
511.09238338288617,11.254225740262724,0.23904234011159445
512.8127504517767,11.196265513902729,0.1881584245963217
514.5331175206671,11.231422646245703,0.293285261321297
516.2534845895576,11.26667651051599,0.32088089336027853
517.9738516584482,11.302029720396602,0.29368951053742554
519.6942187273387,11.33748489693228,0.18941549909819388
521.4145857962292,11.269490962029364,0.238486944067181
523.1349528651197,11.150835034328479,0.30924549640965815
524.8553199340101,11.032269863879526,0.3172569612455499
526.5756870029006,10.913786660389198,0.26820722998805363
528.2960540717912,10.796203402675557,0.1113306302132153
530.0164211406817,10.722412079305746,0.2711078315427229
531.7367882095722,10.64867975038291,0.31733632488449287
533.4571552784627,10.5750009494715,0.3066125190580759
535.1775223473531,10.50137021410284,0.2311366549424546
536.8978894162436,10.433817353839009,0.198613746690096
538.6182564851342,10.376753911433736,0.3352476517732671
540.3386235540247,10.319723836754248,0.41821933753941554
542.0589906229152,10.262722901667379,0.47646116224726087
543.7793576918057,10.205746880172219,0.518391662438852
545.4997247606962,10.148791548138524,0.5477808091833254
547.2200918295866,10.091852682957308,0.5665917659259957
548.9404588984772,10.034926063248419,0.5758674979876216
550.6608259673677,9.978007468532246,0.5760715195887732
552.3811930362582,9.921092678925346,0.56721368128837
554.1015601051487,9.864177474829281,0.5488526811749558
555.8219271740392,9.807257636617605,0.5199769559316686
557.5422942429296,9.750328944309876,0.4786778818883944
559.2626613118201,9.693387177280746,0.42130330420955997
560.9830283807107,9.63642811392772,0.33978316621997423
562.7033954496012,9.579447531372514,0.20732219499468624
564.4237625184917,9.459630799803291,0.2002150006091693
566.1441295873822,9.27820520586828,0.2940383122888254
567.8644966562726,9.096731534474882,0.31226088046212286
569.5848637251631,8.915196331373542,0.27061838092268126
571.3052307940537,8.733595507430207,0.1167966569460469
573.0255978629442,8.715998348365217,0.24345570461043792
574.7459649318347,8.726721053385452,0.3062274996136239
576.4663320007252,8.737354794528398,0.3046628393603928
578.1866990696157,8.747900360160513,0.23749292441379982
579.9070661385061,8.752781389948536,0.13237764988398315
581.6274332073967,8.735263609009477,0.2742343540020189
583.3478002762872,8.71765749752228,0.31207953916155395
585.0681673451777,8.699961750194644,0.28999637269222855
586.7885344140682,8.682175055084043,0.18791836032988402
588.5089014829587,8.629579927986475,0.20362352912054196
590.2292685518491,8.548193634886976,0.29465538503084776
591.9496356207397,8.46670514208943,0.31087195810055146
593.6700026896302,8.385108408112577,0.2663159569636975
595.3903697585207,8.304464655109937,0.10134356884380619
597.1107368274112,8.475631776737002,0.2470885358105028
598.8311038963017,8.677570795722508,0.3072349164991317
600.5514709651922,8.879417206879564,0.3038240194036359
602.2718380340826,9.081185974881093,0.2340926076780953
603.9922051029732,9.27156016009794,0.14719203731041647
605.7125721718637,9.42648525902465,0.27857839986519656
607.4329392407542,9.581373273815315,0.31360946339542795
609.1533063096447,9.7362356876974,0.2896662907164101
610.8736733785352,9.891083981995576,0.1851178937385173
612.5940404474256,10.008685668274195,0.21407670874885812
614.3144075163162,10.100411068919255,0.2988211977569683
616.0347745852067,10.192149349542367,0.31258643543488596
617.7551416540972,10.283907311518233,0.26660804058363463
619.4755087229877,10.375251960709887,0.10741499050274428
621.1958757918782,10.436689120119572,0.2556179002457207
622.9162428607686,10.495669448711572,0.31067385246785195
624.6366099296592,10.554691961302977,0.30456555333761964
626.3569769985497,10.613761033756566,0.23251924102609337
628.0773440674402,10.59994330300224,0.16333036830149295
629.7977111363307,10.403184697362375,0.2834218987831976
631.5180782052212,10.206461419001071,0.31457234628622865
633.2384452741117,10.009758883073372,0.2873424759786357
634.9588123430023,9.813062506273829,0.1765019105148568
636.6791794118927,9.949041745414261,0.2195738291324489
638.3995464807832,10.278322114764995,0.3007797561651524
640.1199135496737,10.607628554228787,0.3127463314175532
641.8402806185642,10.93698547820854,0.26502879470381
643.5606476874547,11.256292327836276,0.11119482422344841
645.2810147563451,11.252614684134803,0.2618327861194158
647.0013818252357,11.231904622646942,0.31293663242003145
648.7217488941262,11.211291328823007,0.3043874228210942
650.4421159630167,11.190773274407041,0.22961259663037228
652.1624830319072,11.224953530515405,0.17582783039760197
653.8828501007977,11.371353797075214,0.2879473740105565
655.6032171696882,11.517861169903389,0.31682842285602986
657.3235842385787,11.664486510894283,0.2886525313124634
659.0439513074692,11.811240690688157,0.17812561238915636
660.7643183763597,11.878624232427738,0.23182964480891605
662.4846854452502,11.907871950628154,0.3055740575536741
664.2050525141407,11.937266551955167,0.3139706074439005
665.9254195830312,11.966810215698265,0.26334889405670386
667.6457866519218,11.995426113704822,0.11708281396403922
669.3661537208122,12.004431430605086,0.2672208294942278
671.0865207897027,12.012994378160043,0.31476615729669727
672.8068878585932,12.021712002506915,0.30384070099797894
674.5272549274837,12.030584949957072,0.22611784714872785
676.2476219963742,12.023220679491386,0.18649649127173107
677.9679890652648,11.988100812414833,0.29141850767536276
679.6883561341552,11.953133776543181,0.31723223976607673
681.4087232030457,11.918316979465791,0.2862171250699237
683.1290902719362,11.883647839897924,0.1696202888009704
684.8494573408267,11.874807959321002,0.23690714186855885
686.5698244097172,11.876224062850268,0.30706983671445987
688.2901914786077,11.877784703168123,0.31309483632211843
690.0105585474982,11.87948999597612,0.2594909973429417
691.7309256163887,11.890884329425033,0.12089965452699326
693.4512926852792,12.014213708044428,0.2707878987865078
695.1716597541697,12.139251546894718,0.3157030176865163
696.8920268230602,12.264453423094848,0.30275176882010263
698.6123938919507,12.3898286189887,0.2220234789107203
700.3327609608413,12.46617374269516,0.19587110341251002
702.0531280297317,12.47262447321072,0.2947046482369676
703.7734950986222,12.479263956982093,0.31794410356329045
705.4938621675127,12.486092686256688,0.28475003313517255
707.2142292364032,12.493111167303267,0.16379035951613488
708.9345963052937,12.403260719328356,0.24348319647100405
710.6549633741843,12.28294839977555,0.30919461723454683
712.3753304430747,12.162810771104121,0.3123813054148409
714.0956975119652,12.042838926444665,0.25539569362187925
715.8160645808557,11.955217408920886,0.12631863463044277
717.5364316497462,12.124847296189555,0.24518801890402148
719.2567987186367,12.29562010343693,0.2225843575672145
720.9771657875273,12.307025863152147,0.18359372614295585
722.6975328564178,12.033290312114596,0.19375316982753676
724.4178999253082,11.99293986526619,0.19305940119840478
726.1382669941987,12.232064032309326,0.25047184583510157
727.8586340630892,12.471359117729824,0.18159975854990826
729.5790011319797,12.477070665195255,0.20943723018217084
731.2993682008702,12.38568785242821,0.14669784098003244
733.0197352697608,12.508905583454085,0.229718554128586
734.7401023386512,12.68507033485705,0.24260948867448417
736.4604694075417,12.852686632747394,0.1325900742892671
738.1808364764322,12.866107217675106,0.21244017055028666
739.9012035453227,12.83008421100695,0.1414843952529381
741.6215706142132,12.51299484346963,0.24775049173950942
743.3419376831038,12.196092552836125,0.2187278814473127
745.0623047519942,12.057620213476502,0.20479494972790535
746.7826718208847,12.185428235957355,0.29939994005631143
748.5030388897752,12.313403719287317,0.3225709307288218
750.2234059586657,12.441556151421215,0.29185662424271164
751.9437730275562,12.56989503344024,0.18171290206963683
753.6641400964468,12.620654465151242,0.25132682809579204
755.3845071653373,12.645501430823742,0.3145180233913857
757.1048742342277,12.670549966663419,0.3185881280330465
758.8252413031182,12.695801929735897,0.26626371055487175
760.5456083720087,12.71465797929859,0.14816182067426376
762.2659754408992,12.671668067203802,0.2817143893278181
763.9863425097898,12.628881665241188,0.32186086363953725
765.7067095786803,12.586295601266235,0.3076578722644094
767.4270766475707,12.543906718002974,0.22920994319105334
769.1474437164612,12.565126388093468,0.21381851268621765
770.8678107853517,12.666063016716231,0.3026855220932996
772.5881778542422,12.767202739919998,0.3230826311356219
774.3085449231327,12.86855305607805,0.28985121252392276
776.0289119920233,12.970121479211679,0.17466110417927197
777.7492790609138,13.03547647047668,0.25640118091869474
779.4696461298042,13.091443424539515,0.31637884631369784
781.1900131986947,13.147645010414944,0.31845494038861516
782.9103802675852,13.204085394821558,0.2639997735337363
784.6307473364757,13.252629679869269,0.16189289526893677
786.3511144053663,13.250861355333871,0.2861640896745325
788.0714814742568,13.249339481675166,0.3234620785576986
789.7918485431472,13.248063946064468,0.30729390301577314
791.5122156120377,13.247034653934508,0.2264781259534892
793.2325826809282,13.310990281643592,0.22285842454636065
794.9529497498187,13.443620121854059,0.30644214937443043
796.6733168187093,13.576510703872772,0.32460554071297676
798.3936838875998,13.709671880047571,0.2899227052324413
800.1140509564902,13.843113522804225,0.1730887748459305
801.8344180253807,13.869211874968723,0.2641061236431803
803.5547850942712,13.87412809353439,0.31956637154086404
805.2751521631617,13.8793369712877,0.3190836102988842
806.9955192320523,13.884838894414044,0.2623490170292049
808.7158863009428,13.881177377126239,0.1752766023838322
810.4362533698333,13.835067833048791,0.2906679683245001
812.1566204387237,13.789248052273264,0.32480726673659865
813.8769875076142,13.743714637764857,0.30620874709531276
815.5973545765047,13.698464213734576,0.2219830989022596
817.3177216453952,13.728062765849133,0.229645230189282
819.0380887142858,13.824422231745224,0.3089629642858575
820.7584557831763,13.921070671689593,0.3248361871369995
822.4788228520667,14.018015251086274,0.2879604500662027
824.1991899209572,14.115263157305554,0.1663112407459465
825.9195569898477,14.062784505355022,0.26889467956726315
827.6399240587383,13.989409274830008,0.3210257799810322
829.3602911276288,13.916335250308432,0.31811005168176776
831.0806581965193,13.843557014163492,0.25828890171647667
832.8010252654097,13.73717248105894,0.18340564412392188
834.5213923343002,13.513426746962876,0.2930127161927886
836.2417594031907,13.289946930057258,0.3242649868090988
837.9621264720812,13.066716461784322,0.30251833136665546
839.6824935409717,12.843718792097222,0.21204029574633365
841.4028606098622,12.53674937712399,0.2312102619630461
843.1232276787526,12.166770158504567,0.3076854287848679
844.8435947476434,11.796957017451405,0.3200610083081671
846.5639618165338,11.42728253640597,0.2770679826267547
848.2843288854243,11.057719308127147,0.13283660463229816
850.0046959543148,10.980020319598651,0.2631345508290258
851.7250630232053,10.928223218045636,0.31593362447569273
853.4454300920958,10.876500369548653,0.3108105284196636
855.1657971609862,10.824847939433056,0.24414386768315885
856.8861642298767,10.770811157922987,0.1752274253690047
858.6065312987672,10.71008057123414,0.28884796356624437
860.3268983676577,10.649408064751743,0.31983437949314575
862.0472654365482,10.588789140274669,0.29545371338621834
863.7676325054387,10.528219303586026,0.19602371450397224
865.4879995743291,10.645197224801969,0.22923537560683202
867.2083666432198,10.87396201275874,0.3064011997544447
868.9287337121103,11.102797030904174,0.3185655232446228
870.6491007810008,11.331719244817302,0.27451412375786766
872.3694678498913,11.560745626532594,0.12448285780418701
874.0898349187818,11.440410751601148,0.26829737771005746
875.8102019876723,11.306080564310461,0.31763782929697265
877.5305690565627,11.171852644001898,0.31012653560145265
879.2509361254532,11.03771703915975,0.24049140723941145
880.9713031943437,10.941255875867673,0.18510313159666963
882.6916702632342,10.929052326210325,0.2922270777345029
884.4120373321247,10.916923091073722,0.32065516726085236
886.1324044010152,10.90486727121836,0.2941726539315367
887.8527714699059,10.892883972833468,0.19116819397804133
889.5731385387963,10.89966383311912,0.2361826143783413
891.2935056076868,10.916308415807762,0.30859378240394036
893.0138726765773,10.933026368207907,0.3177444652660445
894.7342397454678,10.949818929759136,0.2701447668527723
896.4546068143583,10.966950392927872,0.10893534102914622
898.1749738832488,11.054751875801834,0.29740001181719133
899.8953409521392,11.142636992424103,0.3932515561012624
901.6157080210297,11.230612258499624,0.45878818523967274
903.3360750899202,11.318684196426549,0.5059473930774692
905.0564421588107,11.406859335748647,0.5395820379764725
906.7768092277012,11.495144213678433,0.5621343800375743
908.4971762965916,11.583545375565054,0.5749165065845728
910.2175433654824,11.672069375363083,0.5785800470752491
911.9379104343728,11.760722776147452,0.5733009318348123
913.6582775032633,11.849512150588115,0.558824166342792
915.3786445721538,11.938444081425024,0.5343982426253112
917.0990116410443,12.027525161975499,0.4985550499990068
918.8193787099348,12.116761996611416,0.4485537173903944
920.5397457788252,12.206161201252677,0.37881042235215223
922.2601128477157,12.295729403858202,0.27464653917332316
923.9804799166062,12.353826919077044,0.1408158641347828
925.7008469854967,12.222168813959899,0.27798873024740145
927.4212140543872,12.090641998286824,0.3168687935153257
929.1415811232777,11.959275616108068,0.298651524331905
930.8619481921684,11.82805992807232,0.20889018842858478
932.5823152610589,11.789193396465304,0.2058502382028345
934.3026823299493,11.846388756164018,0.29750777995695554
936.0230493988398,11.903726440695706,0.31656055473632166
937.7434164677303,11.96121070101743,0.27834673931069015
939.4637835366208,12.018845798940598,0.1424889631579943
941.1841506055113,12.040196808243739,0.2504085752584147
942.9045176744017,12.054641007601917,0.31093274518386366
944.6248847432922,12.069242971385643,0.31025794161845904
946.3452518121827,12.084003782163512,0.24788462069817788
948.0656188810732,12.056342484310838,0.14786323557428221
949.7859859499637,11.84140591447552,0.27965377005013475
951.5063530188542,11.62661130005173,0.31619162876250295
953.2267200877449,11.411942716402953,0.2952672312153021
954.9470871566353,11.197384248237162,0.19954751807556836
956.6674542255258,11.104649781890846,0.20961272989716045
958.3878212944163,11.118816322046266,0.298119613268919
960.1081883633068,11.133071245616895,0.31478773485042777
961.8285554321973,11.1474156094522,0.27310907856926014
963.5489225010878,11.16175627911125,0.12506753012928934
965.2692895699782,11.130129122648897,0.2520967704044811
966.9896566388687,11.092198732194502,0.3104387301495662
968.7100237077592,11.054354751759494,0.3073552567846308
970.4303907766497,11.01659437563369,0.2404939974369092
972.1507578455402,11.009140884823966,0.15255742956074247
973.8711249144309,11.104321353784226,0.28082496504128396
975.5914919833214,11.199589131519899,0.31586682820472295
977.3118590522118,11.294951281084577,0.2932704326649857
979.0322261211023,11.390414872514457,0.19381862547000447
980.7525931899928,11.396330745673966,0.21694266768646583
982.4729602588833,11.33612773126328,0.3005188242790182
984.1933273277738,11.276029211500715,0.3144809784415026
985.9136943966643,11.21603073074434,0.26986447286762494
987.6340614655547,11.157094004935749,0.11649668973264261
989.3544285344452,11.19168793296033,0.2563019750478744
991.0747956033357,11.235337736812243,0.31161643481729434
992.7951626722262,11.279084562853273,0.3063445818551648
994.5155297411167,11.32293165441997,0.23646635580363726
996.2358968100074,11.359258236320128,0.1638485252728042
997.9562638788979,11.375093443000699,0.28418019018965057
999.6766309477883,11.39103603320165,0.31629055570363124
1001.3969980166788,11.40708718888933,0.29102587981198685
1003.1173650855693,11.423248100079144,0.1863407401668966
1004.8377321544598,11.308949164429198,0.22264691272756656
1006.5580992233503,11.113925828347757,0.3020976224998213
1008.2784662922408,10.918990513110135,0.3133947587884505
1009.9988333611312,10.724128766424974,0.2653933190094167
1011.7192004300217,10.540709994079709,0.10752695725070736
1013.4395674989122,10.816278931046222,0.2592832649943832
1015.1599345678027,11.120686778597843,0.3122553833461783
1016.8803016366934,11.425183148237254,0.30510679185338657
1018.6006687055839,11.729790614996134,0.23235036630304404
1020.3210357744744,11.882813282881042,0.174366175157984
1022.0414028433648,11.702452203017563,0.28731432858435896
1023.7617699122553,11.522222776694196,0.31630598748986516
1025.4821369811457,11.342111641896274,0.28793856251079736
1027.2025040500362,11.162105445383585,0.17641387211248927
1028.9228711189267,11.17206430023343,0.22688330594292205
1030.6432381878171,11.279858136838014,0.3035342866264017
1032.3636052567076,11.387752296319908,0.3132443295706172
1034.083972325598,11.495754777833657,0.2635235305538531
1035.8043393944886,11.601657161727372,0.1132602180233126
1037.524706463379,11.659160359530746,0.26505222876715984
1039.24507353227,11.714978467934705,0.3141418990912706
1040.9654406011605,11.77092915856303,0.3043543830896106
1042.685807670051,11.827016579527996,0.22823291163431828
1044.4061747389414,11.839274655452845,0.1841270807623188
1046.126541807832,11.771844288234236,0.2905564572232415
1047.8469088767224,11.704550719199329,0.31692261859980014
1049.567275945613,11.637388959291302,0.2862834362903289
1051.2876430145034,11.570354029197524,0.17021266995127043
1053.0080100833939,11.479277072702311,0.23357163011744633
1054.7283771522843,11.37809076119552,0.3054946628160713
1056.4487442211748,11.277012055422674,0.3121230442313748
1058.1691112900653,11.176033461530647,0.2585311154437904
1059.8894783589558,11.090469353102735,0.11154040009324992
1061.6098454278463,11.21290458583008,0.2674155975852417
1063.3302124967367,11.33935834405899,0.3141838195475153
1065.0505795656272,11.465916836444933,0.3021532742199299
1066.7709466345177,11.592589445891425,0.22195560105237705
1068.4913137034082,11.703141027454496,0.19082488513426493
1070.2116807722987,11.789220397911857,0.29274252601020173
1071.9320478411892,11.875437854800813,0.3170670297793591
1073.6524149100796,11.961799790195782,0.2844617378214204
1075.3727819789701,12.048312606867375,0.1638697861441449
1077.0931490478606,11.83469836140175,0.2240758393524157
1078.813516116751,11.518543432051677,0.24230144082327043
1080.5338831856416,11.20250652144214,0.10663942731280669
1082.2542502545325,11.666862769852562,0.21069906843030675
1083.974617323423,12.08628588418248,0.1242398308840614
1085.6949843923135,12.070358493386491,0.24430949712640573
1087.415351461204,12.051700454154227,0.22195176332716288
1089.1357185300944,12.13207514650197,0.17929404469545576
1090.856085598985,12.401340604036179,0.1963112022358134
1092.5764526678754,12.551244645497489,0.19327519900720222
1094.2968197367659,12.5493137146911,0.25106518875437017
1096.0171868056564,12.547577222788101,0.18368565404344145
1097.7375538745468,12.474218937982885,0.20851969108972315
1099.4579209434373,12.368979683345772,0.14842381562963383
1101.1782880123278,12.170294193765448,0.22782657895332023
1102.8986550812183,11.946540423687223,0.24205220348698514
1104.6190221501088,11.734106940276044,0.12567595639185242
1106.3393892189993,11.79857541206974,0.2752333898710044
1108.0597562878897,11.863182663864658,0.3198434195589065
1109.7801233567802,11.927933485576034,0.3089360792264902
1111.5004904256707,11.99283267775982,0.23489667734909517
1113.2208574945612,12.008528086580327,0.20335437366000184
1114.9412245634517,11.945966043619203,0.298640737619013
1116.6615916323422,11.883553708042975,0.3218432061800256
1118.3819587012326,11.821286452668295,0.2907706113087023
1120.1023257701231,11.759159661071248,0.17909255173469202
1121.8226928390136,11.812701767007654,0.24654685651128722
1123.5430599079045,11.908294347014397,0.31250934232881417
1125.263426976795,12.00403384146918,0.3180155425727901
1126.9837940456855,12.099927348388988,0.26683659958948613
1128.704161114576,12.193760815500655,0.14295749168225894
1130.4245281834665,12.262665683782643,0.28015559755888597
1132.144895252357,12.331743739214133,0.3214181590182944
1133.8652623212474,12.401000103156214,0.3080773086694715
1135.585629390138,12.470439910205464,0.23084768535378203
1137.3059964590284,12.591566352894814,0.2114285395085257
1139.0263635279189,12.781486740493746,0.3021731010748613
1140.7467305968094,12.971618780058645,0.323911981196841
1142.4670976656998,13.161976567762744,0.2924674841398994
1144.1874647345903,13.352574216528058,0.1820923070634824
1145.9078318034808,13.367317408415333,0.25738308600093285
1147.6281988723713,13.331571846503719,0.3171538259223377
1149.3485659412618,13.296078719257759,0.31947693288494783
1151.0689330101523,13.260835395252819,0.26586345293574304
1152.7893000790427,13.2158140280765,0.15937251562388544
1154.5096671479332,13.100092704663705,0.2852745501415984
1156.2300342168237,12.984606654314772,0.3230191401852086
1157.9504012857142,12.86934731501088,0.3070599218727473
1159.6707683546047,12.75430614155622,0.22630041747994256
1161.3911354234951,12.690815519909549,0.21842736208558824
1163.1115024923856,12.685118740982393,0.3041553870212976
1164.831869561276,12.679626469402526,0.32271910889759003
1166.552236630167,12.674338297975705,0.2874462297653454
1168.2726036990575,12.669253834646,0.16714440480365644
1169.992970767948,12.739572297613572,0.2581862265117388
1171.7133378368385,12.826737921485197,0.31663333140905736
1173.433704905729,12.914118552190306,0.31738162277865023
1175.1540719746195,13.001720668034988,0.26092825069826864
1176.87443904351,13.11350182113938,0.16697643450034838
1178.5948061124004,13.345566196960498,0.28797741295185414
1180.315173181291,13.577884044973292,0.3243332027652177
1182.0355402501814,13.810472588964391,0.30768626809084243
1183.7559073190719,14.04334907279054,0.22663695564310082
1185.4762743879623,14.098168143558468,0.2303082156204666
1187.1966414568528,13.984534651369465,0.3092433092372173
1188.9170085257433,13.871202003787918,0.32494137964103664
1190.6373755946338,13.758161798452573,0.2879431441691012
1192.3577426635243,13.645405654690695,0.1661257409525307
1194.0781097324148,13.571073847384106,0.26594594140798733
1195.7984768013052,13.503153745258626,0.31958003247038735
1197.5188438701957,13.435498798693807,0.3173339452841266
1199.2392109390862,13.368103991818504,0.25775012420781285
1200.9595780079767,13.284037057742767,0.17702072617436063
1202.6799450768672,13.136091289804531,0.2907450526415703
1204.4003121457577,12.98838346382167,0.32353936122155436
1206.1206792146481,12.840902628895751,0.302947866142146
1207.8410462835386,12.693637850957565,0.2140745989777174
1209.5614133524296,12.514775622395423,0.22931138365255635
1211.28178042132,12.31074421032424,0.3073314867576614
1213.0021474902105,12.10688954988198,0.32091784660291284
1214.722514559101,11.903196527519363,0.2796303033514826
1216.4428816279915,11.699650041653243,0.14163268099802337
1218.163248696882,11.657256388106694,0.2636269653027284
1219.8836157657724,11.632120624853028,0.31687723999929607
1221.603982834663,11.607111300825636,0.31273697823297814
1223.3243499035534,11.582226561865838,0.24835076151097307
1225.044716972444,11.545761710622795,0.17670515616047963
1226.7650840413344,11.474558763526229,0.2897644470665109
1228.4854511102249,11.403470574192802,0.3211110272456493
1230.2058181791153,11.332491872232463,0.2977867729169078
1231.9261852480058,11.26161739535544,0.20162629973152932
1233.6465523168963,11.200513620743275,0.2297357550064733
1235.3669193857868,11.145983039159878,0.3066054700362795
1237.0872864546773,11.091542855106457,0.3186303054012782
1238.8076535235678,11.037189032444301,0.274473711987724
1240.5280205924582,10.9829175414399,0.12422072548707552
1242.2483876613487,10.964097653569517,0.2655009993846306
1243.9687547302392,10.947359831217403,0.3165565435602848
1245.6891217991297,10.930697680684782,0.31009858504965654
1247.4094888680202,10.914109966661796,0.24155504973880684
1249.1298559369106,10.904357494424708,0.18146235582524362
1250.8502230058011,10.910926681952022,0.2909977486195218
1252.570590074692,10.917568840188434,0.3204345638783734
1254.2909571435825,10.92428446157344,0.2948385733762906
1256.011324212473,10.931074043998901,0.1934669045857731
1257.7316912813635,10.961540233443795,0.24857766414207697
1259.452058350254,11.005280882765422,0.3629635870119472
1261.1724254191445,11.049101498113036,0.43739084223934294
1262.892792488035,11.093005328297764,0.4904213197339383
1264.6131595569254,11.136995628306414,0.5285490733263565
1266.333526625816,11.181075659518294,0.554865232987439
1268.0538936947064,11.225248689989986,0.5710126424035334
1269.7742607635969,11.269517994659198,0.5778490697550396
1271.4946278324874,11.313886855599124,0.5757083331845761
1273.2149949013778,11.358358562270523,0.5644876596368693
1274.9353619702683,11.402936411758255,0.5436216075868098
1276.6557290391588,11.447623709008063,0.5119254153806561
1278.3760961080493,11.492423767094227,0.4671893962018111
1280.0964631769398,11.537339907442794,0.40510043864233086
1281.8168302458303,11.58237546008262,0.3155516909928383
1283.5371973147207,11.62753376390406,0.15699142238186964
1285.2575643836112,11.673494170108487,0.24292514642838883
1286.9779314525017,11.719774447174881,0.3085540728986869
1288.6982985213922,11.766187662028925,0.31124881601309706
1290.4186655902827,11.812737255695831,0.2530291500752865
1292.1390326591732,11.859104109112673,0.13156355936937922
1293.8593997280636,11.903435241263423,0.2752307793605572
1295.5797667969546,11.947910327401292,0.31606089239618973
1297.300133865845,11.992535265067819,0.2993017350607804
1299.0205009347355,12.037313362712766,0.21168383549369288
1300.740868003626,12.108028998458565,0.20425392079688703
1302.4612350725165,12.207369143034946,0.2971718434565051
1304.181602141407,12.306878375130694,0.31709974791320417
1305.9019692102975,12.406564072250287,0.2800834360648294
1307.622336279188,12.506433624981458,0.1482834852594449
1309.3427033480784,12.601979746162016,0.2498839189572244
1311.063070416969,12.696751789305063,0.31141052370486544
1312.7834374858594,12.791729202253931,0.311995607942705
1314.5038045547499,12.886919026532066,0.2520641117404059
1316.2241716236404,12.960294170788028,0.15015855004722997
1317.9445386925308,12.926531180369327,0.28101010813215416
1319.6649057614213,12.892990595351813,0.3182886459973424
1321.3852728303118,12.859669929071758,0.29929443615366064
1323.1056398992023,12.826566711166791,0.2092168589930552
1324.8260069680928,12.852674826521884,0.21445059470486402
1326.5463740369833,12.933942525950172,0.3009975584388669
1328.2667411058737,13.015433180244308,0.31804199161944585
1329.9871081747642,13.09715283102956,0.278649818553629
1331.7074752436547,13.178963185505335,0.14199155967613067
1333.4278423125452,13.032490073921544,0.2558152691859692
1335.1482093814357,12.85048209704404,0.3130101197018268
1336.8685764503261,12.668690887374582,0.3104082592820665
1338.588943519217,12.487102967107152,0.2461195402597222
1340.3093105881076,12.347027659919526,0.15674782049316754
1342.029677656998,12.35999814229504,0.28262114937280064
1343.7500447258885,12.37314902793246,0.31764633878936593
1345.470411794779,12.386481291829838,0.2960566866227053
1347.1907788636695,12.399995922419407,0.20030446871973873
1348.91114593256,12.26849977965187,0.21823202818348036
1350.6315130014505,12.023233517878326,0.30127973674755915
1352.351880070341,11.778122692010912,0.3153137990371771
1354.0722471392314,11.533149129808605,0.2712705671962084
1355.792614208122,11.289939123373928,0.11921275324682655
1357.5129812770124,11.290788733292304,0.25489630293196686
1359.2333483459029,11.318494877810172,0.311294316870055
1360.9537154147934,11.346304209688757,0.3068703925784747
1362.6740824836838,11.374218790690893,0.2382586254805005
1364.3944495525743,11.40065266898981,0.16070971666961062
1366.1148166214648,11.422563737449195,0.2832524665266185
1367.8351836903553,11.44458570882604,0.3162338964858804
1369.5555507592458,11.466720215801885,0.29180340829540125
1371.2759178281362,11.488968899403943,0.18884811331306578
1372.9962848970267,11.322318648627638,0.22049845635373314
1374.7166519659172,11.03123087325925,0.3012232059044983
1376.4370190348077,10.740224987822558,0.31306887716103754
1378.1573861036982,10.449279417458012,0.2654276425979
1379.8777531725887,10.161050971648585,0.10416459668419616
1381.5981202414796,10.013452637847124,0.256228381655686
1383.31848731037,9.876170780295247,0.3101658541022548
1385.0388543792606,9.738885177794877,0.30265527255960994
1386.759221448151,9.601585652142907,0.22769209356687425
1388.4795885170415,9.530910602117654,0.16056534682717738
1390.199955585932,9.617351557569929,0.2823607325527849
1391.9203226548225,9.703769579498942,0.31381947596090104
1393.640689723713,9.790171074848772,0.2864472608394919
1395.3610567926034,9.876562449326794,0.1744443173407265
1397.081423861494,9.872558040255882,0.22152039520532835
1398.8017909303844,9.818868150144436,0.3008489606092118
1400.522157999275,9.765170266733804,0.31112662714547923
1402.2425250681654,9.711460408918256,0.2606572343594961
1403.9628921370559,9.659328374952006,0.09780091263595467
1405.6832592059463,9.649535754473458,0.2593246125972898
1407.4036262748368,9.64164564502018,0.31071849914054983
1409.1239933437273,9.633734403182041,0.3010858884634691
1410.8443604126178,9.62580144243285,0.2226380168676686
1412.5647274815083,9.665682036893084,0.1704067445046917
1414.2850945503988,9.7982663541485,0.28538327983954154
1416.0054616192892,9.930841150702369,0.31423707530472383
1417.7258286881797,10.06341625551065,0.28451284456704257
1419.4461957570702,10.196001497543874,0.16746998562239307
1421.1665628259607,10.175639471440043,0.22812319434712755
1422.8869298948512,10.085872872650778,0.302933851983756
1424.607296963742,9.996118075994254,0.31049909480489757
1426.3276640326326,9.90636842714823,0.2568343350509898
1428.048031101523,9.814234517102342,0.09931370304585141
1429.7683981704135,9.68428787118761,0.26301003578564447
1431.488765239304,9.553393163679132,0.3112667214333034
1433.2091323081945,9.422470780847124,0.2989184905947216
1434.929499377085,9.291511016248496,0.2157960167950983
1436.6498664459755,9.31120576736491,0.17189003216232251
1438.370233514866,9.573800691842608,0.24547319053421915
1440.0906005837564,9.836369453987578,0.1829401641317298
1441.810967652647,9.868001404483486,0.19951615930309619
1443.5313347215374,9.766281385500454,0.14842634161591056
1445.251701790428,9.72609295607912,0.2171903475421644
1446.9720688593184,9.708613028574172,0.23955569268355378
1448.6924359282089,9.691116933583286,0.1008596815268192
1450.4128029970993,9.769534910947897,0.2065720437564362
1452.1331700659898,9.849537944089828,0.10515199271376503
1453.8535371348803,9.927282075642072,0.2394478004270714
1455.5739042037708,10.00500324755646,0.218526568615349
1457.2942712726613,9.935209436067293,0.17052600491335643
1459.0146383415517,9.56447340721711,0.18877327391236143
1460.7350054104422,9.424811923848882,0.17923567103235769
1462.4553724793327,9.597335203316048,0.24550672640832824
1464.1757395482232,9.769834065277633,0.17580585656986597
1465.8961066171137,9.911771843644122,0.2346254468588897
1467.6164736860046,10.039096376149448,0.30730656294260866
1469.336840754895,10.166429242826664,0.3158661286397517
1471.0572078237856,10.293779884002241,0.2665575828583661
1472.777574892676,10.41947589832019,0.10980938391093953
1474.4979419615665,10.47666997652511,0.27072190020238385
1476.218309030457,10.533904830130295,0.31716224310991276
1477.9386760993475,10.591184702460131,0.3065466049154686
1479.659043168238,10.648513840181792,0.23113887879451436
1481.3794102371285,10.57277213994464,0.19363827760728042
1483.099777306019,10.271816479308352,0.2942359232971159
1484.8201443749094,9.970886406463421,0.31865069544485736
1486.5405114438,9.669959610778559,0.287037770318601
1488.2608785126904,9.369013781878149,0.170664430319737
1489.9812455815809,9.40127843754678,0.237951608748885
1491.7016126504714,9.563770719445102,0.30793109323946594
1493.4219797193618,9.726236095398795,0.3143511351681565
1495.1423467882523,9.888686610413739,0.2619301183223719
1496.8627138571428,10.039963712526522,0.12133446789549511
1498.5830809260333,10.034350286481114,0.2732771600443525
1500.3034479949238,10.028744842738316,0.3170970800004578
1502.0238150638143,10.023146965722624,0.30387527212363746
1503.7441821327047,10.017556240410823,0.22371151046349116
1505.4645492015952,10.00574135346342,0.1983167673785343
1507.1849162704857,9.985111401145183,0.29575840990377067
1508.9052833393762,9.964485780616258,0.3186173815411632
1510.6256504082671,9.943862962715201,0.28542197094971156
1512.3460174771576,9.923241418487535,0.1652667166299091
1514.066384546048,9.84213647175056,0.24465442806716156
1515.7867516149386,9.742078867168079,0.3099434103062781
1517.507118683829,9.642007576208925,0.31320574903324955
1519.2274857527195,9.541915179703093,0.2568173727855357
1520.94785282161,9.441280577911536,0.13036446464760973
1522.6682198905005,9.336409789740534,0.2752645255236995
1524.388586959391,9.231495239336532,0.31658147848199863
1526.1089540282815,9.126529148451827,0.30060267139540503
1527.829321097172,9.021503735018971,0.21490005807981585
1529.5496881660624,8.955574962443453,0.20174220066065762
1531.270055234953,8.936206144541233,0.29627559013510435
1532.9904223038434,8.91676389375398,0.3169477299546698
1534.7107893727339,8.89724676865637,0.28059506333035833
1536.4311564416244,8.877653322262017,0.1503527899804121
1538.1515235105148,8.909557242520195,0.24663497971578457
1539.8718905794053,8.953960170084724,0.30989119929226194
1541.5922576482958,8.998290981028099,0.31117878942344235
1543.3126247171863,9.042552961988353,0.25145198575305827
1545.0329917860768,9.062132730363803,0.13946500663394326
1546.7533588549672,8.94375655660281,0.2775040044890588
1548.4737259238577,8.825307509727038,0.3164073929811516
1550.1940929927482,8.706776808064582,0.29794770958198535
1551.9144600616387,8.588155663880054,0.20732271270539035
1553.6348271305296,8.436455057722664,0.20694975306731953
1555.35519419942,8.251529551951817,0.29751867592359343
1557.0755612683106,8.066479852133972,0.31559454772916795
1558.795928337201,7.881292238877657,0.27582450044996176
1560.5162954060916,7.695952982586185,0.13397050666756471
1562.236662474982,7.740298543777957,0.2487527726539264
1563.9570295438725,7.826164919714915,0.3096796192898286
1565.677396612763,7.911875565537326,0.30860104077802936
1567.3977636816535,7.997436835737978,0.2446980822041986
1569.118130750544,8.045653505807948,0.145328199674517
1570.8384978194345,7.939164447497241,0.27872015026813235
1572.558864888325,7.832528036728781,0.31546297884253477
1574.2792319572154,7.725736367599936,0.29431728915725724
1575.999599026106,7.618781522690581,0.19748018956471558
1577.7199660949964,7.55641642214474,0.21038696508854432
1579.4403331638869,7.531775790125732,0.2982309903049635
1581.1607002327773,7.506957602304948,0.3143808347227097
1582.8810673016678,7.481960018690112,0.2719308112729083
1584.6014343705583,7.456781185990478,0.11944669573665595
1586.3218014394488,7.6762871601259794,0.25251981645365074
1588.0421685083393,7.926200938277077,0.3107773660954884
1589.7625355772298,8.175966402876648,0.30782504112899906
1591.4829026461202,8.425602071255398,0.24142653146292078
1593.2032697150107,8.618669827118158,0.1585324338829607
1594.9236367839012,8.629380522607349,0.2828195836856639
1596.6440038527921,8.639995037498426,0.316771950480788
1598.3643709216826,8.65051415873826,0.2936174806376836
1600.084737990573,8.660938666203364,0.19386333980433415
1601.8051050594636,8.708135084390257,0.21949436219347787
1603.525472128354,8.78150096991392,0.3017934663329375
1605.2458391972445,8.854781952882826,0.3155100321628618
1606.966206266135,8.92798346626523,0.271260277821969
1608.6865733350255,9.001110937141549,0.11479664657294211
1610.406940403916,8.98938609417234,0.2595517452877203
1612.1273074728065,8.971358112727165,0.31323408132759084
1613.847674541697,8.953259304522987,0.30736934257427395
1615.5680416105874,8.935088327733308,0.23758577028855726
1617.288408679478,8.918322058315988,0.1739027739686111
1619.0087757483684,8.905300828699062,0.32307701774816616
1620.729142817259,8.892203874909974,0.4099456087462834
1622.4495098861494,8.879030225956077,0.4704157597351689
1624.1698769550399,8.865778905154338,0.5139078727066169
1625.8902440239303,8.852448930072095,0.5445172558066095
1627.6106110928208,8.839039312429616,0.5643525632435553
1629.3309781617113,8.82554905806491,0.5745364616181642
1631.0513452306018,8.811977166814472,0.5755844610064115
1632.7717122994923,8.798322632479936,0.5675474880240492
1634.4920793683827,8.78458444272726,0.5500249624858966
1636.2124464372732,8.770761579022567,0.5220570743452755
1637.9328135061637,8.756853016555326,0.48181910263376604
1639.6531805750546,8.74285772415642,0.42583289733589835
1641.3735476439451,8.728774664237331,0.3465263989962007
1643.0939147128356,8.714602792684754,0.21993669229372356
1644.814281781726,8.714826902555464,0.18217776238011638
1646.5346488506166,8.735136852149374,0.28830273962816416
1648.255015919507,8.755358461803487,0.31237874210510275
1649.9753829883975,8.775493230725312,0.2767292042779685
1651.695750057288,8.795542651678453,0.14180255080813364
1653.4161171261785,8.77737888056558,0.23344275143514
1655.136484195069,8.747444905433303,0.30348382616455977
1656.8568512639595,8.717423502867435,0.30694992608075233
1658.57721833285,8.687312447113653,0.24666499306010736
1660.2975854017404,8.676961338133337,0.1051325544434367
1662.017952470631,8.818014217739828,0.2674826561720094
1663.7383195395214,8.95943524887687,0.3115500514949682
1665.4586866084119,9.100784569308088,0.29527501758102465
1667.1790536773024,9.242072658512532,0.20473335524356037
1668.8994207461928,9.246336411186052,0.1918915575794114
1670.6197878150833,9.090033276912246,0.291383007412837
1672.3401548839738,8.93366811432085,0.3124070481820272
1674.0605219528643,8.777229330678944,0.2736940895993751
1675.7808890217548,8.620705327785108,0.12972355572159638
1677.5012560906453,8.62389200701442,0.23821495015540237
1679.2216231595357,8.66497163534155,0.3047604554936271
1680.9419902284262,8.705957721758198,0.30579909968606384
1682.6623572973172,8.74685330491784,0.2421755828963075
1684.3827243662076,8.779046405104092,0.11814798615055819
1686.1030914350981,8.764345689688488,0.27076424480487105
1687.8234585039886,8.749558799842914,0.3117635653727788
1689.543825572879,8.734684639283392,0.2926017135297518
1691.2641926417696,8.719722105248868,0.19638627258864733
1692.98455971066,8.72266687937118,0.19736276910613473
1694.7049267795505,8.743308442438307,0.29294672783670034
1696.425293848441,8.763862271394276,0.3118362913197757
1698.1456609173315,8.784329890083422,0.2706061940737902
1699.866027986222,8.804710876898865,0.11735100534493896
1701.5863950551125,8.739387146074892,0.2431731307875674
1703.306762124003,8.658916420166191,0.30602907570752924
1705.0271291928934,8.578351703413324,0.30441184448994885
1706.747496261784,8.497687022842191,0.23700465486525632
1708.4678633306744,8.416045349982928,0.13005091138376862
1710.1882303995649,8.330762311125637,0.2734773681176477
1711.9085974684554,8.245360952447774,0.3115274664053956
1713.6289645373458,8.159834942378941,0.2893066110680002
1715.3493316062363,8.074177940128903,0.18636729895571197
1717.0696986751268,8.06644256612781,0.2016328854935245
1718.7900657440173,8.123618902306331,0.2939096714721272
1720.5104328129078,8.180661561275349,0.3106377218964575
1722.2307998817982,8.237574772121624,0.2664535934171219
1723.9511669506887,8.293621112899102,0.10216526715628223
1725.6715340195797,8.159013407886588,0.2467507442339306
1727.3919010884701,8.000515311927947,0.3064733116677845
1729.1122681573606,7.841874411995418,0.30215079869317146
1730.832635226251,7.6830789466376554,0.23020163498611437
1732.5530022951416,7.567831510507096,0.13798993450044322
1734.273369364032,7.59048935181905,0.2753150578037914
1735.9937364329226,7.612973990288458,0.31111316659840144
1737.714103501813,7.635287092908632,0.2864027092546965
1739.4344705707035,7.65743031393446,0.17748050787178482
1741.154837639594,7.642016450551948,0.20731300530261518
1742.8752047084845,7.600231959100681,0.29528811437585867
1744.595571777375,7.558274987113128,0.3092473988520304
1746.3159388462655,7.516142423943718,0.2613385437079216
1748.036305915156,7.4767653058108205,0.08528627419281334
1749.7566729840464,7.646042086555424,0.24939820735154342
1751.477040052937,7.832895659983768,0.30704231375885266
1753.1974071218274,8.019594002312855,0.3010977208140803
1754.9177741907179,8.206150955139583,0.22661191240330214
1756.6381412596083,8.379539936146804,0.15228184556314994
1758.3585083284988,8.519770242124727,0.27957798036561876
1760.0788753973893,8.659896241123134,0.312502706776739
1761.7992424662798,8.799928321925817,0.28579332670681645
1763.5196095351703,8.939876866349882,0.17383543817967342
1765.2399766040608,8.982328325760056,0.2170032467587084
1766.9603436729512,8.967608936067881,0.2990098679245897
1768.6807107418422,8.952818441651955,0.3103989044818629
1770.4010778107327,8.937955745967306,0.26060353752447757
1772.1214448796231,8.922826705199617,0.09307032733244919
1773.8418119485136,8.901273366640167,0.2565530995578434
1775.562179017404,8.879299287443592,0.30939363020391275
1777.2825460862946,8.857247556352844,0.3003296513330271
1779.002913155185,8.835116538474578,0.22189704170852342
1780.7232802240756,8.830797265334693,0.16308393702333385
1782.443647292966,8.86347693997009,0.28266850210636746
1784.1640143618565,8.896077789657673,0.312636911340624
1785.884381430747,8.928602231385439,0.283059587400503
1787.6047484996375,8.961052676477953,0.16443519088311767
1789.325115568528,8.868959993735968,0.22227334648450123
1791.0454826374184,8.716305336916617,0.30026843437534806
1792.765849706309,8.563560944003937,0.3088805189031944
1794.4862167751994,8.410715490703515,0.2552354269236159
1796.20658384409,8.253635497265526,0.08612661228016237
1797.9269509129804,8.01913126519465,0.23366051526356374
1799.6473179818709,7.782080735156262,0.21803920618271933
1801.3676850507613,7.708648447552532,0.15275012588913714
1803.0880521196518,8.07430742501448,0.19045977400010608
1804.8084191885423,8.243698675762401,0.1658845773235077
1806.5287862574328,8.076117797084498,0.24279119651018088
1808.2491533263233,7.908399719515399,0.17776821414511412
1809.9695203952137,8.27076781032842,0.1941158974520168
1811.6898874641047,8.959245780585489,0.14834977276241773
1813.4102545329952,8.993193081084184,0.21414715499655979
1815.1306216018857,8.766837712432958,0.23824482424265941
1816.8509886707761,8.540396354100045,0.09744746544190779
1818.5713557396666,8.629878396698585,0.20441233804663728
1820.291722808557,8.740580076437125,0.0944012013703352
1822.0120898774476,8.975364661205992,0.23719498531000746
1823.732456946338,9.211883164929871,0.21871268366578425
1825.4528240152285,9.369805187380619,0.17865686170125253
1827.173191084119,9.356168247601273,0.28924709165643137
1828.8935581530095,9.342489010458968,0.3180197451690609
1830.6139252219,9.328766461791558,0.29041606499336525
1832.3342922907905,9.314999584226738,0.18241079116918935
1834.054659359681,9.294133281684081,0.23134361952117286
1835.7750264285714,9.269612069190776,0.305732538389978
1837.495393497462,9.245042142152498,0.3148422403243616
1839.2157605663524,9.220421678989572,0.2654831456301171
1840.9361276352429,9.194783094035655,0.09478527914085697
1842.6564947041334,9.064010505602495,0.26696151695236403
1844.3768617730238,8.933173959552496,0.3149278072255597
1846.0972288419143,8.802263755816275,0.3045090198508083
1847.8175959108048,8.671270188854136,0.22782711825683566
1849.5379629796953,8.557828714984359,0.1839579420606448
1851.2583300485862,8.476120763411393,0.2904525868475235
1852.9786971174767,8.39430526872639,0.316783327427291
1854.6990641863672,8.312376165222366,0.28602828556308296
1856.4194312552577,8.230327378769166,0.16952497731082328
1858.1397983241482,8.317366378085742,0.2336363428695278
1859.8601653930386,8.475392645982323,0.3059368923131611
1861.5805324619291,8.633311316783994,0.3132208746978731
1863.3008995308196,8.7911340984186,0.2609924922008036
1865.02126659971,8.93723430787996,0.10896879256713586
1866.7416336686006,8.869412276921429,0.26990508889412745
1868.462000737491,8.80151186105857,0.3152375641632164
1870.1823678063815,8.733528026217881,0.3024234760529643
1871.902734875272,8.665455732158945,0.2215899835857684
1873.6231019441625,8.592300820668276,0.19070049506169445
1875.343469013053,8.511535775588149,0.2925169357794591
1877.0638360819435,8.430665813035231,0.31656056526086096
1878.784203150834,8.34968493739221,0.2833801740898009
1880.5045702197244,8.26858714482602,0.16075275755074156
1882.224937288615,8.289821247284825,0.23879894220733686
1883.9453043575054,8.345703088108904,0.3073147068954382
1885.6656714263959,8.401467716800928,0.31194225408588455
1887.3860384952868,8.457119267689285,0.25616929376234193
1889.1064055641773,8.498041714309911,0.12037123856409852
1890.8267726330678,8.398155768152156,0.27239258358055546
1892.5471397019583,8.298156498640664,0.3151269103085631
1894.2675067708487,8.198036491950594,0.2996972321180754
1895.9878738397392,8.09778832529315,0.213858107789854
1897.7082409086297,8.056855818349375,0.19578104817848224
1899.4286079775202,8.090950403615599,0.2939812143636908
1901.1489750464107,8.124908889671856,0.3160615134738068
1902.8693421153012,8.158733794159536,0.28061359764513605
1904.5897091841916,8.192427624817809,0.1515454206512719
1906.3100762530821,8.193399176137744,0.24385442000615667
1908.0304433219726,8.185532741824735,0.30870098360232695
1909.750810390863,8.177537220532548,0.3107449554328295
1911.4711774597536,8.169412019473993,0.2515228494414442
1913.191544528644,8.157619172331918,0.13180176569646423
1914.9119115975345,8.123343421965059,0.2752630782668391
1916.632278666425,8.088933973965586,0.31553369165348827
1918.3526457353155,8.054388277261863,0.29791610577765126
1920.073012804206,8.019703770667574,0.2081923238535625
1921.7933798730965,7.981801208503404,0.20329575227239433
1923.513746941987,7.940476211533548,0.2962775846773643
1925.2341140108774,7.899003959360845,0.3155564153200577
1926.954481079768,7.857381377276978,0.27698193652964886
1928.6748481486584,7.815605379435871,0.1385750860368328
1930.3952152175493,7.899057477900703,0.24743979998095464
1932.1155822864398,8.007741360575883,0.3094531721585562
1933.8359493553303,8.116282975012949,0.30927199811288664
1935.5563164242208,8.224690368365293,0.24675925624839004
1937.2766834931112,8.289548760529362,0.1425841212069585
1938.9970505620017,8.155324349093531,0.2780442924163849
1940.7174176308922,8.020968611059677,0.3156112221187369
1942.4377846997827,7.886471585437716,0.29536805923523823
1944.1581517686732,7.751823300774893,0.20050062668206922
1945.8785188375637,7.725115246414331,0.20876267591980616
1947.5988859064541,7.7954054510933,0.2979438542292169
1949.3192529753446,7.86553764517962,0.3150898928324402
1951.039620044235,7.935517028203739,0.27407712950366514
1952.7599871131256,8.00534878835652,0.12756673317980155
1954.480354182016,8.06632276460037,0.2522056282032101
1956.2007212509066,8.125904129024894,0.3108180615428765
1957.921088319797,8.185351985665575,0.3082330185930526
1959.6414553886875,8.244670741922723,0.24250027510841207
1961.361822457578,8.286809223608968,0.15381497748165085
1963.0821895264685,8.268935713946886,0.28133209832969863
1964.802556595359,8.250939300706738,0.3163190763160401
1966.5229236642494,8.232818649653714,0.29393072970471534
1968.24329073314,8.21457241734137,0.19533623642216075
1969.9636578020304,8.264625665737581,0.2165686717237997
1971.684024870921,8.366352248898414,0.3007061218769533
1973.4043919398118,8.467963150836182,0.315323230452399
1975.1247590087023,8.569465904870752,0.27187931837950874
1976.8451260775928,8.670868036299352,0.11783666088511978
1978.5654931464833,8.689120440312662,0.28799938526208807
1980.2858602153738,8.699730568468864,0.4050774956356249
1982.0062272842642,8.71024973170042,0.4938081716638694
1983.7265943531547,8.72067870988372,0.5676649522750761
1985.4469614220452,8.73101827621545,0.6319034656365708
1987.1673284909357,8.741269197260825,0.6892349660871255
1988.8876955598262,8.751432233009025,0.7412789665184817
1990.6080626287167,8.761508136936653,0.7890963641619243
1992.3284296976071,8.771497656061177,0.8334280038393412
1994.0487967664976,8.781401530993845,0.8748161718574898
1995.769163835388,8.791220495995693,0.9136724413081496
1997.4895309042786,8.800955279034111,0.9503182799384899
1999.209897973169,8.810606601837994,0.9850107113263048
2000.9302650420595,8.820175179942686,1.0179592556774648
2002.65063211095,8.82966172275435,1.0493375239132745
2004.3709991798405,8.839066933592717,1.0792913959758355
2006.091366248731,8.848391509750597,1.1079449400397292
2007.8117333176215,8.857636142541258,1.1354047927440025
2009.532100386512,8.866801517352924,1.1617634638245742
2011.2524674554024,8.875888313696057,1.18710187199631
2012.972834524293,8.884897205252484,1.2114913204493396
2014.6932015931834,8.893828859936603,1.2349950566255234
2016.4135686620743,8.9026839399282,1.2576695187213216
2018.1339357309648,8.911463101732457,1.2795653427624176
2019.8543027998553,8.920166996234437,1.3007281843370533
2021.5746698687458,8.9287962687194,1.3211993951809806
2023.2950369376363,8.937351558957237,1.3410165848790785
2025.0154040065268,8.945833501228991,1.3602140907494182
2026.7357710754172,8.954242724375247,1.3788233736848157
2028.4561381443077,8.96257985184481,1.396873353790258
2030.1765052131982,8.970845501746792,1.4143906966919835
2031.8968722820887,8.979040286886312,1.4314000591407892
2033.6172393509792,8.987164814814038,1.4479243008016134
2035.3376064198696,8.995219687875933,1.4639846677802053
2037.0579734887601,9.003205503249314,1.4796009523892812
2038.7783405576506,9.011122852995024,1.4947916328305269
2040.498707626541,9.018972324095353,1.5095739958130991
2042.2190746954316,9.02675449849964,1.5239642446051038
2043.939441764322,9.034469953173987,1.5379775945927858
2045.6598088332125,9.042119260128617,1.551628358080637
2047.380175902103,9.049702986479618,1.5649300197875384
2049.1005429709935,9.05722169447431,1.5778953042662498
2050.820910039884,9.06467594154262,1.5905362362860416
2052.5412771087745,9.072066280330601,1.602864195063112
2054.261644177665,9.07939325875389,1.6148899630944265
2055.9820112465554,9.086657420024915,1.6266237702429138
2057.702378315446,9.093859302698858,1.638075333631592
2059.422745384337,9.100999440716462,1.6492538938281307
2061.1431124532273,9.108078363440745,1.6601682477370134
2062.863479522118,9.115096595694181,1.670826778561932
2064.5838465910083,9.122054657801682,1.681237483154465
2066.304213659899,9.1289530656235,1.6914079970254705
2068.0245807287893,9.135792330603147,1.7013456172614934
2069.7449477976797,9.14257295979633,1.7110573235592248
2071.46531486657,9.149295455908122,1.7205497975657695
2073.1856819354607,9.15596031733856,1.7298294406906198
2074.906049004351,9.162568038215484,1.7389023905362588
2076.6264160732417,9.169119108424466,1.7477745360778114
2078.346783142132,9.175614013657055,1.7564515317077816
2080.0671502110226,9.182053235438099,1.7649388102493087
2081.787517279913,9.188437251163771,1.773241595030359
2083.5078843488036,9.194766534137708,1.7813649111015746
2085.228251417694,9.201041553605377,1.7893135956719615
2086.9486184865846,9.207262774789966,1.7970923078290792
2088.668985555475,9.213430658927452,1.8047055376037258
2090.3893526243655,9.219545663295735,1.8121576144332228
2092.109719693256,9.225608241256149,1.8194527150721553
2093.8300867621465,9.231618842281884,1.826594870994772
2095.550453831037,9.237577911991162,1.8335879753290947
2097.2708208999275,9.243485892183658,1.8404357893590826
2098.991187968818,9.249343220869322,1.847141948627876
2100.7115550377084,9.255150332305968,1.8537099686721825
2102.4319221065994,9.260907657023099,1.8601432504152033
2104.15228917549,9.266615621866384,1.8664450852430898
2105.8726562443803,9.272274650015545,1.8726186597878
2107.593023313271,9.2778851610243,1.878667060437235
2109.3133903821613,9.283447570851356,1.8845932775918162
2111.0337574510518,9.288962291886287,1.8904002096850776
2112.7541245199423,9.294429732983334,1.8960906669843909
2114.4744915888327,9.299850299496073,1.9016673751866626
2116.194858657723,9.305224393298621,1.9071329788226516
2117.9152257266137,9.310552412817296,1.9124900444824837
2119.635592795504,9.315834753067891,1.9177410638739654
2121.3559598643947,9.321071805679209,1.9228884567244087
2123.076326933285,9.326263958914732,1.9279345735358693
2124.7966940021756,9.331411597720434,1.9328816982029573
2126.517061071066,9.336515103732795,1.9377320505017026
2128.2374281399566,9.34157485532255,1.942487788457343
2129.957795208847,9.346591227612555,1.9471510105983267
2131.6781622777376,9.351564592512796,1.9517237581033058
2133.398529346628,9.35649531874345,1.9562080168474203
2135.1188964155185,9.361383771859854,1.9606057193537298
2136.839263484409,9.366230314288279,1.9649187466552454
2138.5596305532995,9.371035305347418,1.9691489300726461
2140.27999762219,9.375799101273278,1.9732980529124202
2142.0003646910804,9.380522055246287,1.977367852089853
2143.720731759971,9.38520451742407,1.9813600196809917
2145.441098828862,9.389846834956794,1.9852762044074528
2147.1614658977524,9.394449352022347,1.989118013057677
2148.881832966643,9.399012409845211,1.9928870118480255
2150.6022000355333,9.403536346725938,1.9965847277268696
2152.322567104424,9.408021498063084,2.000212649624651
2154.0429341733143,9.412468196382425,2.0037722296526987
2155.7633012422048,9.416876771358238,2.0072648842534146
2157.4836683110952,9.421247549834986,2.010691995304279
2159.2040353799857,9.425580855857978,2.0140549111779897
2160.924402448876,9.429877010695675,2.0173549477609027
2162.6447695177667,9.434136332856502,2.0205933894318133
2164.365136586657,9.438359138124435,2.0237714900030066
2166.0855036555477,9.442545739573214,2.0268904736253814
2167.805870724438,9.446696447592076,2.0299515356593645
2169.5262377933286,9.450811569910416,2.0329558435132133
2171.246604862219,9.45489141161938,2.035904537450245
2172.9669719311096,9.458936275194107,2.0387987313664064
2174.687339,9.46294646051467,2.0416395135395606
