     74.76421254
     74.76421254
     74.76421254
     74.76421254
     74.76421254
     74.76421254
     74.76421254
     74.76421254
     74.23216659
     74.70668482
     74.70668482
     74.16277804
     74.16277804
     74.16277804
     74.16277804
     74.16277804
     74.16277804
     74.16277804
     74.16277804
     74.16277804
     74.16277804
     74.16277804
     74.16277804
     74.16277804
     74.16277804
     74.16277804
     74.16277804
     74.16277804
     74.16277804
     74.16277804
     74.16277804
     74.16277804
     74.16277804
     74.16277804
     74.16277804
     74.16277804
     74.16277804
     74.16277804
     74.16277804
     74.16277804
     74.16277804
     74.16277804
     74.16277804
     74.16277804
     74.16277804
     74.16277804
     74.16277804
     74.16277804
     74.16277804
     74.16277804
     74.16277804
     74.16277804
     74.16277804
     74.16277804
     74.16277804
     74.16277804
     74.16277804
     72.99555921
     72.99555921
     72.99555921
     72.99555921
     72.99555921
     72.99555921
     75.21655037
     75.21655037
     75.21655037
     75.21655037
     75.21655037
     75.21655037
     75.21655037
     75.21655037
     75.21655037
     75.26223127
     75.26223127
     75.26223127
     75.26223127
     75.26223127
     75.26223127
     75.26223127
     75.26223127
     75.26223127
     75.26223127
     75.26223127
     75.26223127
     75.26223127
     75.26223127
     75.26223127
     75.26223127
     74.84488385
     74.84488385
     74.84488385
     74.84488385
     74.84488385
     74.84488385
     74.84488385
     74.84488385
     74.84488385
     74.84488385
     74.84488385
     73.32037789
     87.42514632
     87.42514632
     87.42514632
     87.42514632
     99.60654055
     99.60654055
     99.60654055
     99.60654055
     99.60654055
     99.60654055
     99.60654055
     99.60654055
     99.60654055
     99.60654055
     99.60654055
     99.60654055
     99.60654055
     99.60654055
     99.60654055
     99.60654055
     99.60654055
     99.60654055
     99.60654055
     99.60654055
     99.60654055
     99.60654055
     99.60654055
     99.60654055
     94.81090394
     94.81090394
     94.81090394
     94.81090394
     94.81090394
     94.81090394
     94.81090394
     94.81090394
     94.81090394
     94.81090394
     94.81090394
     94.81090394
     94.81090394
     94.81090394
     98.67495911
     98.67495911
     98.67495911
     98.67495911
     98.67495911
     98.67495911
     98.67495911
    101.36051705
    101.36051705
    101.36051705
    101.36051705
    101.36051705
    101.36051705
    101.36051705
    101.36051705
    101.36051705
    101.36051705
    101.36051705
    101.36051705
    101.36051705
    101.36051705
    101.36051705
    101.36051705
    101.36051705
    101.36051705
    101.36051705
    101.36051705
    114.04535005
    113.63526977
    113.63526977
    113.63526977
    113.63526977
    113.63526977
    113.63526977
    113.63526977
    113.63526977
    113.63526977
    113.63526977
    113.63526977
    113.90486283
    114.71287162
    114.71287162
    114.71287162
    114.71287162
    114.71287162
    114.71287162
    114.71287162
    114.71287162
    114.71287162
    114.71287162
    114.71287162
    114.71287162
    114.71287162
    114.71287162
    114.71287162
    114.71287162
    114.71287162
    114.71287162
    -42.29879783
    -42.29879783
    -42.29879783
    -42.29879783
    -42.29879783
    -42.29879783
      8.11905107
      8.11905107
      8.11905107
      8.11905107
      8.11905107
      8.11905107
      8.11905107
      8.11905107
      8.11905107
      8.11905107
      8.11905107
      8.11905107
      8.11905107
     38.10812933
     38.10812933
     38.10812933
     38.10812933
     38.10812933
     38.10812933
     38.10812933
     38.10812933
     38.10812933
     38.10812933
     38.10812933
     38.10812933
     38.10812933
     38.10812933
     38.10812933
     38.10812933
     38.10812933
     38.10812933
     38.10812933
     38.10812933
     38.10812933
     38.10812933
     38.10812933
     38.63447687
     38.63447687
     38.63447687
     51.09893191
     51.09893191
     51.09893191
     51.09893191
     51.09893191
     51.09893191
     51.09893191
     51.09893191
     51.09893191
     51.09893191
     51.09893191
     69.78606142
     69.78606142
     69.78606142
     69.78606142
     69.78606142
     69.78606142
     69.78606142
     69.78606142
     69.78606142
     69.78606142
     69.78606142
     69.78606142
     69.78606142
     69.78606142
     69.78606142
     69.78606142
     69.78606142
     69.78606142
     69.78606142
     82.10254187
     82.10254187
     82.10254187
     82.10254187
     82.10254187
     82.10254187
     82.10254187
     82.10254187
     82.10254187
     82.10254187
     82.10254187
     82.10254187
     82.10254187
     82.10254187
     82.10254187
     82.10254187
     82.10254187
     82.10254187
     82.10254187
     82.10254187
     82.10254187
     82.10254187
     82.10254187
     82.10254187
     82.10254187
    -47.19252329
    -47.19252329
    -47.19252329
    -47.19252329
    -47.19252329
    -47.19252329
    -47.19252329
    -47.19252329
    -47.19252329
    -47.19252329
    -47.19252329
    -47.19252329
    -47.19252329
    -47.19252329
    -47.19252329
    -47.19252329
    -47.19252329
    -47.19252329
    -47.19252329
    -47.19252329
    -47.19252329
    -47.19252329
    -47.19252329
    -47.19252329
    -47.19252329
    -43.06187683
    -43.06187683
    -43.06187683
    -43.06187683
    -43.06187683
    -43.06187683
    -43.06187683
    -43.06187683
    -43.06187683
    -43.06187683
    -43.06187683
    -40.52508452
    -40.52508452
    -40.52508452
    -40.52508452
    -40.52508452
    -40.52508452
    -40.52508452
    -40.52508452
    -40.52508452
    -40.52508452
    -40.52508452
    -40.52508452
    -40.52508452
    -40.52508452
    -40.52508452
    -40.52508452
    -40.52508452
    -40.52508452
    -40.52508452
    -40.52508452
    -40.52508452
    -40.52508452
    -40.52508452
    -40.52508452
    -40.52508452
    -40.52508452
    -40.52508452
    -40.52508452
    -40.52508452
     10.11885330
     10.11885330
     10.11885330
     10.11885330
     10.11885330
     10.11885330
     37.59011699
     37.59011699
     37.59011699
     37.59011699
     37.59011699
     37.59011699
     37.59011699
     37.59011699
     37.59011699
     37.59011699
     37.59011699
     37.59011699
     37.59011699
     37.59011699
     37.59011699
     37.59011699
     37.59011699
     37.59011699
     37.59011699
     37.59011699
     37.59011699
     37.59011699
     37.59011699
     37.59011699
     37.59011699
     37.59011699
     37.59011699
     37.59011699
     37.59011699
     65.12998222
     65.12998222
     64.15069442
     64.15069442
     64.15069442
     64.15069442
     64.15069442
     64.15069442
     64.15069442
     64.15069442
     64.15069442
     64.15069442
     64.15069442
     64.15069442
     64.15069442
     64.15069442
     64.15069442
     64.15069442
     64.15069442
     64.18031657
     64.18031657
     64.18031657
     64.18031657
     64.18031657
     64.18031657
     64.18031657
     64.18031657
     64.18031657
     64.18031657
     64.18031657
     64.18031657
     64.18031657
     64.18031657
     64.18031657
     64.18031657
     64.18031657
     64.18031657
     64.18031657
     64.18031657
     64.18031657
     64.18031657
     64.18031657
     64.18031657
     64.18031657
     64.18031657
     64.18031657
     64.18031657
     64.18031657
     64.18031657
     64.18031657
     64.18031657
     64.18031657
     64.18031657
     64.18031657
     64.18031657
     64.18031657
     64.18031657
     64.18031657
     64.18031657
     64.18031657
     64.18031657
     64.18031657
     64.18031657
     64.18031657
     64.18031657
     64.18031657
     64.18031657
     64.18031657
     64.18031657
     64.18031657
     64.18031657
     64.18031657
     63.96123879
     63.96123879
     63.96123879
     63.96123879
     63.96123879
     63.96123879
     63.96123879
     63.96123879
     63.96123879
     63.96123879
     63.96123879
     63.96123879
     63.96123879
     63.96123879
     63.96123879
     63.96123879
     63.96123879
     63.96123879
     63.96123879
     63.96123879
     63.96123879
     63.96123879
     63.96123879
     63.96123879
     63.96123879
     63.96123879
     63.96123879
     63.96123879
     58.35489099
     58.35489099
     58.35489099
     58.35489099
     58.35489099
     58.35489099
     58.35489099
     58.35489099
     58.35489099
     58.35489099
     58.35489099
     58.35489099
     58.35489099
     58.35489099
     60.52249589
     60.52249589
     72.26881949
     72.26881949
     72.26881949
     72.26881949
     72.26881949
     72.26881949
     72.26881949
     72.26881949
     72.26881949
     72.26881949
     72.26881949
     70.30325170
     70.30325170
     70.30325170
     70.30325170
     70.30325170
     69.95106088
     69.95106088
     69.95106088
     69.95106088
     69.95106088
     69.95106088
     69.95106088
     69.95106088
     69.95106088
     69.95106088
     69.95106088
     69.95106088
     69.95106088
     69.95106088
     69.95106088
     69.95106088
     69.95106088
     69.59088149
     69.59088149
     69.59088149
     69.59088149
     69.59088149
     69.59088149
     69.59088149
     69.59088149
     69.59088149
     69.59088149
     69.59088149
     69.59088149
     69.59088149
     69.59088149
     69.59088149
     69.59088149
     69.59088149
     69.59088149
     68.69841426
     68.69841426
     68.69841426
     68.69841426
     68.69841426
     68.91049128
     68.91049128
     68.91049128
     68.91049128
     68.91049128
     68.91049128
     68.91049128
     68.91049128
     68.91049128
     68.91049128
     68.91049128
     68.91049128
     68.91049128
     68.91049128
     68.91049128
     68.82460337
     68.82460337
     68.82460337
     68.82460337
     69.03130761
     69.03130761
     69.03130761
     69.03130761
     69.03130761
     69.03130761
     69.03130761
     69.03130761
     69.03130761
     -8.65784078
     -8.65784078
     21.05626263
     21.05626263
     21.05626263
     31.52042882
     31.52042882
     31.52042882
     31.52042882
     31.52042882
     31.52042882
     31.52042882
     31.52042882
     31.52042882
     56.42648719
     56.42648719
     56.42648719
     56.42648719
     56.42648719
     56.42648719
     56.42648719
     57.51068669
     57.51068669
     57.51068669
     57.51068669
     57.51068669
     57.51068669
     57.51068669
     57.51068669
     57.51068669
     57.51068669
     57.51068669
     58.25306936
     58.25306936
     58.25306936
     58.25306936
     58.25306936
     58.25306936
     58.25306936
     58.25306936
     58.25306936
     58.25306936
     58.25306936
     58.25306936
     58.25306936
     58.25306936
     58.25306936
     58.25306936
     58.25306936
     58.25306936
     58.25306936
     68.08071622
     68.34148021
     68.34148021
     68.34148021
     68.34148021
     68.34148021
     68.34148021
     68.34148021
     68.34148021
     68.34148021
     68.34148021
     68.34148021
     68.34148021
     68.34148021
     68.16289295
     68.16289295
     68.16289295
     68.16289295
     69.26262618
     69.26262618
     69.26262618
     69.26262618
     69.26262618
     69.26262618
     69.26262618
     69.26262618
     69.67631485
     70.57268577
     70.57268577
     70.57268577
     70.57268577
     70.57268577
     70.57268577
     70.57268577
     70.57268577
     70.57268577
     70.57268577
     70.57268577
     70.57268577
     70.57268577
     70.57268577
     70.57268577
     70.57268577
     70.57268577
     70.57268577
     70.57268577
     70.57268577
     70.57268577
     70.57268577
     61.06896702
     61.06896702
     61.06896702
     61.06896702
     61.06896702
     61.06896702
     61.06896702
     61.06896702
     62.01376725
     62.01376725
     62.01376725
     64.42570417
     64.42570417
     64.42570417
     64.42570417
     64.42570417
     64.42570417
     64.42570417
     64.42570417
     64.42570417
     64.42570417
     64.42570417
     64.42570417
     64.42570417
     64.42570417
     64.42570417
     64.42570417
     64.42570417
     64.42570417
     64.42570417
     64.42570417
     64.42570417
     64.42570417
     64.42570417
     64.42570417
     64.42570417
     64.42570417
     64.42570417
     64.42570417
     64.42570417
     64.42570417
     64.42570417
     64.42570417
     64.42570417
     64.42570417
     64.42570417
     64.42570417
     64.42570417
     64.42570417
     64.42570417
     64.42570417
     64.42570417
     66.56880195
     66.56880195
     66.56880195
     66.56880195
     70.29034138
     70.29034138
     70.29034138
     70.29034138
     69.97968823
     69.97968823
     69.97968823
     69.97968823
     69.97968823
     69.97968823
     69.97968823
     69.97968823
     69.97968823
     69.97968823
     69.97968823
     69.97968823
     69.97968823
     69.97968823
     69.97968823
     69.97968823
     69.97968823
     69.97968823
     69.97968823
     69.97968823
     69.97968823
     69.97968823
     69.97968823
     69.97968823
     69.97968823
     69.97968823
     69.97968823
     69.05254544
     69.05254544
     69.05254544
     69.05254544
     69.05254544
     69.05254544
     69.05254544
     69.05254544
     69.05254544
     69.05254544
     69.05254544
     69.05254544
     69.05254544
     58.81049799
     58.81049799
     58.81049799
     58.81049799
     58.81049799
     58.81049799
     58.81049799
     58.81049799
     58.81049799
     58.81049799
     58.81049799
     58.81049799
     58.81049799
     58.81049799
     58.81049799
     58.81049799
     58.81049799
     58.81049799
     58.81049799
     58.81049799
     58.81049799
     58.81049799
     58.81049799
     58.81049799
     58.81049799
     58.81049799
     58.81049799
     58.81049799
     58.81049799
     58.81049799
     58.81049799
     58.81049799
     58.81049799
     58.81049799
     58.81049799
     58.81049799
     58.81049799
     58.81049799
     58.81049799
     58.81049799
     58.81049799
     57.50318345
     57.50318345
     57.50318345
     57.50318345
     57.50318345
     57.66856568
     57.66856568
     57.66856568
     57.66856568
     57.66856568
     57.66856568
     57.66856568
     57.66856568
     57.66856568
     57.66856568
     57.66856568
     57.66856568
     57.66856568
     57.66856568
     57.66856568
     57.66856568
     57.66856568
     57.66856568
     57.66856568
     57.66856568
     57.66856568
     57.66856568
     57.66856568
     57.66856568
     57.66856568
     62.78759212
     62.78759212
     62.78759212
     62.78759212
     62.78759212
     62.78759212
     62.78759212
     62.78759212
     62.78759212
     62.78759212
     62.78759212
     62.78759212
     62.78759212
     62.78759212
     62.78759212
     62.78759212
     62.78759212
     62.78759212
     62.78759212
     62.78759212
     62.78759212
     62.78759212
     62.78759212
     62.78759212
     62.78759212
     62.78759212
     62.78759212
     62.78759212
     62.78759212
     20.02426045
     20.02426045
     20.02426045
     21.93116478
     21.93116478
     25.47203389
     25.47203389
     25.47203389
     25.47203389
     25.47203389
     25.47203389
     25.47203389
     25.47203389
     25.47203389
     25.47203389
     25.47203389
     25.47203389
     25.47203389
     25.47203389
     25.47203389
     25.47203389
     25.47203389
     25.47203389
     25.47203389
     25.47203389
     33.06697015
     33.06697015
     33.06697015
     33.06697015
     33.06697015
     33.06697015
     33.06697015
     33.06697015
     33.06697015
     33.06697015
     33.06697015
     33.06697015
     33.06697015
     33.06697015
     33.06697015
     33.06697015
     33.06697015
     33.06697015
     33.06697015
     33.06697015
     33.06697015
     33.06697015
     33.06697015
     33.06697015
     33.06697015
     33.06697015
     36.16605562
     36.16605562
     36.16605562
     36.16605562
     36.16605562
     36.16605562
     36.16605562
     36.16605562
     36.16605562
     36.16605562
     36.16605562
     36.16605562
     36.16605562
     36.16605562
     36.16605562
     61.67720688
     61.67720688
     61.67720688
     61.67720688
     61.67720688
     61.67720688
     61.67720688
     61.67720688
     61.67720688
     61.67720688
     61.67720688
     61.67720688
     61.67720688
     61.67720688
     61.67720688
     61.67720688
     61.67720688
     61.67720688
     93.26260641
     93.26260641
     93.26260641
     93.26260641
     93.26260641
     93.26260641
     93.67034051
     93.67034051
     93.67034051
     93.67034051
     93.67034051
     93.67034051
     93.67034051
     93.67034051
     93.67034051
     93.67034051
     41.17316651
     41.17316651
     41.17316651
     41.17316651
     41.17316651
     41.17316651
     41.17316651
     53.28524889
     53.28524889
     53.28524889
     53.28524889
     53.28524889
     53.28524889
     53.28524889
     53.28524889
     53.28524889
     53.28524889
     53.85581998
     53.85581998
     53.85581998
     53.85581998
     53.85581998
     53.85581998
     53.85581998
     53.85581998
     53.85581998
     53.85581998
     53.85581998
     53.85581998
     53.85581998
     53.85581998
     61.08817600
     61.08817600
     61.08817600
     61.08817600
     61.08817600
     60.51629945
     60.51629945
     60.51629945
     60.51629945
     60.51629945
     60.51629945
     60.51629945
     60.51629945
     60.51629945
     60.51629945
     60.51629945
     60.51629945
     60.51629945
     60.51629945
     60.51629945
     60.51629945
     60.51629945
     60.51629945
     60.51629945
     61.64054972
     61.64054972
     61.64054972
     61.64054972
     61.64054972
     61.64054972
     61.64054972
     61.64054972
     62.42787164
     62.42787164
     61.45178226
     61.45178226
     61.45178226
     61.45178226
     61.45178226
     64.96823260
     64.96823260
     64.96823260
     67.19493554
     67.19493554
     67.19493554
     67.19493554
     67.19493554
     67.19493554
     67.19493554
     67.19493554
     67.19493554
     67.19493554
     67.19493554
     67.19493554
     67.19493554
     67.19493554
     67.19493554
     67.19493554
     69.60511965
     69.60511965
     67.90750734
     67.90750734
     67.90750734
     67.90750734
     67.90750734
     67.90750734
     71.78097053
     71.78097053
     71.78097053
    -15.20426114
    -15.20426114
    -15.20426114
    -15.20426114
    -15.20426114
    -15.20426114
    -15.20426114
    -15.20426114
     -8.65941096
     -8.65941096
     -7.26350862
     26.96255138
     26.96255138
     26.96255138
     26.96255138
     26.96255138
     26.96255138
     26.96255138
     26.96255138
     26.96255138
     26.96255138
     26.96255138
     26.96255138
     26.96255138
     26.96255138
     26.96255138
     26.96255138
     26.96255138
     26.96255138
     26.96255138
     26.96255138
     26.96255138
     26.96255138
     26.96255138
     26.96255138
     26.96255138
     26.96255138
     26.96255138
     26.96255138
     26.96255138
     26.96255138
     26.96255138
     26.96255138
     26.96255138
     26.96255138
     26.96255138
     26.96255138
     26.96255138
     26.96255138
     33.73838307
     33.73838307
     33.73838307
     33.73838307
     33.73838307
     33.73838307
     33.73838307
     33.73838307
     33.73838307
     33.73838307
     33.73838307
     33.73838307
     33.73838307
     33.73838307
     33.73838307
     33.73838307
     33.73838307
     33.73838307
     33.73838307
     33.73838307
     33.73838307
     33.73838307
     33.73838307
     35.09061097
     35.09061097
     35.09061097
     51.35435875
     51.35435875
     51.35435875
     51.35435875
     51.35435875
     51.35435875
     53.89530410
     53.89530410
     68.50773191
     68.50773191
     71.38661056
     71.38661056
     71.64209985
     71.64209985
     71.64209985
     71.64209985
     71.64209985
     71.64209985
     71.64209985
     71.64209985
     71.64209985
     71.64209985
     71.64209985
     71.64209985
     71.64209985
    -20.04491558
     23.29546318
     23.29546318
     23.29546318
     23.29546318
     23.29546318
     23.29546318
     23.29546318
     23.29546318
     23.29546318
     23.29546318
     23.29546318
     23.29546318
     23.29546318
     23.29546318
     23.29546318
     23.29546318
     23.29546318
     23.29546318
     23.29546318
     23.29546318
     23.29546318
     23.29546318
     23.29546318
     23.29546318
     23.29546318
     36.30209236
     36.30209236
     36.30209236
     36.30209236
     36.30209236
     36.30209236
     36.30209236
     36.30209236
     36.30209236
     36.30209236
     35.62721336
     35.62721336
     63.73351157
     63.73351157
     63.73351157
     63.73351157
     63.73351157
     63.73351157
     63.73351157
     65.32111481
     65.32111481
     65.32111481
     65.32111481
     65.32111481
     65.32111481
     65.32111481
     65.32111481
     65.32111481
     65.32111481
     65.32111481
     65.32111481
     65.32111481
     65.32111481
     65.32111481
     65.32111481
     65.32111481
     65.32111481
     65.32111481
     65.32111481
     65.32111481
     64.62042314
     64.62042314
     64.62042314
     64.62042314
     64.62042314
     64.62042314
     64.62042314
     64.62042314
     64.62042314
     64.62042314
     68.93275178
     68.93275178
     68.93275178
     68.93275178
     68.93275178
     68.93275178
     68.93275178
     68.93275178
     68.93275178
     68.93275178
     68.93275178
     68.93275178
     69.56722288
     69.56722288
     69.56722288
     69.56722288
     69.56722288
     69.56722288
     69.56722288
     69.56722288
     69.56722288
     69.56722288
     69.29858357
     69.29858357
     60.77124506
     60.77124506
     60.77124506
     60.77124506
     60.77124506
     60.77124506
     60.77124506
     60.77124506
     60.77124506
     60.77124506
     60.77124506
     60.77124506
     60.77124506
     60.77124506
     60.77124506
     60.77124506
     60.77124506
     60.77124506
     60.77124506
     60.77124506
     66.40118438
     66.40118438
     66.40118438
     66.40118438
     66.40118438
     66.24879072
     66.24879072
     68.21913157
     68.21913157
     68.21913157
     68.21913157
     68.21913157
     68.21913157
     68.62686546
     68.62686546
     68.62686546
     68.62686546
     68.62686546
     68.62686546
     68.62686546
     69.45706047
     69.45706047
     69.45706047
     69.45706047
     69.45706047
     69.45706047
     69.45706047
     69.45706047
     69.45706047
     69.45706047
     69.45706047
     69.45706047
     69.45706047
     69.45706047
     69.49609395
     71.86277075
     71.86277075
     71.86277075
     71.86277075
     71.86277075
     71.86277075
     71.86277075
     71.86277075
     71.86277075
     71.86277075
     71.86277075
     71.86277075
     71.86277075
     71.86277075
     71.86277075
     71.86277075
     71.86277075
     71.86277075
     71.86277075
     71.86277075
     71.86277075
     71.86277075
     71.86277075
     71.86277075
     71.86277075
     71.86277075
     71.86277075
     71.86277075
     71.98848658
     71.98848658
     71.98848658
     71.98848658
     71.98848658
     71.98848658
     71.98848658
     71.98848658
     71.98848658
     71.98848658
     71.98848658
     71.98848658
     71.98848658
     71.98848658
     71.98066951
     71.98066951
     71.98066951
    -16.09382404
     22.14921112
     22.14921112
     22.14921112
     22.14921112
     22.14921112
     22.14921112
     22.14921112
     22.14921112
     22.14921112
     22.14921112
     22.14921112
     22.14921112
     22.14921112
     22.14921112
     22.14921112
     35.83006523
     35.83006523
     35.83006523
     35.83006523
     35.83006523
     35.83006523
     35.83006523
     35.83006523
     35.83006523
     35.83006523
     75.60920001
     75.60920001
     75.60920001
     75.60920001
     75.60920001
     75.60920001
     75.60920001
     75.60920001
     75.60920001
     75.60920001
     75.60920001
     75.60920001
     80.67420165
     80.67420165
     80.67420165
     80.67420165
     80.67420165
     80.67420165
     80.67420165
     84.49513780
     84.49513780
     84.49513780
     84.49513780
     84.49513780
     84.49513780
     84.49513780
     84.49513780
     84.49513780
     84.49513780
     84.49513780
     84.49513780
     84.49513780
     84.49513780
     84.49513780
     84.49513780
     84.49513780
     84.49513780
     84.49513780
     84.49513780
     84.49513780
     84.49513780
     84.49513780
     84.49513780
     84.49513780
     84.49513780
     84.49513780
     89.89167427
     89.89167427
     89.89167427
     89.89167427
     89.89167427
     89.89167427
     89.89167427
     89.89167427
     89.89167427
     89.89167427
     89.89167427
     90.34517682
     90.34517682
     90.34517682
     90.34517682
     90.34517682
     90.34517682
     90.34517682
     90.34517682
     90.34517682
     90.34517682
     90.34517682
     90.34517682
     90.34517682
     90.34517682
     90.34517682
     90.34517682
     90.34517682
     62.23625207
     62.23625207
     62.23625207
     62.23625207
     62.23625207
     62.23625207
    105.17886233
    105.17886233
    105.17886233
    105.17886233
    105.17886233
    105.17886233
    105.17886233
    105.17886233
    105.17886233
    105.17886233
    105.17886233
    118.59768623
    118.59768623
    118.59768623
    118.59768623
    118.59768623
    118.59768623
    118.59768623
    118.59768623
    118.59768623
    118.59768623
    122.44698839
    122.44698839
    122.44698839
    122.44698839
    122.44698839
    122.44698839
    122.44698839
    122.44698839
    122.44698839
    122.44698839
    122.44698839
    122.44698839
    122.44698839
    122.44698839
    122.44698839
    122.44698839
    122.44698839
    122.44698839
    122.44698839
    122.44698839
    122.44698839
    122.44698839
    122.44698839
    122.44698839
    122.44698839
    122.44698839
    122.44698839
    122.44698839
    122.44698839
    121.10126613
    121.10126613
    121.10126613
    121.10126613
    121.10126613
    121.10126613
    121.10126613
    121.10126613
    121.10126613
    121.10126613
    121.10126613
    121.10126613
    121.10126613
    121.10126613
    121.10126613
    121.10126613
    121.10126613
    120.85262757
    120.85262757
    120.85262757
    120.85262757
    120.85262757
    120.85262757
    120.85262757
    120.85262757
    120.85262757
    120.85262757
    120.85262757
    120.85262757
    120.85262757
    120.85262757
    120.85262757
    120.85262757
    120.85262757
    120.85262757
    120.85262757
    120.85262757
    120.85262757
    120.85262757
    120.85262757
    120.85262757
    120.85262757
    120.85262757
    120.85262757
     65.68420378
     65.68420378
     65.68420378
     65.68420378
     65.68420378
     65.68420378
     65.68420378
     65.68420378
     67.09650623
     67.09650623
     67.09650623
     67.45976619
     67.45976619
     67.36729873
     67.36729873
     67.36729873
     67.36729873
     70.31604925
     70.31604925
     70.31604925
     70.31604925
     70.31604925
     70.31604925
     69.08156392
     69.08156392
     69.08156392
     69.08156392
     70.12867496
     70.12867496
     70.12867496
     70.12867496
     70.12867496
     70.12867496
     70.12867496
     70.12867496
     70.12867496
     70.12867496
     70.12867496
     70.12867496
     70.12867496
     70.12867496
     70.12867496
     70.12867496
     70.12867496
     70.12867496
     70.12867496
     70.12867496
     70.12867496
     68.69924156
     68.69924156
     68.69924156
     68.69924156
     68.69924156
     68.69924156
     68.69924156
     68.69924156
     68.69924156
     68.69924156
     68.69924156
     68.69924156
     68.69924156
     68.69924156
     68.69924156
     68.44647271
     68.44647271
     68.44647271
     68.44647271
     68.44647271
     68.44647271
     68.44647271
     68.96719292
     68.96719292
     68.96719292
     68.95061650
     68.95061650
     68.95061650
     68.95061650
     68.95061650
     68.95061650
     68.95061650
     68.95061650
     68.95061650
     68.95061650
     68.95061650
     68.95061650
     71.22691860
     71.22691860
     71.22691860
     71.22691860
     69.74037142
     69.74037142
     69.74037142
     70.73568218
     70.73568218
     70.73568218
     70.73568218
     70.73568218
     70.99504839
     70.99504839
     70.99504839
    -96.73414038
    -96.73414038
    -96.73414038
    -96.73414038
    -96.73414038
    -96.73414038
    -96.73414038
    -96.73414038
    -96.73414038
    -96.73414038
    -96.73414038
    -96.73414038
    -96.73414038
    -96.73414038
    -96.73414038
    -96.73414038
    -96.73414038
    -96.73414038
    -96.73414038
    -96.73414038
    -96.73414038
    -96.73414038
    -96.73414038
    -96.73414038
    -96.73414038
    -96.73414038
    -96.73414038
    -96.73414038
    -96.73414038
    -96.73414038
    -96.73414038
    -96.73414038
    -96.73414038
    -96.73414038
    -96.73414038
    -96.73414038
    -96.73414038
    -96.73414038
    -96.73414038
    -96.73414038
    -96.73414038
    -96.73414038
    -96.73414038
    -96.73414038
    -96.73414038
    -96.73414038
    -96.73414038
    -96.73414038
    -96.73414038
    -96.73414038
    -96.73414038
    -96.73414038
    -96.73414038
    -96.73414038
    -96.73414038
    -96.73414038
    -96.73414038
    -96.73414038
    -96.73414038
    -96.73414038
    -96.73414038
    -96.73414038
    -96.73414038
    -96.73414038
    -96.73414038
    -96.73414038
    -96.73414038
    -96.73414038
    -96.73414038
    -96.73414038
    -96.73414038
    -96.73414038
    -96.73414038
    -96.73414038
    -96.73414038
    -96.73414038
    -96.73414038
    -96.73414038
    -96.73414038
    -96.73414038
    -96.73414038
    -96.73414038
    -96.73414038
    -79.08507667
    -79.08507667
    -24.53461309
     44.56659687
     44.56659687
     44.56659687
     44.56659687
     44.56659687
     44.56659687
     44.56659687
     44.56659687
     44.56659687
     44.56659687
     44.56659687
     44.56659687
     44.56659687
     44.56659687
     57.68571652
     57.68571652
     57.68571652
     57.68571652
     57.68571652
     57.68571652
     57.68571652
     57.68571652
     57.68571652
     57.68571652
     57.68571652
     57.68571652
     57.68571652
     57.68571652
     57.68571652
     57.68571652
     57.68571652
     57.68571652
     57.43041518
     57.43041518
     57.43041518
     57.43041518
     57.43041518
     57.43041518
     57.43041518
     57.43041518
     57.43041518
     57.22641966
     57.22641966
     57.22641966
     57.22641966
     57.22641966
     57.22641966
     57.22641966
     57.22641966
     57.22641966
     57.22641966
     57.22641966
     57.22641966
     57.22641966
     57.22641966
     57.22641966
     57.22641966
     57.22641966
     57.22641966
     57.22641966
     57.22641966
     57.22641966
     57.22641966
     57.22641966
     57.22641966
     57.22641966
     57.22641966
     57.22641966
     57.22641966
     57.22641966
     57.22641966
     62.00538121
     62.00538121
     62.00538121
     62.00538121
     62.00538121
     62.00538121
     62.00538121
     62.00538121
     62.00538121
     62.00538121
     62.00538121
     62.00538121
     62.00538121
     62.00538121
     62.00538121
     62.00538121
     65.70424766
     65.70424766
     65.70424766
     65.70424766
     65.70424766
     65.70424766
     65.70424766
     65.70424766
     65.70424766
     65.70424766
     65.70424766
     65.70424766
     65.70424766
     65.70424766
     65.70424766
     65.70424766
     65.70424766
     65.70424766
     65.70424766
     65.70424766
     65.70424766
     65.70424766
     65.70424766
     65.70424766
     65.70424766
     65.70424766
     65.70424766
     56.78360707
     56.78360707
     56.78360707
     56.78360707
     61.90866593
     61.90866593
     63.37019751
     63.37019751
     63.37019751
     63.15077003
     63.15077003
     63.15077003
     63.15077003
     63.15077003
     63.15077003
     63.15077003
     63.15077003
     63.15077003
     63.15077003
     63.15077003
     63.15077003
     63.15077003
     63.15077003
     63.15077003
     63.15077003
     63.15077003
     63.15077003
     63.15077003
     63.15077003
     63.15077003
     63.15077003
     63.15077003
     63.15077003
     63.15077003
     64.44051764
     64.44051764
     64.44051764
     64.44051764
     64.44051764
     64.44051764
     64.44051764
     68.17745231
     68.17745231
     68.17745231
     68.17745231
     68.17745231
     68.17745231
     68.17745231
     72.16179135
     72.16179135
     72.16179135
     72.16179135
     72.16179135
     72.16179135
     72.54081118
     74.29755996
     74.29755996
     74.40112325
     74.40112325
     74.40112325
     74.40112325
     74.40112325
     74.40112325
     74.40112325
     74.47091861
     74.47091861
     74.63711022
     74.63711022
     74.62470863
     74.62470863
     74.62470863
     74.62470863
     74.35920929
     74.35920929
     74.35920929
     74.35920929
     74.35920929
     74.35920929
     74.35920929
     74.35920929
     74.35920929
     74.35920929
     74.35920929
     74.35920929
     74.35920929
     74.35920929
     74.35920929
     74.35920929
     74.35920929
     74.35920929
     74.35920929
     75.40009021
     75.40009021
     75.40009021
     75.40009021
     75.40009021
     75.40009021
     75.40009021
     75.40009021
     75.40009021
     41.28725478
     41.28725478
     41.28725478
     41.28725478
     41.28725478
     41.28725478
     43.20890478
     43.20890478
     43.20890478
     43.20890478
     43.20890478
     43.20890478
     43.20890478
     43.20890478
     43.20890478
     43.20890478
     43.20890478
     43.20890478
     43.20890478
     43.20890478
     43.20890478
     43.20890478
     43.20890478
     43.20890478
     52.96918503
     52.96918503
     52.96918503
     52.96918503
     52.96918503
     52.96918503
     52.96918503
     52.96918503
     52.96918503
     52.96918503
     52.96918503
     52.96918503
     52.96918503
     52.96918503
     52.96918503
     52.96918503
     52.96918503
     52.96918503
     52.96918503
     52.96918503
     52.96918503
     52.96918503
     52.96918503
     52.96918503
     52.96918503
     52.96918503
     52.96918503
     52.96918503
     52.96918503
     52.96918503
     52.96918503
     52.96918503
     52.96918503
     52.96918503
     52.96918503
     52.96918503
     52.96918503
     52.96918503
     52.96918503
     52.96918503
     53.70172293
     53.70172293
     53.70172293
     53.70172293
     53.70172293
     53.70172293
     53.70172293
     53.70172293
     53.70172293
     53.70172293
     53.70172293
     53.70172293
     53.70172293
     53.70172293
     53.70172293
     53.70172293
     53.70172293
     53.70172293
     53.70172293
     53.70172293
     53.70172293
     53.70172293
     53.70172293
     53.70172293
     53.70172293
     53.70172293
     53.70172293
     53.70172293
     53.70172293
     53.70172293
     53.70172293
     53.70172293
     53.70172293
     53.70172293
     53.70172293
     53.70172293
    -12.31108872
    -12.31108872
    -12.31108872
    -12.31108872
    -12.31108872
    -12.31108872
    -12.31108872
     52.51271200
     52.51271200
     52.51271200
     52.51271200
     52.51271200
     52.51271200
     52.51271200
     52.51271200
     52.51271200
     52.51271200
     54.77377225
     54.77377225
     54.77377225
     56.09820677
     56.09820677
     56.09820677
     56.09820677
     56.09820677
     60.55228421
     60.55228421
     60.55228421
     60.55228421
     60.55228421
     60.55228421
     60.55228421
     60.55228421
     60.55228421
     60.55228421
     60.55228421
     60.55228421
     60.55228421
     60.55228421
     60.55228421
     60.55228421
     60.55228421
     60.55228421
     60.55228421
     60.55228421
     60.55228421
     60.55228421
     60.55228421
     60.55228421
     60.55228421
     60.55228421
     60.55228421
     58.08414197
     58.08414197
     58.08414197
     58.08414197
     58.08414197
     58.08414197
     58.08414197
     58.08414197
     58.08414197
     58.08414197
     58.08414197
     58.08414197
     58.08414197
     58.08414197
     58.08414197
     58.08414197
     58.08414197
     58.08414197
     58.08414197
     61.90868333
     61.90868333
     61.90868333
     61.90868333
     61.90868333
     61.90868333
     61.90868333
     61.90868333
     61.90868333
     61.90868333
     61.90868333
     61.90868333
     61.90868333
     61.90868333
     61.90868333
     61.90868333
     61.90868333
     61.90868333
     61.90868333
     61.90868333
     61.90868333
     61.90868333
     61.90868333
     61.90868333
     61.90868333
     61.90868333
     61.90868333
     61.90868333
     61.90868333
     48.98053780
     48.98053780
     48.98053780
     48.98053780
     48.98053780
     48.98053780
     48.98053780
     48.98053780
     48.98053780
     48.98053780
     48.98053780
     48.98053780
     48.98053780
     48.98053780
     54.79860659
     54.79860659
     54.79860659
     54.79860659
     54.79860659
     54.60453216
     54.60453216
     63.85155733
     63.85155733
     67.79143167
     67.79143167
     67.84067981
     67.84067981
     67.84067981
     67.73291227
     67.73291227
     67.73291227
     67.73291227
     67.73291227
     67.73291227
     67.73291227
     67.73291227
     67.73291227
     67.73291227
     67.07317510
     67.07317510
     67.07317510
     67.07317510
     67.07317510
     67.07317510
     67.07317510
     67.07317510
     67.07317510
     67.07317510
     67.07317510
     67.07317510
     67.07317510
     67.20977086
     67.20977086
     67.20977086
     67.20977086
     67.20977086
     67.20977086
     67.20977086
     67.20977086
     67.20977086
     67.20977086
     67.20977086
     67.20977086
     69.19967854
     69.19967854
     69.19967854
     69.19967854
     69.19967854
     70.23668856
     70.23668856
     70.23668856
     70.23668856
     70.23668856
     70.23668856
     70.23668856
     70.23668856
     70.23668856
     70.23668856
     70.23668856
     70.23668856
     70.23668856
     70.23668856
     70.23668856
     70.23668856
     70.23668856
     70.23668856
     70.23668856
     70.23668856
     70.23668856
     70.23668856
     70.23668856
     70.23668856
     70.23668856
     70.23668856
     70.23668856
     70.23668856
     70.23668856
     70.23668856
     70.23668856
     70.23668856
     57.27300885
     57.27300885
     57.27300885
     57.27300885
     57.27300885
     57.27300885
     57.27300885
     57.27300885
     57.27300885
     57.27300885
     57.27300885
     57.27300885
     57.27300885
     57.27300885
     57.27300885
     57.53282999
     57.53282999
     57.53282999
     57.53282999
     57.53282999
     57.53282999
     57.53282999
     57.53282999
     57.53282999
     57.53282999
     57.53282999
     57.53282999
     57.53282999
     57.53282999
     57.53282999
     57.53282999
     57.53282999
     57.53282999
     57.53282999
     57.53282999
     57.53282999
     57.53282999
     57.53282999
     57.53282999
     57.53282999
     57.53282999
     57.53282999
     57.53282999
     57.53282999
     57.53282999
     57.53282999
     57.53282999
     57.53282999
     57.53282999
     57.53282999
     57.53282999
     57.53282999
     57.53282999
     57.53282999
     57.53282999
     57.53282999
     57.53282999
     57.53282999
     57.53282999
     57.53282999
     57.53282999
     57.53282999
     57.53282999
     57.53282999
     57.53282999
     57.53282999
     57.53282999
     57.53282999
     57.53282999
     57.53282999
     57.53282999
     57.53282999
     57.53282999
     57.53282999
     57.53282999
     57.53282999
     57.53282999
     57.53282999
     57.53282999
     57.53282999
     57.53282999
     57.53282999
     57.53282999
     57.53282999
     57.53282999
     57.53282999
     57.53282999
     57.53282999
     57.53282999
     57.53282999
     57.53282999
     57.53282999
     57.53282999
     57.53282999
     57.53282999
     57.53282999
     57.53282999
     57.53282999
     57.53282999
     57.53282999
     59.62916468
     59.62916468
     59.62916468
     59.62916468
     59.62916468
     58.98086020
     58.98086020
     58.98086020
     58.98086020
     58.98086020
     58.98086020
     58.98086020
     58.98086020
     58.98086020
     58.98086020
     58.98086020
     58.98086020
     58.98086020
     58.98086020
     58.98086020
     58.98086020
     58.98086020
     58.98086020
     60.26401447
     60.26401447
     60.26401447
     60.26401447
     60.26401447
     60.26401447
     60.26401447
     60.26401447
     60.26401447
     60.26401447
     60.26401447
     60.26401447
     60.26401447
     60.26401447
     63.08628730
     63.08628730
     63.08628730
     63.08628730
     63.08628730
     63.08628730
     63.08628730
     63.08628730
     63.08628730
     63.08628730
     63.08628730
     63.08628730
     63.08628730
     62.31579916
     62.31579916
     62.31579916
     62.31579916
     62.31579916
     62.31579916
     62.31579916
     62.31579916
     62.31579916
     62.31579916
     62.31579916
     62.31579916
     62.31579916
     62.31579916
     62.31579916
     62.31579916
     62.31579916
     64.37008530
     64.37008530
     64.37008530
     64.37008530
     64.37008530
     64.37008530
     64.37008530
     64.37008530
     64.37008530
     64.37008530
     64.37008530
     64.37008530
     64.37008530
     64.37008530
     67.96721478
     67.96721478
     67.96721478
     67.96721478
     67.96721478
     67.96721478
     67.96721478
     67.96721478
     67.92507841
     68.31543307
     68.31543307
     68.31543307
     68.31543307
     68.31543307
     68.31543307
     67.10327424
     67.10327424
     67.10327424
     67.10327424
    -49.61480842
    -49.61480842
    -49.61480842
    -49.61480842
    -49.61480842
    -49.61480842
    -49.61480842
    -49.61480842
    -49.61480842
    -10.65404097
    -10.65404097
    -10.65404097
    -10.65404097
    -10.58866083
    -10.58866083
    -10.58866083
    -10.58866083
    -10.58866083
    -10.58866083
    -10.58866083
    -10.58866083
    -10.58866083
     25.85418618
     60.84049239
     60.84049239
     60.84049239
     60.84049239
     60.84049239
     60.84049239
     60.84049239
     60.84049239
     60.84049239
     60.84049239
     60.84049239
     60.84049239
     61.89384303
     61.89384303
     61.89384303
     61.89384303
     61.72952976
     61.72952976
     61.72952976
     61.72952976
     61.72952976
     61.72952976
     61.72952976
     61.72952976
     61.72952976
     61.72952976
     61.72952976
     67.76583629
     67.62416014
     67.62416014
     67.62416014
     67.62416014
     67.62416014
     67.62416014
     67.62416014
     67.62416014
     67.62416014
     67.62416014
     67.62416014
     67.62416014
     67.62416014
     67.62416014
     67.62416014
     67.62416014
     67.81252137
     67.81252137
     67.81252137
     66.77073953
     66.77073953
     66.77073953
     66.77073953
     66.77073953
     66.77073953
     66.77073953
     66.77073953
     66.77073953
     66.77073953
     66.77073953
     66.77073953
     66.77073953
     66.77073953
     66.77073953
     66.77073953
     66.77073953
     66.77073953
     66.77073953
     66.77073953
     66.77073953
     66.77073953
     66.77073953
     66.77073953
     66.77073953
     66.77073953
     69.35477092
     67.23566036
     67.23566036
     67.23566036
     38.05447019
     38.05447019
     38.05447019
     38.05447019
     38.05447019
     38.05447019
     38.05447019
     38.05447019
     38.05447019
     38.05447019
     38.05447019
     38.05447019
     38.05447019
     60.96877183
     60.96877183
     60.96877183
     60.96877183
     60.96877183
     60.96877183
     60.96877183
     60.96877183
     60.96877183
     60.96877183
     60.96877183
     60.96877183
     66.68771344
     66.68771344
     66.68771344
     66.68771344
     66.68771344
     66.68771344
     66.68771344
     66.68771344
     66.68771344
     66.68771344
     66.68771344
     66.68771344
     66.68771344
     66.68771344
     66.68771344
     66.68771344
     66.68771344
     66.68771344
     66.68771344
     66.68771344
     66.68771344
     66.68771344
     66.68771344
     66.68771344
     66.68771344
     66.68771344
     66.68771344
     66.68771344
     66.68771344
     66.68771344
     65.95239362
     65.95239362
     65.95239362
     65.95239362
     65.95239362
     65.95239362
     65.95239362
     65.95239362
     65.28196836
     65.28196836
     65.28196836
     65.28196836
     65.28196836
     65.28196836
     65.28196836
     72.86929404
     72.88465242
     72.88465242
     72.88465242
     72.88465242
     72.88465242
     72.88465242
     72.88465242
     72.92475912
     72.92475912
     72.92475912
     72.92475912
     72.92475912
     72.92475912
     72.92475912
     72.92475912
     72.36326197
     72.36326197
     73.15929781
     73.15929781
     73.15929781
     73.15929781
     67.72991513
     67.72991513
     67.72991513
     67.72991513
     67.72991513
     67.72991513
     67.72991513
     67.72991513
     85.71907531
     85.71907531
     85.71907531
     85.71907531
     85.71907531
     85.71907531
     85.71907531
     85.71907531
     85.71907531
     85.71907531
     85.71907531
     85.71907531
     85.71907531
     85.71907531
     85.71907531
     85.71907531
     85.71907531
     85.71907531
     85.71907531
     85.71907531
     85.71907531
     85.71907531
     85.71907531
     99.98672002
     99.26614124
     99.26614124
     99.26614124
     99.26614124
     99.26614124
     99.26614124
     99.26614124
     99.26614124
     99.26614124
     99.26614124
     99.26614124
     99.26614124
     99.26614124
     99.26614124
     99.26614124
     99.26614124
     99.26614124
     99.26614124
     99.26614124
     99.26614124
     99.26614124
     99.26614124
     99.26614124
     99.26614124
     99.26614124
     99.26614124
     99.26614124
     99.26614124
     99.26614124
     99.26614124
     99.26614124
     99.26614124
     99.26614124
     99.26614124
    100.59616465
    100.59616465
    100.59616465
    107.03630216
    107.03630216
    107.03630216
    107.03630216
    107.03630216
    107.03630216
    107.03630216
    107.03630216
    107.03630216
    107.03630216
    107.03630216
    107.03630216
    107.03630216
    107.03630216
    107.03630216
    107.03630216
    107.03630216
    107.03630216
    107.03630216
    107.03630216
    107.03630216
    107.03630216
    110.96366006
    110.96366006
    110.96366006
    110.96366006
    110.96366006
    110.96366006
    110.96366006
    113.72564928
    113.72564928
    113.72564928
    113.72564928
    113.72564928
    113.72564928
    113.72564928
    113.72564928
    113.72564928
    113.72564928
      2.75021175
      2.47200830
      2.47200830
      2.47200830
      2.47200830
      2.47200830
      2.47200830
      2.47200830
     14.52374711
     14.52374711
     14.52374711
     14.52374711
     14.52374711
     14.52374711
     14.52374711
     17.01489493
     17.01489493
     17.01489493
     17.01489493
     17.01489493
     17.01489493
     17.01489493
     17.01489493
     17.01489493
     17.01489493
     17.01489493
     17.01489493
     17.01489493
     17.01489493
     17.01489493
     17.01489493
     17.01489493
     17.01489493
     17.01489493
     17.01489493
     17.01489493
     17.01489493
     17.01489493
     17.01489493
     18.28262597
     18.28262597
     18.28262597
     18.28262597
     18.28262597
     18.28262597
     18.28262597
     18.28262597
     18.28262597
     18.28262597
     18.28262597
     18.28262597
     18.28262597
     18.28262597
     18.28262597
     18.28262597
     18.28262597
     18.28262597
     18.28262597
     18.28262597
     56.62373653
     56.62373653
     56.62373653
     56.62373653
     56.62373653
     56.62373653
     56.62373653
     56.62373653
     56.62373653
     56.62373653
     56.62373653
     56.62373653
     56.62373653
     56.62373653
     56.62373653
     56.62373653
     56.62373653
     56.62373653
     56.62373653
     56.62373653
     56.62373653
     56.62373653
     56.62373653
     56.62373653
     56.62373653
     56.62373653
     56.62373653
     56.62373653
     56.62373653
     56.62373653
     56.62373653
     56.62373653
     56.62373653
     56.62373653
     63.54279501
     63.54279501
     63.54279501
     63.54279501
     63.54279501
     63.54279501
     63.54279501
     57.26993158
     57.26993158
     57.26993158
     57.26993158
     57.26993158
     57.26993158
     57.26993158
     57.26993158
     57.26993158
     57.26993158
     57.26993158
     57.26993158
     57.75188777
     57.75188777
     57.75188777
     57.75188777
     57.75188777
     57.75188777
     57.75188777
     57.75188777
     57.75188777
     57.75188777
     57.75188777
     57.75188777
     57.75188777
     57.75188777
     57.75188777
     57.75188777
     57.75188777
     57.75188777
     57.75188777
     57.75188777
     57.75188777
     57.75188777
     57.75188777
     57.75188777
     57.75188777
     57.75188777
     57.75188777
     57.75188777
     57.75188777
     57.75188777
     57.75188777
     57.75188777
     57.75188777
     57.75188777
     57.75188777
     57.75188777
     57.75188777
     57.75188777
     57.75188777
     57.75188777
     55.74617082
     55.74617082
     55.74617082
     55.74617082
     55.74617082
     55.74617082
     55.74617082
     55.74617082
     55.74617082
     67.43285906
     67.43285906
     67.43285906
     67.43285906
     67.43285906
     67.43285906
     67.43285906
     67.43285906
     70.30408961
     70.30408961
     65.92427724
     65.92427724
     65.92427724
     65.92427724
     65.92427724
     65.92427724
     65.92427724
     65.92427724
     65.92427724
     65.92427724
     65.92427724
     65.92427724
     65.92427724
     65.92427724
     70.44589347
     70.79962592
     70.79962592
     70.79962592
     70.79962592
     70.79962592
     70.79962592
     70.79962592
     70.79962592
     70.79962592
     70.79962592
     70.79962592
     70.79962592
     70.79962592
     70.79962592
     43.43912062
     43.43912062
     43.22730204
     43.22730204
     44.96290615
     44.96290615
     44.96290615
     44.96290615
     44.96290615
     44.96290615
     44.96290615
     44.96290615
     44.96290615
     44.96290615
     49.35299055
     49.35299055
     49.35299055
     49.35299055
     49.35299055
     49.35299055
     49.35299055
     49.61844462
     49.61844462
     49.61844462
     49.61844462
     49.61844462
     49.61844462
     49.61844462
     49.61844462
     49.61844462
     49.61844462
     49.61844462
     49.61844462
     49.61844462
     49.61844462
     49.66258305
     49.66258305
     49.66258305
     49.66258305
     49.66258305
     49.66258305
     49.66258305
     49.66258305
     49.66258305
     49.66258305
     49.66258305
     49.66258305
     49.66258305
     49.66258305
     49.66258305
     49.66258305
     49.66258305
     49.66258305
     49.66258305
     49.66258305
     49.66258305
     50.16593660
     50.16593660
     50.16593660
     50.16593660
     50.16593660
     50.16593660
     50.16593660
     50.16593660
     55.63006816
     55.63006816
     55.63006816
     55.63006816
     55.63006816
     55.63006816
     55.63006816
     55.63006816
     55.63006816
     55.63006816
     55.63006816
     55.63006816
     55.63006816
     55.63006816
     55.63006816
     55.63006816
     55.63006816
     55.63006816
     55.63006816
     55.63006816
     55.63006816
     55.63006816
     55.63006816
     55.63006816
     55.63006816
     56.89734440
     56.89734440
     56.89734440
     56.89734440
     56.89734440
     56.89734440
     56.89734440
     56.89734440
     56.89734440
     56.89734440
     56.89734440
    -74.89493702
    -74.89493702
    -74.89493702
    -74.89493702
    -74.89493702
    -74.89493702
    -74.89493702
    -74.89493702
    -74.89493702
    -74.89493702
    -74.89493702
    -74.89493702
    -74.89493702
    -74.89493702
    -74.89493702
    -74.89493702
    -74.89493702
    -74.89493702
    -74.89493702
    -74.89493702
    -74.89493702
    -74.21788318
    -74.21788318
    -74.21788318
    -37.56036805
    -37.56036805
    -37.56036805
    -37.56036805
    -37.56036805
    -37.56036805
    -37.56036805
    -37.56036805
    -37.56036805
    -37.56036805
    -37.56036805
    -37.56036805
    -37.56036805
    -37.56036805
    -37.56036805
    -37.56036805
    -37.56036805
    -37.56036805
    -37.56036805
    -37.56036805
    -37.56036805
    -37.56036805
    -37.56036805
    -37.56036805
    -37.56036805
    -37.56036805
    -37.56036805
    -37.56036805
    -37.56036805
    -37.56036805
    -37.56036805
    -37.56036805
    -37.56036805
    -37.56036805
    -37.56036805
    -37.56036805
    -37.56036805
    -37.56036805
    -37.56036805
     14.00539016
     14.00539016
     14.00539016
     14.00539016
     14.00539016
     14.00539016
     14.00539016
     14.00539016
     14.00539016
     14.00539016
     14.00539016
     22.87704517
     22.87704517
     22.87704517
     22.87704517
     22.87704517
     22.87704517
     22.87704517
     22.87704517
     22.87704517
     22.87704517
     22.87704517
     22.87704517
     22.87704517
     25.58800349
     25.58800349
     25.58800349
     25.58800349
     25.58800349
     25.58800349
     25.58800349
     25.58800349
     25.58800349
     25.58800349
     25.58800349
     25.58800349
     25.58800349
    -69.17699845
    -69.17699845
    -69.17699845
    -69.17699845
    -69.17699845
    -69.17699845
    -69.17699845
    -69.17699845
    -69.17699845
    -69.17699845
    -69.17699845
    -69.17699845
    -69.17699845
    -69.17699845
    -69.17699845
    -69.17699845
    -69.17699845
    -69.17699845
    -69.17699845
    -69.17699845
    -69.17699845
    -69.17699845
    -69.17699845
    -69.17699845
    -69.17699845
    -69.17699845
    -69.17699845
    -69.17699845
    -69.17699845
     18.24774192
     18.24774192
     18.24774192
     18.24774192
     18.24774192
     18.24774192
     18.24774192
     18.24774192
     18.24774192
     18.24774192
     18.24774192
     18.24774192
     18.24774192
     18.24774192
     18.24774192
     18.24774192
     18.24774192
     18.24774192
     18.24774192
     18.24774192
     18.24774192
     18.24774192
     18.24774192
     18.24774192
     18.24774192
     18.24774192
     18.24774192
     18.24774192
     18.24774192
     18.24774192
     18.24774192
     18.24774192
     18.24774192
     18.24774192
     18.24774192
     18.24774192
     18.24774192
     18.24774192
     18.24774192
     18.24774192
     18.24774192
     18.24774192
     18.24774192
     18.24774192
     18.24774192
     18.24774192
     18.24774192
     18.24774192
     18.24774192
     18.24774192
     18.24774192
     18.24774192
     18.24774192
     18.24774192
     18.24774192
     18.24774192
     18.24774192
     18.24774192
     18.24774192
     18.24774192
     18.24774192
     18.24774192
     18.24774192
     18.24774192
     25.98394652
     25.98394652
     25.98394652
     25.98394652
     25.98394652
     25.98394652
     25.98394652
     58.73348779
     58.73348779
     58.73348779
     58.73348779
     58.73348779
     59.30672316
     59.30672316
     60.95776098
     60.95776098
     60.95776098
     60.95776098
     60.95776098
     61.03326922
     61.03326922
     61.03326922
     61.03326922
     61.03326922
     61.03326922
     61.03326922
     61.03326922
     61.03326922
     61.03326922
     61.03326922
     61.03326922
     61.03326922
     60.37600594
     66.32344188
     66.32344188
     66.32344188
     66.32344188
     66.32344188
     66.32344188
     66.32344188
     66.32344188
     66.32344188
     66.32344188
     66.32344188
     66.32344188
     66.32344188
     66.32344188
     66.32344188
     66.32344188
     66.32344188
     66.32344188
     66.32344188
     66.32344188
     66.32344188
     66.32344188
     66.32344188
     66.32344188
     70.16219111
     70.16219111
     70.16219111
     70.16219111
     70.16219111
     70.16219111
     70.16219111
     70.16219111
     70.16219111
     70.16219111
     70.16219111
     70.16219111
     70.16219111
     70.16219111
     70.16219111
     70.16219111
     70.16219111
     70.16219111
     70.16219111
     70.16219111
     70.16219111
     70.16219111
     70.16219111
     70.16219111
     68.50611590
     68.50611590
     68.50611590
     68.50611590
     68.50611590
     68.50611590
     68.44628160
     68.44628160
     68.44628160
     68.44628160
     68.44628160
     68.44628160
     68.44628160
     68.44628160
     68.44628160
     68.44628160
     68.44628160
     68.44628160
     68.44628160
     68.44628160
     68.44628160
     68.44628160
     68.44628160
     68.44628160
     68.44628160
     68.44628160
     61.99606215
     61.99606215
     61.99606215
     61.99606215
     61.99606215
     61.99606215
     61.99606215
     61.99606215
     61.99606215
     64.79626463
     64.79626463
     64.79626463
     64.79626463
     64.79626463
     64.79626463
     64.79626463
     64.79626463
     64.79626463
     64.79626463
     64.79626463
     64.79626463
     67.35879843
     67.35879843
     67.35879843
     67.47807291
     67.47807291
     67.47807291
     67.47807291
     67.47807291
     67.47807291
     67.47807291
     67.47807291
     67.47807291
     67.47807291
     67.47807291
     67.47807291
     67.47807291
     71.70762312
     71.70762312
     71.70762312
     71.70762312
     71.70762312
     71.70762312
     71.70762312
     71.70762312
     71.70762312
     71.70762312
     71.70762312
     73.09909388
     73.09909388
     73.09909388
     73.09909388
     73.09909388
     73.09909388
     73.09909388
     73.09909388
     73.09909388
     73.09909388
     73.09909388
     73.09909388
     73.09909388
     73.09909388
     73.09909388
     73.09909388
     73.09909388
     73.09909388
     73.09909388
     73.09909388
     73.09909388
     73.09909388
     73.09909388
     73.09909388
     73.09909388
     73.09909388
     73.09909388
     73.09909388
     73.09909388
     73.09909388
     73.09909388
     73.09909388
     73.09909388
     73.09909388
     73.09909388
     73.09909388
     73.09909388
     73.09909388
     73.09909388
     73.09909388
     73.09909388
     73.09909388
     73.09909388
     73.09909388
     73.09909388
     73.09909388
     73.09909388
     73.39165219
     73.39165219
     73.39165219
     73.39165219
     73.39165219
     66.63072089
     66.63072089
     66.63072089
     66.63072089
     66.63072089
     66.63072089
     66.63072089
     66.63072089
     66.63072089
     66.63072089
     66.63072089
     66.63072089
     66.63072089
     66.63072089
     66.63072089
     66.63072089
     66.63072089
     66.63072089
     66.63072089
     66.63072089
     66.63072089
     66.63072089
     66.63072089
     66.63072089
     66.63072089
     66.63072089
     66.63072089
     66.63072089
     66.63072089
     66.63072089
     66.63072089
     66.63072089
     66.63072089
     66.63072089
     66.63072089
     66.63072089
     66.63072089
     66.63072089
     66.63072089
     66.63072089
     66.63072089
     66.63072089
     66.63072089
     66.63072089
     66.63072089
     66.63072089
     72.11645833
     72.11645833
     72.11645833
     72.11645833
     72.11645833
     72.11645833
     72.11645833
     72.11645833
     72.11645833
     72.11645833
     72.11645833
     72.11645833
     72.11645833
     72.11645833
     72.11645833
     72.11645833
     72.11645833
     72.11645833
     72.11645833
     72.11645833
     72.11645833
     72.11645833
     72.11645833
     72.11645833
     72.11645833
     72.11645833
     72.11645833
     72.11645833
     72.11645833
     72.11645833
     72.11645833
     72.11645833
     72.11645833
     72.11645833
     72.11645833
     72.11645833
     72.11645833
     72.11645833
     72.11645833
     72.11645833
     72.11645833
     72.11645833
     72.11645833
    101.51838789
    101.51838789
    101.51838789
    101.51838789
    101.51838789
    101.51838789
    101.51838789
    101.51838789
    101.51838789
    101.47159293
    101.47159293
     25.48118588
     25.48118588
     25.48118588
     25.48118588
     25.48118588
     25.48118588
     25.48118588
     25.48118588
     25.48118588
     25.48118588
     25.48118588
     25.48118588
     25.48118588
     36.51650826
     36.51650826
     36.51650826
     36.51650826
     36.51650826
     36.51650826
     46.75838371
     46.75838371
     46.75838371
     46.75838371
     52.49355474
     59.25949268
     59.25949268
     59.25949268
     59.25949268
     59.25949268
     66.50455300
     66.50455300
     66.50455300
     66.50455300
     66.50455300
     66.50455300
     66.50455300
     66.50455300
     66.50455300
     66.50455300
     66.50455300
     66.50455300
     66.50455300
     68.88456162
     68.88456162
     68.88456162
     68.88456162
     68.88456162
     68.88456162
     68.88456162
     68.88456162
     68.88456162
     68.88456162
     68.88456162
     68.88456162
     68.88456162
     68.88456162
     68.88456162
     68.88456162
     68.88456162
     68.88456162
     68.88456162
     68.88456162
     68.88456162
     68.88456162
     68.88456162
     68.88456162
     68.88456162
     68.88456162
     68.88456162
     68.88456162
     68.88456162
     68.88456162
     68.88456162
     68.88456162
     68.88456162
     68.88456162
     68.88456162
     68.88456162
     68.88456162
     68.88456162
     68.88456162
     68.88456162
     68.88456162
     68.88456162
     68.88456162
     68.88456162
     68.88456162
     68.88456162
     67.49755374
     67.49755374
     67.49755374
     67.49755374
     67.49755374
     67.49755374
     67.49755374
     67.49755374
     67.49755374
     67.49755374
     67.49755374
     67.49755374
     54.05374370
     54.05374370
     54.05374370
     54.05374370
     54.05374370
     54.05374370
     54.05374370
     54.05374370
     54.05374370
     54.05374370
     54.05374370
     54.05374370
     54.05374370
     54.05374370
     54.05374370
     54.05374370
     54.05374370
     54.05374370
     54.05374370
     59.25884557
     59.25884557
     59.25884557
     59.25884557
     59.25884557
     59.25884557
     58.43814369
     58.43814369
     58.43814369
     67.61182303
     67.61182303
     67.61182303
     67.61182303
     67.61182303
     67.61182303
     67.61182303
     67.61182303
     67.61182303
     67.61182303
     67.61182303
     67.61182303
     67.61182303
     67.61182303
     70.76929624
     70.76929624
     70.76929624
     70.76929624
     70.76929624
     70.76929624
     70.76929624
     70.76929624
     70.76929624
     70.76929624
     70.76929624
     70.76929624
     70.76929624
     70.76929624
     70.76929624
     70.76929624
     70.76929624
     70.76929624
     70.76929624
     70.76929624
     70.76929624
     70.76929624
     70.76929624
     71.02866714
     71.02866714
     71.02866714
     70.22594278
     70.22594278
     70.22594278
     70.22594278
     70.22594278
     70.49734732
     70.49734732
     70.49734732
     70.49734732
     70.49734732
     70.49734732
     70.49734732
     70.49734732
     70.49734732
     70.49734732
     70.49734732
     70.49734732
     70.49734732
     70.49734732
     70.49734732
     70.49734732
     70.49734732
     70.49734732
     70.49734732
     70.49734732
     70.49734732
     70.49734732
     70.49734732
     70.49734732
     70.49734732
     70.49734732
     70.49734732
     62.42354912
     62.42354912
     62.42354912
     62.42354912
     62.42354912
     62.42354912
     62.42354912
     62.42354912
     62.42354912
     62.42354912
     62.42354912
     60.00172962
     60.00172962
     60.00172962
     60.00172962
     60.00172962
     60.00172962
     60.00172962
     60.00172962
     60.00172962
     60.00172962
     60.00172962
     60.00172962
     60.00172962
     60.00172962
     60.00172962
     60.00172962
     60.00172962
     60.00172962
     60.00172962
     60.00172962
     60.00172962
     60.00172962
     60.00172962
     60.00172962
     60.00172962
     60.00172962
     60.00172962
     60.00172962
     60.00172962
     60.00172962
     60.00172962
     60.00172962
     60.00172962
     60.00172962
     60.00172962
     60.00172962
     60.00172962
     60.00172962
     60.00172962
     60.00172962
     60.00172962
     60.00172962
     61.98027390
     61.98027390
     61.98027390
     61.98027390
     61.98027390
     57.78550838
     57.78550838
     57.78550838
     58.08743282
     58.08743282
     58.08743282
     58.08743282
     58.08743282
     58.08743282
     58.08743282
     58.08743282
     58.08743282
     58.08743282
     62.87131626
     62.87131626
     62.87131626
     62.87131626
     62.87131626
     62.87131626
     62.87131626
     62.87131626
     62.87131626
     64.30203724
     64.30203724
     64.30203724
     64.30203724
     64.30203724
     64.30203724
     64.30203724
     64.30203724
     64.30203724
     64.30203724
     64.30203724
     64.30203724
     64.30203724
     64.30203724
     64.30203724
     64.30203724
     64.30203724
     64.30203724
     64.30203724
     64.30203724
    -18.14799278
     21.41846783
     21.41846783
     21.41846783
     53.90305910
     53.90305910
     53.90305910
     53.90305910
     53.90305910
     53.90305910
     53.90305910
     53.90305910
     53.90305910
     53.90305910
     53.90305910
     53.90305910
     53.90305910
     53.90305910
     53.90305910
     53.90305910
     53.90305910
     53.90305910
     53.90305910
     53.90305910
     53.90305910
     60.36078354
     60.36078354
     60.36078354
     60.36078354
     60.36078354
     60.36078354
     60.36078354
     60.36078354
     60.36078354
     60.36078354
     64.61287819
     64.61287819
     64.61287819
     64.61287819
     63.49755982
     63.49755982
     63.49755982
     63.49755982
     63.49755982
     64.37898618
     64.37898618
     64.37898618
     64.37898618
     64.37898618
     64.37898618
     64.37898618
     64.37898618
     64.37898618
     64.37898618
     64.37898618
     64.37898618
     64.37898618
     64.37898618
     64.37898618
     64.37898618
     64.37898618
     71.13830785
     71.13830785
     71.13830785
     71.13830785
     71.13830785
     71.13830785
     71.13830785
     71.13830785
     71.13830785
     71.13830785
     71.13830785
     71.13830785
     71.13830785
     71.13830785
     71.13830785
     71.13830785
     71.13830785
     71.13830785
     71.13830785
     71.13830785
     71.13830785
     71.13830785
     71.13830785
     71.13830785
     71.13830785
     71.13830785
     71.13830785
     71.13830785
     71.13830785
     71.13830785
     71.13830785
     71.13830785
     70.23623291
     70.23623291
     70.23623291
     70.23623291
     70.23623291
     70.23623291
     70.23623291
     64.80553867
     64.80553867
     64.80553867
     64.80553867
     64.80553867
     64.80553867
     64.80553867
     64.80553867
     64.80553867
     68.17142190
     68.17142190
     68.17142190
     70.72229525
     70.80288611
     70.80288611
     70.80288611
     70.80288611
     70.80288611
     70.80288611
     70.80288611
     70.70309306
     70.70309306
     70.70309306
     70.70309306
     70.70309306
     69.32552074
     69.32552074
     69.32552074
     69.32552074
     69.86252844
     69.86252844
     69.86252844
     69.86252844
     69.86252844
     69.86252844
     69.86252844
     69.86252844
     69.86252844
     69.86252844
     69.86252844
     69.86252844
     69.86252844
     69.86252844
     69.86252844
     69.86252844
     69.86252844
     69.86252844
     69.86252844
     69.86252844
     69.86252844
     69.86252844
     69.86252844
     69.86252844
     69.86252844
     69.86252844
     69.86252844
     69.86252844
     69.86252844
     69.86252844
     69.86252844
     69.86252844
     69.86252844
     69.86252844
     70.28394543
     70.28394543
     70.28394543
     70.28394543
     70.28394543
     70.28394543
     70.28394543
     71.77109786
     71.81489191
     71.81489191
     71.81489191
     71.81489191
     71.81489191
     71.81489191
     71.81489191
     71.81489191
     71.81489191
     71.81489191
     71.81489191
     71.81489191
     71.81489191
     71.81489191
     71.81489191
     71.81489191
     71.81489191
     71.81489191
     71.81489191
     71.81489191
     71.81489191
     71.81489191
     71.81489191
     71.81489191
     71.81489191
     71.81489191
     71.81489191
     71.81489191
     71.81489191
   -146.59918136
   -146.59918136
   -146.59918136
   -146.59918136
   -146.59918136
   -146.59918136
   -146.59918136
   -146.59918136
   -146.59918136
   -146.59918136
   -146.59918136
   -106.38457488
   -106.38457488
   -106.38457488
   -106.38457488
   -106.38457488
   -106.38457488
   -106.38457488
   -100.81619676
   -100.81619676
   -100.81619676
   -100.81619676
   -100.81619676
   -100.81619676
   -100.81619676
   -100.81619676
   -100.81619676
   -100.81619676
   -100.81619676
   -100.81619676
   -100.81619676
   -100.81619676
   -100.81619676
   -100.81619676
    -72.06988198
    -72.06988198
    -72.06988198
    -72.06988198
    -72.06988198
    -72.06988198
    -72.06988198
    -72.06988198
    -72.06988198
    -72.06988198
    -72.06988198
    -72.06988198
    -72.06988198
    -72.06988198
    -72.06988198
    -72.06988198
    -72.06988198
    -72.06988198
    -72.06988198
    -72.06988198
    -72.06988198
    -72.06988198
    -72.06988198
    -72.06988198
    -72.06988198
    -72.06988198
    -72.06988198
    -72.06988198
    -72.06988198
    -72.06988198
    -72.06988198
    -72.06988198
    -72.06988198
    -72.06988198
    -72.06988198
    -72.06988198
    -72.06988198
    -72.06988198
    -72.06988198
    -72.06988198
    -72.06988198
    -72.06988198
    -72.06988198
    -74.22450781
     49.03173979
     49.03173979
     58.90583481
     58.90583481
     58.90583481
     58.90583481
     58.90583481
     58.90583481
     58.90583481
     58.90583481
     58.13865829
     58.13865829
     58.13865829
     58.13865829
     58.13865829
     58.13865829
     58.13865829
     58.13865829
     58.13865829
     62.85541144
     62.85541144
     62.85541144
     51.75547782
     51.75547782
     51.75547782
     51.75547782
     51.75547782
     51.75547782
     56.14251401
     56.14251401
     56.14251401
     56.14251401
     56.14251401
     56.14251401
     56.14251401
     56.14251401
     56.14251401
     56.14251401
     56.14251401
     56.14251401
     56.14251401
     56.14251401
     56.14251401
     56.14251401
     56.14251401
     56.14251401
     56.14251401
     56.14251401
     56.14251401
     56.14251401
     56.14251401
     56.14251401
     56.14251401
     56.14251401
     56.14251401
     56.14251401
     56.14251401
     56.14251401
     56.14251401
     56.14251401
     56.14251401
     56.14251401
     56.14251401
     64.59746793
     64.59746793
     64.59746793
     64.59746793
     64.59746793
     64.59746793
     64.59746793
     64.59746793
     64.59746793
     64.59746793
     64.59746793
     64.59746793
     64.59746793
     64.59746793
     64.59746793
     64.59746793
     64.59746793
     64.59746793
     64.59746793
     64.59746793
     64.59746793
     64.59746793
     64.59746793
     64.59746793
     64.59746793
     64.59746793
     64.59746793
     64.59746793
     64.59746793
     64.59746793
     64.59746793
     64.59746793
     64.59746793
     64.59746793
     64.59746793
     64.59746793
     64.59746793
     64.59746793
     64.59746793
     64.59746793
     64.59746793
     64.59746793
     64.59746793
     64.59746793
     64.59746793
     64.59746793
     64.59746793
     64.59746793
     64.59746793
     64.59746793
     64.59746793
     63.58743807
     63.58743807
     63.58743807
     63.58743807
     63.58743807
     63.58743807
     63.58743807
     63.58743807
    -59.40951798
    -59.40951798
    -59.40951798
    -59.40951798
    -59.40951798
    -59.40951798
    -59.40951798
    -59.40951798
    -59.40951798
    -59.40951798
    -59.40951798
    -59.40951798
     -2.54169511
     -2.54169511
     -2.54169511
     -2.54169511
     -2.54169511
     -2.54169511
     -2.54169511
     -2.54169511
     -2.54169511
     65.16441736
     65.16441736
     65.16441736
     65.16441736
     65.16441736
     65.16441736
     65.16441736
     65.16441736
     65.16441736
     65.16441736
     65.16441736
     65.16441736
     65.16441736
     65.16441736
     65.16441736
     65.16441736
     65.16441736
     65.16441736
     65.16441736
     65.16441736
     65.16441736
     65.16441736
     65.16441736
     65.16441736
     65.16441736
     65.16441736
     65.16441736
     65.16441736
     65.16441736
     65.16441736
     65.16441736
     65.16441736
     65.16441736
     65.16441736
     68.25581461
     68.25581461
     68.25581461
     68.25581461
     68.25581461
     68.25581461
     68.25581461
     68.25581461
     68.25581461
     68.25581461
     68.25581461
     68.25581461
     78.49103597
     78.49103597
     78.49103597
     78.49103597
     78.49103597
     78.49103597
     78.49103597
     78.49103597
     78.49103597
     78.49103597
     78.49103597
     78.49103597
     78.49103597
     78.49103597
     78.49103597
     78.49103597
     78.49103597
     82.46887449
     82.46887449
     82.46887449
     82.46887449
     82.46887449
     82.34236639
     82.34236639
     82.34236639
     82.34236639
     82.34236639
     82.34236639
     82.34236639
     86.12985124
     86.12985124
     86.12985124
     87.35930266
     63.35992913
     63.35992913
     63.35992913
     63.35992913
     63.35992913
     63.35992913
     65.50477773
     65.50477773
     65.50477773
     65.50477773
     65.50477773
     69.43603923
     69.43603923
     69.43603923
     69.43603923
     69.43603923
     69.43603923
     69.43603923
     69.43603923
     69.43603923
     69.43603923
     69.43603923
     69.43603923
     69.43603923
     69.43603923
     69.43603923
     69.43603923
     69.43603923
     69.43603923
     69.43603923
     69.43603923
     69.43603923
     69.43603923
     69.43603923
     69.43603923
     69.43603923
     69.43603923
     69.43603923
     69.43603923
     69.43603923
     69.43603923
     69.43603923
     69.43603923
     69.43603923
     69.43603923
     69.43603923
     69.43603923
     69.43603923
     69.43603923
     69.43603923
     69.43603923
     69.43603923
     69.43603923
     69.43603923
     69.43603923
     69.43603923
     69.43603923
     69.43603923
     69.43603923
     69.43603923
     69.43603923
     69.43603923
     70.55613767
     70.55613767
     70.55613767
     70.55613767
     70.55613767
     70.55613767
     70.55613767
     70.55613767
     70.55613767
     70.55613767
     70.55613767
     70.55613767
     70.55613767
     70.55613767
     70.55613767
     70.55613767
     69.89953295
     69.89953295
     69.89953295
     69.89953295
     69.89953295
     69.89953295
     69.89953295
     69.89953295
     69.89953295
     69.89953295
     69.89953295
     69.89953295
     69.89953295
     69.89953295
     69.89953295
     69.89953295
     69.89953295
     69.89953295
     69.89953295
     69.89953295
     72.43705069
     72.43705069
     60.63584577
     60.63584577
     60.63584577
     60.63584577
     60.63584577
     60.63584577
     60.63584577
     60.63584577
     60.63584577
     60.63584577
     60.63584577
     60.63584577
     60.63584577
     60.63584577
     60.63584577
     60.63584577
     60.63584577
     60.63584577
     60.63584577
     60.63584577
     60.63584577
     60.63584577
     60.63584577
     66.52223040
     66.52223040
     66.52223040
     66.52223040
     66.52223040
     66.52223040
     66.52223040
     66.52223040
     66.52223040
     66.52223040
    111.70808050
    111.70808050
    111.70808050
    111.70808050
    111.70808050
    111.70808050
    111.70808050
    111.70808050
    111.70808050
    111.70808050
    114.52913919
    119.37452600
    119.37452600
    119.37452600
    119.37452600
    119.37452600
    119.37452600
    119.37452600
    119.37452600
    119.37452600
    123.70800763
    123.70800763
    123.70800763
    123.70800763
    123.70800763
    123.70800763
    123.70800763
    123.70800763
    123.70800763
    123.70800763
    123.70800763
    123.70800763
    123.70800763
    123.70800763
    123.70800763
    123.70800763
    123.70800763
    123.70800763
    123.70800763
    123.70800763
    123.70800763
    123.70800763
    123.70800763
    123.70800763
    123.70800763
    123.70800763
    123.70800763
    123.70800763
    123.70800763
    123.70800763
    123.70800763
    123.70800763
    123.70800763
    123.70800763
    123.70800763
    123.59520993
    123.59520993
    123.59520993
    123.01793543
    123.18499310
    123.18499310
    123.18499310
    123.18499310
    123.18499310
    123.18499310
    123.18499310
    123.18499310
     68.11541525
     68.11541525
     68.11541525
     68.11541525
     68.11541525
     68.11541525
     71.10368328
     71.10368328
     71.10368328
     71.10368328
     71.10368328
     71.10368328
     71.10368328
     71.10368328
     71.10368328
     71.10368328
     71.10368328
     71.10368328
     71.10368328
     71.10368328
     71.10368328
     71.10368328
     71.10368328
     71.10368328
     71.10368328
     71.10368328
     71.10368328
     71.10368328
     71.10368328
     71.10368328
     71.10368328
     71.10368328
     71.10368328
     71.10368328
     71.10368328
     71.10368328
     71.10368328
     71.10368328
     71.10368328
     71.10368328
     71.10368328
     71.10368328
     71.10368328
     71.10368328
     71.10368328
     71.10368328
     71.10368328
     71.10368328
     71.10368328
     71.10368328
     71.10368328
     71.10368328
     71.10368328
     71.10368328
     71.10368328
     71.10368328
     71.10368328
     71.10368328
     71.10368328
     71.10368328
     71.10368328
     71.10368328
     71.10368328
     71.10368328
     71.10368328
     71.10368328
     71.10368328
     71.10368328
     71.10368328
     71.10368328
     71.10368328
     71.10368328
     71.10368328
     71.10368328
     71.10368328
     71.10368328
     71.10368328
     71.10368328
     71.10368328
     71.10368328
     71.10368328
     71.10368328
     71.10368328
     71.49803393
     71.49803393
     71.49803393
     71.49803393
     71.49803393
     71.49803393
     71.49803393
     71.49803393
     71.49803393
     71.49803393
     71.49803393
     71.49803393
     71.49803393
     71.49803393
     71.49803393
     71.49803393
     71.49803393
     61.28755634
     61.28755634
     61.28755634
     61.28755634
     61.28755634
     61.28755634
     61.28755634
     61.28755634
     61.28755634
     61.28755634
     61.28755634
     61.28755634
     61.28755634
     61.28755634
     61.28755634
     61.28755634
     65.15229233
     62.95188112
     62.95188112
     62.95188112
     62.95188112
     62.95188112
     62.95188112
     62.95188112
     62.95188112
     62.95188112
     62.95188112
     62.95188112
     62.95188112
     62.95188112
     62.95188112
     62.95188112
     62.95188112
     62.95188112
     62.95188112
     62.95188112
     62.95188112
     62.95188112
     62.95188112
     62.95188112
     62.95188112
     62.95188112
     62.95188112
     62.95188112
     63.34572054
     63.34572054
     63.34572054
     63.34572054
     63.34572054
     63.34572054
     63.34572054
     63.34572054
     63.34572054
     63.34572054
     63.34572054
     63.34572054
     63.34572054
     63.34572054
     63.34572054
     63.34572054
     63.34572054
     63.34572054
     63.34572054
     63.34572054
     63.34572054
     63.34572054
     63.34572054
     63.34572054
     63.34572054
     63.34572054
     63.34572054
     63.34572054
     63.34572054
     63.34572054
     63.34572054
     63.34572054
     63.34572054
     63.34572054
     63.34572054
     63.34572054
     63.34572054
     63.34572054
     63.34572054
     63.34572054
     63.34572054
     63.34572054
     63.34572054
     63.34572054
     63.34572054
     63.34572054
     63.34572054
     63.34572054
     64.32667723
     64.32667723
     64.32667723
     64.32667723
     66.43801191
     66.43801191
     66.43801191
     66.43801191
     64.85171651
     64.85171651
     64.85171651
     62.84337108
     62.84337108
     62.84337108
     62.84337108
     62.84337108
     62.84337108
     62.84337108
     62.84337108
     62.84337108
     62.84337108
     62.84337108
     65.21572938
     65.21572938
     65.21572938
     65.21572938
     65.21572938
     65.21572938
     65.21572938
     65.21572938
     65.21572938
     65.21572938
     65.21572938
     65.21572938
     65.21572938
     65.21572938
     65.21572938
     65.21572938
     65.21572938
     65.21572938
     65.21572938
     65.21572938
     65.21572938
     65.21572938
     65.21572938
     65.21572938
     65.21572938
     65.21572938
     65.21572938
     65.21572938
     65.21572938
     65.21572938
     65.21572938
     65.21572938
     65.21572938
     65.21572938
     65.21572938
     65.21572938
     65.21572938
     65.21572938
     66.99803835
     66.99803835
     66.99803835
     69.42431516
     69.42431516
     69.42431516
     69.42431516
     69.42431516
     69.42431516
     69.42431516
     69.42431516
     69.42431516
     69.42431516
     69.42431516
     69.42431516
     69.91065567
     69.91065567
     69.91065567
     69.91065567
     69.91065567
     69.91065567
     69.91065567
     69.91065567
     69.91065567
     69.91065567
     69.79385379
     69.79385379
     69.79385379
     69.79385379
     72.46417847
     72.46417847
     72.46417847
     72.08621299
     72.08621299
     72.08621299
     72.08621299
     72.08621299
     72.43989185
     72.43989185
     72.43989185
     72.43989185
     72.43989185
     72.43989185
     72.43989185
     72.43989185
     72.43989185
     72.43989185
     72.43989185
   -574.14506499
   -574.14506499
   -574.14506499
   -574.14506499
   -574.14506499
   -574.14506499
   -574.14506499
   -574.14506499
   -574.14506499
   -574.14506499
   -574.14506499
   -574.14506499
   -574.14506499
   -574.14506499
   -574.14506499
   -574.14506499
   -574.14506499
   -574.14506499
   -574.14506499
   -574.14506499
   -574.14506499
   -574.14506499
   -574.14506499
   -574.14506499
   -574.14506499
   -574.14506499
   -574.14506499
   -574.14506499
   -574.14506499
   -574.14506499
   -574.14506499
   -574.14506499
   -574.14506499
   -574.14506499
   -574.14506499
   -574.14506499
   -574.14506499
   -574.14506499
   -574.14506499
   -574.14506499
   -574.14506499
   -574.14506499
   -574.14506499
   -574.14506499
   -574.14506499
   -574.14506499
   -574.14506499
   -574.14506499
   -574.14506499
   -574.14506499
   -574.14506499
   -574.14506499
   -574.14506499
   -574.14506499
   -574.14506499
   -574.14506499
   -574.14506499
   -574.14506499
   -574.14506499
   -574.14506499
   -574.14506499
   -574.14506499
   -574.14506499
   -574.14506499
   -574.14506499
   -574.14506499
   -574.14506499
   -574.14506499
   -574.14506499
   -574.14506499
   -574.14506499
   -574.14506499
   -574.14506499
   -574.14506499
   -574.14506499
   -473.36127641
   -473.36127641
   -473.36127641
   -473.36127641
   -473.36127641
   -313.05648365
   -313.05648365
   -313.05648365
   -313.05648365
   -313.05648365
   -313.05648365
   -313.05648365
   -313.05648365
   -152.67427841
   -152.67427841
   -152.67427841
   -152.67427841
   -152.67427841
   -152.67427841
   -152.67427841
   -152.67427841
   -152.67427841
   -152.67427841
   -152.67427841
   -152.67427841
