     -9.23841872
     -8.43469805
     -8.86531163
     -8.86531163
     -9.03218811
    -10.20582148
     -9.61736667
     -9.35539947
     -9.36345627
     -9.36345627
     -8.46973614
     -8.52435022
     -8.85597251
     -9.52732272
     -8.53980255
     -8.53980255
     -8.53980255
     -8.53980255
     -8.54188489
     -8.54188489
     -8.54188489
     -8.35597583
     -8.76761564
     -9.78113646
     -9.71276150
     -9.71276150
    -10.94096280
    -10.94096280
    -11.03541772
    -11.03541772
     -9.69652954
    -10.69070196
     -9.39499571
     -9.39499571
     -9.39499571
    -11.48499687
    -11.44278114
    -10.54061931
    -10.54061931
     -9.07095871
     -9.75801103
     -9.15338845
    -10.12444774
     -8.93500884
     -9.03369044
     -8.81707213
     -8.81707213
     -8.78501652
     -8.37328616
     -8.37400502
     -8.31227653
     -8.38487109
     -8.48964301
     -8.21673357
     -8.21673357
     -8.98997477
     -8.98997477
     -8.98997477
     -8.79222513
     -9.05989891
     -9.90348974
     -9.33780096
     -9.19840621
     -9.43181002
     -9.74523703
     -9.74523703
     -9.74523703
     -9.05419986
     -8.14316963
     -8.02470499
     -8.35361034
     -8.34852943
     -8.28179087
     -8.39827452
     -8.25219134
     -8.25219134
     -8.06710054
     -8.06612526
     -8.27830425
     -8.59634901
     -8.59634901
     -8.78239982
     -8.46862028
     -8.37624631
     -8.10925099
     -8.21021995
     -8.03553284
     -8.50488693
     -8.05118691
     -8.14899455
     -8.12189098
     -8.11844074
     -8.09968669
     -8.11995511
     -8.11995511
     -8.20237690
     -8.20237690
     -8.20237690
     -8.15433111
     -8.15433111
     -8.78616045
     -8.66181407
     -8.66181407
     -8.53261154
    -10.07179028
    -10.07179028
     -9.19319263
     -9.03912342
     -9.03912342
     -8.94702581
     -8.80172562
     -8.80172562
     -8.80172562
     -8.62249990
     -8.32756986
     -8.32756986
     -8.27186972
     -8.27186972
     -8.25304972
     -8.16736415
     -8.16736415
     -8.41044275
     -8.41044275
     -8.27783198
     -8.24848039
     -8.15352695
     -8.33050272
     -9.28894514
     -9.28894514
     -9.28894514
     -9.38258774
     -8.25884480
     -8.15315433
     -8.35431911
     -8.35431911
     -8.51516311
     -9.01217642
     -9.01217642
     -9.41411220
     -9.60465668
     -9.60465668
    -10.08186117
     -8.59707694
     -9.45642060
     -9.93774950
     -9.93774950
    -10.18493341
    -10.18493341
    -11.18501041
    -11.18501041
    -11.18501041
    -11.04387906
     -9.14977070
     -9.04245365
     -9.00702743
     -8.68208692
     -8.68208692
     -8.53332995
     -8.07568734
     -8.07166348
     -8.51922017
     -8.65869521
     -8.28801649
     -8.28024220
     -8.67743586
     -8.67743586
     -8.36910729
     -8.20553938
     -8.02009401
     -8.02009401
     -8.09904284
     -8.09904284
    -10.72873823
    -10.72873823
    -10.38505397
    -10.38505397
    -10.36511673
     -9.89031229
     -8.75248627
     -8.75248627
     -8.25775285
     -8.25775285
     -8.25775285
     -8.43800047
     -8.44674532
     -8.65607199
     -8.56319196
     -8.21389550
     -8.21389550
     -8.21389550
     -8.21389550
     -8.05787554
     -8.19209635
     -8.19209635
     -8.13221774
     -8.45276157
     -8.41700723
     -8.41700723
     -8.59823858
     -8.59823858
     -9.00759561
     -9.00759561
     -9.00759561
    -10.21224657
    -10.21224657
    -10.21224657
    -10.14669913
     -9.78612561
     -9.78612561
     -9.78612561
     -9.54852754
    -10.00216106
     -9.63203355
     -9.63203355
     -9.02090599
     -9.43776668
     -9.45536463
     -8.29155206
     -8.21849383
     -8.59465057
     -8.59465057
     -8.59465057
     -8.59465057
     -8.59465057
     -8.28631259
     -8.19205506
     -8.30804046
     -8.43266381
     -8.43266381
     -8.41765898
     -8.41694560
     -8.35168671
     -8.57462768
     -8.57462768
    -10.45207532
    -10.45207532
    -10.72557233
    -10.72557233
    -10.91382307
    -10.91382307
    -10.70590081
     -9.51787371
     -8.24641099
     -8.47268159
     -8.63177604
     -8.76874828
     -8.76874828
     -9.07313100
     -9.05426028
     -9.05426028
     -8.34625524
     -8.55319460
     -8.55319460
     -9.11082554
     -9.16189591
     -9.16189591
     -9.87070175
    -10.20521387
     -9.02911352
     -9.17894931
     -9.17894931
     -9.17894931
     -9.17894931
     -9.17894931
     -8.69596748
     -8.69596748
     -8.02479412
     -8.02479412
     -8.01222630
     -8.00560197
     -8.00560197
     -8.01941752
     -8.06421165
     -8.04699462
     -8.04699462
     -8.62874110
     -8.62874110
     -8.33532456
     -8.30237560
     -8.31760947
     -8.30067076
     -8.30364401
     -8.05906029
     -8.15988127
     -8.02303645
     -8.16532565
     -8.01566169
     -8.01566169
     -8.01566169
     -8.00142742
     -8.07233917
     -8.30260860
     -8.01577522
     -8.05153204
     -8.05396708
     -8.05396708
     -8.07833498
     -8.07833498
     -8.08073805
     -8.12139408
    -11.11933326
     -8.33777621
     -8.47437662
     -8.47437662
     -8.53458615
     -8.58147392
     -8.58147392
     -8.58147392
     -8.61464617
     -8.46691160
     -8.83486304
     -8.31286476
     -8.31286476
     -8.16873441
     -8.04219821
     -8.32071753
     -8.30462737
     -8.38035372
     -9.13829962
     -9.16786991
     -9.24837144
     -9.21428186
     -9.08015207
     -9.08015207
     -8.83878768
     -8.42913467
     -8.34402696
     -8.11547446
     -8.11547446
     -8.70575101
     -8.54125517
     -8.35272645
     -8.28237348
     -8.59634435
     -8.56005899
     -8.54533139
     -9.26149671
     -8.44277967
     -8.89645473
     -8.89645473
     -8.89645473
     -9.00999117
     -9.08802921
     -8.75386951
     -8.75386951
     -8.20771742
     -8.03650873
     -8.02789832
     -8.17161550
     -8.33387391
     -8.34701834
     -8.34701834
     -8.35277730
     -8.88637962
     -9.63062885
     -9.27460848
     -9.27460848
     -8.35328347
     -8.23706754
     -8.14731751
     -8.14731751
     -8.72050053
     -8.72050053
     -8.72050053
     -8.72050053
     -8.72050053
     -8.72050053
     -8.72050053
     -8.17732822
     -8.03708050
     -8.03708050
     -8.32012595
     -8.32012595
     -8.81661504
     -8.90874956
     -8.83841475
     -9.68231481
    -10.25502789
     -8.84821859
     -8.84821859
     -8.84821859
     -8.50967706
     -8.50092487
     -8.50092487
     -9.30468486
     -9.30468486
     -8.33416676
     -8.34007164
     -8.70351071
     -8.93084724
     -8.93084724
     -8.93084724
     -9.40589814
     -9.55631813
     -8.91972775
    -10.23124364
    -10.12350784
     -8.46249687
     -8.46249687
     -8.31928581
     -8.42827874
     -8.41205266
     -9.76528313
     -9.76528313
     -9.98878319
     -9.20668800
     -9.58837493
     -9.45980667
     -8.85602646
     -8.85602646
     -8.86537753
     -8.69421368
     -8.85423405
     -8.86085728
     -9.25331451
     -9.25331451
     -9.25331451
    -10.56246505
     -8.81784219
     -9.05061031
     -9.05061031
     -8.28882481
     -8.04436352
     -8.04436352
     -8.04436352
     -8.71661479
     -8.47513099
     -8.37386196
     -8.33766176
     -8.33766176
     -8.33766176
     -8.10272976
     -8.10272976
     -8.14160054
     -8.42414064
     -9.21639863
     -9.59789671
     -9.59789671
     -9.59789671
     -8.50086410
     -8.50086410
     -8.50086410
     -8.19792743
     -8.06725088
     -8.05688362
     -8.13947073
     -8.15801224
     -8.15801224
     -8.18362265
     -8.18362265
     -8.18362265
     -8.16028497
     -8.16046830
     -8.18130577
     -8.18130577
     -9.51872055
    -13.68267257
    -13.68267257
    -13.30145668
    -13.30145668
    -13.30145668
    -13.42840313
    -10.25835218
    -10.99121716
    -11.24276571
    -11.24276571
    -11.24276571
    -11.24276571
    -11.24276571
     -9.92345981
    -10.52180401
    -10.52180401
    -10.52180401
    -10.38433091
     -8.79428002
     -8.58167492
     -8.48481297
     -8.26864536
     -8.40381166
     -8.45861101
     -8.42551994
     -9.65325917
     -9.65325917
     -9.65325917
     -8.40165309
     -8.60640964
     -8.12561409
     -8.76295722
     -8.76295722
     -8.72955168
     -8.72987610
     -8.68200201
     -8.68200201
     -8.18179171
     -8.24241446
     -8.24241446
     -8.24241446
     -8.43538314
     -8.43538314
     -8.43538314
     -8.61123019
     -8.61123019
     -8.50783242
     -8.50783242
     -8.66645871
     -8.66645871
     -8.66645871
     -8.70202788
     -8.94566443
     -8.94566443
     -9.20168710
     -9.42436971
     -8.68137296
     -8.68137296
     -8.68137296
     -8.13189429
     -8.14880484
     -8.20378186
     -8.20361873
     -8.21613752
     -8.88411497
     -8.88411497
     -8.88411497
     -8.88411497
     -8.88411497
     -8.61447783
     -8.31505231
     -8.52573884
     -8.11111756
     -8.18617452
     -8.19151073
     -8.13322172
     -8.11508357
     -8.11281529
     -8.11281529
     -8.11281529
     -8.11421603
     -8.11028603
     -8.05308624
     -8.03227900
     -8.35050501
     -8.35050501
     -8.17434111
     -8.17434111
     -8.17434111
     -8.59283154
     -8.20095324
     -8.54701249
     -8.38982409
     -8.62906197
     -8.61148297
     -8.55756458
     -8.46545721
     -9.67818130
    -10.80616257
     -8.85948620
     -9.78000613
     -9.78000613
     -9.78000613
     -8.89628543
     -8.89015104
     -9.09028138
     -8.94196650
     -8.28520083
     -9.27807617
     -8.81148748
     -8.81148748
     -8.99977008
     -8.07514057
     -8.07514057
     -8.07395710
     -8.03996035
     -8.11666353
     -8.11666353
     -8.36536328
     -8.22688753
     -8.98417733
     -8.98417733
     -8.31238359
     -8.40353988
     -8.46870975
     -8.44732327
     -8.05207666
     -8.05207666
     -8.22059442
     -8.38395599
     -8.00831840
     -8.00831840
     -8.24182163
     -8.51932665
     -9.08462978
     -9.08462978
     -9.08462978
     -8.65107597
     -8.12847635
     -8.12870846
     -8.39543698
     -8.60535654
     -8.60535654
     -8.60535654
     -8.07639325
     -8.09356496
     -8.09356496
     -8.25474745
     -8.25474745
     -9.04652928
     -9.75264407
     -9.02445849
     -9.06336889
     -9.06336889
     -8.29059957
     -8.29059957
     -8.29059957
     -9.17496262
     -8.43506278
     -8.43506278
     -8.36866517
     -8.36866517
     -8.36866517
     -8.26981408
     -8.28546104
     -9.48004299
     -9.48004299
     -9.42345015
     -9.42345015
     -9.23797840
     -9.29193510
     -8.60618676
     -8.78980702
     -8.95961111
     -9.16826252
     -9.63714900
     -9.15945806
     -9.48455160
     -9.48455160
    -10.70544761
     -9.98641859
     -9.98641859
     -9.33462274
     -8.90921662
     -8.91347727
     -8.91347727
     -8.07917565
     -8.02818844
     -8.06336491
     -8.06336491
     -8.72041892
     -8.72041892
     -9.01691923
     -9.56009491
     -9.56009491
     -9.72193462
     -9.52572945
     -9.03602059
     -8.72203965
     -8.70736657
    -10.97453407
    -11.15145611
     -9.57098946
    -10.85319856
    -10.32476607
    -10.74056086
    -11.84732481
    -11.51320623
    -11.51320623
    -12.09228313
    -12.42674707
    -10.25444234
    -10.76844230
    -11.46514632
    -11.46514632
    -10.07353269
    -10.07353269
     -9.94424690
    -11.19431639
    -11.71166757
    -11.71166757
    -11.71166757
    -11.72370035
    -11.72370035
    -11.66155029
    -11.66155029
    -11.26402059
    -11.26402059
    -11.26402059
    -10.40894809
     -9.74685753
    -11.60616494
    -11.60616494
    -10.94138459
     -9.89854752
     -9.01376717
     -9.01672369
    -10.91219874
    -10.91219874
    -11.40216363
     -9.43979963
     -8.76205851
     -8.76205851
     -9.11268580
     -8.47795476
     -8.38971423
     -9.30541874
     -9.30541874
     -8.71268174
     -8.07275828
     -8.07333856
     -8.60269421
     -9.27100742
     -9.00913896
     -9.00913896
     -9.00913896
     -9.01785984
     -9.01785984
     -9.01785984
     -8.84591744
     -8.84591744
     -8.62853258
     -8.65915432
     -8.65915432
     -8.90365175
     -8.90365175
     -8.79947497
     -8.61324906
     -8.61324906
     -8.09485806
     -8.18293969
     -8.21588931
     -8.21588931
     -8.11421734
     -8.10412968
     -8.10654862
     -8.06518523
     -8.12743014
     -8.08306177
     -9.48052061
     -9.17851702
     -9.22820756
    -10.36661818
     -9.98339531
     -9.98339531
     -9.06511805
     -8.64049612
     -8.29646858
     -8.85975562
     -8.85975562
     -8.79464263
     -8.78158965
     -8.92950034
     -8.90535512
     -8.65138463
     -8.76814463
     -8.76814463
     -8.82636841
     -8.42490080
     -8.28324423
     -8.47422402
     -8.03775663
     -8.03708987
     -8.08317001
     -8.14191103
     -8.14191103
     -8.14191103
     -8.72844402
     -8.43861453
     -8.04247561
     -8.06957945
     -8.08679477
     -8.19141848
     -8.19408282
     -8.41624846
     -8.19644639
     -8.11466423
     -8.11466423
     -8.15323353
     -8.11516216
     -8.20143222
     -8.60048158
     -8.60048158
     -8.22588370
     -8.22588370
     -8.25698219
     -8.22517459
     -8.14146243
     -8.24445393
     -8.25141707
     -8.33177100
     -8.10762996
     -8.15956350
     -8.15956350
     -8.15956350
     -8.15956350
     -8.15956350
     -9.12755807
     -9.12755807
     -9.80272102
     -9.29411465
     -9.50401744
     -9.50401744
     -9.50401744
    -10.97604492
    -10.97604492
    -12.13250322
    -13.77018235
    -13.77018235
    -12.61151775
    -12.02983379
    -12.02983379
    -10.05238374
    -10.05238374
    -12.06814052
    -12.06814052
    -12.06814052
    -11.11559313
    -10.22260329
    -10.19819579
    -10.19819579
     -8.99865561
     -9.13994897
     -9.13994897
     -9.88773906
     -9.28090624
     -9.54246790
     -9.89704677
     -9.89704677
     -9.89704677
     -9.42013877
     -9.65425933
     -9.53802145
     -9.53802145
     -9.88402317
     -8.82853028
     -9.46500544
     -9.42855752
     -9.48281179
     -9.48281179
     -8.76341339
     -8.63589616
     -8.63368747
     -8.72207702
     -8.63100075
     -8.94474872
     -8.75915561
     -9.40653145
     -9.04300809
     -9.04300809
     -8.62848253
     -8.89233545
     -8.89233545
     -8.89233545
     -8.89233545
     -8.89233545
     -9.44294075
     -8.19680872
     -8.19680872
     -8.19680872
     -8.19680872
     -8.03589844
     -8.01546017
     -8.42556358
     -8.43865611
     -8.15463066
     -8.10904964
     -8.10904964
     -8.12836400
     -8.17661719
     -8.17836067
     -8.17836067
     -8.17836067
     -8.21015090
     -8.60718187
     -8.63017842
     -8.23659422
     -8.22407889
     -8.30036167
     -8.70699984
     -8.70699984
     -8.88638030
     -8.55471308
     -8.42388838
     -8.77888195
     -8.99596697
     -8.99596697
     -8.98009486
     -9.23086319
     -9.36826333
     -9.36826333
     -9.48780340
     -9.48780340
     -9.37089598
     -8.41190724
     -8.41190724
     -8.72024691
     -8.72024691
     -8.53516640
     -9.08436861
     -8.95415939
     -8.91092739
     -9.24605082
     -9.24605082
     -8.88369087
     -9.20426011
     -9.57647253
    -12.10439895
    -11.23894471
    -10.37666746
    -11.35971080
    -10.92045994
    -10.92045994
    -10.92045994
    -10.79515332
    -10.79515332
    -10.79630732
    -10.96729237
    -12.09023011
     -9.43705164
     -9.22500616
     -9.15390832
     -9.17221869
     -8.94772980
     -9.71253789
     -9.71253789
    -11.24280125
    -10.24896674
    -10.45926618
    -11.33839287
    -10.35123049
    -10.35123049
     -9.52356796
     -9.52356796
     -8.81512454
     -8.80426706
     -8.81757674
     -9.36273066
     -9.95038865
     -9.95038865
     -9.22086133
     -9.20695830
     -9.20695830
     -8.92802766
     -8.27891907
     -8.32008364
     -8.32018444
     -8.26400503
     -9.07061801
     -9.03107145
     -9.24008519
     -9.24008519
     -8.60100826
     -8.91561839
     -9.02402656
     -8.95079627
     -8.95079627
     -8.95079627
     -9.39603745
     -9.26364382
     -8.97401060
     -8.97401060
     -9.07058931
     -9.05279375
     -9.00521880
     -9.03798185
     -9.72853023
     -9.72853023
     -9.97747495
    -10.07067279
     -9.31787050
     -9.42157209
     -8.65809237
     -9.20244441
     -9.20244441
     -9.50294561
     -8.75802505
     -8.74989575
     -8.69765599
     -8.69765599
    -10.66315582
    -13.00957542
    -11.34264510
    -11.34264510
    -11.34264510
    -10.84603235
    -11.06101999
    -11.06101999
    -11.22173529
    -10.24189485
     -8.98099678
     -9.54632788
     -9.05315892
     -8.63561022
     -8.95665868
     -8.95665868
     -8.88640664
     -8.91787511
     -8.75577278
     -8.75577278
    -11.24190933
    -11.18943368
    -10.35986129
    -11.89256390
    -13.95620620
    -14.50627763
    -14.50627763
    -14.50627763
    -10.31954514
    -10.31954514
     -9.23208180
     -9.27382661
     -9.27337431
     -9.27337431
     -9.27337431
     -9.27337431
     -9.33055857
     -8.91536455
     -9.20945004
     -9.20945004
     -9.13969023
     -9.59668780
     -9.07049553
     -8.17886941
     -8.17534137
     -8.17534137
     -8.15907361
     -8.02567433
     -8.30424916
     -8.30424916
     -8.94362178
     -8.96069993
     -9.09032270
     -9.09032270
     -9.10086307
    -10.08590702
    -10.08590702
     -9.99024630
     -9.59396297
     -9.72157450
     -9.72157450
     -9.72157450
     -9.72157450
     -9.67894140
     -9.67894140
     -9.67894140
     -9.37406229
    -10.68790057
    -10.68790057
    -10.71171798
    -10.71171798
    -10.71171798
     -9.54370704
    -10.96985366
    -10.95482037
     -8.85779051
     -8.76410808
     -8.73606133
     -8.66733278
     -8.84216109
     -8.87643778
     -8.58987443
     -8.05849453
     -8.04939665
     -8.08111839
     -8.08111839
     -8.04038311
     -8.04050979
     -8.04050979
     -8.22232125
     -8.22232125
     -8.21217517
     -8.25365413
     -9.24198335
     -9.24198335
     -8.79734978
     -8.79734978
     -8.61629094
     -9.06303353
     -8.80964807
     -8.57625223
     -8.78468492
     -8.55765235
     -8.51118756
     -8.78534168
     -8.90109397
     -9.50337784
     -8.63143642
     -9.30183141
     -9.08145662
     -9.07342225
     -8.99451614
     -8.99451614
     -8.53745283
     -8.53745283
     -8.27910699
     -8.54149645
     -8.54144799
     -8.40604873
     -8.34328164
     -8.08079725
     -8.11544686
     -8.05741416
     -8.01882845
    -10.39057439
    -10.39057439
    -10.23602254
    -10.77415769
    -10.84041005
    -11.35341201
    -11.16960084
    -11.16960084
    -10.31413085
    -11.44380881
    -11.44380881
    -11.44380881
    -11.44380881
    -11.44380881
    -11.44380881
    -11.44380881
    -11.44380881
    -11.44380881
    -11.44226470
    -10.37768090
    -10.37768090
     -9.13236567
     -9.13236567
     -9.13045141
     -9.13045141
    -10.25635409
     -9.23099758
     -9.01429495
     -8.59745815
     -8.41741881
     -8.38961370
     -8.38616409
     -8.44565183
     -8.82088187
     -9.23444052
     -8.78489783
     -8.23076718
     -8.55878606
     -8.69597898
     -8.81640173
     -8.81640173
     -8.34910569
     -8.34910569
     -8.74770146
     -8.74770146
     -9.40408449
     -8.17848068
     -8.15821072
     -8.16275386
     -8.71692092
     -8.71692092
     -8.71692092
     -9.31212482
     -9.43958445
     -8.68531816
     -8.64972026
     -8.79397611
     -8.84824005
     -9.68779822
     -9.68779822
     -9.87822883
     -9.62633980
     -9.22334016
     -9.22334016
     -9.34198534
     -8.83708857
     -8.83708857
     -8.83708857
     -8.83708857
     -8.82162825
     -9.34038944
     -9.34038944
     -9.34038944
    -10.10454880
    -10.10454880
    -10.10490524
     -9.88274584
    -10.03350081
    -10.29576500
    -10.29236342
    -10.14803402
     -9.98240861
     -9.98240861
     -9.98240861
     -9.98240861
    -11.55168380
    -11.12121117
    -11.66946581
    -11.66946581
    -11.66946581
    -11.66946581
     -9.08598817
     -9.17495461
     -8.55263849
     -8.70617920
     -8.39620859
     -8.31444329
     -8.30545328
     -9.09143823
     -8.90284010
     -8.32558018
     -8.32558018
     -8.45083554
     -8.31665006
     -8.31665006
     -8.52164277
     -8.41461872
     -8.27450237
     -8.18906549
     -8.10485116
     -8.10745378
     -8.85810425
     -8.85810425
     -8.78562434
     -8.64129712
     -8.53224023
     -8.53224023
     -8.32475742
     -8.63198223
     -8.60541760
     -8.19814024
     -8.43154601
     -8.21725754
     -8.21725754
     -8.21725754
     -8.19430215
     -8.18502921
     -8.26514279
     -8.26514279
     -8.38162646
     -8.04788541
     -8.06189340
     -8.02286010
     -8.10460831
     -8.75782807
     -8.82571333
     -8.88392925
     -8.88392925
     -8.56946896
     -8.52079594
     -8.21914359
     -8.18946648
     -8.23885591
     -8.21884111
     -8.20913234
     -8.27715020
     -8.05269390
     -8.34230787
     -9.17079711
     -8.30990762
     -9.24289699
     -9.23306813
     -8.40295027
     -8.09264955
     -8.03888345
     -8.03900105
     -8.00738768
     -8.04822118
     -8.04241883
     -8.07628445
     -8.17597866
     -8.13659160
     -8.00497229
     -8.07538709
     -8.21752878
     -8.21752878
     -8.34020611
     -8.34020611
     -8.53719478
     -8.63324991
     -8.63324991
     -8.24017513
     -8.53568098
     -8.53568098
     -9.15256918
     -9.15256918
     -8.77076466
     -8.77076466
     -9.23869685
     -8.94992001
     -9.05327740
     -8.30545515
     -8.34474024
     -8.34474024
     -8.34306970
     -8.41287869
     -8.52103116
     -8.50117661
     -8.10706739
     -8.14849189
     -8.00553402
     -8.00336964
     -8.00527480
     -8.00688883
     -8.00688883
     -8.07773626
     -8.14484394
     -8.13362700
     -8.16768966
     -8.07080850
     -9.60938184
     -9.76090906
    -10.69311129
    -10.69311129
    -10.69311129
    -12.05495148
    -12.05495148
    -10.92709184
    -10.94131311
    -10.94131311
    -11.16977939
    -11.16977939
    -11.16977939
    -10.48578301
    -10.48578301
    -10.78692436
    -10.78692436
    -10.78692436
    -10.51170296
     -9.52814237
     -9.48792158
     -9.48792158
    -13.16866775
    -13.16866775
    -13.16866775
     -9.11829272
     -9.11829272
     -8.12253196
     -8.52177361
     -8.02108328
     -8.02108328
     -8.02108328
     -8.03612666
     -8.10645228
     -8.70750982
     -9.38861231
     -9.21572547
     -9.21572547
     -9.11935291
     -8.94056967
     -9.08435264
     -9.08435264
     -8.26165512
     -8.27018562
     -8.27018562
     -8.27018562
     -8.27018562
     -8.05592642
     -8.31885153
     -8.31989622
     -8.31989622
     -8.41075158
     -8.47425217
     -8.47425217
     -8.72692450
     -8.46822615
     -8.78716443
     -8.31906609
     -8.62003504
     -8.57088742
     -8.57088742
     -9.35980604
     -9.64976519
     -9.77625325
     -9.77625325
     -9.77625325
     -9.77625325
     -9.77625325
    -11.27404615
    -11.53203300
    -11.43282624
    -10.67888924
     -9.03143942
     -9.87411287
     -9.87411287
     -9.84505829
     -9.84505829
     -9.84505829
    -11.36130823
    -11.36130823
    -11.36130823
    -11.93867798
    -11.93867798
    -11.94113758
    -11.94113758
    -11.94113758
    -11.13706651
    -11.06071884
    -11.19193104
    -11.19193104
    -10.51033850
    -10.22040128
    -11.60790313
    -11.60790313
    -11.47182252
    -11.47182252
    -11.46709103
    -10.66120172
    -11.73254517
    -11.73254517
     -8.68556542
     -8.71245873
     -8.61652468
     -8.61652468
     -8.43933574
     -8.35784801
     -8.35784801
     -8.35784801
     -8.06242841
     -8.39477641
     -8.89480595
     -8.89480595
     -8.89480595
     -8.89480595
     -9.78458799
    -10.82548447
    -10.82548447
     -9.84503539
     -9.84503539
    -10.88730282
    -10.72096868
    -11.81463246
    -10.95024916
    -10.95024916
    -10.95024916
    -10.95024916
    -10.95024916
    -11.52549869
     -8.67555720
     -8.59184110
     -8.59184110
     -8.59184110
     -8.92436737
     -9.63335220
     -8.29382033
     -8.33310554
     -8.27283602
     -8.35978797
     -8.35978797
     -8.06392227
     -8.03900327
     -8.03900327
     -8.36502604
     -8.37361543
     -8.83338794
     -8.62772846
     -8.69481274
     -9.34395390
     -8.79152683
     -9.24927511
     -8.95105564
     -9.16715438
     -9.16715438
     -9.16715438
     -9.16715438
     -9.72419423
     -9.72419423
     -8.87335114
     -8.80501351
     -8.94419200
     -9.12543215
     -9.21798388
     -9.21798388
     -9.27301126
     -9.27301126
     -8.91244788
     -9.11218151
     -8.69915689
     -8.55406606
     -8.35689997
     -8.48670518
     -8.48670518
     -8.39139689
     -8.39139689
     -8.39139689
     -8.33435760
     -8.48631496
     -8.65140187
     -8.65140187
     -8.52155607
     -9.59285931
     -9.08229278
     -9.08229278
     -8.62623273
     -8.62623273
     -8.93031601
     -9.54859381
     -8.26550200
     -8.26550200
     -8.49955865
     -8.51041243
     -8.46731648
     -8.11341378
     -8.89908666
     -8.94467658
     -8.94467658
     -8.94467658
     -8.50725766
     -8.50725766
     -8.85180383
    -10.27886913
    -11.79457109
    -10.45935963
    -11.44494842
    -10.17898233
    -13.65725130
    -13.65725130
    -13.65725130
    -12.39888795
    -12.39888795
    -12.39888795
    -12.39888795
    -10.00909629
     -9.12629713
     -9.66152627
     -9.66152627
     -9.66152627
     -8.36211950
     -8.36211950
     -8.36211950
     -8.68718002
     -8.78699135
     -8.86187749
     -8.56670386
     -8.56670386
     -8.61687516
     -8.61687516
     -9.22046433
     -9.22046433
     -9.94067617
     -9.94067617
     -8.57252207
     -8.76447102
     -8.76447102
     -8.96364347
     -9.06630997
    -10.14246073
    -10.14246073
    -10.46355990
     -9.78188667
     -9.78188667
    -10.62589894
    -10.62589894
    -10.62589894
     -9.64032121
     -9.70592695
     -8.93337442
    -10.08960113
     -9.96068719
     -9.96068719
     -9.96068719
    -10.98861054
    -10.90876993
     -9.64892763
     -9.57300034
     -9.57300034
     -9.57300034
    -10.19237529
    -10.19237529
    -10.19237529
    -10.02715635
    -10.02715635
    -10.07806806
    -10.07806806
    -11.49118370
    -11.49118370
    -11.10072445
    -11.10072445
    -12.24625062
    -11.38539430
    -11.38539430
    -10.99557424
    -10.88320573
    -10.88320573
     -9.93372978
     -9.56264312
     -9.58165098
     -9.14817268
     -9.14817268
     -8.86748888
     -8.43644157
     -8.57078686
     -8.76306487
     -8.23674239
     -8.03974781
     -8.15715300
     -8.85539744
     -8.83323953
     -9.12264740
     -9.24180662
     -9.45556054
     -9.30592589
     -9.30592589
     -9.30592589
     -8.88033255
     -9.09167143
     -9.94685259
    -10.38173002
     -9.90649093
     -9.90649093
    -10.79208948
    -11.11856805
     -9.84642691
    -10.83387835
    -10.83387835
     -9.61415486
     -9.53797412
     -8.60802742
     -8.76257870
     -8.65293099
     -8.65293099
     -8.65625777
     -8.44290800
     -8.44290800
     -9.43588053
     -9.43588053
     -9.43588053
     -9.19452599
     -9.19452599
    -10.39058325
    -11.12057771
    -11.29763615
    -10.07678935
    -10.07678935
    -11.30343633
    -11.30343633
    -10.63046738
    -10.52503756
    -11.02067218
    -11.02067218
    -11.02067218
     -9.36948715
     -8.92640450
    -10.02933125
    -10.31217882
     -9.83986435
     -9.83986435
     -9.83986435
     -9.83986435
     -9.83986435
     -9.74894184
     -9.74894184
     -9.74894184
     -9.93955841
     -9.93955841
     -9.97436789
     -9.97436789
    -10.13413733
     -8.89072784
     -8.89072784
     -8.89024810
     -9.07218085
    -11.15476163
    -11.15476163
    -11.15476163
    -11.73434737
    -11.73434737
    -11.58718026
    -10.95621127
    -11.79792963
    -11.79792963
    -11.79792963
    -11.79792963
    -11.79792963
    -11.79792963
    -11.79792963
    -11.05867005
    -10.98361542
    -10.48357903
    -10.48357903
    -11.26703522
    -10.37285013
    -10.37285013
     -9.13117621
     -9.21813294
     -8.71382981
    -10.30484343
     -9.36343576
     -9.50974767
    -10.08073269
    -10.08073269
     -9.90092145
     -9.51416474
     -9.51416474
     -9.51416474
     -9.99813415
     -9.46026600
     -9.46026600
     -9.54079963
     -9.54079963
     -9.54079963
     -9.41967723
     -9.31033856
     -9.31033856
     -8.33761902
     -8.33761902
     -8.50476877
     -8.81760901
     -9.00814867
     -8.68671730
     -9.14279340
     -9.14279340
     -8.56959799
     -8.56828689
     -9.08982211
     -8.82892570
     -8.57488768
     -8.77773198
    -10.42220726
     -9.17459464
    -10.12395721
    -11.07639613
    -11.45656821
    -10.32027579
     -9.29686695
     -9.59044683
    -10.12168827
     -9.93242143
     -9.93242143
     -9.93242143
     -9.26275096
    -10.03574460
    -10.03574460
    -11.31289808
    -11.26893895
    -10.81266463
    -10.81266463
    -10.36960366
    -10.36960366
     -9.76361098
     -9.32512579
     -9.33504514
     -9.26632253
    -10.43634863
     -9.74209105
     -9.64399380
     -9.71325899
     -9.27155147
     -8.97460180
     -9.90694175
     -9.57399493
     -9.57399493
     -9.44781292
    -10.70434012
    -10.70434012
    -11.85622049
    -10.96728325
     -9.73181648
     -9.48156913
    -10.36049326
     -9.71914524
     -9.89870676
     -8.96501667
     -8.88410094
     -9.93645091
    -10.24125905
     -9.07781261
     -9.13824613
     -8.32892216
     -8.32892216
     -8.32892216
     -8.83845449
     -8.83845449
     -8.78238230
     -8.27140522
     -8.34575113
     -9.40584671
     -9.40584671
    -10.09858109
     -9.98577857
     -9.77647275
     -9.77647275
     -9.87765464
    -10.20821919
    -10.20821919
     -9.28580760
     -8.17643235
     -8.39524802
     -8.68739006
     -9.00122559
     -8.63714200
     -8.36204225
     -8.27294592
     -8.15402758
     -8.47842811
     -8.47842811
     -8.06851336
     -8.13403979
     -8.41043134
     -8.24871860
     -9.32590854
     -9.64665748
     -9.19545903
     -9.28509621
     -8.96306613
     -8.96306613
     -8.51432219
     -8.10777076
     -8.03652284
     -8.05765226
    -10.61145230
    -10.61145230
    -10.61145230
    -10.61145230
    -10.61145230
     -9.37868779
     -8.56348105
     -8.03473379
     -8.03473379
     -8.18424568
     -8.14840593
     -8.18076867
     -8.42627085
     -8.78149629
     -8.46659354
     -8.46659354
     -8.17423347
     -8.17423347
     -8.16958577
     -8.27085569
     -8.43409186
     -8.02588668
     -8.05075755
     -8.08318673
     -8.49833839
     -8.14483895
     -8.25988619
     -8.25988619
     -8.25988619
     -8.25988619
     -8.78763412
     -9.06608866
     -8.19319242
     -8.27696503
     -8.40807884
     -8.40807884
     -8.40807884
     -8.58872338
     -8.79850345
     -9.53727949
     -9.53727949
     -9.69408115
     -9.52333665
     -9.52333665
     -9.52333665
     -9.49047165
     -9.49047165
     -8.18498126
     -8.18498126
     -8.24564720
     -8.27679100
     -8.24883921
     -9.81221317
     -9.88835615
     -9.88835615
     -9.88835615
     -9.88835615
     -8.56126470
     -8.56126470
     -8.56126470
     -8.56126470
     -9.67822527
     -9.80823869
     -9.80823869
     -9.80823869
     -9.18856217
     -9.18856217
     -9.18856217
     -8.76388852
     -8.76388852
     -8.76388852
     -8.33277329
     -8.14670698
     -8.14670698
     -8.15128489
     -8.05731688
     -8.01312866
     -8.00976377
     -8.00976377
     -8.00976377
     -8.02624687
     -8.02624687
     -8.02802819
     -8.02802819
     -8.05948018
     -8.07856549
     -8.10223621
     -8.32038838
     -8.37068508
     -8.47445260
     -8.69545382
     -8.59853715
     -9.24530163
     -9.88858014
     -9.91815062
    -11.13992739
     -9.23956715
    -10.19017071
    -10.19017071
     -9.92124986
     -8.00349066
     -8.00349066
     -8.00349066
     -8.00336952
     -8.00336952
     -8.13844500
     -8.15029890
     -8.15029890
     -8.15029890
     -8.15029890
     -8.14281862
     -8.64298498
    -10.12367443
    -11.29518789
     -8.40166158
     -8.45759018
     -8.46078891
     -8.81712578
     -8.91623141
     -8.68285828
     -8.89356807
     -8.64812006
     -8.64812006
     -8.65057235
     -9.01711727
     -9.68137432
     -8.59746557
    -10.00475442
     -9.63587824
     -9.63587824
    -10.30049680
    -10.21163137
    -10.84742005
     -9.89700208
     -9.89700208
     -8.93586975
    -10.63603990
    -10.63603990
    -10.63603990
    -10.63603990
    -10.49172460
     -9.81943629
    -10.04239812
     -9.61397921
     -9.55648397
     -8.43975129
     -8.10863437
     -8.14621956
     -8.13977354
     -8.34824549
     -8.34824549
     -8.86385483
     -8.77593860
     -8.77593860
     -8.09586466
     -8.09586466
     -8.06252534
     -8.30956457
     -8.30956457
     -8.29582027
     -8.15228570
     -8.26084115
     -8.22608244
     -8.13759233
     -8.13759233
     -8.21428380
     -8.21428380
     -8.16339169
     -8.16339169
     -8.16339169
     -8.16447950
     -8.16447950
     -8.30451398
     -8.55196679
     -8.55196679
     -8.55196679
     -8.55196679
     -8.43786333
     -8.53684300
     -8.53684300
     -8.43729272
     -8.95543355
    -11.10165717
     -8.84059281
     -9.72526499
     -9.72526499
     -9.72526499
    -10.97823255
     -8.49605233
     -8.04710061
     -8.08785428
     -8.20856504
     -8.23336403
     -8.23336403
     -8.29356299
     -8.28226329
     -8.28709912
     -8.18418458
     -8.27431516
     -8.27431516
     -8.82956383
    -10.26615377
    -10.26615377
    -11.25344292
    -11.25344292
    -11.25344292
    -11.25344292
     -8.85899993
     -8.85899993
     -9.49193457
    -10.00728197
    -10.00728197
    -10.00728197
    -10.00728197
     -8.42925660
     -8.95860138
     -8.70075371
     -8.70075371
     -8.63123541
     -9.89990811
    -11.03450987
    -11.03450987
    -11.27210507
    -11.27210507
    -11.27210507
    -11.27210507
     -9.37732759
     -9.37732759
     -9.37732759
     -9.37732759
     -8.19493147
     -8.19493147
     -8.19493147
     -8.19493147
     -8.19493147
     -8.12312041
     -8.40429109
     -8.35076285
     -9.23113184
     -9.36931414
     -9.42502199
     -9.74644493
     -9.74644493
    -10.11569798
    -10.11569798
    -10.11569798
    -10.33721797
    -10.10430073
     -9.45038589
     -9.63196180
     -9.63196180
     -9.63196180
     -9.46867564
     -9.29409459
     -9.79121980
     -9.79121980
     -9.55100086
     -9.55100086
     -9.55100086
     -9.52850049
     -9.10062330
     -8.96032087
     -8.95695147
     -8.44226679
    -10.32419837
     -9.10811557
     -9.10811557
     -9.92217354
     -9.92217354
     -9.92217354
     -8.55132893
     -8.56593690
     -8.56593690
     -9.32762202
     -9.32762202
     -9.32762202
     -9.70560843
     -9.70560843
    -10.22219135
     -9.98480673
     -9.09636209
     -8.86800366
     -8.78527851
     -8.78527851
     -8.04719790
     -8.04719790
     -8.07379026
     -8.15588383
     -8.16092663
     -8.18988329
     -8.18863797
     -8.18863797
     -8.56776419
     -8.60362453
     -8.60362453
     -8.58629727
     -8.58629727
     -8.41819164
     -8.18094286
     -8.32678654
    -11.84034412
     -9.21876481
     -9.11327951
     -8.58070385
     -8.37641678
     -8.35995998
     -8.35995998
     -8.35995998
     -8.35995998
     -8.15071887
     -8.48601777
     -8.23155556
     -8.23155556
     -8.39513591
     -8.29023896
     -8.29023896
     -8.85463400
     -8.85463400
     -8.85463400
     -9.53640880
     -9.53640880
     -9.53640880
     -9.53640880
     -8.72989164
     -8.80791274
     -8.80791274
     -8.90148927
     -9.01436281
     -8.83860493
     -9.35281708
     -8.10015262
     -8.81577849
     -8.81577849
     -8.81577849
     -8.09828432
     -8.09828432
     -8.05441839
     -8.05441839
     -8.05441839
     -8.16374755
     -8.19619697
     -8.24586678
     -8.28789601
     -8.45661465
     -8.55839415
     -8.31230561
     -8.30947413
     -8.56845990
     -8.49061463
     -8.15666689
     -8.15666689
     -8.19558756
     -8.21283286
     -8.21283286
     -8.77172610
     -8.77172610
     -8.77172610
     -8.77172610
     -8.34753457
     -8.72493126
     -8.72493126
     -8.28729447
     -8.40382154
     -8.40382154
     -8.23262211
     -8.08762293
     -8.05213728
     -8.01424892
     -8.01424892
     -8.71748127
     -8.39204256
     -8.21107253
     -8.21107253
     -8.47176100
     -8.62080199
     -8.62080199
     -8.21171003
     -8.15772353
     -8.10704087
     -8.27618904
     -8.27618904
     -8.45884798
     -8.45884798
     -8.67328946
     -8.67328946
     -8.97897570
     -9.56191251
     -9.39004169
     -8.41878112
     -8.42275185
     -8.76898508
     -9.85856400
     -8.74880591
     -9.78380214
     -8.95470478
     -8.64235517
     -8.65344270
     -8.68124290
     -8.22988660
     -8.01620096
     -8.98535388
     -9.12234412
     -9.12234412
     -9.12234412
     -9.12234412
     -9.19335486
     -9.19335486
     -9.30413099
     -9.30413099
     -9.80401026
     -9.87133772
     -9.79483983
     -9.79483983
     -9.25341260
     -9.26103354
     -9.16161916
     -9.17349307
     -9.06699843
     -9.06699843
     -9.04567951
     -9.27659510
     -9.28906251
     -9.28906251
     -9.28906251
     -8.30988842
     -8.30988842
     -8.32379312
     -8.32379312
     -8.40662550
     -8.45224265
     -8.33048782
     -8.38726345
     -8.53176701
     -8.07508267
     -8.07508267
     -8.05494342
     -8.05494342
     -8.15207113
     -8.10854864
     -8.12370007
     -8.45414383
     -8.49251963
     -9.61302386
     -9.62708102
     -8.97872096
     -8.22801911
    -10.41037647
     -9.30095174
     -9.30095174
     -9.35201524
     -9.31008177
     -8.44702548
     -8.63711153
     -8.63711153
     -8.39404476
     -8.57356650
     -8.51758292
     -8.70926458
     -8.56577727
     -8.56577727
     -8.56577727
     -8.56577727
     -8.98105913
     -8.98765652
     -8.98765652
     -8.77662001
     -8.79722227
     -8.79722227
     -8.79722227
     -9.06487539
     -9.06487539
     -9.06487539
     -8.64416949
     -8.64416949
     -8.64825823
    -10.04574754
    -11.21206360
    -11.21206360
     -9.52835273
     -9.52835273
     -9.52835273
    -10.79148496
    -10.79148496
    -10.26495299
    -10.26495299
    -10.26495299
    -10.86234449
    -11.50356955
    -11.50356955
    -11.50356955
    -10.93219747
    -10.93219747
     -9.55431259
    -10.39435741
    -10.39435741
    -10.11277074
     -8.29208741
     -8.92703100
     -8.84088180
     -8.76255483
     -8.33677102
     -8.67256264
     -8.95001705
     -8.79680234
     -8.55302002
     -8.49944080
     -8.49944080
    -10.39177861
    -13.30717308
    -13.37131450
    -10.44092195
    -10.44092195
     -9.09940276
     -9.09940276
     -9.53406789
    -10.19992189
     -9.50018009
     -8.61917980
     -8.65942096
     -8.66892817
     -9.28153606
     -9.28153606
     -8.81849489
     -8.73255718
     -8.92936964
     -8.92936964
     -9.19809857
     -8.45794380
     -8.65850053
     -8.89901272
     -8.68790903
     -9.95057174
     -9.66318482
     -9.59999887
    -10.33141481
    -10.78658111
    -10.78658111
    -11.51803725
    -10.73352556
     -9.69974506
    -10.13732654
     -8.94511067
     -8.79934957
     -8.83724178
     -8.83724178
     -8.88164861
     -9.28721631
     -8.80014036
     -8.80014036
     -8.06034332
     -8.05866644
     -8.50721213
     -8.48283577
     -8.21988948
     -8.26823147
     -8.26823147
     -8.26823147
     -8.11205561
     -8.10726347
     -8.11733313
     -8.11733313
     -8.42212277
     -8.66366116
     -8.66366116
     -8.60724132
     -9.36739323
     -9.36739323
     -8.32165874
     -8.18087064
     -8.21230629
     -8.11170409
     -8.90689622
     -9.36452434
     -8.68217974
     -9.16729615
     -9.47809938
     -8.20373820
     -8.17131323
     -8.17131323
     -8.22751552
     -8.22751552
     -8.84651211
     -8.84651211
     -8.84651211
     -8.84651211
     -8.84651211
     -9.01275618
     -8.98725995
     -8.68421106
     -8.70172627
     -8.30710917
     -8.26592654
     -8.23307297
     -8.23307297
     -8.03996145
     -8.03996145
     -8.06227396
     -8.07347674
     -8.07827776
     -8.07827776
     -8.50533733
     -8.87635404
     -8.07131561
     -8.13035997
     -8.13035997
     -8.53473210
     -8.53473210
     -8.53473210
     -8.50033671
     -8.55062361
     -8.16262067
     -8.14775209
     -8.14775209
     -8.25876896
     -8.24854490
     -8.23661295
     -8.23661295
     -8.23661295
     -8.16916471
     -8.16916471
     -8.34513160
     -9.35405905
    -10.31102958
     -9.49712246
     -8.94245741
     -8.99751875
     -9.29365714
     -9.01590393
     -8.77276625
     -9.22713597
     -8.50009541
     -8.47348736
     -8.47348736
     -8.26649004
     -8.73687432
    -10.15304665
    -10.15304665
     -9.42741115
     -9.90983649
     -9.90983649
     -9.74822652
     -9.74822652
     -9.74822652
     -9.58016164
     -9.58016164
     -9.58016164
     -9.58016164
     -9.58016164
     -9.58016164
     -8.12458748
     -8.12458748
     -8.12458748
     -8.07127661
     -8.07127661
     -8.21042348
     -8.21042348
     -8.26185996
     -8.45665146
     -9.28921174
     -9.06863435
     -9.06863435
     -9.06863435
     -9.06863435
     -8.99142799
     -8.99142799
     -9.61004073
     -9.61004073
    -10.24029006
     -9.90889309
     -8.48288871
     -8.55799839
     -8.08706958
     -8.45185035
     -8.27586284
     -8.01367532
     -8.01367532
     -8.41506975
     -8.33342246
     -8.42365690
     -8.35834464
     -8.28174805
     -8.24150570
     -8.24150570
     -8.87557405
     -8.82001896
     -8.62908157
     -8.62908157
     -8.73928721
     -8.89334938
     -8.84161532
     -8.84161532
     -8.84161532
     -8.55131453
     -8.96302570
     -8.88706598
     -9.18554283
     -8.90358125
     -8.49474276
     -8.29146708
     -8.89723865
     -9.87759083
     -9.87759083
    -10.13920283
    -10.13920283
    -10.11853601
    -10.96745838
    -10.96745838
    -12.28323731
    -12.28323731
    -12.25929654
    -12.25929654
    -10.75584904
    -10.75584904
     -9.47748273
     -8.86226858
     -8.54118038
     -8.54118038
     -8.45396483
     -8.50042972
     -8.57819578
     -9.13883908
     -8.30156961
     -8.70935351
     -8.70935351
     -8.63532223
     -8.18079745
     -8.49497010
     -8.79812929
    -10.43793198
    -10.43793198
    -10.43793198
     -9.91432817
     -9.91432817
     -9.57935449
     -9.09509677
     -9.05974186
     -9.90715781
     -9.96081023
    -10.32308610
    -10.03555622
    -11.33552258
    -11.33552258
    -10.65471885
     -9.03337315
     -9.03337315
     -8.46589525
     -8.43265161
     -8.42335174
     -8.38796822
     -9.03800481
     -9.58098660
     -8.91841078
     -8.91841078
     -8.79989562
     -8.66636877
     -8.28411503
     -8.29399420
     -8.41787357
     -8.74788975
     -8.73636361
     -8.62344916
     -8.62344916
     -8.62344916
     -8.81633504
     -8.81633504
     -8.81633504
     -8.44119402
     -8.36397543
     -8.65893032
     -8.65076491
     -8.49112454
     -8.03768676
     -8.18677537
     -8.46803916
     -9.76334624
     -9.56271749
     -9.56271749
     -8.76165571
     -8.76326429
     -8.76326429
     -8.76326429
     -9.53517662
     -9.06673669
     -9.40256177
    -10.29812767
     -9.04989951
     -9.04989951
     -9.04989951
     -8.69869233
     -8.18266530
     -8.18266530
     -8.56913716
     -8.38146118
     -8.36586961
     -8.39412688
     -8.41081090
     -8.41081090
     -8.41081090
     -9.13551421
     -9.13551421
     -8.61298502
     -8.61298502
     -8.61641124
     -8.61641124
     -8.95237267
     -8.95237267
     -8.54269558
     -8.54269558
     -8.27746458
     -8.67500719
     -8.69342178
     -8.69342178
     -9.35699857
     -8.41655668
     -8.23583096
     -8.64430142
     -8.64430142
     -8.48622994
     -9.69540790
     -9.79280447
    -11.45152409
    -11.45152409
    -11.45152409
    -11.45152409
    -10.78586035
    -10.78586035
     -9.99606346
    -10.77844810
    -12.85042493
    -10.09507939
    -10.09507939
    -10.09507939
     -9.35873725
     -9.91645497
     -9.91645497
     -9.91645497
     -9.91645497
    -11.80064034
    -11.81401152
    -10.09784408
    -11.25545405
    -11.25545405
    -11.87235478
    -11.87235478
    -11.70062160
    -11.70062160
    -11.71984227
    -11.71984227
    -12.42849424
    -11.10091884
    -10.87835341
    -11.61830671
    -11.61830671
    -11.61830671
    -11.61830671
    -11.61830671
    -12.56311410
    -12.56311410
    -11.50640734
    -11.50640734
    -10.56594484
    -10.85346652
    -10.20252252
    -10.19403965
     -9.19028092
     -9.32751416
     -9.32751416
    -11.12161500
    -10.90175641
    -10.90175641
     -9.57003911
     -9.57003911
     -8.70993314
     -8.41016264
     -8.66721089
     -8.72488737
     -8.35307606
     -8.22932633
     -8.23273461
     -8.10371337
     -8.10371337
     -8.81094279
     -8.48422017
     -8.38946501
     -8.38946501
     -8.39263905
     -8.55723346
     -8.93957026
     -8.99944084
     -9.21053602
     -8.75811449
     -8.65081192
     -8.67027995
     -8.83825659
     -9.93789414
     -8.48626276
     -8.77664564
     -8.77664564
     -8.77664564
     -8.77664564
     -8.07345640
     -8.07345640
     -8.07345640
     -8.03628939
     -8.03857038
     -8.03510758
     -8.03510758
     -8.86118829
     -9.18942673
     -8.90089716
     -8.90089716
     -8.90089716
     -8.90089716
     -8.90089716
     -8.32874599
     -8.32874599
     -8.20705721
     -8.04019934
     -8.04019934
     -8.06448227
     -8.05286186
     -9.07589629
     -8.95272300
     -8.74821540
     -8.84142607
    -10.00612604
    -10.00612604
     -9.12263287
     -8.54625802
     -8.56099006
     -9.02712525
     -8.01425823
     -8.01425823
     -8.01425823
     -8.01425823
     -8.01425823
     -8.61959222
     -8.47172658
     -8.18682291
     -8.24126296
     -8.29244021
     -9.13729639
     -9.13729639
     -9.13729639
     -9.13729639
     -9.13729639
     -9.27162659
     -8.86399416
     -8.86399416
     -8.86399416
     -8.86399416
     -8.18864432
     -8.45504606
     -8.45504606
     -8.41417816
     -8.32485169
     -8.25478132
     -8.28015136
     -8.28413525
     -8.58206518
     -8.20488666
     -8.79480323
     -8.52275478
     -8.53195383
     -8.30607379
     -8.20810662
     -8.22314847
     -8.22314847
     -8.25722306
     -8.25722306
     -8.02073995
     -8.35184022
     -8.76082519
     -8.93731475
     -8.43273942
     -8.43632301
     -8.41433328
     -8.40467991
     -8.66633031
     -8.67340181
     -8.49678672
     -8.88834533
     -8.89996258
    -10.45326964
     -8.54809423
     -8.54809423
     -8.61281490
     -8.54090315
     -8.71136202
     -8.62928667
     -9.54490805
     -9.54490805
     -8.60062193
     -8.48300721
     -8.50286649
     -8.42761922
     -8.42761922
     -8.63413691
     -8.58368741
     -8.74242742
     -8.20503730
     -8.20503730
    -10.24406442
    -10.24406442
     -8.03566992
     -8.03566992
     -8.01206354
     -8.22134487
     -8.56059956
     -8.56059956
     -8.55674984
     -8.55674984
     -8.55674984
     -8.69807644
     -8.96584721
     -8.48118133
     -8.47510642
     -8.44024549
     -8.70102020
     -8.74883323
     -8.59509812
     -8.05342785
     -8.05342785
     -8.05458454
     -8.47346452
     -9.41072941
     -9.41072941
     -9.41072941
     -9.41072941
     -9.74755983
     -8.96735584
     -8.96735584
     -8.47991799
     -8.47991799
     -8.20722208
     -8.54172990
     -8.54129802
     -8.54129802
     -8.17214214
     -8.83780962
     -8.56657011
     -8.56657011
     -8.57251328
     -8.57251328
     -8.57251328
     -9.11406740
     -8.77730595
     -8.10818473
     -8.07074587
     -8.11106725
     -8.18942644
     -8.00737561
     -8.00737561
     -8.03336661
     -8.03336661
     -8.05467405
     -8.23814099
     -9.08581780
     -8.71924908
     -8.01195820
     -8.01102452
     -8.01442473
     -8.49601508
     -8.24891793
     -8.24891793
     -8.27830387
     -8.50807434
     -8.50807434
     -9.00835415
     -8.98097517
     -9.06561401
     -9.06561401
    -10.58464562
     -8.75593674
     -8.71998188
     -8.71998188
     -8.71998188
     -9.08996028
     -9.08996028
     -8.20183210
     -8.17603061
     -8.44385128
     -8.51387563
     -8.71373029
     -8.71373029
     -8.71373029
     -8.47890181
     -8.26561322
     -8.25619435
     -8.01696781
     -8.01066837
     -8.31907927
     -8.29104451
     -8.23582037
     -8.54283408
     -8.54283408
     -8.85704512
     -8.50087729
     -8.28118777
     -8.28118777
     -8.53490197
     -8.40439997
     -8.39492523
     -9.12676433
     -9.19028180
     -9.05818665
     -8.54459934
     -8.20416289
     -8.04233920
     -8.10704983
     -8.10778838
     -8.10778838
     -8.10778838
     -8.10669687
     -8.10520588
     -8.05918597
     -8.00699596
     -8.00699596
     -8.00699596
     -8.00699596
     -8.00690107
     -8.80771621
     -8.34222976
    -10.70467269
     -8.73172932
     -8.73172932
     -8.77613297
     -8.77613297
     -8.77613297
     -8.77613297
     -8.32885545
     -8.42224156
     -8.42224156
     -9.27357536
     -9.27357536
    -11.60173040
    -10.36181630
     -9.86229287
     -9.24005841
    -10.35211067
    -10.35211067
    -14.57460548
    -14.57460548
    -14.57460548
    -13.94830562
    -11.04649644
    -11.66595699
     -9.44071559
     -9.44071559
     -9.44071559
     -9.16775136
     -9.16775136
     -8.86558713
     -9.70928579
     -9.70928579
     -9.70928579
     -9.70928579
     -9.10867109
     -9.10867109
     -9.10867109
     -8.65755210
     -8.52742301
     -8.52742301
     -8.50166217
     -8.66908266
     -8.29422210
     -8.90385257
     -8.63502789
     -8.63502789
     -9.21460521
    -10.43577293
    -10.43577293
    -10.43577293
    -10.69878266
    -10.06832106
    -10.06832106
     -8.25429693
     -8.27558322
     -8.28075984
     -9.15735153
     -9.15735153
     -9.69511862
    -10.04851719
    -10.04851719
    -11.15365668
    -11.41291675
    -11.41291675
    -11.41291675
    -11.41291675
     -9.48634757
     -9.48634757
     -8.26470387
     -8.07418267
     -8.07418267
     -8.07418267
     -8.25050005
     -8.04214827
     -8.04214827
     -8.52639348
     -8.45418965
     -8.24588739
     -8.22229604
     -9.83689088
    -10.92517489
    -12.35319705
    -10.66572654
    -10.24282761
    -10.24282761
     -9.69096586
     -9.76504190
     -9.76504190
     -9.76504190
     -9.66830684
     -9.66830684
     -8.76264766
     -8.95736666
     -8.71073892
     -9.91993243
    -10.67881259
    -10.70559998
    -10.58598626
     -9.12193044
     -9.33564096
     -9.79943772
     -8.65980314
     -8.65980314
     -8.39224443
     -8.30111604
     -8.13405211
     -8.08312754
     -8.11536645
     -8.14776066
     -8.35393123
     -8.35393123
     -8.16319287
     -8.18966227
     -8.48641283
     -9.53165468
     -8.87898891
     -9.55999574
     -8.73122019
     -8.41830890
     -8.12552576
     -8.62050969
     -9.09173589
     -9.09173589
     -8.26215970
     -8.61948074
     -8.78339191
     -8.78339191
     -8.91092307
     -8.32086630
     -8.32086630
     -8.24352555
     -8.97032206
     -8.97032206
     -8.40146193
     -8.34819944
     -8.34819944
     -8.40638769
     -8.38869252
     -8.05320194
     -8.31705071
     -8.31705071
     -9.56472042
     -9.50584952
     -9.81551126
     -9.09288652
     -9.03431323
     -8.36127832
     -8.56047623
     -8.24555107
     -8.22427202
     -9.38937521
     -9.62923897
     -9.44326649
     -9.44326649
     -9.44326649
     -9.15010658
     -9.13998993
    -10.25421812
    -10.32036238
     -9.97098030
     -9.97098030
    -10.48728390
     -9.49506843
     -9.49506843
     -8.79273197
     -8.80979192
     -9.15879602
     -8.84550166
     -8.93464730
     -9.61882244
     -9.34075519
     -9.32810148
     -9.32810148
     -9.51186723
     -9.65102821
    -10.01307994
     -9.75442247
     -9.28174327
     -9.58119249
     -9.58119249
     -9.58119249
     -9.76428938
    -10.68793145
    -10.68793145
    -10.76307549
     -9.68413056
     -9.90122797
     -9.91521926
    -10.96105153
    -10.40962268
    -10.40962268
    -10.40962268
    -10.93387378
    -10.70519663
     -9.90473458
     -9.90473458
     -9.90473458
     -9.99971453
    -10.57183674
     -9.87180140
     -9.83478848
    -11.02246475
     -9.08858446
     -9.70661033
     -9.76188237
     -9.76188237
     -9.89163504
     -9.19555835
     -9.43028440
    -10.10119187
    -10.65413177
    -10.65413177
    -10.54057323
    -10.54057323
    -10.54057323
    -11.45493176
     -9.33118118
     -9.33118118
     -9.19155533
     -8.32203376
     -8.25438148
     -8.09045011
     -8.09045011
     -8.10216544
     -8.10216544
     -8.10216544
     -8.31934101
     -8.31934101
     -8.03550711
     -8.03550711
     -8.03550711
     -8.03550711
     -8.03550711
     -8.03546829
     -8.01861481
     -9.74419353
     -9.74419353
     -9.74419353
     -8.73896290
     -8.73896290
     -8.55071561
     -8.55071561
     -8.55071561
     -8.55952605
     -8.48623887
     -8.41525529
     -8.41525529
     -8.41525529
     -8.13771795
     -8.19098718
     -8.11490441
     -8.11288576
     -8.15474574
     -8.01964598
     -8.72190492
     -8.72190492
     -8.15498455
     -8.15498455
     -8.13700142
     -8.76293529
     -8.76293529
     -8.76293529
     -8.52489076
     -8.49683311
     -8.07124852
     -8.06072784
     -8.03089630
     -8.04134227
     -8.04039140
     -8.06130185
     -8.06011428
     -8.06290783
     -8.03368385
     -8.02461017
     -8.02461017
     -8.03207794
     -8.21282108
     -9.87273094
     -9.87273094
     -9.87273094
     -9.22618965
     -8.30148512
     -8.30148512
     -8.51270607
     -8.82721399
    -13.03193613
    -13.03193613
    -13.03193613
    -11.97720224
    -11.23990407
     -9.66194229
     -9.66194229
     -9.32981604
     -8.19279799
     -8.19279799
     -8.19279799
     -8.19561249
     -8.33648149
     -8.33648149
     -8.33648149
    -10.07144951
    -10.32393664
    -10.32393664
    -10.32393664
    -10.32393664
    -10.32393664
    -10.32393664
     -9.77033646
     -9.77033646
     -8.41749890
     -8.83331957
     -8.65297480
    -10.28144828
    -10.28144828
    -10.67532247
     -9.09636362
     -9.09636362
     -9.09636362
     -9.08782181
     -9.08782181
     -9.08782181
     -9.47888487
    -10.05134613
     -9.15069052
     -9.51810139
     -9.51810139
    -10.47785605
     -9.60305339
     -9.60305339
     -9.36247242
     -9.77886026
    -10.22302326
     -9.52908831
     -9.52908831
     -9.52908831
    -10.29209236
    -10.36670908
     -9.17983608
     -9.17983608
     -8.99270984
     -8.98890116
     -8.28252114
     -8.28252114
     -8.20141614
     -8.20141614
     -8.20141614
     -8.20141614
     -8.03401000
     -8.01676330
     -8.01856154
     -9.06751636
     -9.82078736
     -9.82078736
     -9.82078736
     -9.54338532
     -9.54338532
     -8.08259681
     -8.28787726
     -8.28787726
     -8.34051129
     -8.28322602
     -8.49012965
     -8.04613984
     -8.09935789
     -8.06911353
     -8.06911353
     -8.06470375
     -8.22075791
     -8.20277817
     -8.05612858
     -8.05310648
     -8.11676997
     -8.24966968
     -8.29508609
     -8.86007867
    -10.33641542
     -9.64997124
     -9.02611180
     -8.76569108
     -8.76569108
     -8.76569108
     -8.47930084
     -8.00556483
     -8.00914973
     -8.00914973
     -8.00712407
     -8.00712407
     -8.00712407
     -8.00975082
     -8.00975082
     -8.00975082
     -8.84138176
     -8.62141550
     -8.62141550
     -8.62141550
     -8.62141550
    -12.37242888
     -8.69351463
     -8.68503688
     -8.64759171
     -8.19724851
     -8.19724851
     -8.23349605
     -8.58239492
     -8.58239492
     -8.58319866
     -8.74957832
     -8.34114302
     -8.41472940
     -9.12243278
     -9.03980574
     -8.45914377
     -8.78338043
     -8.78338043
     -8.79798830
     -8.01980268
     -8.06919776
     -8.34455110
     -8.56155783
     -8.56155783
     -8.46227260
     -8.34367567
     -8.36432727
     -8.27803925
     -8.31899660
     -8.69755770
     -8.73620215
     -8.39304052
     -8.48817054
     -8.04776481
     -8.27142816
     -8.25852764
     -8.25852764
     -8.25852764
     -9.42034960
     -9.38658227
     -9.68728187
     -9.50482969
     -8.46837408
     -8.91029762
     -8.91029762
    -10.22788797
    -10.14570797
    -10.25536203
    -11.35942226
     -8.91088784
     -8.46794941
     -8.41283319
     -8.42196099
     -8.15460790
     -8.15460790
     -8.31431081
     -8.64593491
     -8.64593491
     -8.17886787
     -8.17886787
     -8.47595079
     -8.46656756
     -8.90462569
     -8.68446459
     -8.34476454
     -8.28216313
     -8.28216313
     -8.28216313
     -8.33173798
     -8.33173798
     -8.33173798
     -8.27830942
     -8.91193899
     -8.22279463
     -9.28995665
     -8.23768801
     -8.23768801
     -8.21294267
     -8.21294267
     -8.21294267
     -8.21294267
     -8.70585552
     -9.84188475
     -8.94774254
     -8.94774254
     -8.24609595
     -8.24609595
     -8.74412294
     -8.39743479
     -8.39743479
     -8.39743479
     -8.37216667
     -8.42404481
     -8.57248263
     -8.83434982
     -8.77206345
     -8.77206345
     -8.77206345
     -8.40683288
     -8.38292960
     -8.38292960
     -9.33388296
     -8.81981478
     -9.25088221
     -9.25088221
     -9.25088221
     -9.62125594
     -8.09102381
     -8.04956126
     -8.02449009
     -8.03015661
     -8.01625541
     -8.01625541
     -8.01353055
     -8.01353055
     -8.01353055
     -8.01353055
     -8.12310113
     -8.12310113
     -8.12310113
     -8.12310113
     -8.07125276
     -8.41992111
     -8.34856787
     -8.39387791
     -9.14274608
     -8.94869243
     -9.37642766
     -9.54617040
     -9.26272328
     -9.26272328
     -9.29020556
     -9.29020556
    -10.60591454
    -11.90821036
    -11.90821036
    -10.99562903
    -10.99562903
    -10.10127714
    -10.10127714
    -10.32790728
    -11.29836176
    -11.29836176
    -10.43662128
    -10.43662128
    -10.43662128
    -10.05266348
    -12.50620511
    -12.50620511
    -10.21303195
    -10.03217118
    -10.03217118
    -10.03217118
    -10.03217118
    -10.03522223
     -9.42293334
     -9.45889103
     -9.45889103
     -9.35804532
    -10.58802777
    -10.71300911
     -9.39541923
     -8.60608701
    -10.08197566
     -9.49587754
     -8.33796461
     -9.33099285
     -9.33099285
     -9.11490890
     -9.11490890
     -8.64521394
     -8.28882793
     -8.51870865
     -8.83048821
     -8.22666807
     -8.22666807
     -8.10576095
     -9.10933083
     -9.10933083
     -9.10933083
     -9.57801751
    -12.20849062
    -10.36663997
    -10.36663997
    -10.36663997
    -10.36663997
    -10.36663997
     -9.32586270
     -9.30094235
     -8.70660051
     -8.79175635
     -8.29090206
     -8.70104008
     -8.70104008
     -8.39762265
     -8.47087980
     -8.47087980
     -8.56879751
     -8.75976539
     -8.75976539
     -8.48614612
     -8.53298661
     -8.37601726
     -8.69946675
     -8.69946675
     -8.81830615
     -8.66362960
     -8.66362960
     -8.66362960
     -8.69856645
     -8.62347029
     -8.81314372
     -8.73334310
     -9.41100607
     -9.41100607
     -9.97343631
    -10.36754548
    -10.61039925
    -12.41970521
    -11.50847500
    -10.56380666
     -9.92562124
     -9.34383606
    -10.33447183
     -9.54864365
     -9.02211573
     -9.13142919
     -9.53947563
     -9.21127347
     -9.21127347
     -9.19819122
     -9.19819122
     -9.04528187
     -8.91074725
     -8.91074725
     -8.97813014
     -9.26142792
     -9.15735343
     -8.92545678
     -9.07984316
     -9.07984316
     -9.36950998
     -9.36950998
     -8.04206583
     -8.04206583
     -8.04206583
     -8.04206583
     -8.04206583
     -8.15614353
     -8.15614353
     -8.15614353
     -8.10711836
     -8.01035017
     -8.22757436
     -8.22757436
     -8.22040828
     -8.02368190
     -8.02512678
     -8.13101199
     -8.25750236
     -8.25750236
     -9.22780433
     -8.87227555
     -9.48554259
     -9.16701255
     -9.57006366
     -9.57006366
     -9.57006366
     -9.57006366
     -9.57006366
     -9.45724625
    -10.42579627
     -9.50584728
     -9.51983613
     -9.51983613
     -9.51983613
     -9.51983613
     -8.52270733
     -9.18498683
     -8.94928484
     -9.88572382
     -9.99619070
     -9.34160456
     -9.34160456
     -9.03276831
     -8.15200750
     -8.05488240
     -8.05488240
     -8.15008822
     -8.15008822
     -8.15008822
     -8.34761631
     -8.70703037
     -8.65611734
     -8.68876615
     -8.26010731
     -8.21693614
     -8.23171867
     -8.22733073
     -9.18112056
     -9.58532648
     -9.58532648
     -8.72219088
     -9.22265033
     -9.22265033
     -9.23589012
     -8.99788470
     -8.75058740
     -8.75352483
     -8.78958839
     -8.94161696
     -8.94161696
     -9.79968440
     -9.79968440
     -9.14426610
     -9.05753415
     -9.05753415
     -8.96320423
     -8.90143409
     -8.50748752
     -8.50748752
     -8.96637474
     -8.96637474
     -9.42499753
     -9.24326292
     -9.74998663
     -9.80849786
    -10.08247844
    -10.08247844
    -10.52538209
     -9.40906147
     -9.75072950
     -9.75072950
     -8.50240204
     -8.56367332
     -8.39158438
     -8.32550987
     -8.49414751
     -8.72734465
     -8.23001863
     -8.39028908
     -8.88026865
     -8.21258736
     -8.10094670
     -8.10094670
     -8.10896153
     -8.91960120
     -8.62251482
     -8.62251482
     -8.61483686
     -8.90687666
     -8.91908407
     -8.18744281
     -8.57672458
     -8.84601401
     -9.99903048
     -8.78473556
     -9.04390368
     -9.04390368
     -8.38763375
     -8.38763375
     -9.02678048
     -9.07025663
     -8.64386366
     -8.69350665
     -9.01427137
     -9.01427137
     -9.01427137
     -8.59929555
     -8.59929555
     -8.59929555
    -10.44544866
    -10.44544866
     -9.00873519
     -8.79325389
     -8.21855886
     -8.16821946
     -8.16821946
     -8.16821946
     -8.07540303
     -8.03685791
     -8.72659819
     -8.24132445
     -8.12006872
     -8.27254541
     -8.46047892
     -8.66854344
     -8.90082660
     -8.90082660
     -8.90082660
     -8.90082660
     -8.33004096
     -8.33253830
     -8.81688773
     -8.22212962
     -8.22019948
     -9.93494570
     -9.93494570
     -8.65664028
     -8.65664028
     -8.65664028
     -8.66673268
     -8.34605857
     -8.34605857
     -8.96651555
     -8.85701103
     -8.29390503
     -8.29390503
     -8.63806036
     -9.79963546
     -9.43598166
     -9.43598166
    -10.08018630
    -10.08018630
     -8.65512198
     -8.65512198
     -8.40869145
     -8.40869145
     -8.23784212
     -8.23784212
     -8.36174272
     -8.29671678
     -8.57412093
     -8.56550758
    -10.23932765
    -10.23932765
    -11.68673173
     -8.95986584
     -9.06482433
     -9.06482433
     -8.49472554
     -9.21292425
     -8.85902482
     -8.87977635
     -8.09964783
     -8.08157152
     -8.84668663
     -9.78128503
     -9.78128503
     -9.99559597
    -10.14339455
    -10.25476861
    -10.24933103
    -10.30708311
    -10.16227434
    -10.41956841
    -12.39740282
    -12.39740282
    -12.39841035
    -12.39841035
    -12.16051008
    -12.16051008
    -12.16051008
    -12.08901497
    -12.08901497
    -12.08901497
    -11.57899276
    -11.72672209
    -11.72672209
    -11.72672209
    -11.72672209
    -10.15665459
    -10.10102888
    -10.10102888
     -8.90269543
     -9.04935287
     -9.04935287
     -9.36005175
    -10.26355352
    -11.86024146
    -11.86024146
    -11.58161129
     -9.40214507
     -8.62234049
     -8.64060506
     -9.33359577
     -8.75358681
    -10.23651013
    -10.23651013
    -10.23651013
    -10.28637405
     -8.32894605
     -8.40508992
     -8.45121671
     -8.26249472
     -8.26525302
     -8.26525302
     -8.41595450
     -8.53339606
     -9.66400441
     -9.29617217
     -8.60830255
     -8.60830255
     -8.75195869
     -8.75195869
     -8.98335554
     -9.23631141
     -8.06913697
     -8.01252862
     -8.01598378
     -8.01598378
     -8.02889887
     -8.03062012
     -8.03853872
     -8.03364840
     -8.09433844
     -8.23150158
     -8.28952811
     -8.28952811
     -8.28952811
     -8.07317632
     -8.47456557
     -9.36180261
     -9.36180261
     -9.36180261
    -10.04906050
     -8.40806791
     -8.40806791
     -8.40806791
     -9.92039790
     -9.92039790
     -9.67365039
     -8.03127118
     -8.03089050
     -8.88072560
     -9.21750627
     -9.21750627
     -9.03042325
     -9.03042325
     -9.28191931
    -10.29859883
     -8.97839503
     -8.97839503
     -8.97839503
     -8.91496922
     -8.91496922
     -8.14316112
     -8.14316112
     -8.14316112
     -8.17223958
     -8.22802990
     -8.96417844
     -9.25525327
    -10.01552134
    -10.01552134
    -10.01552134
     -8.55958540
     -8.59342455
     -8.59342455
     -8.59342455
     -8.61168487
     -9.16294606
     -9.67246889
     -9.67246889
    -10.96223348
    -11.98294039
    -11.98294039
    -11.98294039
    -11.98294039
     -9.65219584
     -8.26304622
     -8.26304622
     -8.22186226
     -8.48581465
     -8.20350891
     -8.09473923
     -8.11076452
     -8.32883967
     -8.19545318
     -8.22835198
     -9.46681821
    -12.61417437
     -8.78981244
     -8.59193877
     -8.11260506
     -8.09957133
     -8.13746751
     -8.10072398
     -8.09615405
     -9.01727729
     -9.00059808
     -8.02380168
     -8.02543366
     -8.02543366
     -8.58563408
     -8.26144826
     -8.26144826
     -8.25980820
     -8.18922320
     -8.18922320
     -8.26735404
     -8.44062619
     -8.44062619
     -8.44062619
     -8.44062619
     -8.44686316
     -8.44686316
     -8.02806991
     -9.01423011
     -8.62564228
     -8.68644895
     -8.10826737
     -8.10826737
     -8.34968527
     -8.12317453
     -8.78339807
     -8.78339807
     -8.78339807
     -8.33616294
     -9.59395520
     -9.58649099
     -9.58649099
     -8.51535788
     -8.43094446
     -8.13133405
     -8.04726745
     -8.18111656
     -8.10215430
     -8.03153505
     -8.77396500
     -8.80539321
     -8.82684886
     -9.36154851
     -9.21037801
     -8.79275461
     -8.32152490
     -8.33231085
     -8.34505367
     -8.46678360
     -8.14436974
     -8.06155683
     -8.07024263
     -8.01182894
     -8.02149123
     -8.02286191
     -8.22494338
     -8.61749809
     -8.28452403
     -8.28452403
     -8.00459685
     -8.00459685
     -8.00459685
     -8.20387044
     -8.18104589
     -8.18104589
     -8.25161357
     -8.25161357
     -8.48929078
     -8.48929078
     -8.55962486
     -8.40374577
     -8.40374577
     -8.40374577
     -8.40374577
     -8.10022646
     -8.08010308
     -8.14192993
     -8.37855297
     -8.38528773
     -8.19591750
     -8.46950050
     -8.47692666
     -8.32409839
     -8.32409839
     -8.24749944
     -8.15125656
     -8.15125656
     -8.02462999
     -8.02462999
     -8.14172949
     -8.09958564
     -8.01477943
     -8.01477943
     -8.01477943
     -8.01477943
     -8.14643514
     -8.02489495
     -9.20309221
     -9.11778400
     -9.11778400
     -9.11778400
     -9.14978299
     -8.98119411
     -8.70025236
     -9.92216196
    -10.49766479
    -10.49766479
    -10.49766479
    -10.49766479
    -10.94897984
    -10.94897984
    -10.34888430
    -13.72278649
    -12.67909784
    -12.67909784
    -10.08080548
    -10.08080548
     -9.71833056
     -9.60563033
     -9.51954756
     -9.32902402
     -9.24984394
     -9.42473711
     -9.42473711
     -9.49295694
     -8.99685938
     -8.99842099
     -8.44216424
     -8.44216424
     -8.21948764
     -8.31426494
     -8.27277310
     -8.09743025
     -8.17552829
     -8.05946639
     -8.20098501
     -8.20098501
     -8.12744569
     -8.16048168
     -8.05012323
     -8.02678238
     -8.42087778
     -8.10607144
     -8.30808512
     -8.02597573
     -8.39969335
     -8.39969335
     -8.39969335
     -8.01545821
     -8.01545821
     -8.06109078
     -8.45963166
     -8.45963166
     -8.52562002
     -8.23039235
     -8.23039235
     -8.84350095
     -8.78216782
     -8.51073082
     -9.34691308
    -10.34513105
    -10.34513105
    -10.17776441
    -11.37223596
    -10.19576315
     -9.01222927
     -9.01222927
    -10.49102355
    -11.82878384
    -11.82878384
    -10.09123685
     -9.12891593
     -8.23438019
     -8.23438019
     -8.23438019
     -8.41306829
     -8.54993674
     -8.04575781
     -8.28818202
     -8.28818202
     -8.46128726
     -9.57647735
     -8.42115551
     -8.20652975
     -8.29191650
     -8.30768011
     -8.30768011
     -8.90259789
     -8.90259789
     -8.90259789
     -8.22543604
     -8.03543784
     -8.02534698
     -8.03541589
     -8.16599143
     -8.25942720
     -8.29996001
     -8.04869605
     -8.04869605
     -8.02192767
     -8.08689154
     -9.33770611
     -9.33770611
     -9.21039583
     -9.21039583
     -9.21039583
     -9.25883769
     -9.25883769
     -9.25883769
     -9.25883769
     -9.25883769
     -9.25883769
     -9.43710963
     -9.43710963
     -9.43710963
     -9.16332993
     -8.43314260
     -8.43314260
     -8.43314260
     -8.30376545
     -8.22474467
     -8.70725208
     -8.73758267
     -8.73758267
     -8.73758267
     -8.73758267
     -8.26034784
     -8.54234162
     -8.54234162
     -8.42067215
     -8.42067215
     -8.52163999
     -8.52163999
     -8.85532744
     -9.00646712
     -8.68565677
     -8.68565677
     -8.68565677
     -8.97545083
     -9.02847288
     -9.04574691
     -9.16433250
     -8.38827530
     -8.67284508
     -9.09662956
     -9.09662956
     -9.46133532
     -9.49834199
     -9.30506187
     -9.78832218
     -8.89559741
     -8.63606398
     -8.24226615
     -8.24226615
     -8.62688496
     -8.62688496
     -8.30768042
     -8.30768042
     -9.35643381
     -9.89940340
     -9.89940340
    -10.06658122
     -8.44402705
     -9.79888349
     -9.79888349
     -9.29136996
     -9.26544992
     -9.93287133
     -8.96622661
     -9.04682147
     -8.53430232
     -8.76763787
     -8.76859272
     -9.00242572
     -9.00242572
     -9.17145933
     -9.07524536
     -9.07524536
     -8.27758171
     -8.25876664
     -8.25876664
     -8.28141000
     -8.67692058
     -8.80517920
     -9.01039294
     -8.82211481
     -8.23254260
     -8.23254260
     -8.06895793
     -8.06292302
     -8.00695450
     -8.04212439
     -8.01032825
     -8.01483382
     -8.23322203
     -8.18507563
     -8.18507563
     -8.17554939
     -8.00282752
     -8.00782722
     -8.63168319
     -8.02584902
     -8.34259112
     -8.32162327
     -8.27084350
     -8.27301045
     -8.06343041
     -8.06343041
     -8.06541575
     -8.02507824
     -8.03205769
     -8.94783418
     -8.90204996
     -8.50147232
     -8.78675243
     -8.78675243
     -8.14791406
     -8.16199519
     -8.15825399
     -8.53789106
     -8.29182614
     -8.23713391
     -8.01372857
     -8.24181254
     -8.22625111
     -8.22229428
     -8.22987762
     -9.20361188
     -9.02526346
     -9.22060107
     -9.09328129
     -9.31747887
     -8.88392733
     -8.88392733
     -8.97745420
     -8.66285211
     -8.19088383
     -8.82458336
     -8.82458336
    -10.09349295
    -10.09349295
     -9.95724997
    -10.00418472
    -10.13572277
     -8.87947827
     -9.41489885
     -9.41489885
     -9.41368613
     -9.41368613
     -9.04614032
     -9.09581718
     -9.09581718
     -9.09581718
     -8.68465606
     -8.69382746
     -9.02857578
     -9.30011856
     -8.64125968
     -8.30752644
     -8.10033855
     -8.63249705
     -8.81710282
     -8.58864250
     -8.58864250
     -8.58864250
     -8.61218388
     -8.26292868
     -8.35394309
     -8.47254479
     -8.00984092
     -8.00984092
     -8.12938578
     -8.07839093
     -8.00493107
     -8.00444467
     -8.14813268
     -8.14813268
     -8.11901391
     -8.11901391
     -8.11901391
     -8.13495145
     -8.42865430
     -8.42865430
     -8.42865430
     -8.42865430
     -8.46097409
     -8.02607193
     -8.25478217
     -8.27392444
     -8.29581821
     -8.17493905
     -8.24313227
     -8.34561369
     -8.64337377
     -8.71280457
     -8.40787442
     -8.40787442
     -8.48728180
     -9.02326319
     -9.02326319
     -8.79673569
     -8.44615964
     -8.53138751
     -9.29292952
     -9.29292952
     -9.68923227
    -10.46019254
     -9.62298982
     -9.96068989
     -9.41212916
     -9.41212916
     -9.41212916
     -9.41212916
     -9.41212916
     -9.41212916
     -9.41212916
     -9.41212916
     -8.91377064
     -9.88536426
     -9.65166032
     -9.65166032
     -9.14557397
     -9.54858010
     -9.54858010
     -9.84647427
     -9.66099669
     -9.66099669
     -8.44176463
     -8.44176463
     -8.35951953
     -8.35951953
     -8.95641079
     -9.85037874
     -9.65695502
     -8.07120949
     -8.07649817
     -8.17673348
     -8.27202443
     -8.49605144
     -8.55535247
     -8.54357522
     -8.54384005
     -8.69176178
     -8.69176178
     -8.69176178
     -8.69176178
     -8.69482016
     -8.41540843
     -8.41157170
     -8.24707028
     -8.24707028
     -9.06015686
     -9.22986341
     -8.86707803
     -8.53962986
     -8.40515620
     -8.40515620
     -8.08968916
     -8.41918190
     -8.41918190
     -8.41918190
     -8.57260571
     -8.50589677
     -8.47437856
     -8.47437856
     -8.69938704
     -8.03711110
     -8.10213070
     -8.06487072
     -8.80027339
     -8.72047482
     -8.72051905
     -9.25274559
     -9.25274559
    -10.02597489
    -10.32198242
     -9.31316867
     -9.95597435
     -9.95597435
     -9.95597435
     -9.95597435
     -9.95597435
     -9.95597435
     -9.98389538
     -9.98389538
    -15.00112809
    -15.00112809
    -10.49921276
    -10.49921276
    -11.34532555
     -8.99913051
     -9.15311298
     -9.46141150
     -8.38322863
     -8.64712176
     -8.64712176
     -8.74839149
     -8.57853483
     -9.25435458
     -9.25435458
     -8.78127947
     -9.35344046
     -9.02466131
     -8.94468621
     -9.96533840
     -9.91002669
    -10.03712060
     -9.16533123
     -9.76092351
    -10.49343084
    -10.49343084
    -10.49343084
     -9.67881929
     -9.67881929
     -9.16297405
     -9.06591728
     -9.06591728
     -9.06591728
     -9.47704808
     -9.47704808
     -9.48816644
     -9.48816644
     -9.48816644
     -9.48816644
    -10.36177108
     -8.56791582
     -8.56791582
     -9.12761055
     -9.11049785
     -8.89027943
     -8.89027943
     -8.86448573
    -10.06312679
     -9.50593002
    -10.26057893
    -10.78185681
    -11.81862770
    -11.10731726
    -12.15759254
    -10.15358281
    -10.15358281
     -9.49791466
    -10.66017883
    -10.76817788
    -10.76817788
    -10.08063353
    -10.27568973
    -10.27568973
    -10.56129378
     -9.81173296
     -9.48656837
     -9.52243093
     -9.49648003
     -9.49648003
    -10.43879326
     -8.66732083
     -8.65242104
     -9.09597745
     -9.17042180
    -10.24009223
    -10.24009223
     -9.27569565
     -9.34878249
     -8.74417771
     -8.77740014
     -9.59764361
     -9.59764361
    -10.46336556
     -8.83036654
     -8.83036654
     -8.81298866
     -8.95084250
     -8.95486585
     -8.95486585
     -8.81991131
     -8.73169434
     -8.13826957
     -8.22134531
     -8.26523344
     -8.26523344
     -8.22711646
     -8.22004892
     -8.22004892
     -9.39852789
     -8.67290888
     -8.01336569
     -8.25556819
     -8.18095589
     -8.09559488
     -8.09559488
     -8.42006270
     -8.42006270
     -8.34104678
     -9.45430120
    -11.00499022
    -13.73838805
    -13.73838805
    -13.73838805
    -13.73838805
    -19.30956828
    -19.30956828
    -10.56571614
    -10.56571614
    -11.12271623
    -11.19780397
    -11.19780397
    -10.99072583
    -11.11154032
    -11.36439560
    -11.36439560
    -11.92400284
    -11.92400284
    -11.92400284
    -11.92400284
    -11.92400284
    -11.92400284
    -11.92400284
    -11.53726465
    -11.53726465
    -11.94450641
    -11.94450641
    -10.95823694
    -11.63916548
    -11.63916548
    -11.22894319
    -12.63957291
    -12.63957291
     -9.06859327
     -9.17776642
     -8.94974372
     -9.37854528
     -8.91529342
     -9.43721917
     -8.74908310
     -8.49125711
     -8.50055672
     -9.69536100
    -10.07813029
     -8.74139555
     -8.74139555
     -8.87052676
     -8.78063538
     -8.71445695
     -8.71445695
     -9.05098236
     -9.05098236
     -8.56451117
     -8.26659205
     -8.29808853
     -8.11931062
     -8.01780582
     -8.06782944
     -8.06782944
     -8.08044826
     -8.08892704
     -8.08892704
     -8.08892704
     -8.18491478
     -8.02202566
     -8.02202566
     -8.02202566
     -8.29549768
     -8.33511337
     -8.08066387
     -8.08066387
     -8.00322987
     -8.00322987
     -8.21068047
     -8.25714377
     -8.15818832
     -8.12569525
     -9.56516077
     -9.40986337
     -9.40986337
     -8.61988380
     -9.38774967
     -9.38774967
     -9.96145799
     -9.36392198
     -9.36392198
     -9.36392198
     -8.77297350
     -8.52998955
     -8.52998955
     -8.52998955
     -8.52998955
     -8.17631848
     -8.05302585
     -8.40803570
     -8.35452616
     -8.35452616
     -8.35452616
     -8.35452616
     -9.02280075
     -9.02280075
     -9.02280075
     -8.14751116
     -8.14751116
     -8.13438142
     -8.31719733
     -8.37824411
     -8.23295480
     -8.23295480
     -8.28615634
     -8.89994451
     -9.12371467
     -8.61188897
     -8.02195721
     -8.03946563
     -8.03946563
     -8.03933574
     -8.43085913
     -8.43085913
     -8.44252940
     -8.29231987
     -8.50277697
     -8.47879532
     -8.12809248
     -8.45268478
     -8.45268478
     -8.35400494
     -8.35400494
     -8.35644788
     -8.26463289
     -8.53470558
     -8.03160275
     -8.03186111
     -8.03186111
     -8.15709369
     -8.15709369
     -8.41507798
     -9.56336248
     -8.77629881
     -8.65836506
     -8.58953760
     -8.58953760
     -8.58953760
     -8.68074785
     -8.60463781
     -8.33647431
     -8.53662169
     -8.22474384
     -8.57845850
     -8.67740701
     -8.69119395
     -8.69119395
     -8.02181018
     -8.07892817
     -8.07718769
     -8.07148903
     -8.07148903
     -8.07148903
     -8.12722219
     -8.12722219
     -8.13983818
     -8.19617542
     -8.19617542
     -8.42305211
     -8.35481482
     -8.41943700
     -8.41943700
     -8.41943700
     -8.38435891
     -8.46524188
     -9.51137321
     -9.32153187
     -8.35931355
     -8.56131651
     -8.22828640
     -8.12784343
     -8.14993749
     -8.22798209
     -8.07101776
     -8.32299974
     -9.33174736
     -8.45036571
     -8.32072920
     -8.27346570
     -8.34840620
     -8.35280835
     -8.34288209
     -8.35342615
     -8.11197155
     -8.51155142
     -8.56090515
     -8.53968278
     -8.57425921
     -8.91731217
     -8.91731217
     -8.38478777
     -8.37126552
     -8.30850418
     -8.16475116
     -8.29050814
     -8.29050814
     -8.51464417
     -8.51464417
     -9.35753402
     -8.99473481
     -8.32485975
     -9.46908517
    -10.16738774
     -9.76265339
     -9.76617457
     -8.83836930
     -8.84068949
     -8.03161299
     -8.20270900
     -8.20270900
     -8.19580856
     -8.37151567
     -8.42756151
     -8.42756151
     -8.32779458
     -8.01774488
     -8.00044894
     -8.04011024
     -8.05539812
     -8.01853326
    -10.24938944
    -10.36029749
    -10.36029749
    -10.36029749
    -10.36029749
     -9.67927171
     -9.67927171
     -9.67927171
     -9.67927171
     -9.67927171
     -9.80826468
     -8.83659503
     -8.83659503
     -8.54032974
     -8.54032974
     -8.54032974
     -8.45007291
     -8.45007291
     -8.77156869
    -11.11381369
    -11.11381369
    -10.29689472
    -10.29689472
     -8.83423693
     -8.70071453
     -8.70071453
     -8.62585880
     -8.83879075
     -9.71861197
     -9.25783471
     -8.85031443
     -8.36356198
     -8.36356198
     -8.17341086
     -8.23372443
     -8.23372443
     -8.23169469
     -8.42967620
     -8.42387116
     -8.97992019
     -8.55531701
     -8.49007964
     -8.38198636
     -8.43476572
     -9.28443384
     -9.69101173
     -9.69101173
    -10.04757541
    -13.47708616
    -13.10170047
    -12.11395201
    -12.11395201
     -8.71413853
     -8.71413853
     -8.63928937
     -8.38703994
     -8.32820532
     -8.34597947
     -8.64975774
     -8.64975774
     -8.64975774
     -8.99592148
     -8.57903543
     -8.57903543
     -8.57903543
     -8.57903543
     -8.57903543
     -8.11981217
     -9.31215510
     -8.16470693
     -8.16470693
     -8.80759528
     -8.64797613
     -8.25397770
     -8.25397770
     -8.28842794
     -8.08938741
     -8.25843667
     -8.21247807
     -8.07236215
     -8.99511746
    -10.18207644
     -9.00963980
     -9.00963980
     -8.02105583
     -8.03241811
     -8.03241811
     -8.32408517
     -8.11359106
     -8.11324130
     -8.16683351
     -8.16683351
     -8.63222573
     -8.01184402
     -8.05700345
     -8.13103220
     -8.13103220
     -8.17554213
     -8.64774948
     -8.19444663
     -8.19444663
     -8.19444663
     -8.19444663
     -8.18629133
     -8.18629133
     -8.18629133
     -8.18629133
     -8.15601461
     -8.18397780
     -8.09066633
     -8.56907818
    -11.46426162
     -9.28463373
     -9.28463373
     -9.69400896
     -9.69400896
     -9.69400896
     -9.25218413
     -9.18719174
     -8.26481841
    -11.22627064
     -9.88957680
     -9.76238067
     -9.78950239
     -9.46765379
     -9.46765379
     -9.49157306
     -8.35502239
     -8.27367579
     -8.13500619
     -8.13500619
     -8.03749673
     -8.23672132
     -8.53292927
     -9.26274521
     -8.76855090
     -8.46881878
     -8.24729502
     -8.24729502
     -8.49538786
     -8.49538786
     -8.49538786
     -8.93889090
     -9.08273655
     -9.08273655
     -8.87862966
     -8.87862966
     -9.20233914
     -9.20233914
    -10.64059815
    -10.64059815
    -11.93766887
    -11.93766887
    -11.72949593
    -11.72949593
    -11.72949593
    -11.66239775
    -11.66239775
    -11.74925103
     -9.80135865
     -9.63956372
     -9.63956372
     -8.62183263
     -8.62183263
     -8.68018858
     -8.68018858
     -9.32634881
     -9.02092413
     -9.02092413
     -8.48480851
     -8.44845521
     -9.09648299
     -9.09648299
     -9.54933494
     -9.54933494
     -9.54933494
     -8.70113747
     -8.70113747
     -8.50913327
     -8.52509890
     -8.20710729
     -8.92779567
     -8.49346703
     -8.49346703
     -8.49346703
     -8.49346703
     -8.49346703
     -8.94015388
     -9.98186566
     -9.98186566
     -9.26145328
     -9.26145328
     -8.21601547
     -8.87675245
     -9.17174471
    -10.78688240
     -9.56909064
     -9.56909064
     -8.78759622
     -8.64730713
     -8.51969158
     -8.51969158
     -8.51969158
     -8.51969158
     -8.74054395
     -8.74054395
     -9.30650504
     -8.27054867
     -8.47018118
     -8.47018118
     -8.47018118
     -8.56149816
     -8.63369572
     -8.37529121
     -8.34689258
     -8.34689258
     -8.23591752
     -8.03699751
     -8.08255192
     -8.11431687
     -8.00409492
     -8.01923302
     -8.18924778
     -8.18924778
     -8.18924778
     -8.18924778
     -8.33448615
     -8.52030703
     -8.30542037
     -8.11344810
     -8.69648231
     -9.29457628
     -9.29457628
     -8.11680996
     -8.48980922
     -8.28214629
     -8.11633186
     -8.11633186
     -8.11633186
     -8.41287771
     -8.41287771
     -8.42437860
     -8.42437860
     -9.87350943
     -8.10950023
     -8.07796675
     -8.11673012
     -8.54932315
     -8.92411289
     -8.97134250
     -8.36957974
     -8.43660468
     -8.51350289
     -8.23868639
     -8.44484729
     -9.96912028
     -9.96912028
     -9.96912028
     -9.96912028
     -8.34261593
     -8.44470635
     -8.45549792
     -8.45549792
     -8.56573272
    -10.37000077
    -10.37000077
    -10.37000077
    -10.16786296
    -10.91303256
    -10.33308538
    -10.33308538
     -9.63474065
     -8.80389890
     -8.60827868
     -8.60827868
     -8.69075463
     -8.88152147
     -9.27200640
     -9.27200640
     -9.27200640
    -10.17332980
     -8.26330230
