180.10892759760645
180.10892759760645
180.10892759760645
180.10892759760645
180.10892759760645
180.10892759760645
180.10892759760645
180.10892759760645
180.10892759760645
180.10892759760645
180.10892759760645
180.10892759760645
179.58287423623725
179.58287423623725
179.58287423623725
179.58287423623725
179.58287423623725
179.58287423623725
179.58287423623725
179.58287423623725
179.58287423623725
179.58287423623725
179.58287423623725
179.58287423623725
179.58287423623725
179.58287423623725
179.58287423623725
179.58287423623725
179.58287423623725
179.58287423623725
179.58287423623725
179.88506629995993
179.88506629995993
179.88506629995993
179.88506629995993
179.88506629995993
179.88506629995993
179.88506629995993
179.88506629995993
179.88506629995993
179.88506629995993
179.88506629995993
179.88506629995993
179.88506629995993
179.88506629995993
179.88506629995993
179.88506629995993
179.88506629995993
179.88506629995993
179.88506629995993
179.88506629995993
179.88506629995993
179.88506629995993
179.88506629995993
179.88506629995993
179.88506629995993
179.88506629995993
179.88506629995993
179.88506629995993
179.88506629995993
179.88506629995993
179.88506629995993
179.88506629995993
179.88506629995993
179.88506629995993
179.88506629995993
179.88506629995993
179.88506629995993
179.88506629995993
179.88506629995993
179.88506629995993
179.88506629995993
179.88506629995993
179.93289240784748
179.93289240784748
155.57604739508537
155.57604739508537
155.57604739508537
155.57604739508537
155.57604739508537
155.57604739508537
155.57604739508537
156.66341237544958
164.6407253774118
164.6407253774118
164.6407253774118
164.10682106250957
164.10682106250957
164.10682106250957
164.10682106250957
164.10682106250957
164.10682106250957
164.10682106250957
164.10682106250957
180.3801326263556
180.3801326263556
178.40493204409427
178.40493204409427
178.40493204409427
178.40493204409427
178.40493204409427
178.40493204409427
178.40493204409427
178.40493204409427
178.40493204409427
178.40493204409427
178.40493204409427
178.40493204409427
178.40493204409427
178.40493204409427
178.40493204409427
178.40493204409427
178.40493204409427
178.40493204409427
178.40493204409427
179.11002758784232
179.11002758784232
179.11002758784232
179.11002758784232
179.11002758784232
179.11002758784232
179.11002758784232
179.11002758784232
179.11002758784232
179.11002758784232
179.11002758784232
179.11002758784232
179.11002758784232
179.11002758784232
179.11002758784232
179.11002758784232
179.11002758784232
179.11002758784232
179.11002758784232
179.11002758784232
179.11002758784232
179.11002758784232
179.11002758784232
179.11002758784232
179.11002758784232
179.11002758784232
179.11002758784232
179.43375803676372
179.43375803676372
179.43375803676372
179.43375803676372
179.43375803676372
179.43375803676372
179.43375803676372
179.43375803676372
179.43375803676372
179.43375803676372
179.43375803676372
179.43375803676372
179.43375803676372
179.43375803676372
179.43375803676372
179.68264952629676
179.68264952629676
179.68264952629676
179.68264952629676
179.68264952629676
179.68264952629676
179.68264952629676
179.68264952629676
179.68264952629676
179.68264952629676
179.68264952629676
179.7123871533636
179.7123871533636
179.7123871533636
179.7123871533636
179.7123871533636
179.7123871533636
179.7123871533636
172.97369788765351
178.81667584759452
178.81667584759452
178.81667584759452
178.81667584759452
179.2993426654859
179.2993426654859
179.2993426654859
179.2993426654859
179.2993426654859
179.2993426654859
179.2993426654859
179.2993426654859
179.2993426654859
98.80643487877364
98.80643487877364
98.80643487877364
98.80643487877364
98.80643487877364
98.80643487877364
98.80643487877364
98.80643487877364
98.80643487877364
98.80643487877364
98.80643487877364
98.80643487877364
98.80643487877364
98.80643487877364
98.80643487877364
98.80643487877364
98.80643487877364
98.80643487877364
98.80643487877364
98.80643487877364
98.80643487877364
98.80643487877364
98.80643487877364
98.80643487877364
98.80643487877364
98.80643487877364
98.80643487877364
98.80643487877364
98.80643487877364
98.80643487877364
98.80643487877364
98.80643487877364
98.80643487877364
98.80643487877364
98.80643487877364
98.80643487877364
98.80643487877364
98.80643487877364
98.80643487877364
98.80643487877364
98.80643487877364
98.80643487877364
98.80643487877364
98.80643487877364
98.80643487877364
98.80643487877364
98.80643487877364
98.80643487877364
98.80643487877364
98.80643487877364
98.80643487877364
98.80643487877364
98.80643487877364
98.80643487877364
98.80643487877364
98.80643487877364
99.61413362145115
99.61413362145115
99.61413362145115
99.61413362145115
99.61413362145115
99.61413362145115
99.61413362145115
99.61413362145115
99.61413362145115
99.61413362145115
99.61413362145115
99.61413362145115
99.26992165268413
99.26992165268413
99.26992165268413
99.26992165268413
99.26992165268413
99.26992165268413
99.26992165268413
99.26992165268413
99.26992165268413
99.26992165268413
99.26992165268413
99.26992165268413
99.26992165268413
99.26992165268413
99.26992165268413
99.26992165268413
99.26992165268413
99.26992165268413
99.26992165268413
99.26992165268413
99.26992165268413
99.26992165268413
99.26992165268413
99.26992165268413
99.26992165268413
99.26992165268413
99.26992165268413
99.26992165268413
99.26992165268413
99.26992165268413
99.26992165268413
99.26992165268413
104.80012586268919
104.80012586268919
104.80012586268919
104.80012586268919
104.80012586268919
104.80012586268919
104.80012586268919
104.80012586268919
104.80012586268919
104.80012586268919
104.80012586268919
104.80012586268919
104.80012586268919
104.80012586268919
104.80012586268919
104.80012586268919
104.80012586268919
104.80012586268919
104.80012586268919
104.80012586268919
104.80012586268919
104.80012586268919
104.80012586268919
104.80012586268919
104.80012586268919
104.80012586268919
104.80012586268919
104.80012586268919
104.80012586268919
104.80012586268919
104.80012586268919
104.80012586268919
104.80012586268919
104.80012586268919
104.80012586268919
104.80012586268919
104.80012586268919
104.80012586268919
104.80012586268919
104.80012586268919
104.80012586268919
104.80012586268919
104.80012586268919
104.80012586268919
104.80012586268919
104.80012586268919
104.80012586268919
104.80012586268919
104.80012586268919
104.80012586268919
104.80012586268919
104.80012586268919
104.80012586268919
104.80012586268919
104.80012586268919
104.80012586268919
104.80012586268919
104.80012586268919
104.80012586268919
104.80012586268919
105.10763731134521
105.10763731134521
105.10763731134521
105.10763731134521
105.10763731134521
105.10763731134521
105.10763731134521
105.10763731134521
105.10763731134521
105.10763731134521
105.10763731134521
105.10763731134521
105.10763731134521
105.10763731134521
105.10763731134521
105.10763731134521
105.10763731134521
105.10763731134521
105.10763731134521
105.10763731134521
105.10763731134521
105.10763731134521
105.10763731134521
105.10763731134521
105.10763731134521
105.10763731134521
105.10763731134521
105.10763731134521
105.10763731134521
105.10763731134521
105.10763731134521
105.10763731134521
105.10763731134521
105.10763731134521
105.10763731134521
105.10763731134521
105.10763731134521
100.87223968129892
100.87223968129892
100.87223968129892
172.3999726995166
172.3999726995166
179.5854957095729
179.5854957095729
179.5854957095729
179.5854957095729
179.5854957095729
179.5854957095729
179.5854957095729
179.5854957095729
179.5854957095729
179.5854957095729
179.5854957095729
179.5854957095729
179.5854957095729
179.5854957095729
179.5854957095729
179.5854957095729
179.5854957095729
181.3059062842805
181.3059062842805
181.3059062842805
181.3059062842805
181.37657379904076
181.37657379904076
181.37657379904076
181.37657379904076
181.37657379904076
181.37657379904076
181.37657379904076
181.37657379904076
181.37657379904076
181.37657379904076
181.37657379904076
181.37657379904076
181.37657379904076
181.37657379904076
181.37657379904076
181.37657379904076
182.0042563961038
182.0042563961038
96.91522503573447
96.91522503573447
96.91522503573447
96.91522503573447
96.91522503573447
96.91522503573447
96.91522503573447
96.91522503573447
96.91522503573447
96.91522503573447
96.91522503573447
96.91522503573447
96.91522503573447
96.91522503573447
96.91522503573447
96.91522503573447
96.91522503573447
96.91522503573447
96.91522503573447
96.91522503573447
96.91522503573447
96.91522503573447
96.91522503573447
100.43499231469117
100.43499231469117
100.43499231469117
100.43499231469117
100.43499231469117
100.43499231469117
100.43499231469117
100.43499231469117
100.43499231469117
100.43499231469117
100.43499231469117
100.43499231469117
100.43499231469117
100.43499231469117
100.43499231469117
100.43499231469117
100.43499231469117
100.43499231469117
100.43499231469117
100.43499231469117
100.43499231469117
100.43499231469117
100.43499231469117
100.43499231469117
100.43499231469117
100.43499231469117
100.43499231469117
100.43499231469117
100.43499231469117
100.43499231469117
100.43499231469117
99.14867307162797
99.14867307162797
99.14867307162797
99.14867307162797
99.14867307162797
101.74507437176334
101.74507437176334
101.74507437176334
101.74507437176334
101.74507437176334
101.74507437176334
101.74507437176334
101.74507437176334
101.74507437176334
101.74507437176334
101.74507437176334
101.74507437176334
101.74507437176334
101.74507437176334
101.74507437176334
101.74507437176334
101.74507437176334
101.74507437176334
101.74507437176334
101.74507437176334
101.74507437176334
101.74507437176334
101.74507437176334
101.74507437176334
101.74507437176334
101.74507437176334
101.74507437176334
101.74507437176334
101.74507437176334
101.74507437176334
101.74507437176334
101.74507437176334
101.74507437176334
101.74507437176334
101.74507437176334
101.74507437176334
101.74507437176334
101.74507437176334
101.74507437176334
101.74507437176334
101.74507437176334
101.74507437176334
101.74507437176334
101.74507437176334
101.74507437176334
101.74507437176334
101.74507437176334
101.74507437176334
101.74507437176334
101.74507437176334
101.74507437176334
101.74507437176334
101.74507437176334
101.53079699626143
101.53079699626143
101.53079699626143
101.53079699626143
101.53079699626143
101.53079699626143
101.53079699626143
101.53079699626143
101.53079699626143
101.53079699626143
101.53079699626143
101.53079699626143
101.53079699626143
101.53079699626143
101.53079699626143
101.53079699626143
101.53079699626143
101.53079699626143
101.53079699626143
101.53079699626143
101.53079699626143
101.53079699626143
101.53079699626143
101.53079699626143
101.1716102141948
101.1716102141948
101.20754196425264
101.20754196425264
101.20754196425264
101.20754196425264
101.20754196425264
101.20754196425264
101.20754196425264
101.20754196425264
101.20754196425264
101.20754196425264
101.20754196425264
101.20754196425264
101.20754196425264
101.20754196425264
101.20754196425264
101.20754196425264
101.20754196425264
101.20754196425264
101.20754196425264
101.20754196425264
101.20754196425264
100.63589297958839
100.63589297958839
100.63589297958839
102.81097142290069
102.81097142290069
102.81097142290069
102.81097142290069
102.81097142290069
102.81097142290069
102.81097142290069
102.81097142290069
102.81097142290069
100.72621217811455
100.72621217811455
100.72621217811455
100.72621217811455
100.85821499907706
100.85821499907706
100.85821499907706
100.85821499907706
100.85821499907706
100.85821499907706
100.85821499907706
100.85821499907706
100.85821499907706
100.85821499907706
100.85821499907706
100.85821499907706
100.85821499907706
100.85821499907706
100.85821499907706
100.85821499907706
100.85821499907706
100.85821499907706
100.85821499907706
100.85821499907706
100.85821499907706
100.85821499907706
100.85821499907706
100.85821499907706
100.85821499907706
100.85821499907706
100.85821499907706
100.85821499907706
100.85821499907706
100.85821499907706
100.85821499907706
100.85821499907706
100.85821499907706
100.85821499907706
100.85821499907706
100.90358868851074
100.90358868851074
100.90358868851074
100.00558720661859
100.00558720661859
100.00558720661859
100.00558720661859
100.00558720661859
100.00558720661859
100.00558720661859
100.00558720661859
100.00558720661859
100.00558720661859
100.00558720661859
100.00558720661859
100.00558720661859
100.00558720661859
100.00558720661859
100.00558720661859
100.34917851065818
100.34917851065818
100.34917851065818
100.34917851065818
100.34917851065818
100.34917851065818
100.34917851065818
100.34917851065818
100.34917851065818
100.34917851065818
100.34917851065818
100.34917851065818
100.36563063144932
100.36563063144932
100.36563063144932
100.36563063144932
100.36563063144932
100.36563063144932
100.36563063144932
100.36563063144932
100.36563063144932
100.36563063144932
100.36563063144932
100.36563063144932
100.36563063144932
100.36563063144932
100.36563063144932
100.36563063144932
100.36563063144932
100.36563063144932
101.02784862827343
101.02784862827343
101.02784862827343
101.02784862827343
101.02784862827343
100.29716691389991
100.29716691389991
100.29716691389991
100.29716691389991
100.29716691389991
100.29716691389991
100.29716691389991
100.29716691389991
100.60602870744984
100.60602870744984
100.60602870744984
100.60602870744984
100.60602870744984
100.60602870744984
100.60602870744984
100.5792088706634
100.5792088706634
100.5792088706634
100.5792088706634
100.5792088706634
100.5792088706634
100.5792088706634
100.5792088706634
100.5792088706634
100.5792088706634
100.5792088706634
100.5792088706634
100.5792088706634
100.5792088706634
100.5792088706634
100.5792088706634
100.5792088706634
100.5792088706634
100.5792088706634
100.52806864410631
100.52806864410631
100.52806864410631
100.52806864410631
100.52806864410631
100.53055156085676
100.53055156085676
100.53055156085676
100.53055156085676
100.53055156085676
100.53055156085676
100.53055156085676
100.53055156085676
100.53055156085676
100.53055156085676
100.53055156085676
100.53055156085676
100.53055156085676
100.53055156085676
191.31567336812145
191.31567336812145
191.31567336812145
191.31567336812145
191.31567336812145
191.31567336812145
180.23206004491817
180.23206004491817
180.23206004491817
180.23206004491817
180.23206004491817
180.23206004491817
180.23206004491817
180.23206004491817
180.23206004491817
180.23206004491817
180.23206004491817
180.18642612523712
180.18642612523712
180.18642612523712
180.18642612523712
180.18642612523712
180.18642612523712
180.18642612523712
180.18642612523712
180.18642612523712
180.18642612523712
180.18642612523712
180.18642612523712
180.18642612523712
180.18642612523712
180.18642612523712
182.6694510784208
182.6694510784208
182.6694510784208
182.6694510784208
182.6694510784208
182.6694510784208
182.6694510784208
182.6694510784208
164.64289199552238
164.64289199552238
164.16297118014683
164.16297118014683
164.16297118014683
164.16297118014683
164.16297118014683
164.16297118014683
164.16297118014683
164.16297118014683
164.16297118014683
164.16297118014683
164.16297118014683
164.16297118014683
164.16297118014683
164.16297118014683
164.16297118014683
164.16297118014683
164.16297118014683
164.16297118014683
164.16297118014683
164.16297118014683
164.16297118014683
164.16297118014683
164.16297118014683
164.16297118014683
164.16297118014683
164.16297118014683
164.16297118014683
164.16297118014683
164.16297118014683
164.16297118014683
164.16297118014683
164.16297118014683
164.16297118014683
164.16297118014683
164.16297118014683
164.16297118014683
164.16297118014683
177.6390625339408
177.6390625339408
177.6390625339408
177.6390625339408
177.6390625339408
177.6390625339408
177.6390625339408
177.6390625339408
178.36918886529003
178.36918886529003
178.36918886529003
178.94391355933013
178.94391355933013
179.7240065897361
179.7240065897361
179.7240065897361
179.7240065897361
179.7240065897361
179.46487455269158
179.46487455269158
178.9218782040066
165.79241806434993
154.8610976234857
154.8610976234857
154.8610976234857
154.8610976234857
154.8610976234857
154.8610976234857
154.8610976234857
154.8610976234857
154.8610976234857
154.8610976234857
154.8610976234857
154.8610976234857
154.8610976234857
154.8610976234857
154.8610976234857
158.51968253267623
158.51968253267623
158.51968253267623
158.51968253267623
158.51968253267623
158.51968253267623
162.91444654682041
162.91444654682041
162.91444654682041
162.91444654682041
162.91444654682041
162.91444654682041
163.9855921900152
163.9855921900152
163.9855921900152
163.9855921900152
163.9855921900152
163.9855921900152
163.9855921900152
163.9855921900152
163.9855921900152
165.72175047090218
165.72175047090218
165.72175047090218
165.72175047090218
165.72175047090218
165.72175047090218
165.72175047090218
165.72175047090218
165.72175047090218
165.72175047090218
165.72175047090218
165.72175047090218
165.72175047090218
165.72175047090218
165.72175047090218
165.72175047090218
165.72175047090218
165.72175047090218
165.72175047090218
165.72175047090218
165.72175047090218
165.72175047090218
165.72175047090218
165.72175047090218
165.72175047090218
165.72175047090218
165.72175047090218
165.72175047090218
165.72175047090218
165.72175047090218
165.72175047090218
165.72175047090218
169.89128870389268
169.89128870389268
169.89128870389268
169.89128870389268
169.89128870389268
169.89128870389268
169.89128870389268
169.89128870389268
169.89128870389268
169.89128870389268
174.19099005105363
174.19099005105363
174.19099005105363
174.19099005105363
174.19099005105363
174.19099005105363
174.19099005105363
174.19099005105363
174.19099005105363
174.19099005105363
174.19099005105363
174.19099005105363
174.19099005105363
174.19099005105363
174.19099005105363
174.19099005105363
174.19099005105363
174.19099005105363
174.19099005105363
174.19099005105363
174.19099005105363
156.61808958020214
156.61808958020214
156.61808958020214
156.61808958020214
156.61808958020214
156.61808958020214
156.61808958020214
156.61808958020214
156.61808958020214
156.61808958020214
156.61808958020214
156.61808958020214
156.61808958020214
156.61808958020214
156.61808958020214
156.61808958020214
156.61808958020214
156.61808958020214
156.61808958020214
156.61808958020214
156.61808958020214
156.61808958020214
156.61808958020214
156.61808958020214
156.61808958020214
156.61808958020214
156.61808958020214
156.61808958020214
156.61808958020214
156.61808958020214
156.61808958020214
156.61808958020214
156.61808958020214
156.61808958020214
156.61808958020214
156.61808958020214
156.61808958020214
156.61808958020214
156.61808958020214
156.61808958020214
156.61808958020214
156.61808958020214
156.61808958020214
156.93709721752464
156.93709721752464
156.93709721752464
156.93709721752464
156.93709721752464
156.93709721752464
156.93709721752464
156.93709721752464
156.93709721752464
156.93709721752464
156.93709721752464
156.93709721752464
156.93709721752464
156.93709721752464
156.93709721752464
156.93709721752464
156.93709721752464
156.93709721752464
156.93709721752464
156.93709721752464
156.93709721752464
156.93709721752464
100.74042922557123
100.74042922557123
100.74042922557123
100.74042922557123
100.74042922557123
100.74042922557123
100.74042922557123
100.74042922557123
100.74042922557123
100.74042922557123
100.74042922557123
100.74042922557123
100.74042922557123
100.74042922557123
100.74042922557123
100.74042922557123
100.74042922557123
100.74042922557123
100.74042922557123
100.74042922557123
100.74042922557123
100.74042922557123
100.74042922557123
100.74042922557123
100.74042922557123
100.74042922557123
100.74042922557123
100.74042922557123
100.74042922557123
100.74042922557123
100.74042922557123
100.74042922557123
100.74042922557123
100.74042922557123
100.74042922557123
100.74042922557123
100.74042922557123
100.74042922557123
100.74042922557123
100.74042922557123
100.74042922557123
100.74042922557123
100.74042922557123
100.74042922557123
100.74042922557123
100.74042922557123
100.74042922557123
100.74042922557123
100.74042922557123
100.50767426269873
100.50767426269873
100.50767426269873
100.50767426269873
100.50767426269873
100.50767426269873
100.50767426269873
100.50767426269873
100.50767426269873
100.50767426269873
100.50767426269873
100.50767426269873
100.50767426269873
100.50767426269873
100.50767426269873
100.50767426269873
100.50767426269873
100.50767426269873
100.50767426269873
100.50767426269873
100.50767426269873
100.50767426269873
100.50767426269873
100.50767426269873
100.50767426269873
100.50767426269873
100.50767426269873
100.50767426269873
100.50767426269873
100.50767426269873
100.50767426269873
100.50767426269873
100.50767426269873
100.50767426269873
100.50767426269873
100.50767426269873
100.50767426269873
100.50767426269873
100.50767426269873
100.50767426269873
100.50767426269873
100.50767426269873
100.50767426269873
100.50767426269873
100.50767426269873
100.50767426269873
100.51866568221213
100.51866568221213
100.51866568221213
100.51866568221213
100.51866568221213
155.10381109884966
155.10381109884966
155.10381109884966
155.10381109884966
155.10381109884966
155.10381109884966
155.10381109884966
155.10381109884966
155.10381109884966
155.10381109884966
155.10381109884966
155.10381109884966
155.10381109884966
155.10381109884966
156.31399026523465
156.31399026523465
156.31399026523465
156.31399026523465
156.31399026523465
156.31399026523465
156.31399026523465
156.31399026523465
156.31399026523465
156.31399026523465
156.31399026523465
156.31399026523465
156.31399026523465
156.31399026523465
156.31399026523465
156.31399026523465
156.31399026523465
156.31399026523465
156.31399026523465
156.31399026523465
156.31399026523465
156.31399026523465
156.31399026523465
156.31399026523465
156.31399026523465
156.31399026523465
156.31399026523465
156.31399026523465
156.31399026523465
156.31399026523465
156.31399026523465
156.31399026523465
156.31399026523465
156.31399026523465
156.31399026523465
156.39454617124295
156.39454617124295
156.39454617124295
156.39454617124295
156.39454617124295
156.39454617124295
156.39454617124295
156.39454617124295
156.39454617124295
156.39454617124295
156.39454617124295
156.39454617124295
156.39454617124295
156.39454617124295
156.39454617124295
156.39454617124295
156.39454617124295
156.39454617124295
156.39454617124295
156.39454617124295
156.39454617124295
156.39454617124295
156.39454617124295
156.39454617124295
156.39454617124295
156.39454617124295
156.39454617124295
156.39454617124295
156.39454617124295
156.39454617124295
156.39454617124295
156.39454617124295
156.39454617124295
156.39454617124295
102.40818654784152
102.40818654784152
102.40818654784152
102.40818654784152
102.40818654784152
102.40818654784152
102.40818654784152
102.40818654784152
102.40818654784152
102.40818654784152
102.40818654784152
102.40818654784152
102.40818654784152
102.40818654784152
102.40818654784152
102.40818654784152
102.40818654784152
102.40818654784152
102.40818654784152
102.40818654784152
102.40818654784152
102.40818654784152
102.40818654784152
102.40818654784152
102.40818654784152
102.40818654784152
102.40818654784152
102.40818654784152
102.40818654784152
102.40818654784152
102.40818654784152
102.40818654784152
101.44200796495441
101.44200796495441
101.44200796495441
101.44200796495441
101.44200796495441
101.25434343822087
101.25434343822087
101.25434343822087
101.25434343822087
101.25434343822087
101.25434343822087
101.25434343822087
101.25434343822087
101.25434343822087
101.25434343822087
101.25434343822087
101.25434343822087
101.25434343822087
101.25434343822087
101.25434343822087
101.25434343822087
101.25434343822087
101.25434343822087
101.25434343822087
101.25434343822087
101.25434343822087
101.25434343822087
101.25434343822087
101.25434343822087
101.00168898998838
101.00168898998838
101.00168898998838
101.00168898998838
101.00168898998838
101.00168898998838
101.00168898998838
101.00168898998838
101.00168898998838
101.00168898998838
101.00168898998838
101.00168898998838
101.00168898998838
101.00168898998838
101.00168898998838
101.00168898998838
101.00168898998838
101.00168898998838
101.00168898998838
101.00168898998838
101.00168898998838
101.00168898998838
101.00168898998838
101.00168898998838
101.00168898998838
101.00168898998838
101.00168898998838
101.00168898998838
101.00168898998838
101.00168898998838
101.00168898998838
101.00168898998838
101.00168898998838
101.00168898998838
101.00168898998838
101.00168898998838
101.00168898998838
101.00168898998838
101.00168898998838
180.92370137984457
180.92370137984457
180.92370137984457
180.92370137984457
180.92370137984457
180.92370137984457
180.92370137984457
180.92370137984457
180.92370137984457
180.92370137984457
180.92475139598326
180.92475139598326
180.92475139598326
180.92475139598326
180.92475139598326
180.92475139598326
180.92475139598326
180.92475139598326
180.92475139598326
180.92475139598326
180.92475139598326
180.92475139598326
180.92475139598326
180.92475139598326
180.92475139598326
180.92475139598326
180.92475139598326
180.92475139598326
180.92475139598326
180.92475139598326
180.92475139598326
180.92475139598326
180.92475139598326
180.92475139598326
180.92475139598326
180.92475139598326
180.92475139598326
180.92475139598326
180.92475139598326
181.21166128421973
181.21166128421973
181.21166128421973
181.21166128421973
181.21166128421973
181.21166128421973
181.21166128421973
181.21166128421973
181.21166128421973
181.21166128421973
181.21166128421973
181.21166128421973
181.21166128421973
181.21166128421973
181.21166128421973
181.21166128421973
181.21166128421973
181.21166128421973
181.21166128421973
181.21166128421973
181.21166128421973
181.21166128421973
181.21166128421973
181.21166128421973
181.21166128421973
181.21166128421973
181.21166128421973
181.21166128421973
181.21166128421973
181.21166128421973
181.21166128421973
181.21166128421973
181.21166128421973
181.21166128421973
181.21166128421973
181.21166128421973
181.21166128421973
181.21166128421973
181.21166128421973
181.21166128421973
181.21166128421973
181.21166128421973
181.21166128421973
181.21166128421973
181.21166128421973
181.21166128421973
181.21166128421973
181.21166128421973
180.41175063742506
180.41175063742506
180.41175063742506
180.41175063742506
180.41175063742506
180.41175063742506
180.41175063742506
180.41175063742506
180.41175063742506
180.41175063742506
180.41175063742506
180.41175063742506
180.41175063742506
162.94029097360385
162.94029097360385
162.94029097360385
162.94029097360385
165.68173761542462
165.68173761542462
165.68173761542462
165.68173761542462
165.68173761542462
165.68173761542462
165.68173761542462
165.05223835473288
165.05223835473288
165.05223835473288
165.05223835473288
165.05223835473288
165.05223835473288
165.05223835473288
179.0147103592817
180.08487731863264
180.00178857509243
180.00178857509243
180.00178857509243
180.00178857509243
180.00178857509243
180.00178857509243
180.00178857509243
180.00178857509243
180.00178857509243
180.00178857509243
180.00178857509243
180.00178857509243
180.00178857509243
180.00178857509243
180.00178857509243
180.00178857509243
180.00178857509243
180.00178857509243
180.00178857509243
180.00178857509243
180.00178857509243
180.00178857509243
180.00178857509243
180.00178857509243
180.00178857509243
180.00178857509243
180.00178857509243
180.00178857509243
180.00178857509243
180.00178857509243
180.00178857509243
180.00178857509243
180.00178857509243
180.00178857509243
180.00178857509243
180.00178857509243
180.00178857509243
180.00178857509243
180.00178857509243
180.00178857509243
180.00178857509243
180.00178857509243
180.00178857509243
173.08652035571916
173.08652035571916
173.08652035571916
173.08652035571916
173.08652035571916
173.08652035571916
173.08652035571916
173.08652035571916
173.08652035571916
173.08652035571916
173.08652035571916
173.08652035571916
173.08652035571916
173.08652035571916
173.08652035571916
173.08652035571916
173.08652035571916
173.08652035571916
173.08652035571916
173.08652035571916
173.08652035571916
173.08652035571916
173.08652035571916
173.08652035571916
173.08652035571916
173.08652035571916
173.08652035571916
173.08652035571916
173.08652035571916
173.08652035571916
173.08652035571916
173.08652035571916
173.08652035571916
173.08652035571916
173.08652035571916
173.08652035571916
173.08652035571916
173.08652035571916
173.08652035571916
173.08652035571916
173.08652035571916
173.08652035571916
173.08652035571916
173.08652035571916
180.05959448968937
180.05959448968937
180.05959448968937
180.05959448968937
180.05959448968937
180.05959448968937
180.05959448968937
180.05959448968937
180.05959448968937
180.05959448968937
180.05959448968937
180.05959448968937
180.05959448968937
180.05959448968937
180.05959448968937
180.05959448968937
180.05959448968937
180.05959448968937
180.05959448968937
180.05959448968937
180.05959448968937
180.05959448968937
180.05959448968937
180.05959448968937
180.05959448968937
180.05959448968937
180.10210207118178
180.10210207118178
180.10210207118178
180.10210207118178
180.10210207118178
180.10210207118178
180.10210207118178
180.10210207118178
180.10210207118178
180.10210207118178
180.10210207118178
180.10210207118178
180.10210207118178
180.10210207118178
180.10210207118178
180.10210207118178
180.24166867915665
180.24166867915665
179.7323820511192
179.7323820511192
179.7323820511192
179.7323820511192
179.7323820511192
179.7323820511192
179.7323820511192
179.7323820511192
179.7323820511192
179.7323820511192
179.7323820511192
179.7323820511192
101.85836590008398
101.85836590008398
101.85836590008398
101.85836590008398
101.85836590008398
101.85836590008398
101.85836590008398
101.85836590008398
101.85836590008398
101.84503485759367
101.84503485759367
101.84503485759367
101.84503485759367
101.84503485759367
101.84503485759367
101.84503485759367
100.83482327797327
100.53290730455141
100.53290730455141
100.53290730455141
100.53290730455141
100.53290730455141
100.53290730455141
100.53290730455141
100.53290730455141
100.53290730455141
100.53290730455141
100.53290730455141
100.53290730455141
100.53290730455141
100.53290730455141
100.53290730455141
100.53290730455141
100.53290730455141
100.53290730455141
100.53290730455141
100.53290730455141
100.53290730455141
100.53290730455141
100.53290730455141
100.53290730455141
100.53290730455141
100.53290730455141
100.53290730455141
100.53290730455141
100.53290730455141
100.53290730455141
100.53290730455141
100.53290730455141
100.53290730455141
100.53290730455141
100.53290730455141
100.53290730455141
100.53290730455141
100.53290730455141
100.53290730455141
100.53290730455141
100.53290730455141
100.53290730455141
100.53290730455141
100.53290730455141
100.53290730455141
100.53290730455141
100.53290730455141
100.53290730455141
100.53290730455141
100.53290730455141
100.53290730455141
100.53290730455141
100.53290730455141
100.53290730455141
100.53290730455141
100.53290730455141
100.53290730455141
100.53290730455141
100.53290730455141
100.53290730455141
100.53290730455141
100.53290730455141
100.53290730455141
100.53290730455141
100.53290730455141
100.53664068019965
100.53664068019965
100.53664068019965
100.53664068019965
100.53664068019965
100.53664068019965
100.53664068019965
100.53664068019965
100.53664068019965
100.53664068019965
100.53664068019965
100.53664068019965
100.53664068019965
100.53664068019965
100.53664068019965
100.53664068019965
100.53664068019965
100.53664068019965
100.35997707062961
101.20197699163428
101.20197699163428
101.20197699163428
101.20197699163428
101.20197699163428
101.20197699163428
101.20197699163428
101.51657356202445
101.51657356202445
101.51657356202445
101.40632660700062
101.40632660700062
101.40632660700062
101.40632660700062
101.40632660700062
101.40632660700062
101.40632660700062
101.40632660700062
101.40632660700062
101.40632660700062
101.40632660700062
101.40632660700062
101.40632660700062
101.40632660700062
101.40632660700062
101.40632660700062
101.40632660700062
101.40632660700062
101.40632660700062
101.40632660700062
101.40632660700062
101.40632660700062
101.40632660700062
101.40632660700062
101.40632660700062
101.40632660700062
101.40632660700062
101.40632660700062
101.40632660700062
101.40632660700062
101.40632660700062
101.40632660700062
101.40632660700062
101.40632660700062
101.28232419715735
101.28232419715735
101.28232419715735
101.28232419715735
101.28232419715735
101.28232419715735
101.28232419715735
101.28232419715735
101.28232419715735
101.28232419715735
101.28232419715735
101.28232419715735
101.28232419715735
101.28232419715735
101.28232419715735
101.28232419715735
101.28232419715735
101.28232419715735
101.28232419715735
101.28232419715735
101.28232419715735
101.28232419715735
101.28232419715735
101.28232419715735
101.28232419715735
101.28232419715735
101.28232419715735
101.28232419715735
101.28232419715735
101.28232419715735
101.28232419715735
101.28232419715735
101.28232419715735
101.28232419715735
101.28232419715735
101.26143700481089
101.26143700481089
101.26143700481089
101.26143700481089
101.26143700481089
101.26143700481089
101.26143700481089
101.26143700481089
101.26143700481089
101.26143700481089
101.26143700481089
101.26143700481089
101.26143700481089
101.26143700481089
101.26143700481089
101.26143700481089
101.26143700481089
180.30419206990007
180.30419206990007
180.30419206990007
180.30419206990007
180.30419206990007
180.30419206990007
180.30419206990007
180.30419206990007
180.30419206990007
180.30419206990007
180.30419206990007
180.30419206990007
180.09816235742568
180.09447523634745
180.09447523634745
180.09447523634745
180.09447523634745
180.09447523634745
180.09447523634745
180.09447523634745
180.09447523634745
180.09447523634745
180.09447523634745
180.09447523634745
180.09447523634745
180.09447523634745
180.09447523634745
180.09447523634745
180.09447523634745
180.09447523634745
180.09447523634745
180.09447523634745
180.09447523634745
180.09447523634745
180.09447523634745
180.09447523634745
180.09447523634745
180.09447523634745
180.09447523634745
180.09447523634745
180.09447523634745
179.64954775244445
179.64954775244445
179.64954775244445
179.64954775244445
179.64954775244445
179.64954775244445
179.64954775244445
179.64954775244445
179.64954775244445
179.64954775244445
179.64954775244445
179.64954775244445
179.64954775244445
179.64954775244445
179.64954775244445
179.64954775244445
179.64954775244445
179.64954775244445
179.64954775244445
179.64954775244445
179.64954775244445
179.64954775244445
179.0726909863736
179.0726909863736
179.0726909863736
179.0726909863736
179.0726909863736
179.0726909863736
179.0726909863736
179.0726909863736
179.0726909863736
179.24832104469533
179.24832104469533
179.24832104469533
179.24832104469533
179.24832104469533
179.24832104469533
179.24832104469533
179.24832104469533
179.24832104469533
179.24832104469533
179.24832104469533
179.24832104469533
179.24832104469533
179.24832104469533
179.24832104469533
179.24832104469533
179.24832104469533
179.24832104469533
179.24832104469533
179.24832104469533
179.24832104469533
179.24832104469533
179.24832104469533
179.24832104469533
179.24832104469533
179.24832104469533
179.24951039013465
179.24951039013465
106.27175404035474
106.27175404035474
106.27175404035474
106.27175404035474
106.27175404035474
106.27175404035474
106.27175404035474
106.27175404035474
106.27175404035474
106.27175404035474
106.27175404035474
106.27175404035474
106.27175404035474
106.27175404035474
106.27175404035474
106.20422398806537
106.20422398806537
106.20422398806537
106.20422398806537
106.20422398806537
106.20422398806537
106.20422398806537
106.20422398806537
106.20422398806537
106.20422398806537
106.20422398806537
106.20422398806537
106.20422398806537
106.20422398806537
106.20422398806537
105.60257634524736
105.60257634524736
105.60257634524736
105.60257634524736
105.60257634524736
105.60257634524736
105.60257634524736
105.60257634524736
105.60257634524736
105.60257634524736
105.60257634524736
105.60257634524736
105.60257634524736
105.60257634524736
99.21505785375535
99.21505785375535
99.21505785375535
99.21505785375535
99.21505785375535
99.21505785375535
99.21505785375535
99.66589240072727
99.66589240072727
99.66589240072727
99.66589240072727
99.66589240072727
99.66589240072727
99.66589240072727
99.66589240072727
99.66589240072727
99.66589240072727
99.66589240072727
99.66589240072727
99.66589240072727
99.66589240072727
99.66589240072727
99.66589240072727
99.66589240072727
99.66589240072727
99.66589240072727
99.66589240072727
99.66589240072727
99.95461842232234
99.95461842232234
99.95461842232234
99.95461842232234
99.95461842232234
99.95461842232234
99.95461842232234
99.95461842232234
99.95461842232234
99.95461842232234
99.95461842232234
99.95461842232234
99.95461842232234
99.95461842232234
99.95461842232234
99.95461842232234
99.95461842232234
99.80134194939633
99.80134194939633
99.80134194939633
99.80134194939633
99.80134194939633
99.80134194939633
99.80134194939633
99.80134194939633
99.80134194939633
99.80134194939633
99.80134194939633
188.0870346221112
188.0870346221112
188.0870346221112
188.0870346221112
188.0870346221112
188.0870346221112
188.0870346221112
188.0870346221112
188.0870346221112
188.0870346221112
188.0870346221112
188.0870346221112
188.0870346221112
188.0870346221112
188.0870346221112
188.0870346221112
188.0870346221112
188.0870346221112
188.0870346221112
188.0870346221112
188.0870346221112
188.0870346221112
188.0870346221112
188.0870346221112
188.0870346221112
188.0870346221112
177.942183789934
177.942183789934
177.942183789934
177.942183789934
177.942183789934
177.942183789934
178.3161275942487
178.3161275942487
178.3161275942487
178.3161275942487
178.3161275942487
178.3161275942487
178.3161275942487
178.3161275942487
178.3161275942487
178.3161275942487
178.3161275942487
178.3161275942487
178.3161275942487
178.3161275942487
178.3161275942487
178.3161275942487
178.3161275942487
178.3161275942487
178.3161275942487
178.3161275942487
178.3161275942487
178.3161275942487
178.3161275942487
178.3161275942487
178.3161275942487
178.3161275942487
178.3161275942487
178.3161275942487
178.3161275942487
178.3161275942487
178.3161275942487
178.3161275942487
178.3161275942487
178.3161275942487
178.3161275942487
178.3161275942487
178.3161275942487
178.3161275942487
178.3161275942487
178.3161275942487
178.3161275942487
178.3161275942487
178.3161275942487
178.3161275942487
178.3161275942487
178.3161275942487
178.3161275942487
178.3161275942487
178.3161275942487
178.3161275942487
178.3161275942487
178.3161275942487
178.3161275942487
178.3161275942487
178.3161275942487
178.3161275942487
178.3161275942487
187.00547352499183
187.00547352499183
187.00547352499183
187.00547352499183
187.00547352499183
187.00547352499183
187.00547352499183
187.00547352499183
187.00547352499183
187.00547352499183
187.00547352499183
186.51453915522737
186.51453915522737
186.45286501102223
186.45286501102223
186.45286501102223
186.45286501102223
186.45286501102223
186.45286501102223
186.45286501102223
186.45286501102223
186.45286501102223
186.45286501102223
186.45286501102223
186.45286501102223
186.45286501102223
186.45286501102223
186.45286501102223
186.45286501102223
186.45286501102223
186.45286501102223
186.45286501102223
186.45286501102223
186.45286501102223
186.45286501102223
186.45286501102223
186.45286501102223
186.45286501102223
186.45286501102223
186.45286501102223
186.45286501102223
186.45286501102223
186.45286501102223
186.45286501102223
186.45286501102223
186.45286501102223
186.45286501102223
186.45286501102223
186.45286501102223
186.45286501102223
186.45286501102223
171.70936418209692
171.70936418209692
171.70936418209692
171.70936418209692
171.70936418209692
171.70936418209692
171.70936418209692
171.70936418209692
171.70936418209692
171.70936418209692
171.70936418209692
171.70936418209692
171.70936418209692
171.70936418209692
171.70936418209692
171.70936418209692
171.70936418209692
94.08375918465526
94.08375918465526
94.08375918465526
94.08375918465526
94.08375918465526
94.08375918465526
94.08375918465526
94.08375918465526
94.08375918465526
94.08375918465526
94.08375918465526
94.08375918465526
94.08375918465526
94.08375918465526
94.08375918465526
94.08375918465526
94.08375918465526
94.08375918465526
94.08375918465526
94.08375918465526
94.08375918465526
94.08375918465526
94.08375918465526
94.08375918465526
94.08375918465526
94.08375918465526
94.08375918465526
94.08375918465526
94.08375918465526
94.08375918465526
94.08375918465526
94.08375918465526
94.08375918465526
94.08375918465526
94.08375918465526
94.08375918465526
94.08375918465526
94.08375918465526
94.08375918465526
94.08375918465526
94.08375918465526
94.08375918465526
94.08375918465526
94.08375918465526
94.08375918465526
94.08375918465526
94.08375918465526
94.08375918465526
94.08375918465526
94.08375918465526
94.08375918465526
94.08375918465526
94.08375918465526
94.08375918465526
94.08375918465526
94.08375918465526
94.08375918465526
94.08375918465526
94.08375918465526
94.08375918465526
94.08375918465526
94.08375918465526
94.08375918465526
94.08375918465526
94.08375918465526
94.08375918465526
94.08375918465526
94.08375918465526
94.08375918465526
94.08375918465526
94.08375918465526
94.08375918465526
94.08375918465526
94.08375918465526
94.08375918465526
94.08375918465526
94.08375918465526
94.08375918465526
94.08375918465526
94.08375918465526
94.08375918465526
94.08375918465526
94.08375918465526
94.08375918465526
94.08375918465526
94.08375918465526
94.08375918465526
94.08375918465526
94.08375918465526
94.08375918465526
94.08375918465526
94.08375918465526
94.08375918465526
94.08375918465526
94.08375918465526
94.08375918465526
94.08375918465526
94.08375918465526
94.08375918465526
94.08375918465526
98.47294270573977
98.47294270573977
98.47294270573977
98.47294270573977
98.47294270573977
98.47294270573977
98.47294270573977
98.47294270573977
98.47294270573977
98.47294270573977
98.47294270573977
98.400011630403
98.400011630403
98.400011630403
98.400011630403
98.400011630403
98.400011630403
98.400011630403
98.400011630403
98.400011630403
98.400011630403
98.400011630403
98.400011630403
99.07914127222527
99.07914127222527
99.07914127222527
99.07914127222527
99.07914127222527
99.07914127222527
99.07914127222527
99.07914127222527
99.07914127222527
99.07914127222527
99.07914127222527
99.07914127222527
99.07914127222527
99.07914127222527
99.07914127222527
99.07914127222527
99.07914127222527
99.07914127222527
99.07914127222527
99.07914127222527
99.07914127222527
98.75446326709127
98.75446326709127
98.75446326709127
98.75446326709127
98.75446326709127
98.75446326709127
98.75446326709127
98.75446326709127
98.75446326709127
98.75446326709127
98.75446326709127
98.75446326709127
98.75446326709127
98.75446326709127
98.75446326709127
98.75446326709127
98.75446326709127
98.75446326709127
98.75446326709127
98.75446326709127
98.75446326709127
98.75446326709127
98.75446326709127
98.75446326709127
98.34008373693955
98.34008373693955
98.34008373693955
98.34008373693955
98.34008373693955
98.34008373693955
98.34008373693955
98.34008373693955
98.34008373693955
98.34008373693955
98.34008373693955
98.34008373693955
98.34008373693955
98.34008373693955
98.34008373693955
98.34008373693955
99.03406804934683
99.03406804934683
99.03406804934683
99.03406804934683
99.03406804934683
99.03406804934683
99.03406804934683
99.03406804934683
99.03406804934683
99.03406804934683
99.03406804934683
98.97290743426915
98.81543898239083
98.81543898239083
98.81543898239083
98.81543898239083
155.6492008889306
155.6492008889306
155.6492008889306
155.6492008889306
155.6492008889306
155.6492008889306
155.77187762098222
155.77187762098222
155.77187762098222
155.77187762098222
155.77187762098222
155.77187762098222
155.77187762098222
155.77187762098222
155.77187762098222
155.77187762098222
155.77187762098222
155.77187762098222
155.77187762098222
155.77187762098222
155.77187762098222
155.77187762098222
155.77187762098222
155.77187762098222
155.77187762098222
155.77187762098222
155.77187762098222
183.323003540859
183.323003540859
183.323003540859
183.323003540859
183.323003540859
183.323003540859
183.323003540859
183.323003540859
183.323003540859
183.323003540859
183.323003540859
173.3808947344703
173.3808947344703
173.3808947344703
173.3808947344703
173.3808947344703
173.3808947344703
173.3808947344703
173.3808947344703
173.3808947344703
173.3808947344703
173.3808947344703
173.3808947344703
173.3808947344703
173.3808947344703
173.3808947344703
173.3808947344703
173.3808947344703
138.62437525691004
138.62437525691004
171.1209761424061
171.1209761424061
171.1209761424061
173.76163372838673
173.76163372838673
173.76163372838673
173.76163372838673
173.76163372838673
173.76163372838673
173.76163372838673
188.11531646930672
188.11531646930672
188.11531646930672
188.11531646930672
188.11531646930672
188.11531646930672
188.11531646930672
188.11531646930672
188.11531646930672
188.11531646930672
188.11531646930672
188.11531646930672
188.11531646930672
188.11531646930672
188.11531646930672
188.11531646930672
188.11531646930672
188.11531646930672
188.11531646930672
188.11531646930672
188.11531646930672
188.11531646930672
188.11531646930672
188.11531646930672
188.11531646930672
188.11531646930672
188.11531646930672
188.11531646930672
188.11531646930672
188.11531646930672
188.11531646930672
188.11531646930672
188.11531646930672
188.11531646930672
188.11531646930672
188.11531646930672
188.11531646930672
188.11531646930672
188.11531646930672
188.11531646930672
188.11531646930672
188.11531646930672
188.11531646930672
188.11531646930672
188.11531646930672
188.11531646930672
188.11531646930672
188.11531646930672
188.11531646930672
164.76002887735345
164.76002887735345
181.50218777776217
181.50218777776217
181.50218777776217
181.50218777776217
181.50218777776217
181.50218777776217
181.50218777776217
181.50218777776217
181.50218777776217
179.3048920937816
179.3048920937816
179.3048920937816
179.3048920937816
179.3048920937816
180.24501359725846
180.24501359725846
180.24501359725846
180.24501359725846
180.24501359725846
180.24501359725846
180.24501359725846
180.24501359725846
180.24501359725846
180.24501359725846
180.24501359725846
180.24501359725846
180.24501359725846
180.24501359725846
180.24501359725846
180.24501359725846
180.24501359725846
180.24501359725846
180.24501359725846
180.24501359725846
180.24501359725846
180.24501359725846
180.24501359725846
180.24501359725846
180.24501359725846
180.688321898458
180.688321898458
180.688321898458
180.688321898458
180.688321898458
180.688321898458
180.688321898458
180.688321898458
180.8166674433289
180.8166674433289
180.8166674433289
180.8166674433289
180.8166674433289
180.8166674433289
180.8166674433289
180.8166674433289
180.8166674433289
180.8166674433289
180.8166674433289
180.8166674433289
180.8166674433289
180.8166674433289
180.4687707671114
180.4687707671114
180.4687707671114
180.4687707671114
180.4687707671114
180.4687707671114
180.4687707671114
180.4687707671114
180.4687707671114
180.4687707671114
180.4687707671114
180.4687707671114
180.4687707671114
180.4687707671114
180.4687707671114
180.4687707671114
180.4687707671114
180.4687707671114
180.45927754361932
180.45927754361932
180.45927754361932
180.45927754361932
180.45927754361932
180.45927754361932
180.45927754361932
180.45927754361932
180.45927754361932
180.45927754361932
180.45927754361932
180.45927754361932
180.45927754361932
180.45927754361932
180.45927754361932
180.45927754361932
180.45927754361932
181.11605668947797
181.11605668947797
181.11605668947797
181.11605668947797
181.11605668947797
181.11605668947797
181.11605668947797
181.11605668947797
181.11605668947797
181.11605668947797
181.11605668947797
181.11605668947797
181.11605668947797
178.9542107419595
178.9542107419595
178.9542107419595
178.9542107419595
178.9542107419595
174.88118755573615
174.88118755573615
174.88118755573615
174.88118755573615
174.88118755573615
174.88118755573615
174.88118755573615
174.88118755573615
174.88118755573615
174.88118755573615
174.88118755573615
174.88118755573615
174.88118755573615
169.80261729736824
169.80261729736824
169.80261729736824
169.80261729736824
169.80261729736824
169.80261729736824
169.80261729736824
169.80261729736824
169.80261729736824
169.80261729736824
169.80261729736824
169.80261729736824
169.80261729736824
169.80261729736824
169.80261729736824
169.80261729736824
169.80261729736824
169.80261729736824
169.80261729736824
169.80261729736824
157.87952716696304
157.87952716696304
157.87952716696304
157.87952716696304
157.87952716696304
157.87952716696304
157.87952716696304
157.87952716696304
157.87952716696304
157.87952716696304
157.87952716696304
157.87952716696304
157.87952716696304
157.87952716696304
157.87952716696304
157.87952716696304
157.87952716696304
157.87952716696304
157.87952716696304
157.87952716696304
157.87952716696304
157.87952716696304
157.87952716696304
157.87952716696304
157.87952716696304
157.87952716696304
185.92772840831827
185.92772840831827
185.92772840831827
185.92772840831827
181.98592121843552
181.98592121843552
181.98592121843552
181.98592121843552
181.98592121843552
181.98592121843552
181.98592121843552
181.98592121843552
181.98592121843552
181.98592121843552
181.98592121843552
181.98592121843552
181.98592121843552
181.98592121843552
181.98592121843552
181.98592121843552
181.98592121843552
181.98592121843552
181.98592121843552
181.98592121843552
181.98592121843552
181.98592121843552
181.98592121843552
181.98592121843552
181.98592121843552
181.98592121843552
181.98592121843552
181.98592121843552
181.98592121843552
181.98592121843552
181.98592121843552
181.98592121843552
164.2463768144423
164.2463768144423
164.2463768144423
164.2463768144423
164.2463768144423
164.2463768144423
164.2463768144423
164.2463768144423
164.2463768144423
164.2463768144423
164.2463768144423
164.274710384406
164.274710384406
164.274710384406
164.274710384406
164.274710384406
164.274710384406
164.274710384406
164.274710384406
164.274710384406
164.274710384406
164.274710384406
164.274710384406
164.274710384406
164.274710384406
164.274710384406
164.274710384406
164.274710384406
164.274710384406
164.274710384406
164.274710384406
164.274710384406
164.274710384406
164.274710384406
164.274710384406
164.274710384406
164.274710384406
164.274710384406
164.274710384406
164.274710384406
164.274710384406
164.274710384406
164.274710384406
164.274710384406
164.274710384406
164.274710384406
164.274710384406
164.274710384406
164.274710384406
164.274710384406
164.274710384406
164.274710384406
164.274710384406
164.274710384406
164.274710384406
164.274710384406
164.274710384406
164.274710384406
164.274710384406
164.274710384406
164.274710384406
164.274710384406
164.274710384406
164.274710384406
182.4540921386867
182.4540921386867
182.4540921386867
182.4540921386867
182.4540921386867
182.4540921386867
182.4540921386867
182.4540921386867
182.4540921386867
182.4540921386867
182.4540921386867
182.4540921386867
182.4540921386867
182.4540921386867
182.4540921386867
182.4540921386867
182.4540921386867
182.4540921386867
182.4540921386867
182.4540921386867
182.4540921386867
182.4540921386867
182.4540921386867
182.4540921386867
182.4540921386867
182.4540921386867
182.4540921386867
182.4540921386867
182.4540921386867
182.4540921386867
182.4540921386867
181.29763646178057
181.29763646178057
181.29763646178057
181.29763646178057
181.29763646178057
