-197.698849,6.918273184886021,1.8057761214903094
-195.97848193110949,6.90097122473345,1.7943865592861754
-194.258114862219,6.883569760460861,1.7827915911372916
-192.5377477933285,6.8660682198390255,1.7709856421750148
-190.81738072443798,6.848466027310415,1.758962895370174
-189.0970136555475,6.830762604028015,1.7467172760139795
-187.376646586657,6.8129573678129205,1.7342424348700607
-185.6562795177665,6.795049733133752,1.7215317298521229
-183.935912448876,6.777039111093558,1.7085782060682095
-182.21554537998549,6.758924909404199,1.69537457404511
-180.495178311095,6.740706532381162,1.6819131859267757
-178.7748112422045,6.722383380912349,1.6681860094086027
-177.05444417331398,6.7039548524291614,1.6541845991364021
-175.3340771044235,6.6854203409102935,1.6399000652596847
-173.613710035533,6.6667792368438885,1.6253230387849977
-171.89334296664248,6.648030927211144,1.6104436333138263
-170.172975897752,6.6291747954623474,1.595251402697383
-168.4526088288615,6.610210221524001,1.5797352940513905
-166.73224175997098,6.591136581731359,1.5638835954955497
-165.0118746910805,6.571953248844238,1.5476838778673454
-163.29150762218998,6.552659592019161,1.5311229295354776
-161.57114055329947,6.5332549767772345,1.5141866832785933
-159.850773484409,6.513738764993805,1.4968601340106011
-158.13040641551848,6.494110314868952,1.4791272459056433
-156.41003934662797,6.47436898092,1.46097084719102
-154.6896722777375,6.454514113950589,1.4423725105370677
-152.96930520884698,6.434545061022982,1.4233124165452762
-151.2489381399565,6.414461165457865,1.4037691973058437
-149.52857107106598,6.394261766784901,1.3837197563302441
-147.8082040021755,6.373946200751078,1.363139060326481
-146.087836933285,6.353513799257724,1.3419998972139
-144.36746986439448,6.332963890400146,1.3202725934125956
-142.647102795504,6.312295798378122,1.2979246816561394
-140.9267357266135,6.291508843517207,1.2749205082843098
-139.20636865772298,6.270602342242203,1.2512207659011427
-137.4860015888325,6.249575607028296,1.2267819332352647
-135.76563451994198,6.22842794640658,1.2015555985455981
-134.04526745105147,6.207158664937895,1.175487635437273
-132.324900382161,6.185767063170561,1.1485171895810327
-130.60453331327048,6.164252437639055,1.1205754202677203
-128.88416624437997,6.142614080836323,1.0915839199132602
-127.16379917548947,6.120851281168868,1.061452704356383
-125.44343210659898,6.098963322971461,1.0300776218425916
-123.72306503770848,6.076949486438453,0.9973369603490276
-122.00269796881798,6.054809047660138,0.9630869266803128
-120.28233089992747,6.03254127853284,0.9271555005937241
-118.56196383103698,6.010145446773574,0.8893338856008318
-116.84159676214648,5.987620815895067,0.8493642943161273
-115.12122969325597,5.964966645164047,0.806921937925727
-113.40086262436547,5.942182189600611,0.761587448326981
-111.68049555547498,5.919266699926471,0.7128026609498407
-109.96012848658448,5.896219422557687,0.6597955201418123
-108.23976141769397,5.8730395995918805,0.6014427284524251
-106.51939434880347,5.849726468736501,0.5359921958538952
-104.79902727991298,5.8262792633545235,0.4604163017122664
-103.07866021102248,5.802697212364331,0.36852416543115907
-101.35829314213197,5.778979540266589,0.24240107864022406
-99.63792607324147,5.72771351910183,0.11569521399216512
-97.91755900435098,5.574210064788282,0.26133485339850715
-96.19719193546047,5.420435709159303,0.29863016473862836
-94.47682486656997,5.26651316167013,0.27548535583020783
-92.75645779767947,5.112437360534034,0.1686142806913702
-91.03609072878898,4.997085316481337,0.18885879241646564
-89.31572365989847,4.91237423669556,0.2811322577964568
-87.59535659100797,4.82749825733041,0.29681682986319174
-85.87498952211747,4.74245458721904,0.25072592254079457
-84.15462245322696,4.6604228677403885,0.0824612770978302
-82.43425538433647,4.700957561659246,0.2328632640685435
-80.71388831544597,4.757980795459609,0.29309519116593696
-78.99352124655547,4.814834052404397,0.28853260477305165
-77.27315417766496,4.871519202140089,0.2150901426683005
-75.55278710877447,4.972022305587843,0.12377298159308922
-73.83242003988397,5.202249170655991,0.2633857110094657
-72.11205297099346,5.432320668742135,0.29871660874485306
-70.39168590210296,5.662244365800293,0.27368065709647843
-68.67131883321247,5.892027822931323,0.16241495278035825
-66.95095176432196,6.027122642061116,0.1972314994030888
-65.23058469543147,6.099176774249471,0.28411605973101334
-63.510217626540964,6.17110503513719,0.29750964878735525
-61.78985055765045,6.242909790086848,0.24954249387628546
-60.06948348875997,6.308119496633081,0.0880532516536769
-58.34911641986946,6.220825600793777,0.23997300842989372
-56.62874935097895,6.117863418033458,0.29558234307218323
-54.90838228208847,6.014775978488072,0.2883063200888835
-53.18801521319796,5.911559892093306,0.21175770100342145
-51.467648144307475,5.870211124585418,0.13919968796667398
-49.747281075416964,5.976552620823195,0.26754802765722213
-48.026914006526454,6.082764213235127,0.299603038931544
-46.30654693763597,6.188849394610747,0.2718805731713592
-44.58617986874546,6.294811653581148,0.15508403684928612
-42.86581279985495,6.404996523173491,0.20447524132676448
-41.14544573096447,6.517476438068254,0.2865075399598196
-39.42507866207396,6.6298442375335895,0.29742849446615893
-37.70471159318345,6.742103616819278,0.24686510441399384
-35.984344524292965,6.851812271503161,0.09031646036859223
-34.263977455402454,6.922787584612165,0.2452451148741134
-32.54361038651194,6.99080012819016,0.297459352641025
-30.82324331762146,7.058716121696215,0.288160024298782
-29.10287624873095,7.126537798576365,0.2093008585778936
-27.38250917984047,7.225810975827122,0.15445400011122937
-25.662142110949958,7.386778201829148,0.27229884003049193
-23.941775042059447,7.547661899595944,0.3013141976054266
-22.221407973168965,7.70846735982512,0.2716412885970141
-20.501040904278454,7.869199870643486,0.1521205241896068
-18.780673835387944,7.856907605315639,0.2141761202337028
-17.06030676649746,7.765195408900969,0.2900140270248277
-15.339939697606951,7.67341212860091,0.297925363734562
-13.61957262871644,7.581554746087331,0.24459391199903532
-11.899205559825958,7.488771021531558,0.09685027160736763
-10.178838490935448,7.386352381151688,0.25042015893636105
-8.458471422044965,7.283360484219088,0.2987502951789853
-6.738104353154455,7.1802816581415545,0.2865209391004575
-5.017737284263944,7.077112513133082,0.20306856849682609
-3.297370215373462,6.971035144618577,0.15572088990904245
-1.5770031464829515,6.860278318786948,0.2109544901402603
0.14336392240755913,6.751050600490682,0.1020994029060783
1.8637309912980413,6.6596479780262605,0.21599145720031013
3.584098060188552,6.568137915478555,0.13240229305221124
5.3044651290790625,6.485170693026087,0.19609678721420062
7.024832197969545,6.405323306865085,0.18852540686852107
8.745199266860055,6.19094650632068,0.17315544148910586
10.465566335750566,5.798878436538659,0.20817828464110985
12.185933404641048,5.461236600136334,0.08511290492640032
13.906300473531559,5.578639288437755,0.2110735841908976
15.626667542422041,5.710841757789123,0.13549046663150166
17.34703461131255,5.757927149600824,0.20474525479162892
19.067401680203062,5.780675224537897,0.18077456226321417
20.787768749093544,5.833871862555264,0.15893143062763904
22.508135817984055,5.928651446674733,0.2078776588879969
24.228502886874566,5.96152857264115,0.11108971330656979
25.948869955765048,5.565179624694076,0.2145531021572833
27.66923702465556,5.16878929953177,0.11568456679467123
29.38960409354607,5.314911871545764,0.19700599936441146
31.10997116243655,5.622667235443024,0.1827745400825078
32.83033823132706,5.66393053626267,0.1772897280911042
34.550705300217544,5.408706334341037,0.20544713446653426
36.271072369108055,5.224656590475636,0.08995856507288051
37.991439437998565,5.493915507807663,0.21142113568405674
39.71180650688905,5.771424306925338,0.12506717771260922
41.43217357577956,5.869848721493337,0.20699522184546076
43.15254064467007,5.929084670424182,0.17581967109098617
44.87290771356055,6.0287847474473235,0.16589088479206682
46.59327478245106,6.1749656287658645,0.2065841612874014
48.31364185134157,6.306568069284085,0.12459126967486117
50.034008920232054,6.366645495798496,0.21565066321539872
51.754375989122565,6.425995876632136,0.11082049753428742
53.474743058013075,6.3242957451686665,0.2016941318192992
55.19511012690356,6.184575942863449,0.17886909989309216
56.91547719579407,5.989966882255312,0.18304137907704157
58.63584426468458,5.743829558565158,0.2034645121163742
60.35621133357506,5.527539127961275,0.10029870682703015
62.07657840246554,5.459144601010706,0.21174240530693678
63.79694547135608,5.391814750155876,0.11187814348442636
65.51731254024656,5.316504469795214,0.20830103448351023
67.23767960913705,5.239803139777383,0.16843688072416665
68.95804667802759,5.233787369064963,0.17016299664468099
70.67841374691807,5.296216176350055,0.20312152150870746
72.39878081580855,5.322507620033228,0.1314040403403976
74.11914788469909,5.213975626480251,0.21367329452184458
75.83951495358957,5.108091610854092,0.09420854910214904
77.55988202248005,5.243232925000134,0.2022656109622426
79.28024909137059,5.422694233201141,0.17212590686422455
81.00061616026107,5.445365230052997,0.2017297308323328
82.72098322915156,5.343994849580604,0.2873429983476539
84.4413502980421,5.242473763473984,0.3021911970713334
86.16171736693258,5.140798633176511,0.25875973106604905
87.88208443582306,5.038966115089132,0.09733463131723362
89.60245150471354,5.1952941623932904,0.24224889385096787
91.32281857360408,5.3783084864514175,0.29890336720547905
93.04318564249456,5.561173233284017,0.2948351816722342
94.76355271138505,5.743894416434203,0.22679923526138268
96.48391978027558,5.8929123995533095,0.14749947253220674
98.20428684916607,5.942889465982532,0.2713962923548911
99.92465391805655,5.992735521551252,0.3042996190118826
101.64502098694709,6.042452205485112,0.28033108637349996
103.36538805583757,6.092041152701158,0.17780855943862295
105.08575512472805,6.134949971696282,0.20918536900951512
106.80612219361859,6.17338065453221,0.2900816776272818
108.52648926250907,6.21168790627638,0.30272068591035806
110.24685633139956,6.24987298665927,0.25736512220273494
111.9672234002901,6.287937151422921,0.08907870383812527
113.68759046918058,6.185429575119983,0.24844256702234868
115.40795753807106,6.075154129255111,0.30078573947066894
117.1283246069616,5.96475202209489,0.2937530955353222
118.84869167585208,5.854219623037266,0.22176478374810155
120.56905874474256,5.844363147151578,0.15673453205251928
122.2894258136331,6.074270675973118,0.27415345452300255
124.00979288252358,6.3040515144466145,0.30474464932356615
125.73015995141407,6.533713218966887,0.27873929940510744
127.4505270203046,6.763263342014513,0.172154023687563
129.1708940891951,6.947881035100599,0.21641772490638647
130.89126115808557,7.107553712438688,0.2927966462510192
132.6116282269761,7.267133679187826,0.30324936833842886
134.3319952958666,7.426626183162963,0.25598508008425286
136.05236236475707,7.586036469315628,0.0801931708160071
137.77272943364756,7.462039318367979,0.25447012019262655
139.4930965025381,7.335357080653097,0.3030053952922841
141.21346357142858,7.208589623716349,0.2936440108835684
142.93383064031906,7.081732778779278,0.21908426233369288
144.6541977092096,7.02300648439509,0.16929024695822278
146.37456477810008,7.097573739892203,0.2782549172886242
148.09493184699056,7.172047956592117,0.3058303876614274
149.8152989158811,7.246431583613807,0.27745375732276906
151.53566598477158,7.320727067070004,0.1666394493077788
153.25603305366207,7.579572139450997,0.22349612155459397
154.9764001225526,7.922892986931217,0.29551852885816654
156.6967671914431,8.266147936440822,0.3038105711415433
158.41713426033357,8.609348275992668,0.2546765729035244
160.1375013292241,8.946447368529585,0.10007726581867976
161.8578683981146,9.10819967549149,0.2605620146912219
163.57823546700507,9.269925063568149,0.3060270939919469
165.2986025358956,9.431628851132777,0.2954638792307772
167.0189696047861,9.593316355853219,0.220976679183864
168.73933667367658,9.722156186555708,0.18696203547340876
170.45970374256711,9.797618879378314,0.28507467702160294
172.1800708114576,9.873077325027095,0.30928868056147557
173.90043788034808,9.948534004967076,0.27952181521927516
175.62080494923862,10.023991400614669,0.1693639209411211
177.3411720181291,10.058892984800934,0.2559624013083925
179.06153908701958,10.078676370742624,0.3731907318675381
180.78190615591006,10.098464752149642,0.45801274942276576
182.5022732248006,10.118258779776175,0.5263450332380354
184.2226402936911,10.138059104538845,0.584012342728036
185.94300736258157,10.157866377585554,0.6339385370646963
187.6633744314721,10.17768125027303,0.6778422011991668
189.3837415003626,10.197504374233459,0.7168360587164458
191.10410856925307,10.217336401343596,0.7516893497917906
192.8244756381436,10.2371779837795,0.7829595219274107
194.5448427070341,10.257029774053256,0.8110650101995497
196.26520977592457,10.276892424981815,0.8363284553105927
197.9855768448151,10.296766589756512,0.8590038363004604
199.7059439137056,10.316652921941188,0.8792942763366158
201.42631098259608,10.336552075515371,0.8973641544082251
203.14667805148662,10.35646470484845,0.913347588522388
204.8670451203771,10.37639146478429,0.9273545206312395
206.58741218926758,10.396333010617195,0.9394751649393304
208.30777925815812,10.41628999812974,0.9497833067029825
210.0281463270486,10.436263083610138,0.9583387715960253
211.74851339593909,10.456252923876766,0.9651892805565329
213.46888046482962,10.476260176300084,0.9703718367263413
215.1892475337201,10.496285498827541,0.9739137453048788
216.9096146026106,10.516329549992395,0.9758333354157884
218.62998167150113,10.536392988955042,0.9761404302051224
220.3503487403916,10.5564764754931,0.9748365940314941
222.0707158092821,10.57658067006671,0.9719151715262809
223.79108287817257,10.59670623380401,0.9673611208358153
225.5114499470631,10.616853828544352,0.9611506311326198
227.2318170159536,10.637024116839113,0.9532505011956682
228.95218408484408,10.657217761995724,0.9436172399707353
230.67255115373462,10.6774354280849,0.932195829575499
232.3929182226251,10.697677779975288,0.9189180633441485
234.11328529151558,10.717945483327242,0.9037003318748573
235.83365236040612,10.738239204669112,0.8864406716105026
237.5540194292966,10.758559611345307,0.8670148016152962
239.27438649818708,10.778907371612336,0.8452707347347643
240.99475356707762,10.7992831546038,0.8210213231354095
242.7151206359681,10.819687630378983,0.794033717915303
244.4354877048586,10.84012146995095,0.7640140561382853
246.15585477374913,10.860585345286422,0.7305844639215313
247.8762218426396,10.88107992934983,0.6932470812665154
249.5965889115301,10.901605896099918,0.6513248461440562
251.31695598042063,10.922163920546756,0.6038574854999227
253.0373230493111,10.942754678745638,0.5494024946748578
254.7576901182016,10.963378847823154,0.4856063316605726
256.47805718709213,10.98403710602079,0.4081009699937612
258.1984242559826,11.004730132677963,0.3066474632271936
259.9187913248731,11.025995210816381,0.13974197356592424
261.63915839376364,11.101159797680534,0.24254341094273948
263.3595254626541,11.186737940745342,0.3011491063038104
265.0798925315446,11.272357518149734,0.3003857814834252
266.8002596004351,11.358021345493066,0.23968676697457023
268.5206266693256,11.47076597958791,0.1482717528886689
270.2409937382161,11.692917226397281,0.27263845111504426
271.9613608071066,11.91542213429006,0.3080788352844608
273.6817278759971,12.137992439459813,0.2888234310465908
275.4020949448876,12.360635461186321,0.19962321971454353
277.1224620137781,12.531488299842394,0.21195843990328772
278.84282908266863,12.658793512609947,0.29330620625339365
280.5631961515591,12.786188568597773,0.3087252649926768
282.2835632204496,12.91367765721792,0.269770044988002
284.00393028934013,13.040474205055805,0.14494394215148884
285.7242973582306,13.129898049446282,0.2524528743347211
287.4446644271211,13.213839922003741,0.30594659363640514
289.16503149601164,13.29788989061084,0.3031504299082168
290.8853985649021,13.38205071927139,0.2421215081592226
292.6057656337926,13.373608318204111,0.16907006609870465
294.32613270268314,13.068657405998977,0.2797503591536185
296.0464997715736,12.763805738516023,0.3101737210687211
297.7668668404641,12.459047367596629,0.2871027947894934
299.48723390935464,12.154372271198143,0.19214391334716646
301.2076009782451,12.10834577681282,0.21661180345999295
302.9279680471356,12.245348090641158,0.29457185828616206
304.64833511602615,12.382426651451407,0.30775171908287924
306.36870218491663,12.519585967087247,0.26596492318045895
308.0890692538071,12.648525557192144,0.13934350213767221
309.8094363226976,12.548347653514146,0.25516151729598796
311.52980339158813,12.422336961451023,0.30550896450074794
313.2501704604786,12.296408336692974,0.2994046596094373
314.97053752936915,12.170557638022899,0.23244178323861797
316.69090459825964,12.087378297977883,0.1682890552292567
318.4112716671501,12.11345969536617,0.27899803176071536
320.1316387360406,12.13961300253905,0.3087442604850444
321.8520058049311,12.16583907956278,0.284205657654143
323.5723728738217,12.192138788882207,0.18489862127362133
325.29273994271216,12.098712966131398,0.22167550995801405
327.01310701160264,11.93443658490233,0.2955220694727779
328.7334740804931,11.770226226242858,0.3055261350750477
330.4538411493836,11.60607649006395,0.25919027696402125
332.1742082182741,11.455974991765835,0.12670435604413374
333.89457528716457,11.557909358160147,0.25510606212955383
335.61494235605517,11.680879660401564,0.30463528038759413
337.33530942494565,11.803907646929689,0.2972200975486857
339.05567649383613,11.926997363558456,0.22735415736264195
340.7760435627266,11.99073016100246,0.17614647197512906
342.4964106316171,11.930066474746754,0.281318672907141
344.2167777005076,11.86946866735131,0.3084587151312767
345.9371447693982,11.808934746043864,0.2811573132092929
347.65751183828866,11.748462720147106,0.17563042373292373
349.37787890717914,11.729533092511174,0.22555643713087517
351.0982459760696,11.731034124477006,0.2966207893085454
352.8186130449601,11.732594490077048,0.30476240025351753
354.5389801138506,11.734214240622217,0.2560567012682735
356.2593471827412,11.737387744205888,0.1269706280342744
357.97971425163166,11.759446131100463,0.2219600649430291
359.70008132052214,11.782670083321808,0.16984819143542534
361.4204483894126,11.49684498935442,0.21377373627779975
363.1408154583031,11.091448713684073,0.2006691710694885
364.8611825271936,10.782916782657155,0.1683270928443366
366.5815495960842,10.642388131940873,0.21862734762889502
368.30191666497467,10.494736585685185,0.11995132947710742
370.02228373386515,10.249905896294303,0.2223686018995291
371.74265080275563,10.005085833300168,0.15135388460453314
373.4630178716461,10.031734728545628,0.2032010656025361
375.1833849405366,10.16757300547756,0.19888087819194813
376.9037520094271,10.256667641836518,0.18248545583008896
378.6241190783177,10.280139390744337,0.21778279119222074
380.34448614720816,10.304033443726913,0.11793621731402484
382.06485321609864,10.331729421529047,0.21952726400026687
383.7852202849891,10.359585679883265,0.15663680617648307
385.5055873538796,10.417325315696383,0.2130729600792506
387.2259544227701,10.484333638373984,0.19494068466813533
388.9463214916607,10.521306087445739,0.17272071024726257
390.66668856055117,10.514720578625976,0.21727977791170547
392.38705562944165,10.47411096753558,0.13199375298210583
394.10742269833213,10.160855782802747,0.2227068628303498
395.8277897672226,9.847608296029158,0.14212167200197748
397.5481568361131,9.616479549081655,0.2054540216475221
399.2685239050037,9.411892143123364,0.19296486236544785
400.9888909738942,9.179566852366287,0.18461559797235164
402.70925804278465,8.91447803894866,0.21266650243349128
404.42962511167514,8.717812917619872,0.11008684318014286
406.1499921805656,8.998473012451713,0.21714231132901224
407.8703592494561,9.290110085955254,0.14357676614289966
409.5907263183467,9.308229531499924,0.21273522897955569
411.3110933872372,9.26050218847691,0.18683859849013154
413.03146045612766,9.295151836728563,0.17414884302250982
414.75182752501814,9.430215335730901,0.21321265757356883
416.4721945939086,9.57417157346769,0.13573956290759306
418.1925616627991,9.767242855315347,0.22183062899532233
419.9129287316896,9.960680282251197,0.1346557664801925
421.6332958005802,10.336875303498093,0.20934477635247334
423.35366286947067,10.759852347020647,0.1930516164667747
425.07402993836115,10.940528145375664,0.19419573800469866
426.79439700725163,10.879885022120492,0.21502961214424599
428.5147640761421,10.826554945697023,0.12923268034156712
430.2351311450326,10.812458956692598,0.22110115248276363
431.9554982139232,10.798836645539302,0.14121048051013152
433.6758652828137,10.799850299908936,0.2178615907341024
435.39623235170416,10.803500511530359,0.1876688618765521
437.11659942059464,10.905118168662378,0.18575271947943714
438.8369664894851,11.107410935045905,0.21614213623851952
440.5573335583756,11.289927307650094,0.15989376007392828
442.2777006272662,11.391214875735503,0.27744694629310435
443.9980676961567,11.492550602416854,0.31142531542403634
445.71843476504716,11.593937820149275,0.29256692185350713
447.43880183393765,11.695379863069839,0.2068920968257349
449.1591689028281,11.7272006895136,0.21861187528495088
450.8795359717186,11.700560604640682,0.2965130986361799
452.5999030406092,11.673978851274937,0.3109772956428102
454.3202701094997,11.647454555275038,0.27231028273720514
456.04063717839017,11.620986844373506,0.14232036362764383
457.76100424728065,11.381081547885016,0.2548680583707935
459.48137131617113,11.11511397823257,0.30659743556855645
461.2017383850616,10.84918548753108,0.3024682532121477
462.9221054539522,10.583287330662614,0.23960919529303354
464.6424725228427,10.393458281969789,0.16435832878743142
466.3628395917332,10.446420328998448,0.2782740496277575
468.08320666062366,10.499399464832948,0.310030305852361
469.80357372951414,10.552397431706792,0.28820678220149704
471.5239407984046,10.605415972480362,0.19562158779390706
473.2443078672951,10.554861551812634,0.21959508610653428
474.9646749361857,10.431148633842003,0.29578176717861576
476.6850420050762,10.307452302479811,0.3081498984483723
478.40540907396667,10.18376848992916,0.26576587958452996
480.12577614285715,10.06009312881985,0.12045365319243709
481.84614321174763,10.12883203567801,0.25494055016832823
483.5665102806381,10.211276507498813,0.3058113796307132
485.2868773495287,10.293730335371944,0.3003925014482901
487.0072444184192,10.376196230811,0.2348178380277141
488.7276114873097,10.509661257947077,0.17255839209175414
490.44797855620016,10.773574744099763,0.2812031739010223
492.16834562509064,11.037516077604074,0.31121611901489576
493.8887126939811,11.301493938243613,0.28830449302592204
495.6090797628717,11.565517006988149,0.19459044695120176
497.3294468317622,11.663259285964646,0.22930980069326742
499.0498139006527,11.662758691767017,0.30007001900293573
500.77018096954316,11.66231518594685,0.31019299810497536
502.49054803843364,11.661928753931642,0.2666774017895183
504.2109151073241,11.66159938300246,0.12136777117228961
505.9312821762147,11.561756487793044,0.2627904126528003
507.6516492451052,11.459523406415984,0.3090026937573143
509.3720163139957,11.35734072997166,0.30086280473369426
511.09238338288617,11.255205098178235,0.23273468917479423
512.8127504517767,11.197354067701223,0.18393591759669564
514.5331175206671,11.23204109007959,0.2849045304324481
516.2534845895576,11.266771036584988,0.31148721962546655
517.9738516584482,11.301545049329468,0.285299135639252
519.6942187273387,11.336364271857422,0.1851552377086364
521.4145857962292,11.268483093511325,0.23220311099915572
523.1349528651197,11.150279935812783,0.3002658984186824
524.8553199340101,11.032117013514474,0.3079649147859453
526.5756870029006,10.913990440794315,0.2607052697926362
528.2960540717912,10.796736844907377,0.11073824291566281
530.0164211406817,10.723966207857483,0.263491500050398
531.7367882095722,10.651221786781726,0.3080272411888312
533.4571552784627,10.578501189453595,0.2977000818459739
535.1775223473531,10.505802024458722,0.2250791416266368
536.8978894162436,10.452464164064061,0.19597957849489822
538.6182564851342,10.432640273443345,0.33663420481248013
540.3386235540247,10.412833018484305,0.4300946170832505
542.0589906229152,10.393041747806596,0.5033823563768306
543.7793576918057,10.373265810565389,0.5644190271060643
545.4997247606962,10.353504556439324,0.6168590416324609
547.2200918295866,10.33375733555933,0.6627523387341285
548.9404588984772,10.314023498552674,0.703387033433635
550.6608259673677,10.294302396451984,0.7396352806656077
552.3811930362582,10.27459338072796,0.7721195709718647
554.1015601051487,10.254895803253728,0.8013018339068743
555.8219271740392,10.235209016251078,0.8275351229537892
557.5422942429296,10.215532372328555,0.8510954733365369
559.2626613118201,10.195865224415561,0.8722025031090695
560.9830283807107,10.176206925756418,0.8910332594685749
562.7033954496012,10.156556829870812,0.9077318224455153
564.4237625184917,10.136914290569312,0.9224161390245292
566.1441295873822,10.117278661903198,0.9351829878475767
567.8644966562726,10.09764929814778,0.9461116439242215
569.5848637251631,10.078025553787999,0.9552666141282881
571.3052307940537,10.058406783486975,0.9626996906704677
573.0255978629442,10.038792342083106,0.9684514903337632
574.7459649318347,10.019181584545498,0.9725525946300078
576.4663320007252,9.999573865981166,0.9750243700038547
578.1866990696157,9.979968541575856,0.9758795216157398
579.9070661385061,9.960364966602935,0.9751224151857232
581.6274332073967,9.940762496406483,0.972749186309415
583.3478002762872,9.921160486334209,0.9687476437270021
585.0681673451777,9.901558291790762,0.9630969608163098
586.7885344140682,9.881955268133103,0.9557671367243795
588.5089014829587,9.862350770730524,0.9467181936684499
590.2292685518491,9.842744154871196,0.935899058187164
591.9496356207397,9.823134775791575,0.9232460490223214
593.6700026896302,9.803521988639353,0.9086808590562695
595.3903697585207,9.783905148430334,0.8921078673597566
597.1107368274112,9.764283610072484,0.8734105400120209
598.8311038963017,9.744656728292663,0.8524465581772991
600.5514709651922,9.725023857672058,0.8290411190871851
602.2718380340826,9.705384352566304,0.802977535307739
603.9922051029732,9.685737567133042,0.7739837042597058
605.7125721718637,9.666082855284756,0.7417120192534217
607.4329392407542,9.646419570664852,0.7057083838895071
609.1533063096447,9.626747066642551,0.6653621046101467
610.8736733785352,9.607064696291054,0.6198198644729979
612.5940404474256,9.587371812344877,0.5678260529082051
614.3144075163162,9.567667767199485,0.507393233497299
616.0347745852067,9.547951912878203,0.4350086414093363
617.7551416540972,9.528223601025202,0.34317827332080636
619.4755087229877,9.508482182876937,0.20749679704888074
621.1958757918782,9.398538193026317,0.1916323868837304
622.9162428607686,9.193102535853617,0.2842016731581947
624.6366099296592,8.987642751842708,0.3027713401587283
626.3569769985497,8.782152084397012,0.2634845074830851
628.0773440674402,8.577879043852263,0.12201948370123646
629.7977111363307,8.552580713402818,0.23360460269422492
631.5180782052212,8.564814681543467,0.29602214979602587
633.2384452741117,8.577003861445196,0.2955700926847898
634.9588123430023,8.589148653970438,0.23188094958563985
636.6791794118927,8.595345501593952,0.1243145406925836
638.3995464807832,8.575536410206178,0.264077721520735
640.1199135496737,8.555561458345958,0.3020343684925095
641.8402806185642,8.535541413975123,0.2816993189514611
643.5606476874547,8.515475618709086,0.1847287774210751
645.2810147563451,8.456972877413573,0.19381029353075885
647.0013818252357,8.364140677528495,0.2843166880950799
648.7217488941262,8.271257090201553,0.30113684467274343
650.4421159630167,8.178319060946333,0.25904823006180344
652.1624830319072,8.08990379986669,0.11066669133814057
653.8828501007977,8.274701739710103,0.23689933806130348
655.6032171696882,8.504086363035738,0.29699246737717516
657.3235842385787,8.73342420106892,0.29497117681234547
659.0439513074692,8.962722795640598,0.22919761646563225
660.7643183763597,9.180007773855845,0.13857538297751382
662.4846854452502,9.355686274911564,0.2688474856380162
664.2050525141407,9.53132796323524,0.30401245126005577
665.9254195830312,9.706956647345825,0.2821174182899349
667.6457866519218,9.882578102836758,0.18378597323149834
669.3661537208122,10.017367626689987,0.2056760504422509
671.0865207897027,10.121457021481213,0.28922538038663775
672.8068878585932,10.225552818591275,0.30365031806814885
674.5272549274837,10.329658441230334,0.26069205532221745
676.2476219963742,10.432778140965763,0.12183697143876493
677.9679890652648,10.503143486261548,0.24687801631246245
679.6883561341552,10.56943490465749,0.3012655887986599
681.4087232030457,10.635747457232252,0.29651145549772107
683.1290902719362,10.70208332468163,0.22895992193042342
684.8494573408267,10.691837323070835,0.15671015818759432
686.5698244097172,10.469998758677578,0.2743416775644557
688.2901914786077,10.248178058484383,0.3052984038636833
690.0105585474982,10.026367927849076,0.2799851997799962
691.7309256163887,9.80456107251235,0.17554257968988013
693.4512926852792,9.946649155315715,0.21094024386391408
695.1716597541697,10.31818915905304,0.291213467287877
696.8920268230602,10.68974203469186,0.30412092191761586
698.6123938919507,11.061320000835508,0.25990296676997277
700.3327609608413,11.416305064003362,0.12741581419491468
702.0531280297317,11.427024364796612,0.2537665830008006
703.7734950986222,11.405757874328376,0.30398914683649175
705.4938621675127,11.384540020709291,0.29686314859889756
707.2142292364032,11.363370106194754,0.22705043103246125
708.9345963052937,11.400362301143646,0.17021987749455278
710.6549633741843,11.567786852893681,0.27938934312474917
712.3753304430747,11.73526536985497,0.3081962001589272
714.0956975119652,11.902803359587272,0.2824119534699681
715.8160645808557,12.070406331637797,0.17992010140169684
717.5364316497462,12.219601789673185,0.20592984761583075
719.2567987186367,12.359174759901848,0.21013246352321246
720.9771657875273,12.425697894538041,0.18417521939914644
722.6975328564178,12.361521902900122,0.22469887730781832
724.4178999253082,12.308568717668283,0.1297818382658314
726.1382669941987,12.413749632392264,0.22309347346928518
727.8586340630892,12.529560580429258,0.1752673030986766
729.5790011319797,12.501662089940634,0.21534956501815408
731.2993682008702,12.414008330248961,0.20606948840521938
733.0197352697608,12.423008753974726,0.17254145739638554
734.7401023386512,12.610801693289455,0.22371630896915928
736.4604694075417,12.774137622486126,0.1319277390177293
738.1808364764322,12.504561812031888,0.2275207160802149
739.9012035453227,12.235070772835927,0.16537580854979203
741.6215706142132,12.094394551006886,0.20860821665609092
743.3419376831038,12.009406700120865,0.20592422995535117
745.0623047519942,11.990278944608017,0.18769851884528418
746.7826718208847,12.069437538812481,0.2229883868683197
748.5030388897752,12.158783684427162,0.13068156644678955
750.2234059586657,12.351847127062609,0.223950322168548
751.9437730275562,12.549679906611743,0.16879521980610002
753.6641400964468,12.664369155859347,0.21792669837165896
755.3845071653373,12.75120490051018,0.20390374648496448
757.1048742342277,12.793717240501039,0.1804597460817717
758.8252413031182,12.767815054802373,0.2228339752902095
760.5456083720087,12.747997019250157,0.1406742551559987
762.2659754408992,12.784585373484134,0.22842298130810673
763.9863425097898,12.821267707631787,0.1615855453638824
765.7067095786803,12.723621592321518,0.21326267038102673
767.4270766475707,12.579039750923327,0.20404673086987785
769.1474437164612,12.446605690431223,0.19394537993150532
770.8678107853517,12.329378339814113,0.2216967566848852
772.5881778542422,12.257536426791642,0.13317352969361348
774.3085449231327,12.533167642200212,0.22480633273617243
776.0289119920233,12.818642276097556,0.1629961750545358
777.7492790609138,12.643000118124071,0.22022417276101974
779.4696461298042,12.345704507851284,0.19891239066485905
781.1900131986947,12.35935273068409,0.18441907351875717
782.9103802675852,12.775481192439507,0.2221081271226147
784.6307473364757,13.109324744360093,0.15250468264193895
786.3511144053663,12.931547668333415,0.22906237902196744
788.0714814742568,12.754110169498691,0.1534232641065107
789.7918485431472,12.87603017100555,0.2158056278757596
791.5122156120377,13.081193972422868,0.20238044157100593
793.2325826809282,13.21882802473263,0.20082976258383184
794.9529497498187,13.285087565490082,0.2226579882493586
796.6733168187093,13.373184421998698,0.14490374565256633
798.3936838875998,13.589177425377263,0.22855781241937137
800.1140509564902,13.80720514338584,0.1636946438287086
801.8344180253807,13.851265395087452,0.25626303144217427
803.5547850942712,13.860720127296297,0.3100426829879959
805.2751521631617,13.87030422834859,0.309841638005536
806.9955192320523,13.880018013440164,0.25553248520118493
808.7158863009428,13.87987841427259,0.17247923726032804
810.4362533698333,13.834748270036094,0.28275836207107796
812.1566204387237,13.789746640565669,0.3155463599158546
813.8769875076142,13.744872045975328,0.2976630806445299
815.5973545765047,13.700123010541972,0.21691533319158215
817.3177216453952,13.729610180739083,0.22424527644693126
819.0380887142858,13.82529390101338,0.300324693450028
820.7584557831763,13.921105825144087,0.31560738539151756
822.4788228520667,14.017049103923284,0.2802257712637528
824.1991899209572,14.113126892482084,0.16415703423206635
825.9195569898477,14.06080928690099,0.26195349262721385
827.6399240587383,13.987636846570977,0.3119622495130534
829.3602911276288,13.914597948784806,0.3091396671342823
831.0806581965193,13.841690191644549,0.25171425807004166
832.8010252654097,13.735188891139245,0.1801952954023642
834.5213923343002,13.511774863071674,0.2849875646826533
836.2417594031907,13.288478728720444,0.3149737874041821
837.9621264720812,13.065293144918831,0.29401434520361575
839.6824935409717,12.842210772183613,0.20718126922105046
841.4028606098622,12.535811033838067,0.22550930293597718
843.1232276787526,12.166875373293935,0.29890166859994305
844.8435947476434,11.79801337912956,0.3107449210688453
846.5639618165338,11.429212921231258,0.2692879330843971
848.2843288854243,11.06046187150937,0.13114800487361195
850.0046959543148,10.98236264586748,0.25584860870136655
851.7250630232053,10.93001889339534,0.30668520593781207
853.4454300920958,10.877708132982272,0.30173963688140876
855.1657971609862,10.825428644374304,0.23755229642373352
856.8861642298767,10.77105185580433,0.17144177797948496
858.6065312987672,10.71083985956919,0.28056833830922717
860.3268983676577,10.6506536476324,0.3104186204557618
862.0472654365482,10.590491240781418,0.2869111119813151
863.7676325054387,10.530350660540314,0.19128916368099114
865.4879995743291,10.646788989631323,0.2231796820189889
867.2083666432198,10.874390480970161,0.29748424412409374
868.9287337121103,11.102023135018586,0.3092462545911246
870.6491007810008,11.329694437533982,0.26686929502718865
872.3694678498913,11.557411875523027,0.12349731973225787
874.0898349187818,11.438040022022646,0.26090045537052303
875.8102019876723,11.30470467768436,0.3083788744025726
877.5305690565627,11.171414647042003,0.30112667137805577
879.2509361254532,11.038165546819814,0.23411042752348984
880.9713031943437,10.942254861818977,0.18099126251894965
882.6916702632342,10.929909872990272,0.28387329684563417
884.4120373321247,10.917597872631482,0.3112560437833626
886.1324044010152,10.905318455868622,0.2857425574571611
887.8527714699059,10.893071218887542,0.186781953435644
889.5731385387963,10.898765937008212,0.22996263428781716
891.2935056076868,10.913875874280112,0.2996521659903587
893.0138726765773,10.929018272751357,0.30849620954995244
894.7342397454678,10.944193630378004,0.26271466049311465
896.4546068143583,10.95947358981034,0.10906910095771274
898.1749738832488,10.993879876288927,0.2965415851279214
899.8953409521392,11.028321254921721,0.4009059476054572
901.6157080210297,11.062798858304644,0.4798662781413845
903.3360750899202,11.097313820263139,0.544595499573108
905.0564421588107,11.131867275806677,0.5997267223444634
906.7768092277012,11.166460361243182,0.6477218489604339
908.4971762965916,11.201094214181865,0.6900771624584531
910.2175433654824,11.23576997355606,0.7277831302135843
911.9379104343728,11.270488779679283,0.7615352976213139
913.6582775032633,11.305251774311866,0.7918435938765573
915.3786445721538,11.340060100626046,0.819094182971208
917.0990116410443,11.37491490329526,0.8435868623492049
918.8193787099348,11.409817328540921,0.8655588803017338
920.5397457788252,11.444768524128566,0.8852007474282388
922.2601128477157,11.479769639445223,0.9026670935370537
923.9804799166062,11.514821825506443,0.9180843308331228
925.7008469854967,11.54992623500641,0.9315561851319036
927.4212140543872,11.58508402237064,0.9431677592765862
929.1415811232777,11.620296343760815,0.9529885572433222
930.8619481921684,11.655564357152194,0.9610747525018164
932.5823152610589,11.690889222344767,0.967470892098557
934.3026823299493,11.726272100990313,0.9722111675581145
936.0230493988398,11.761714156675199,0.9753203428495331
937.7434164677303,11.797216554909774,0.976814401065001
939.4637835366208,11.832780463206483,0.9767009505657607
941.1841506055113,11.86840705109171,0.9749794152424536
942.9045176744017,11.904097490145837,0.9716410201786311
944.6248847432922,11.939852954076933,0.9666685718695122
946.3452518121827,11.975674618689723,0.9600360199307151
948.0656188810732,12.011563661996524,0.9517077735820031
949.7859859499637,12.047521264228056,0.9416377295395919
951.5063530188542,12.083548607838571,0.9297679461904803
953.2267200877449,12.119646877615752,0.9160268688978426
954.9470871566353,12.15581726063812,0.9003269682195046
956.6674542255258,12.192060946388008,0.8825615888516839
958.3878212944163,12.228379126758941,0.8626007091129608
960.1081883633068,12.264772996057985,0.8402851558709171
961.8285554321973,12.301243751123792,0.8154185666601753
963.5489225010878,12.337792591298847,0.7877559613133354
965.2692895699782,12.374420718507512,0.7569870254800565
966.9896566388687,12.41112933727278,0.7227107949459832
968.7100237077592,12.44791965475299,0.6843956400612373
970.4303907766497,12.484792880820994,0.6413125305688782
972.1507578455402,12.521750228060188,0.5924158077019305
973.8711249144309,12.558792911813796,0.5361097265293631
975.5914919833214,12.5959221502385,0.46972848785539817
977.3118590522118,12.633139164352698,0.38812542635690256
979.0322261211023,12.67044517803357,0.2781976155953338
980.7525931899928,12.682200502492481,0.14659846426010914
982.4729602588833,12.536313601301142,0.27061467087956664
984.1933273277738,12.3878336535016,0.30853360905427973
985.9136943966643,12.239434638332181,0.2919848132267107
987.6340614655547,12.091111675672327,0.20836847786089527
989.3544285344452,12.042663227571056,0.19995639517413555
991.0747956033357,12.106412884903268,0.2890371985050761
992.7951626722262,12.17023422028158,0.30834965825352845
994.5155297411167,12.234129332496623,0.2731210472459102
996.2358968100074,12.297920330205255,0.1503822315089168
997.9562638788979,12.322297977453541,0.24341777350834667
999.6766309477883,12.33773314985303,0.3023879283789301
1001.3969980166788,12.353247607324949,0.3027431342420232
1003.1173650855693,12.368841860075738,0.24473879757213515
1004.8377321544598,12.34030775992596,0.1472989892645879
1006.5580992233503,12.100267612692342,0.27166674436781085
1008.2784662922408,11.85878416680075,0.3075112614877456
1009.9988333611312,11.617364255642991,0.2883340773825543
1011.7192004300217,11.375999940056593,0.19879992360822552
1013.4395674989122,11.266321400059667,0.20268067920536295
1015.1599345678027,11.28143854964884,0.2891671946090399
1016.8803016366934,11.296600247817647,0.3062266334047325
1018.6006687055839,11.311806993161483,0.2674921447683419
1020.3210357744744,11.326434841263083,0.1361104183471655
1022.0414028433648,11.292715549762892,0.2441574702981817
1023.7617699122553,11.25039813200669,0.30138502455250404
1025.4821369811457,11.208124242052799,0.2994440554026434
1027.2025040500362,11.16589248972872,0.23688424340508452
1028.9228711189267,11.154936851544328,0.147520439902245
1030.6432381878171,11.261673412767529,0.27219589533573224
1032.3636052567076,11.368620690772833,0.307009188469985
1034.083972325598,11.475615384368796,0.28652353315388307
1035.8043393944886,11.582661012093519,0.19393887121838807
1037.524706463379,11.592862746194005,0.21023716432058012
1039.24507353227,11.52572227196729,0.2917000450537264
1040.9654406011605,11.458634379642923,0.3060615170837871
1042.685807670051,11.391596863029445,0.26449007992947815
1044.4061747389414,11.327124332670804,0.1308338152719563
1046.126541807832,11.362414732317948,0.24828355772500996
1047.8469088767224,11.411464638534474,0.3026171251713181
1049.567275945613,11.460563369271366,0.2986457341841906
1051.2876430145034,11.509712539142951,0.23341135626116027
1053.0080100833939,11.550889234620684,0.1585410286597693
1054.7283771522843,11.568166749064044,0.2756689487201443
1056.4487442211748,11.585498241200616,0.307550216003004
1058.1691112900653,11.602884281006391,0.2844626545853693
1059.8894783589558,11.620325440198743,0.1870485787853744
1061.6098454278463,11.496322528703203,0.21575262017567204
1063.3302124967367,11.277427749139624,0.29319114964095483
1065.0505795656272,11.058577386249823,0.30491081014611293
1066.7709466345177,10.839764243110336,0.25995917162519727
1068.4913137034082,10.641139882236722,0.12321469752006024
1070.2116807722987,10.92710977068404,0.25083265809738275
1071.9320478411892,11.263259188675445,0.3031164359470362
1073.6524149100796,11.599452557408945,0.2974651656072504
1075.3727819789701,11.93570093269026,0.2296397808180074
1077.0931490478606,12.043945124937114,0.1623519668858512
1078.813516116751,11.603151534411774,0.22235409851441398
1080.5338831856416,11.162413072072775,0.10633192813079406
1082.2542502545325,11.201752118598298,0.22340193338676162
1083.974617323423,11.24292184759774,0.16913013017548342
1085.6949843923135,11.446231870830358,0.20117120877230366
1087.415351461204,11.74039242316188,0.20863960810443316
1089.1357185300944,11.923366429772408,0.17919485327248297
1090.856085598985,11.894066234974096,0.22369237061857347
1092.5764526678754,11.88113808178879,0.1265397104415349
1094.2968197367659,12.130365774366593,0.22188646061042044
1096.0171868056564,12.399412882166121,0.17690861104151007
1097.7375538745468,12.379964096403352,0.2143241611892544
1099.4579209434373,12.231730045228458,0.20745072017728924
1101.1782880123278,12.072846289712377,0.17056880868082444
1102.8986550812183,11.892834377063023,0.2227355269340142
1104.6190221501088,11.720829035583625,0.12166483444830521
1106.3393892189993,11.74565516241852,0.22552486343346323
1108.0597562878897,11.770541103707245,0.16503067966942622
1109.7801233567802,11.838460428208878,0.20616645215640747
1111.5004904256707,11.926343987614189,0.2069273719003402
1113.2208574945612,11.862138658717608,0.18589610390746747
1114.9412245634517,11.55627424250355,0.22169968025378148
1116.6615916323422,11.288664699907747,0.12245500995677489
1118.3819587012326,11.457459248047956,0.2210699585412946
1120.1023257701231,11.649098946948435,0.16635892030029076
1121.8226928390136,11.765770189845288,0.2145244202845056
1123.5430599079045,11.855285794758213,0.20290213602242957
1125.263426976795,11.956410706241261,0.17576188886685412
1126.9837940456855,12.076562791687703,0.2223391489911132
1128.704161114576,12.194220962148236,0.13604373418305601
1130.4245281834665,12.282976584885553,0.2273899320291024
1132.144895252357,12.37180969201992,0.16110418594634576
1133.8652623212474,12.42267362303416,0.2108778260308774
1135.585629390138,12.459257923590858,0.2048166261276321
1137.3059964590284,12.480409553361843,0.19220843659810866
1139.0263635279189,12.480977637247717,0.2226719492768977
1140.7467305968094,12.519189114617937,0.13372094882887067
1142.4670976656998,12.875102599009388,0.2257528261092892
1144.1874647345903,13.241788076569296,0.16917252474530142
1145.9078318034808,13.208682974534218,0.2216356718726165
1147.6281988723713,13.060458404987113,0.20288727439026263
1149.3485659412618,13.012593710142966,0.18548048778445045
1151.0689330101523,13.102719625418207,0.22343381564493103
1152.7893000790427,13.156896411797513,0.15033324435063522
1154.5096671479332,12.95604677155973,0.22886618061784206
1156.2300342168237,12.755315239358023,0.15444025545557374
1157.9504012857142,12.697451284142511,0.21414624076741093
1159.6707683546047,12.682718327137655,0.2027342910008761
1161.3911354234951,12.674254391278026,0.21219614935699385
1163.1115024923856,12.67281108265301,0.29508668720550213
1164.831869561276,12.671458078226419,0.3131863104286382
1166.552236630167,12.670195333497682,0.27938716906342387
1168.2726036990575,12.669022806935184,0.16428053436769163
1169.992970767948,12.740440208711414,0.25136049943930006
1171.7133378368385,12.827991459069622,0.30755475596517967
1173.433704905729,12.915638116759354,0.30829606870276505
1175.1540719746195,13.00338306406182,0.25407041330043534
1176.87443904351,13.11501289988709,0.16430695137885845
1178.5948061124004,13.345955232546476,0.28007584359824933
1180.315173181291,13.577010005894719,0.31506865989506955
1182.0355402501814,13.808184818226632,0.29912683025626186
1183.7559073190719,14.039487271773126,0.22151070082518168
1185.4762743879623,14.094229338417717,0.22502413225694837
1187.1966414568528,13.981923843157166,0.30064622972123434
1188.9170085257433,13.86975170256914,0.3157067132189807
1190.6373755946338,13.757709227842275,0.28015138965244146
1192.3577426635243,13.645792734430383,0.16379128689891462
1194.0781097324148,13.5715516829802,0.2590302151591384
1195.7984768013052,13.503476167205097,0.31050448474875947
1197.5188438701957,13.43551827222901,0.30831986155941116
1199.2392109390862,13.367675763255619,0.2510792314843233
1200.9595780079767,13.283230119053936,0.17392371401388704
1202.6799450768672,13.135566645032544,0.28273010910637025
1204.4003121457577,12.988008693022346,0.3142361921439476
1206.1206792146481,12.840551410545348,0.2944081213574846
1207.8410462835386,12.693189948439816,0.20911719087329242
1209.5614133524296,12.514635729873335,0.22369089253018395
1211.28178042132,12.311219298052208,0.2985789057569696
1213.0021474902105,12.10788127939719,0.3116125348604538
1214.722514559101,11.904614987083631,0.2718412925093266
1216.4428816279915,11.701413736649464,0.13975786155058453
1218.163248696882,11.65875377018951,0.25643419450391236
1219.8836157657724,11.633223160695595,0.30767423698482355
1221.603982834663,11.607748668302332,0.30368636473051397
1223.3243499035534,11.582329455268638,0.24175212814964891
1225.044716972444,11.54548313468431,0.17311480061726067
1226.7650840413344,11.474491198968359,0.2815638225816531
1228.4854511102249,11.40355016041536,0.3117325231666973
1230.2058181791153,11.332657686108744,0.28925426202537846
1231.9261852480058,11.261811444731471,0.19684764531867896
1233.6465523168963,11.200786957320657,0.2238014398806128
1235.3669193857868,11.146354213247971,0.2977287249566504
1237.0872864546773,11.091961575471677,0.30930029256791236
1238.8076535235678,11.037607255289082,0.2667598928532092
1240.5280205924582,10.98328946523055,0.12297023410328574
1242.2483876613487,10.964492647877938,0.2581197177503481
1243.9687547302392,10.947741523091956,0.3072882244852199
1245.6891217991297,10.931023973174334,0.3010658829121999
1247.4094888680202,10.91433944837815,0.23509387400221793
1249.1298559369106,10.904296685574572,0.17745872872321936
1250.8502230058011,10.910168142779877,0.28268158352093875
1252.570590074692,10.916071939249765,0.3110660373369507
1254.2909571435825,10.92200826913957,0.2864496868072558
1256.011324212473,10.927977327654819,0.18915859303244373
1257.7316912813635,10.941801309729593,0.2462715107623996
1259.452058350254,10.960032548794386,0.3669025836571177
1261.1724254191445,10.978297766913098,0.4531414032715962
1262.892792488035,10.996597564767404,0.5223196684111926
1264.6131595569254,11.014932544136151,0.5805760039758403
1266.333526625816,11.033303307970975,0.6309497318887725
1268.0538936947064,11.051710460400397,0.6752133494158188
1269.7742607635969,11.070154606757514,0.7145086498683263
1271.4946278324874,11.088636353563933,0.7496221569176457
1273.2149949013778,11.10715630860544,0.7811223541294701
1274.9353619702683,11.125715080917537,0.8094351212204614
1276.6557290391588,11.144313280804477,0.8348883469769294
1278.3760961080493,11.162951519879746,0.8577398480604114
1280.0964631769398,11.18163041105356,0.8781956436294205
1281.8168302458303,11.200350568600808,0.8964223600425028
1283.5371973147207,11.219112608128057,0.9125559046003805
1285.2575643836112,11.237917146634196,0.9267076787660345
1286.9779314525017,11.25676480251102,0.9389691156048303
1288.6982985213922,11.275656195550619,0.9494150423747667
1290.4186655902827,11.294591947033558,0.9581061969084528
1292.1390326591732,11.313572679642528,0.9650911182050353
1293.8593997280636,11.332599017572495,0.9704075614877927
1295.5797667969546,11.351671586498195,0.9740835410689894
1297.300133865845,11.370791013649725,0.9761380719214996
1299.0205009347355,11.389957927746467,0.976581657555416
1300.740868003626,11.409172959107776,0.975416554186028
1302.4612350725165,11.42843673962686,0.9726368269864649
1304.181602141407,11.447749902796724,0.968228201746358
1305.9019692102975,11.467113083734935,0.9621677031447052
1307.622336279188,11.486526919197347,0.9544230577852483
1309.3427033480784,11.505992047627814,0.9449518246505139
1311.063070416969,11.525509109123414,0.9337001958032721
1312.7834374858594,11.545078745523297,0.9206013832871724
1314.5038045547499,11.56470160036889,0.9055734700553784
1316.2241716236404,11.584378318964639,0.8885165467962965
1317.9445386925308,11.604109548386088,0.8693088716296286
1319.6649057614213,11.62389593750452,0.8478016568797669
1321.3852728303118,11.643738136991079,0.8238118725727541
1323.1056398992023,11.663636799359043,0.7971120970060511
1324.8260069680928,11.683592578989257,0.7674158181178723
1326.5463740369833,11.703606132128797,0.7343554438932215
1328.2667411058737,11.723678116920976,0.6974480657961122
1329.9871081747642,11.743809193453712,0.6560394395135095
1331.7074752436547,11.764000023727482,0.6092063449344283
1333.4278423125452,11.784251271729682,0.555571672644073
1335.1482093814357,11.804563603422874,0.4929118244156379
1336.8685764503261,11.824937686786836,0.41716936404660815
1338.588943519217,11.845374191827544,0.31914800793266074
1340.3093105881076,11.865873973508,0.16256991811424445
1342.029677656998,11.910260100623727,0.23574289274090907
1343.7500447258885,11.962190632130596,0.29982000362029404
1345.470411794779,12.01418809890349,0.30344884617612916
1347.1907788636695,12.066254210888712,0.24928397956824533
1348.91114593256,12.11820523034904,0.13760820137633348
1350.6315130014505,12.168978211902422,0.2672685991211971
1352.351880070341,12.219798239124591,0.30745679970332507
1354.0722471392314,12.27069367310918,0.2925369133790069
1355.792614208122,12.321666187550889,0.2111298476048373
1357.5129812770124,12.400701132809818,0.19865532285162166
1359.2333483459029,12.513191009943917,0.2888380659989835
1360.9537154147934,12.6257659421359,0.3089921819875532
1362.6740824836838,12.738429631415634,0.27497589474427137
1364.3944495525743,12.851172775848164,0.15533079697529567
1366.1148166214648,12.959029975353374,0.24325270779207134
1367.8351836903553,13.06574971894954,0.30313699698573815
1369.5555507592458,13.172572688624355,0.3048277537323495
1371.2759178281362,13.279502397261705,0.24951107505451164
1372.9962848970267,13.363660137607727,0.15258485949187742
1374.7166519659172,13.328573715502168,0.2737953965954688
1376.4370190348077,13.29238933809853,0.3102724600133587
1378.1573861036982,13.256315639861224,0.29326224752005864
1379.8777531725887,13.220351434496404,0.21015186862656982
1381.5981202414796,13.246961591448636,0.20977245849976855
1383.31848731037,13.336501398114574,0.2931802048509812
1385.0388543792606,13.426153334578453,0.31040471334021674
1386.759221448151,13.515920349064702,0.2742174548736986
1388.4795885170415,13.603484738024003,0.15364177761602874
1390.199955585932,13.4476853997434,0.24954248601662554
1391.9203226548225,13.244545455528783,0.3048867200551626
1393.640689723713,13.041514617120663,0.3032574973369329
1395.3610567926034,12.838586207808287,0.24351368517867453
1397.081423861494,12.677848946018155,0.15477156152193808
1398.8017909303844,12.689424560891545,0.27491091181329125
1400.522157999275,12.701597665530215,0.3093658432791067
1402.2425250681654,12.713862021007568,0.28985443750168866
1403.9628921370559,12.726218030648358,0.2012450778223072
1405.6832592059463,12.582834498952785,0.21264519496284062
1407.4036262748368,12.30737604907327,0.29292363315149783
1409.1239933437273,12.031995885964045,0.30708144040458
1410.8443604126178,11.756684953687165,0.2659010434451905
1412.5647274815083,11.48677629623629,0.13257556954392255
1414.2850945503988,11.477755007304038,0.24691806471310965
1416.0054616192892,11.50816676221294,0.3022988765501944
1417.7258286881797,11.538630521718627,0.2991438006836365
1419.4461957570702,11.569147287613422,0.23510739937282124
1421.1665628259607,11.598066533138612,0.1555493496496504
1422.8869298948512,11.621698307531439,0.2747744294928705
1424.607296963742,11.645385623822765,0.3074800426520841
1426.3276640326326,11.669129457175499,0.28517200362378453
1428.048031101523,11.692930588416674,0.189305396285393
1429.7683981704135,11.511531755742885,0.21360690261833495
1431.488765239304,11.183737251160814,0.2922334175621009
1433.2091323081945,10.855984082227204,0.3043653394766814
1434.929499377085,10.528261470702788,0.25950439213483123
1436.6498664459755,10.20774726628039,0.11851803394209415
1438.370233514866,10.090192526409488,0.21550001768972488
1440.0906005837564,9.995910759858095,0.17540262023664024
1441.810967652647,9.824190176279776,0.20353726933914632
1443.5313347215374,9.607748777298568,0.20356911912326994
1445.251701790428,9.479230692398568,0.1467267595019972
1446.9720688593184,9.578380538534137,0.2183063655241472
1448.6924359282089,9.677518927803314,0.10014845795748394
1450.4128029970993,9.775681968872888,0.2201629503119655
1452.1331700659898,9.873821755142144,0.1660183004711027
1453.8535371348803,9.956112418707823,0.195922236964751
1455.5739042037708,10.028940774023585,0.20527092641375155
1457.2942712726613,10.015447426129779,0.17035632088745506
1459.0146383415517,9.825854023586892,0.2195105972371197
1460.7350054104422,9.649050987753654,0.11131128093678448
1462.4553724793327,9.706930703030354,0.21597339678155086
1464.1757395482232,9.78464926134388,0.16826771420704073
1465.8961066171137,9.747220688477924,0.2061037230896567
1467.6164736860046,9.654712173500123,0.20051551321232294
1469.336840754895,9.701532490307628,0.15563632906023817
1471.0572078237856,10.04291497451931,0.2184682377631771
1472.777574892676,10.375393656652308,0.10620161699046299
1474.4979419615665,10.34488604475348,0.22206742604346655
1476.218309030457,10.31439218269397,0.16107062552982326
1477.9386760993475,10.407586527585075,0.20085433435474107
1479.659043168238,10.562090040562955,0.20347006583398122
1481.3794102371285,10.52571245189715,0.1779447824666416
1483.099777306019,10.166326794619268,0.21856339454882773
1484.8201443749094,9.815023638202229,0.11099971086591358
1486.5405114438,9.567068503871416,0.21662727765845843
1488.2608785126904,9.325279564004283,0.15894038885588477
1489.9812455815809,9.213864169050039,0.20740062834159315
1491.7016126504714,9.153395623475374,0.19550166713047223
1493.4219797193618,9.25444805050396,0.16105006759921614
1495.1423467882523,9.6381908980117,0.216721739488576
1496.8627138571428,9.988644100481231,0.11657920605527089
1498.5830809260333,9.871658787419701,0.2216907222237756
1500.3034479949238,9.754671662008931,0.15084841972078372
1502.0238150638143,9.805038940360129,0.20255342731852483
1503.7441821327047,9.923383826190063,0.19844870974448284
1505.4645492015952,9.965360547542266,0.18140358224972108
1507.1849162704857,9.899226335522876,0.21684514467780153
1508.9052833393762,9.841461903861845,0.11398934364343632
1510.6256504082671,9.862024984878795,0.2183309801692836
1512.3460174771576,9.885690395560243,0.1546406663360895
1514.066384546048,9.689011298083749,0.21138296632464246
1515.7867516149386,9.4233014803513,0.19192897085275354
1517.507118683829,9.295197691185273,0.16809562610983675
1519.2274857527195,9.368301523785759,0.21495577170237057
1520.94785282161,9.42244534468695,0.12744204993109515
1522.6682198905005,9.321693250079583,0.2670891118638759
1524.388586959391,9.2209212573663,0.3070496330698001
1526.1089540282815,9.120126052640668,0.2916730095842123
1527.829321097172,9.019304321242512,0.2090846352832679
1529.5496881660624,8.955660071094883,0.19643133454452408
1531.270055234953,8.93628631017657,0.2875258241752777
1532.9904223038434,8.916879976968984,0.30747429640186047
1534.7107893727339,8.897440433267528,0.27238733569813195
1536.4311564416244,8.877967039827858,0.14707711029090026
1538.1515235105148,8.909605445785743,0.23963794528712093
1539.8718905794053,8.953680312893786,0.3006601215065715
1541.5922576482958,8.997723179711882,0.3019062664745807
1543.3126247171863,9.041735494595128,0.24429305927754918
1545.0329917860768,9.061137486110255,0.13669376865818297
1546.7533588549672,8.942818375012033,0.26940937193664566
1548.4737259238577,8.82446690642255,0.30694167129513905
1550.1940929927482,8.706079188321597,0.2891078891146273
1551.9144600616387,8.587651327515363,0.20171900587752603
1553.6348271305296,8.43616642978625,0.20135511597894662
1555.35519419942,8.251485189917405,0.28867194417104725
1557.0755612683106,8.066748857899999,0.30610436903496724
1558.795928337201,7.881951358643677,0.2676759734877847
1560.5162954060916,7.697086615044256,0.13107332696786433
1562.236662474982,7.740984459109489,0.24153625876073595
1563.9570295438725,7.826309592094458,0.3003677281074203
1565.677396612763,7.911565650938327,0.2993292581478515
1567.3977636816535,7.996755439301318,0.23763707720147048
1569.118130750544,8.044746788283376,0.14198888179687452
1570.8384978194345,7.938387326350662,0.2704693681901488
1572.558864888325,7.8319624759895845,0.3059474094627909
1574.2792319572154,7.7254687373735145,0.2855064750399265
1575.999599026106,7.61890260844601,0.19204811532927785
1577.7199660949964,7.556731187754817,0.20448671764463208
1579.4403331638869,7.532136287236632,0.2892802126113847
1581.1607002327773,7.507462638617239,0.30488377834307606
1582.8810673016678,7.482709430506136,0.26387358316809767
1584.6014343705583,7.457875848882972,0.11707015846224486
1586.3218014394488,7.676816608272008,0.24513977310093688
1588.0421685083393,7.926131777182071,0.3014288950254529
1589.7625355772298,8.175381154630797,0.2986114961410085
1591.4829026461202,8.424572937234545,0.23456689150674523
1593.2032697150107,8.617398625958653,0.1548323645999795
1594.9236367839012,8.62837356839387,0.2745010143479566
1596.6440038527921,8.639305812750713,0.3072781840615154
1598.3643709216826,8.650195718546534,0.2849259484119583
1600.084737990573,8.661043643884915,0.18877978355746924
1601.8051050594636,8.7082694285036,0.21345147385520646
1603.525472128354,8.781397100374392,0.2928268598606098
1605.2458391972445,8.854487106366657,0.3060804013592317
1606.966206266135,8.92754185008737,0.2633922978099579
1608.6865733350255,9.000563733946267,0.11320443213867633
1610.406940403916,8.988998085176632,0.25210973896050315
1612.1273074728065,8.97118457432916,0.303905715549389
1613.847674541697,8.95333963881544,0.29825763938870486
1615.5680416105874,8.935462691809139,0.23098848375247621
1617.288408679478,8.92063224627332,0.17117192796019828
1619.0087757483684,8.913725231898132,0.3234167731758856
1620.729142817259,8.906784903301196,0.42028149656383473
1622.4495098861494,8.899811032245983,0.4954025499622163
1624.1698769550399,8.892803389394626,0.5576458625661807
1625.8902440239303,8.885761744298943,0.6109671209555531
1627.6106110928208,8.878685865397477,0.6575466733991396
1629.3309781617113,8.871575519991328,0.698739647410474
1631.0513452306018,8.864430474262742,0.7354567108713577
1632.7717122994923,8.857250493234258,0.7683443178286793
1634.4920793683827,8.85003534079853,0.7978802240821021
1636.2124464372732,8.842784779677583,0.8244284337688421
1637.9328135061637,8.83549857144787,0.848272849647601
1639.6531805750546,8.828176476488446,0.8696389213968673
1641.3735476439451,8.82081825401641,0.8887081349558527
1643.0939147128356,8.813423662054323,0.9056280277667581
1644.814281781726,8.805992457422594,0.9205192957461273
1646.5346488506166,8.798524395752555,0.9334809444956748
1648.255015919507,8.791019231453683,0.9445940850105864
1649.9753829883975,8.783476717711942,0.953924763488207
1651.695750057288,8.77589660649516,0.961526084311049
1653.4161171261785,8.76827864852977,0.9674398017070636
1655.136484195069,8.760622593287325,0.9716975004043507
1656.8568512639595,8.752928189018736,0.9743214479582117
1658.57721833285,8.745195182668022,0.9753251747960209
1660.2975854017404,8.737423319950418,0.9747138183219175
1662.017952470631,8.729612345273308,0.9724842519243216
1663.7383195395214,8.721762001782938,0.9686250065703409
1665.4586866084119,8.713872031300811,0.9631159803238489
1667.1790536773024,8.705942174387635,0.9559279182943896
1668.8994207461928,8.69797217025594,0.9470216307424189
1670.6197878150833,8.68996175680181,0.9363468985962475
1672.3401548839738,8.681910670619919,0.9238409909964931
1674.0605219528643,8.673818646929998,0.9094266850000345
1675.7808890217548,8.665685419640695,0.8930096274462153
1677.5012560906453,8.65751072127637,0.8744748036325107
1679.2216231595357,8.649294283012729,0.8536817606715215
1680.9419902284262,8.641035834658483,0.8304580464258984
1682.6623572973172,8.632735104619504,0.8045900151194451
1684.3827243662076,8.624391819932473,0.775809616814294
1686.1030914350981,8.616005706218,0.7437748255221868
1687.8234585039886,8.6075764877127,0.7080395311275602
1689.543825572879,8.599103887208432,0.6680050124689395
1691.2641926417696,8.590587626088809,0.6228369783981059
1692.98455971066,8.582027424284057,0.571312456574524
1694.7049267795505,8.573423000291024,0.5115062729838992
1696.425293848441,8.564774071163537,0.44004501575439275
1698.1456609173315,8.556080352468697,0.349845428826005
1699.866027986222,8.547341558314397,0.2188285168017237
1701.5863950551125,8.55126734024429,0.172548343584121
1703.306762124003,8.5743148102072,0.2780853207819812
1705.0271291928934,8.597317804349917,0.3025849624369675
1706.747496261784,8.62027707914382,0.26917177377091167
1708.4678633306744,8.643193389601898,0.1414789225777442
1710.1882303995649,8.623506746573412,0.22359598269748673
1711.9085974684554,8.589303272480613,0.29321433121775375
1713.6289645373458,8.55505581546758,0.2976398913466302
1715.3493316062363,8.520763249301096,0.24049966758855998
1717.0696986751268,8.509082962812517,0.10817786229223886
1718.7900657440173,8.665142105177841,0.2573370004720967
1720.5104328129078,8.825556052165084,0.30152694948492176
1722.2307998817982,8.985933785460299,0.2870119667121269
1723.9511669506887,9.146280579125555,0.20147781864768483
1725.6715340195797,9.157606535781483,0.18302964996951895
1727.3919010884701,8.980219257088205,0.28142616321034647
1729.1122681573606,8.802800850841193,0.30277428625875585
1730.832635226251,8.625345482600494,0.266301037447619
1732.5530022951416,8.448057038331854,0.13064622871974696
1734.273369364032,8.447248295387771,0.22828096537657722
1735.9937364329226,8.493997175313968,0.29447924927700453
1737.714103501813,8.540698938155256,0.2965629194615045
1739.4344705707035,8.587355119720332,0.23623499314915075
1741.154837639594,8.624604890194073,0.11475366649229848
1742.8752047084845,8.608500352769406,0.2605790396551457
1744.595571777375,8.59162735652343,0.3016967268251985
1746.3159388462655,8.574710453787128,0.28427008241173923
1748.036305915156,8.557749088251565,0.1930434847559157
1749.7566729840464,8.560317962258914,0.1878683649651033
1751.477040052937,8.583733006984472,0.28276421662817286
1753.1974071218274,8.607103885610895,0.30218794890943906
1754.9177741907179,8.63043136669675,0.2634044037442017
1756.6381412596083,8.653091247968941,0.12230925730630458
1758.3585083284988,8.581697546548622,0.2333031714988112
1760.0788753973893,8.49029533558912,0.2957786426004057
1761.7992424662798,8.398845885809214,0.29521674214411775
1763.5196095351703,8.307346189883024,0.23115813725669296
1765.2399766040608,8.214782401492936,0.12146825690969995
1766.9603436729512,8.117665804850596,0.2631118247647756
1768.6807107418422,8.020467292621435,0.3013040631435722
1770.4010778107327,7.92320609117778,0.2807487131894629
1772.1214448796231,7.825879002051678,0.18257426706478486
1773.8418119485136,7.814126681720473,0.1911938002760102
1775.562179017404,7.879404898335789,0.2833389130328866
1777.2825460862946,7.944615786863411,0.3008059357662429
1779.002913155185,8.00976149178007,0.25916447573794993
1780.7232802240756,8.071475967674353,0.11133250834342752
1782.443647292966,7.925296587320827,0.2365333948610709
1784.1640143618565,7.744680820114892,0.2960142372797494
1785.884381430747,7.563993294386158,0.2927502833825895
1787.6047484996375,7.383228068186726,0.22401494000447053
1789.325115568528,7.248245001710062,0.12590780082662167
1791.0454826374184,7.274128255474342,0.2645019516880272
1792.765849706309,7.300010430343466,0.30069430587177953
1794.4862167751994,7.325806223597782,0.277777910506085
1796.20658384409,7.351516483544126,0.17375282617883425
1797.9269509129804,7.4090034508431,0.18304287826168042
1799.6473179818709,7.490564975182116,0.20323746480753585
1801.3676850507613,7.502182638139828,0.15138362577487938
1803.0880521196518,7.326344393333645,0.21576559000295084
1804.8084191885423,7.162074312325438,0.09630409223371646
1806.5287862574328,7.389530422426592,0.20878000120383122
1808.2491533263233,7.666495436005666,0.16963447796731398
1809.9695203952137,7.865437426320986,0.19706494615393597
1811.6898874641047,8.016352871587385,0.2011617604478668
1813.4102545329952,8.17055135042141,0.13750465238066717
1815.1306216018857,8.334031184673039,0.21606676930530275
1816.8509886707761,8.49745864132643,0.09628697364425993
1818.5713557396666,8.654419845216887,0.21754207912485551
1820.291722808557,8.811117392987098,0.16429684285860485
1822.0120898774476,8.999207600441906,0.19179059065992066
1823.732456946338,9.207254352668285,0.20472322172942278
1825.4528240152285,9.276616060245152,0.16605530653599476
1827.173191084119,9.043158302322695,0.21849184984085743
1828.8935581530095,8.827699652247038,0.10650135598728512
1830.6139252219,8.99290800306183,0.21400169734983385
1832.3342922907905,9.194033316207534,0.16832327615701542
1834.054659359681,9.097924651664261,0.20338881868117678
1835.7750264285714,8.849771697579028,0.19892182546225576
1837.495393497462,8.743054796807712,0.14773493823170034
1839.2157605663524,8.956731053992728,0.21644284477721423
1840.9361276352429,9.16719391615788,0.09234282795756113
1842.6564947041334,9.031470945872371,0.2191129046974286
1844.3768617730238,8.89571853345931,0.15661316780577997
1846.0972288419143,8.769949313828775,0.19506190498060064
1847.8175959108048,8.649446800616987,0.20019279553662783
1849.5379629796953,8.491424797251721,0.16978075906634751
1851.2583300485862,8.265739706143357,0.21551787968803174
1852.9786971174767,8.057449023932293,0.09850222837905737
1854.6990641863672,8.100758926188977,0.21334145075122612
1856.4194312552577,8.161090646508821,0.1576471448526597
1858.1397983241482,8.155181285650702,0.20418634470969982
1859.8601653930386,8.121402292329623,0.19407853712982231
1861.5805324619291,8.225721445692201,0.15424664224541793
1863.3008995308196,8.587935607971113,0.2150016750059961
1865.02126659971,8.93454585354649,0.10526554972939524
1866.7416336686006,8.995220856700115,0.21971341559602023
1868.462000737491,9.055865225635216,0.15006935282842507
1870.1823678063815,8.94268317744963,0.19919073856414068
1871.902734875272,8.753661972549619,0.19640891531443608
1873.6231019441625,8.626018207298413,0.1750954243966431
1875.343469013053,8.590794543240039,0.21461307108490385
1877.0638360819435,8.547358788276206,0.10374588006880425
1878.784203150834,8.418970443798328,0.21517691030986424
1880.5045702197244,8.286612407752644,0.150769166277356
1882.224937288615,8.293839326727214,0.23180894119999246
1883.9453043575054,8.348400594591693,0.29804222865259317
1885.6656714263959,8.402909957394058,0.3025668346253798
1887.3860384952868,8.457369207700072,0.24877359336008803
1889.1064055641773,8.497277804306467,0.11833508668591286
1890.8267726330678,8.397571583392258,0.2644289821035715
1892.5471397019583,8.297815074422187,0.3056644500019742
1894.2675067708487,8.198004996876634,0.29074128240719943
1895.9878738397392,8.098138068484191,0.20789595407359887
1897.7082409086297,8.057301596392726,0.19047890564936035
1899.4286079775202,8.091113313192652,0.285215575716336
1901.1489750464107,8.124864663983413,0.3065561683521244
1902.8693421153012,8.158556758684949,0.2723419796514416
1904.5897091841916,8.192190705274191,0.1480733865942771
1906.3100762530821,8.193061186983206,0.2368841846972748
1908.0304433219726,8.185135018519153,0.2994635882155039
1909.750810390863,8.177151575976412,0.3014358159699164
1911.4711774597536,8.169110596808984,0.24427362587711987
1913.191544528644,8.157429046467161,0.1291571978132457
1914.9119115975345,8.123050766530412,0.26717623585261746
1916.632278666425,8.088613170854298,0.3060522363107038
1918.3526457353155,8.054115126953116,0.28903114741777425
1920.073012804206,8.019555500347565,0.2024719909029719
1921.7933798730965,7.981740123391347,0.19775415224522885
1923.513746941987,7.940458560913091,0.28744159954684884
1925.2341140108774,7.899111678110671,0.3060566192382808
1926.954481079768,7.857698115280659,0.26879750946100334
1928.6748481486584,7.816216510531211,0.13551456176026802
1930.3952152175493,7.89926224638346,0.2402837298709634
1932.1155822864398,8.007464042134188,0.30016027273402174
1933.8359493553303,8.115602721051435,0.29999264572561224
1935.5563164242208,8.22368183930356,0.23965486035625244
1937.2766834931112,8.288374521273395,0.13942432610321986
1938.9970505620017,8.15447608734145,0.26984032340956926
1940.7174176308922,8.020519371101143,0.30610716873852206
1942.4377846997827,7.886499967357656,0.2865401999343531
1944.1581517686732,7.752413468841589,0.19499573588003075
1945.8785188375637,7.725798828567969,0.20295720503274065
1947.5988859064541,7.795771696868755,0.28902811531395256
1949.3192529753446,7.865674486785686,0.30560277355215865
1951.039620044235,7.935509497087273,0.2660081480132894
1952.7599871131256,8.005279024314127,0.12504444453237576
1954.480354182016,8.066062626345323,0.24490779945788727
1956.2007212509066,8.125500487543245,0.3014937805352945
1957.921088319797,8.184879113560115,0.2990028011699168
1959.6414553886875,8.244200457081403,0.23556773906776593
1961.361822457578,8.286403049212478,0.15023114502996296
1963.0821895264685,8.268633956935819,0.2730348598845118
1964.802556595359,8.250810336455281,0.3068172300835183
1966.5229236642494,8.232931601643163,0.2851987159441606
1968.24329073314,8.214997164547128,0.19013373154508528
1969.9636578020304,8.264956712164928,0.21058051721638457
1971.684024870921,8.36629779661326,0.2917510512025476
1973.4043919398118,8.467587564552993,0.30588070212888996
1975.1247590087023,8.568829346932054,0.26396637889365676
1976.8451260775928,8.670026473103894,0.11602271235915727
1978.5654931464833,8.68500241533843,0.28021306824533354
1980.2858602153738,8.692103025194907,0.39413930767103966
1982.0062272842642,8.699163032733564,0.48093255935816803
1983.7265943531547,8.706182670115725,0.5535163526701866
1985.4469614220452,8.713162168187813,0.6169346388793432
1987.1673284909357,8.720101756479606,0.6737877103943383
1988.8876955598262,8.727001663187231,0.7256270360972487
1990.6080626287167,8.733862115230426,0.7734675441398725
1992.3284296976071,8.740683338205239,0.8180169017221985
1994.0487967664976,8.74746555643118,0.8597922718825249
1995.769163835388,8.754208992949396,0.8991854978919838
1997.4895309042786,8.760913869512091,0.9365021050580904
1999.209897973169,8.767580406615156,0.9719859366825052
2000.9302650420595,8.77420882348376,1.0058354103415745
2002.65063211095,8.780799338104034,1.0382146377537065
2004.3709991798405,8.787352167196978,1.069261264253259
2006.091366248731,8.793867526263382,1.0990921394735051
2007.8117333176215,8.800345629554869,1.127807511126664
2009.532100386512,8.806786690107238,1.1554941869844737
2011.2524674554024,8.813190919739053,1.1822279597234733
2012.972834524293,8.819558529051179,1.2080754946657326
2014.6932015931834,8.825889727445153,1.233095819251032
2016.4135686620743,8.832184723123614,1.2573415125258376
2018.1339357309648,8.838443723098333,1.2808596654711166
2019.8543027998553,8.844666933202866,1.303692664023056
2021.5746698687458,8.850854558083281,1.3258788333065323
2023.2950369376363,8.857006801219882,1.3474529720757185
2025.0154040065268,8.863123864942757,1.3684467994507985
2026.7357710754172,8.869205950393374,1.3888893309665922
2028.4561381443077,8.875253257601216,1.4088071971750813
2030.1765052131982,8.881265985419834,1.4282249152048143
2031.8968722820887,8.887244331585944,1.447165121521533
2033.6172393509792,8.893188492699537,1.4656487724770437
2035.3376064198696,8.89909866423513,1.4836953179492673
2037.0579734887601,8.904975040543903,1.5013228523730544
2038.7783405576506,8.910817814878895,1.5185482466708844
2040.498707626541,8.916627179380496,1.5353872639656245
2042.2190746954316,8.922403325085272,1.5518546614562154
2043.939441764322,8.928146441951515,1.5679642804340834
2045.6598088332125,8.933856718839154,1.5837291260918556
2047.380175902103,8.939534343528553,1.5991614385102257
2049.1005429709935,8.945179502731579,1.6142727559914236
2050.820910039884,8.950792382094903,1.6290739717287097
2052.5412771087745,8.956373166194885,1.6435753846533134
2054.261644177665,8.961922038558596,1.6577867451772037
2055.9820112465554,8.967439181661549,1.6717172964473768
2057.702378315446,8.97292477693575,1.685375811641267
2059.422745384337,8.978379004778708,1.6987706277603654
2061.1431124532273,8.983802044549451,1.711909676317932
2062.863479522118,8.989194074590232,1.7248005112646894
2064.5838465910083,8.994555272219765,1.7374503344521606
2066.304213659899,8.999885813732751,1.7498660188954984
2068.0245807287893,9.005185874439368,1.7620541300653707
2069.7449477976797,9.010455628623909,1.774020945410455
2071.46531486657,9.015695249585608,1.7857724722882602
2073.1856819354607,9.02090490963392,1.7973144644610968
2074.906049004351,9.02608478008737,1.8086524372960873
2076.6264160732417,9.031235031283247,1.819791681792413
2078.346783142132,9.03635583259295,1.8307372775453348
2080.0671502110226,9.04144735241807,1.8414941047446254
2081.787517279913,9.046509758186637,1.8520668552945658
2083.5078843488036,9.051543216384493,1.8624600431334646
2085.228251417694,9.056547892533608,1.8726780138226358
2086.9486184865846,9.061523951214827,1.8827249534675703
2088.668985555475,9.066471556068299,1.8926048970277822
2090.3893526243655,9.071390869796003,1.9023217360662357
2092.109719693256,9.076282054169186,1.9118792259842476
2093.8300867621465,9.081145270042429,1.921280992783441
2095.550453831037,9.085980677333096,1.930530539392335
2097.2708208999275,9.090788435062912,1.9396312515916951
2098.991187968818,9.095568701335074,1.9485864035696105
2100.7115550377084,9.100321633344691,1.9573991631345058
2102.4319221065994,9.105047387399322,1.9660725966117334
2104.15228917549,9.109746118901397,1.9746096734471563
2105.8726562443803,9.114417982376676,1.9830132705391361
2107.593023313271,9.11906313144974,1.9912861763184442
2109.3133903821613,9.123681718885171,1.9994310945940101
2111.0337574510518,9.128273896566055,2.007450648180923
2112.7541245199423,9.132839815506609,2.015347382325752
2114.4744915888327,9.13737962585466,2.0231237679430003
2116.194858657723,9.14189347690984,2.030782204675459
2117.9152257266137,9.146381517102427,2.038325023790149
2119.635592795504,9.150843894030503,2.0457544909206806
2121.3559598643947,9.155280754436577,2.0530728086659904
2123.076326933285,9.159692244228506,2.060282119054668
2124.7966940021756,9.164078508477969,2.0673845058833877
2126.517061071066,9.168439691427896,2.074381996937336
2128.2374281399566,9.172775936500681,2.081276566099926
2129.957795208847,9.177087386291067,2.0880701353585702
2131.6781622777376,9.18137418258256,2.0947645767128
2133.398529346628,9.185636466352271,2.101361713990565
2135.1188964155185,9.189874377756738,2.1078633245781364
2136.839263484409,9.19408805617128,2.1142711410686648
2138.5596305532995,9.198277640154519,2.120586852834086
2140.27999762219,9.202443267488725,2.1268121075247697
2142.0003646910804,9.206585075159092,2.1329485125009837
2143.720731759971,9.210703199368929,2.1389976361999885
2145.441098828862,9.21479777554335,2.1449610094423313
2147.1614658977524,9.218868938333902,2.1508401266806567
2148.881832966643,9.2229168216245,2.1566364471941677
2150.6022000355333,9.22694155852879,2.1623513962316316
2152.322567104424,9.230943281400831,2.1679863661056724
2154.0429341733143,9.234922121836581,2.1735427172409056
2155.7633012422048,9.238878210685852,2.1790217791783255
2157.4836683110952,9.242811678039075,2.1844248515381812
2159.2040353799857,9.24672265325649,2.189753204943477
2160.924402448876,9.250611264945551,2.195008081906066
2162.6447695177667,9.25447764098561,2.200190697677229
2164.365136586657,9.258321908526243,2.205302241064479
2166.0855036555477,9.26214419398264,2.210343875216257
2167.805870724438,9.265944623056866,2.2153167383760795
2169.5262377933286,9.269723320722022,2.2202219446076077
2171.246604862219,9.27348041124397,2.2250605844920237
2172.9669719311096,9.277216018174409,2.229833725799022
2174.687339,9.280930264360325,2.2345424141326564
