     -8.29053615
     -8.29053615
     -8.25948561
     -8.19321379
     -8.33713988
     -8.33713988
     -8.33713988
     -8.44220155
     -8.47225249
     -8.47225249
     -8.48839203
    -10.26985418
     -8.41015110
     -8.58123327
     -9.13327896
     -9.13327896
     -8.50790044
     -8.54176570
     -8.60925018
     -8.02505358
     -8.02505358
     -8.13646032
     -8.11595536
     -8.11483676
     -8.11483676
     -8.05572067
     -8.28228514
     -8.31537628
     -8.14771693
     -8.96460383
     -9.74893904
     -9.27116594
     -9.38549627
     -9.38549627
     -8.88271425
     -8.15513484
     -8.15513484
     -8.15025641
     -8.32654437
     -8.21998918
     -8.24317708
     -8.18942776
     -8.10170930
     -8.10170930
     -8.29896865
     -8.30797494
     -8.30797494
     -8.40055330
     -8.35476320
     -8.32012381
     -8.28250881
     -8.28250881
     -8.28250881
     -8.28250881
     -8.23862923
     -8.22848589
     -8.38913987
     -8.22809212
     -8.22809212
     -8.00446272
     -8.33521836
     -8.29954290
     -8.29954290
    -10.18382266
    -10.18382266
     -9.54690349
     -9.54690349
     -8.88680007
     -8.88680007
     -8.88680007
     -9.19848354
     -9.19848354
     -9.19848354
     -8.32006718
     -8.51955097
     -8.16985533
     -8.20001215
     -8.25347392
     -8.25347392
     -8.25275593
     -8.23645722
     -8.01316245
     -8.02040098
     -8.02587834
     -8.04541007
     -8.05352395
     -8.06656419
     -8.18887289
     -8.18887289
     -8.37677897
     -8.29251516
     -8.20337613
     -8.20337613
     -8.45573830
     -8.45573830
     -8.52207456
     -9.06935726
     -9.06935726
     -8.18557427
     -8.16164171
     -8.13260320
     -8.32096179
     -8.09234052
     -8.03544031
     -8.11156161
     -8.11156161
     -8.11156161
     -8.14940404
     -8.14940404
     -8.11248802
     -8.11248802
     -8.11248802
     -8.11120279
     -8.11120279
     -8.12591968
     -8.57459748
     -9.15017808
     -8.88099329
     -8.43800046
     -8.94270836
     -8.94270836
    -10.63225458
    -10.23770788
    -10.04773297
    -10.49617173
    -10.49617173
    -10.49617173
    -10.13824720
    -13.01235690
    -13.01235690
    -13.01235690
    -13.01235690
    -13.01235690
    -13.08592157
    -13.08592157
    -13.08592157
     -9.59403509
     -9.39964411
     -8.77639645
     -9.12711281
     -9.12711281
     -8.76686702
     -8.25507001
     -8.27560609
     -8.27560609
     -8.23185936
     -8.52410963
     -8.62733122
     -9.38210659
     -9.34353920
     -9.34353920
     -9.32278502
     -8.42284899
     -8.32263283
     -8.81015450
     -9.77374176
     -8.74913830
     -8.07425306
     -8.30075245
     -8.35379106
     -8.35379106
     -8.06701715
     -8.07935595
     -8.01779073
     -8.27446485
     -8.27446485
     -8.95457547
     -9.17753359
     -8.81089006
     -9.24384402
     -9.16929997
     -9.16929997
     -9.08841795
     -9.08841795
     -8.77745519
     -8.79271752
     -8.79271752
     -8.79271752
     -8.79271752
     -8.79271752
     -8.79271752
     -8.68835706
     -8.11427679
     -8.11260336
     -8.96384221
     -8.50614392
     -9.20826997
     -8.98209575
     -8.48927360
     -8.06434307
     -8.06434307
     -8.14705077
     -8.14705077
     -8.14705077
     -8.01457960
     -8.05256103
     -8.05256103
     -8.31351328
     -8.28506075
     -8.28506075
     -8.63176656
     -8.84997624
    -10.17506242
     -8.79377752
     -9.07581902
     -9.06005951
     -8.36657189
     -8.67513192
     -8.73219958
     -8.73219958
     -8.63270487
     -8.29601061
     -8.35475434
     -8.23186836
     -8.23186836
     -9.05729899
     -9.05729899
     -8.81487399
     -8.81487399
     -8.81487399
     -8.81487399
     -8.07452778
     -8.07452778
     -8.13945528
     -8.11225421
     -8.04912787
     -8.06121409
     -8.06101334
     -8.78601261
     -8.43500499
     -8.04105494
     -8.11605146
     -8.11605146
     -8.15380117
     -8.07226341
     -8.36044739
     -8.28910730
     -8.29044192
     -8.29293478
     -8.35399957
     -8.35396193
     -8.45305858
     -8.45305858
     -9.22154930
     -8.83668029
     -9.74432102
     -9.98525312
     -9.98525312
     -8.16984730
     -8.17117747
     -8.17672306
     -8.17672306
     -8.80701128
     -8.31158256
     -8.31158256
     -8.20999154
     -9.77091177
     -9.77091177
     -8.06374312
     -8.79210068
     -8.79210068
     -9.25845496
     -9.17177460
     -9.17177460
     -9.17177460
     -9.97783904
     -9.97783904
    -10.01805308
     -9.63419152
     -9.44845191
     -9.45738639
    -10.46222772
     -9.75872688
     -9.75872688
     -9.75872688
     -9.75872688
    -10.03247782
    -10.08374942
    -12.97223742
    -11.33502431
    -11.33502431
    -11.33502431
    -13.77215549
    -13.77215549
    -13.77215549
    -12.85849304
    -12.68151553
    -12.68151553
    -12.83345584
    -12.32256922
    -12.62389512
    -12.62389512
    -12.70341305
    -12.70341305
    -12.53697167
    -12.53697167
    -11.32386557
    -11.32386557
    -13.29708039
    -14.18039257
     -9.71078719
     -9.52157776
     -9.52157776
     -9.53889665
     -9.54682990
     -9.54021273
     -9.76898717
     -9.83663771
     -9.61246234
     -9.51810596
     -9.38518426
     -9.63400601
     -8.78931179
     -8.13203061
     -8.12365842
     -8.12365842
     -8.19464675
     -8.19472797
     -8.20322156
     -8.24279867
     -8.20248187
     -8.14566579
     -8.52495792
     -8.80217318
     -8.89276782
    -10.24752070
    -10.24752070
    -10.24752070
    -10.24752070
    -10.24752070
     -9.59499678
     -9.59499678
     -9.59499678
     -8.51963883
     -8.55037291
     -8.55037291
     -8.55037291
     -8.45105955
     -8.45105955
     -9.36260408
     -8.16885841
     -8.31084187
     -8.20721702
     -8.20721702
     -8.17453115
     -8.16111019
     -8.01935029
     -8.02068099
     -8.12756289
     -8.62723155
     -8.69328592
     -9.13292896
     -8.81552649
     -8.81552649
     -9.01358652
     -8.74280826
     -8.20317336
     -8.37666592
     -8.37666592
     -8.48184489
     -8.30232904
     -8.30459271
     -8.04489789
     -8.04134447
     -8.03684330
     -8.03083964
     -8.02285600
     -8.18534019
     -8.18534019
     -8.18433133
     -8.23869497
     -8.53998666
     -8.83773469
     -8.83773469
     -9.05443089
     -9.06541490
    -10.21759512
     -8.80086357
    -10.38954268
    -10.38954268
     -8.38778932
     -8.22772475
     -8.22772475
     -8.26177801
     -8.26043623
     -8.14669572
     -8.12903529
     -8.12903529
     -8.09052872
     -8.60580218
     -8.52309559
     -8.66029886
     -8.66029886
     -8.79021317
     -8.79021317
     -8.23883041
     -8.45543315
     -8.45543315
     -8.45543315
     -9.09931172
     -8.83792261
     -9.86201351
    -10.74601395
    -11.69030571
    -11.15578339
    -10.83714356
    -10.83714356
    -10.22444900
     -9.93660079
     -9.93660079
     -8.42307813
     -8.41303232
     -8.43569899
     -8.43569899
     -8.85680595
     -8.46332309
     -8.42782446
     -8.26723861
     -8.26723861
     -8.41580154
     -8.50721761
     -8.63998336
     -8.63998336
     -8.63904933
     -8.55421243
     -8.55032755
     -8.54821575
    -10.53942205
    -10.53942205
    -11.69113953
     -9.97625816
     -8.82271968
     -8.85966778
     -8.85966778
     -9.16325463
     -9.81694724
     -9.81694724
     -9.81694724
     -8.70147960
     -8.70510382
     -8.74921065
     -8.85345995
     -9.92860879
     -8.75170212
     -8.30057776
     -8.20762072
     -8.27907085
     -8.52066166
     -8.52066166
     -9.19935976
    -10.54427826
    -10.57060206
     -9.80223849
    -11.54543730
    -11.54543730
    -11.54543730
    -11.62496074
    -11.62496074
    -12.80170022
    -12.80170022
    -12.80170022
    -12.80170022
    -13.15279883
    -12.02078591
    -12.31478217
    -13.14521411
    -13.14521411
    -12.10742664
    -11.62091715
    -11.62091715
     -9.32973856
     -9.77256620
     -8.74562068
     -8.74562068
     -8.18298740
     -8.29986487
     -8.29986487
     -8.29986487
     -8.34883169
     -8.34883169
     -8.34883169
     -8.34883169
     -8.33018836
     -9.32582289
     -9.73310570
    -11.07030580
    -11.07030580
    -11.07030580
    -11.07030580
    -10.46091286
    -10.46091286
    -10.46091286
    -10.46091286
    -10.46091286
    -10.46091286
    -11.93439201
    -11.32504387
    -11.32504387
     -9.19525287
     -8.59419765
     -8.11602192
     -8.12519337
     -8.12964719
     -8.24333734
     -8.59303977
     -8.47795102
     -8.64819674
     -8.64819674
     -8.13244096
     -8.25789642
     -8.36427685
     -8.13993355
     -8.48017075
     -8.23710221
     -8.23710221
     -8.07159553
     -8.02409127
     -8.15119874
     -8.02526710
     -8.55075641
     -8.24365234
     -8.69816406
     -8.68792243
     -8.39244464
     -8.34989815
     -8.35855040
     -8.39469130
     -8.29285525
     -8.25696628
     -8.23216195
     -8.42170353
     -8.57182220
     -8.70118112
     -8.18930739
     -8.30213310
     -8.30213310
     -9.60933914
     -9.63915638
     -9.63915638
     -9.63915638
     -8.18890991
     -8.18890991
     -8.20122539
     -8.12935582
     -8.12817368
     -8.07602017
     -8.49114569
     -8.49114569
     -9.12524498
     -9.12524498
     -9.12524498
     -9.12524498
     -9.13124686
     -9.13124686
     -8.22696313
     -8.23033803
     -8.23033803
     -8.23033803
     -8.54731836
     -8.45310377
     -8.45310377
     -8.10314804
     -8.27642020
     -9.00087421
     -8.56736491
     -8.35035721
     -8.35035721
     -8.35035721
     -8.92060660
     -8.93178802
     -8.93178802
     -8.15542437
     -8.86656217
     -8.11850340
     -8.06800118
     -8.06428575
     -8.03412415
     -8.01329447
     -8.06786400
     -8.44478916
     -8.51978454
     -8.44661855
     -8.44661855
     -8.44661855
     -8.73427853
     -8.20185337
     -8.20185337
     -8.19258081
     -8.04530011
     -8.77124768
     -9.30271184
     -8.73698056
     -8.73698056
     -8.73698056
     -8.73698056
     -8.73698056
     -8.00968312
     -8.00968312
     -8.00968312
     -8.00968312
     -8.35162331
     -8.21110680
     -8.21110680
     -8.18548775
     -8.18455359
     -8.45203104
     -8.45203104
     -8.04886942
     -8.15213628
     -8.10413823
     -8.10413823
     -8.11433957
     -8.11433957
     -8.37033132
     -8.60248022
     -8.68369057
     -9.20520363
     -9.20520363
     -8.94746460
     -8.93708395
     -8.93708395
     -8.59107213
     -9.56415537
     -8.48529232
     -8.47124006
     -8.46388522
     -8.47487561
     -8.49240179
     -8.16460385
     -8.39074762
     -8.38428155
     -8.43289924
     -8.22700783
     -8.22700783
     -8.13690232
    -11.14409814
    -11.14409814
    -11.14409814
    -11.14409814
     -9.36399277
     -9.36399277
     -9.51576927
     -9.82129579
     -9.82129579
     -9.82129579
     -9.82129579
     -9.82129579
     -9.82129579
     -9.24257100
     -9.24257100
     -9.24257100
     -9.52223214
     -9.52223214
     -9.52223214
     -9.40079641
    -10.46253718
    -10.23216576
    -11.11820371
    -10.31372425
    -10.31372425
     -9.63574821
     -9.53436086
     -9.29431162
     -9.47815255
     -9.91765083
     -9.43553181
     -9.61819455
     -9.61819455
     -8.21098560
     -8.17074655
     -8.83167226
     -8.84522146
     -8.84522146
     -8.84522146
     -8.22933118
     -8.66947138
     -8.42939082
     -8.19884411
     -8.19884411
     -8.19884411
     -8.19884411
     -8.22084105
     -8.36202681
     -8.36202681
     -8.32830791
     -8.32830791
     -8.28424120
     -8.20406693
     -8.03712311
     -8.05189135
     -8.05189135
     -8.11863539
     -8.11566877
     -8.61388796
     -8.61388796
     -8.61388796
     -8.58613078
     -8.23347235
     -8.95374633
     -8.35338748
    -10.64545591
    -10.64545591
     -9.50931830
     -9.34396658
     -9.34396658
     -9.58684775
     -8.31858658
     -9.26803641
     -9.43705562
     -9.43705562
     -9.11759540
     -8.33836586
     -8.28291121
     -8.39778600
     -8.39778600
     -8.32575106
     -8.26395822
     -8.26395822
     -8.30615012
     -8.24125352
     -8.17718429
     -8.11450682
     -8.08040070
     -8.08040070
     -8.08040070
     -8.06384422
     -8.77029783
     -8.17596947
     -8.17596947
     -8.12162074
     -8.12162074
     -8.16000812
     -8.07404900
     -8.15879114
     -8.81404446
     -8.81404446
     -8.47474274
     -8.47474274
     -8.26462877
     -8.26462877
     -8.26462877
     -8.28020685
     -8.21382821
     -8.28504866
     -8.28504866
     -8.11539889
     -8.28276316
     -8.28276316
     -8.28276316
     -8.15138312
     -8.15138312
     -8.12884199
     -8.74560699
     -8.93843752
     -8.93843752
     -8.93843752
     -8.93843752
     -8.39689390
     -8.32215168
     -8.06164489
     -8.01821417
     -8.52562470
     -8.32435747
     -8.35403046
     -8.35403046
     -8.40678139
     -8.57209740
     -8.86604415
     -8.95790404
     -9.01181071
     -9.01181071
     -9.01181071
    -10.17986120
     -8.95716995
     -8.06045131
     -8.09725129
     -8.32048802
     -8.00631497
     -8.00631497
     -8.00631497
     -8.05104794
     -8.05104794
     -8.07267377
     -8.06871722
     -8.05902247
     -8.05902247
     -8.05902247
     -8.16496936
     -8.15056364
     -8.06934830
     -8.12547647
     -8.07959812
     -8.11548601
     -8.17621815
     -9.00898554
     -8.21335258
     -8.08755147
     -8.08206066
     -8.72416157
     -8.72416157
     -8.66232348
     -8.66232348
     -8.57663065
     -8.60270857
     -9.55378080
     -8.45658622
     -9.29299713
     -9.68847903
     -9.68847903
     -9.68847903
     -9.68847903
     -8.75831319
     -8.75831319
     -8.33926756
     -8.01564600
     -8.03500062
     -8.02914911
     -8.03124235
     -8.03124235
     -8.28185261
     -8.04228549
     -8.06176313
     -8.59341172
     -8.59341172
     -8.48448232
     -8.26106992
     -8.86018107
     -8.88252654
     -8.50091005
     -9.63703058
    -10.42835355
    -10.42835355
    -10.42835355
     -9.80381614
    -10.08031894
     -9.80085706
     -9.80085706
    -10.77647497
    -10.77647497
    -10.32506672
    -10.32506672
     -9.36262682
     -9.43245698
     -9.47117911
     -9.12824994
     -9.12824994
     -9.12824994
     -9.12824994
     -9.12824994
     -9.12824994
     -8.66576362
     -8.46363804
     -8.68150933
     -8.68150933
     -8.68150933
     -8.61247030
     -8.64895071
     -9.51081348
     -9.25006637
     -9.25006637
     -9.25006637
     -8.78241598
     -8.78241598
     -8.99347547
     -9.25088321
     -8.82563568
     -9.51897753
     -9.51897753
     -9.51897753
     -9.08442679
     -9.08442679
     -9.08442679
     -8.76702134
    -10.09689154
    -10.05196557
    -10.05196557
     -8.76126933
     -9.80738016
     -9.71118417
     -9.14845091
     -9.13669367
     -9.13669367
     -9.40368144
     -8.65458669
     -8.98151990
     -8.98151990
     -8.86576888
     -8.81714787
     -8.86121289
     -8.86121289
     -8.86121289
     -8.61975118
     -8.58811888
     -8.39298813
     -8.00845914
     -8.00845914
     -8.00845914
     -8.02353119
     -8.04272629
     -8.04166104
     -8.42467161
     -8.33421621
     -8.52428011
     -8.93848277
     -8.93848277
     -8.93848277
     -8.21677662
     -8.44117432
     -8.44117432
     -8.98056460
     -8.98056460
     -8.98056460
     -8.98056460
     -9.75420430
     -9.22863400
     -9.02390666
     -9.02390666
     -9.07431805
     -9.32069264
     -9.32069264
     -9.85301666
     -9.85301666
     -9.82686882
     -9.29791036
     -8.10839743
     -9.39443675
     -8.14376935
     -8.14524603
     -8.11451010
     -8.11451010
     -8.11451010
     -8.10185209
     -8.18854663
     -8.74457870
     -9.59558945
     -9.59558945
     -9.59558945
     -9.59558945
     -9.38263677
     -8.82173784
     -9.00536956
     -9.00536956
     -9.00536956
     -9.55161309
    -10.66580809
     -9.38238094
     -9.38238094
     -9.07483846
     -8.64331353
     -8.83734106
     -8.83734106
    -10.06272400
     -9.72237829
     -9.72237829
     -9.72237829
     -9.52088243
    -10.15254991
    -10.15254991
    -10.21552994
    -10.58745794
    -12.19648233
    -12.19648233
    -12.19648233
    -12.19648233
    -11.63706292
    -11.63706292
    -11.76717288
    -11.76717288
    -11.76717288
     -9.75684819
    -10.94026521
     -9.62993898
     -9.62993898
    -10.33776715
    -10.62000944
    -10.62000944
    -10.62000944
    -10.62000944
    -12.33254547
    -11.74585048
    -11.74585048
    -12.21858981
    -12.21858981
    -11.68870248
    -11.68870248
    -11.68870248
    -11.16573996
    -11.16573996
    -10.87728870
    -10.30084307
    -10.07500697
    -10.03162108
     -9.60009296
     -9.60009296
    -10.02878166
    -10.02878166
     -9.37062867
    -10.03851556
     -9.12060782
     -9.12060782
     -8.16652587
     -8.36176513
     -8.53902087
     -8.53902087
     -8.53902087
     -8.53902087
     -8.56803664
     -8.07562762
     -8.07562762
     -8.25781644
     -8.25781644
     -8.70550864
     -8.70550864
     -9.30119075
     -8.33024439
     -8.33024439
     -8.02453005
     -8.01885852
     -8.03194305
     -8.03728385
     -8.00474181
     -8.03653539
     -8.03653539
     -8.16173384
     -8.30145299
     -8.39115543
     -8.07043429
     -8.20670474
     -8.17922227
     -8.17922227
     -8.59184159
     -8.59184159
     -8.70658797
     -8.67913389
     -8.67913389
     -8.23588646
     -8.24635933
     -8.39197749
     -8.39197749
     -8.12380452
     -8.07383509
     -8.10793602
     -8.10793602
     -8.79406098
     -9.69961055
     -9.29179916
    -10.02664695
    -10.21447916
    -11.57826253
     -9.33089908
     -9.60263294
     -9.15872555
     -8.77620286
     -9.48483710
    -10.73778399
    -10.73778399
    -10.82376817
    -10.20374825
    -10.04593467
    -10.63599203
    -12.15876285
    -12.15876285
    -10.99109243
    -10.99109243
     -9.93301168
    -10.32922806
    -11.06709865
    -10.45513066
     -9.02720401
     -9.02720401
     -8.74651480
     -8.73473259
     -8.65380450
     -8.49264090
     -8.37118504
     -8.36562930
     -8.36562930
     -9.56023786
     -9.56023786
     -9.56023786
     -9.56023786
     -9.34798322
     -9.34798322
     -9.34798322
     -9.20461851
     -9.27873224
     -9.27873224
     -9.44028299
    -10.22731329
    -10.22731329
     -9.52382716
     -9.52382716
     -9.75084940
     -9.75084940
    -10.12298099
    -10.27871444
    -10.63038079
    -10.63038079
    -10.63038079
     -8.60239381
    -11.26406530
    -11.26406530
    -11.26406530
    -11.92134345
    -11.92134345
    -11.92134345
    -11.92134345
    -11.92134345
    -11.92134345
    -11.92134345
    -10.76386743
    -10.92022461
    -11.88979573
    -11.21861937
    -10.77385316
    -10.12520092
    -10.83539926
    -10.83539926
    -11.62225610
    -11.03037192
    -11.73725903
    -11.83826426
    -11.76116265
    -11.76116265
     -9.89577312
     -8.87094283
     -8.87094283
    -10.46137959
    -10.24496796
    -10.24709624
    -10.24709624
    -10.24709624
     -8.36953769
     -8.68513768
     -8.66868217
     -8.66868217
     -8.73463346
     -8.55971550
     -8.43138647
     -8.51963719
     -9.71520155
     -9.02600559
     -9.02600559
     -9.02600559
     -9.02600559
     -9.52213736
    -10.41992436
    -10.15384329
    -10.34014485
    -10.19815639
    -10.89689189
    -10.89689189
    -10.89689189
    -10.96893383
    -10.96893383
    -11.02353963
    -11.02353963
    -11.30021738
    -10.65854033
    -11.12203405
    -13.57957550
    -13.57957550
    -13.57957550
    -13.57957550
    -13.57957550
    -13.57957550
    -13.03730721
    -11.52517665
    -13.31918083
    -13.31918083
    -13.26926683
    -13.08929894
    -13.08929894
    -13.08929894
    -13.08929894
    -13.08929894
    -13.08929894
    -13.08929894
    -13.08929894
    -13.08929894
    -13.08929894
    -13.08929894
    -11.66416879
    -11.66416879
    -11.66416879
    -11.46439714
    -12.87008901
    -11.12955860
    -11.23133715
    -11.23133715
    -11.30176410
    -10.98996157
    -10.98917802
    -10.98917802
    -11.24359652
    -11.24359652
    -11.62461854
    -11.62461854
    -11.75339454
    -12.28898393
     -9.30904555
     -9.54233864
     -9.13596124
     -9.11306432
     -9.11562090
     -8.70101207
     -8.16572455
     -8.16572455
     -8.38826363
     -8.60415011
     -9.60680420
     -8.51432114
     -8.60572034
     -8.70978130
     -8.36921954
     -8.48143597
     -9.48796928
     -8.77272432
     -8.84503129
     -9.39687335
     -8.75032128
     -8.65367618
     -8.69010349
     -8.69010349
     -8.69010349
     -8.20983943
     -8.20983943
     -8.69515628
     -9.07269636
     -9.54223883
    -11.40370260
    -12.68044345
    -12.68044345
    -10.96891308
     -9.14485247
     -8.49323999
     -8.36797012
     -8.36797012
     -8.05706028
     -8.06838227
     -8.02877448
     -8.04602729
     -8.46898105
     -8.32225708
     -8.15901572
     -8.15901572
     -8.04265317
     -8.03880187
     -8.03880187
     -8.12209695
     -8.31074435
     -8.87824436
     -8.87824436
     -8.61580662
     -8.91741342
    -10.42303816
    -10.44900586
    -10.44900586
    -10.44900586
     -8.33370381
     -8.38804251
     -8.32432424
     -8.27094806
     -8.26781786
     -8.63890578
     -8.63890578
     -8.15078205
     -8.15078205
    -10.62026827
    -10.90225883
    -10.90225883
     -8.63120280
     -8.52744352
     -9.68351557
     -9.68351557
     -9.68351557
     -9.68351557
     -9.46493047
     -9.46493047
     -9.46493047
     -9.46493047
     -9.29071092
     -9.03864063
     -9.91379102
     -8.72839915
     -8.73057876
     -8.73771129
     -8.79565909
     -8.92006069
     -8.92006069
     -9.91915447
     -8.53084096
     -9.50228803
     -9.03271205
     -8.38583091
     -8.49295682
     -9.04723132
     -8.73083764
     -8.51992068
     -8.34218881
     -9.03971949
     -8.74041752
     -8.74041752
     -8.74041752
     -8.69472926
     -8.69665836
     -8.69665836
     -8.70137605
     -9.35816296
     -9.35816296
     -9.35816296
     -9.35816296
     -9.35816296
     -9.96246134
     -9.96246134
     -9.96246134
     -9.96246134
     -8.47375101
     -9.02030171
     -8.89805139
     -8.91160667
     -8.44325255
     -8.37071454
     -8.37071454
     -8.06432334
     -8.04228077
     -8.04330891
     -8.04334516
     -8.02506234
     -8.11004007
     -8.11004007
     -8.27569091
     -8.18546123
     -8.17133605
     -8.10212923
     -8.00732500
     -8.00732500
     -8.12961230
     -8.08897139
     -8.06001446
     -8.10443466
     -8.47819448
     -8.47819448
     -8.35674334
     -8.34014033
     -8.94190537
     -8.94190537
     -9.04611573
     -8.53091660
     -8.53091660
     -8.53091660
     -8.76583352
     -8.76583352
     -9.36072700
     -9.06445159
     -8.41140311
     -9.53407330
     -9.53407330
     -9.53407330
     -9.53407330
     -9.89405741
    -11.27294729
     -9.06918878
     -9.06918878
     -8.93346942
     -8.97768816
     -9.33820989
     -9.16720875
     -8.91976487
    -10.33755326
     -9.98489242
    -10.70038366
    -11.17202518
     -9.13699440
     -9.22753712
     -9.22753712
    -10.61790307
    -10.61790307
    -10.61790307
     -9.32933075
     -9.32933075
    -10.31289538
    -10.46882891
     -9.68449009
     -9.76306590
    -10.52779200
     -9.60461202
    -10.19226268
    -11.07506873
    -10.81484049
    -10.17519360
    -10.87936912
    -10.87936912
    -12.25623390
    -12.25623390
    -12.25623390
    -12.19503904
    -12.19503904
    -12.19503904
     -9.99557787
     -8.11371820
     -8.07750538
     -8.15044604
     -8.57815186
     -9.34175541
     -8.47529238
     -8.93635769
     -8.31209468
     -8.31209468
     -8.62843722
     -8.33622769
     -8.53326667
     -8.83199280
     -8.41115117
     -8.80181840
     -8.07986949
     -8.07986949
     -8.08617430
     -8.08617430
     -8.66744509
     -8.75975302
     -8.77820471
     -8.38337629
     -8.09771991
     -8.09771991
     -8.09771991
     -8.06479296
     -8.25776329
     -8.27589682
     -8.82392946
     -8.82392946
     -8.65975634
     -8.57690735
     -9.04513273
     -9.04513273
     -8.67907255
     -8.72715528
     -8.72715528
     -8.72715528
     -8.72598887
     -8.66420711
     -8.02208925
     -8.02208925
     -8.02117522
     -8.13049398
     -8.12199237
     -8.12199237
     -8.12199237
     -8.20506333
     -8.22513741
     -8.75602073
     -8.82890033
     -8.82890033
     -8.82890033
     -8.98938618
     -8.98815176
     -8.98815176
     -9.09099630
     -8.58206983
     -8.01175220
     -8.11469606
     -8.23070269
     -8.23070269
     -8.23070269
     -8.42197213
     -8.35072813
     -8.35072813
     -8.53644729
     -8.53644729
     -8.51440265
     -8.69597648
     -8.69597648
     -8.69597648
     -8.69597648
     -8.08973801
     -8.08973801
     -8.24637960
     -8.01370064
     -8.39751549
     -8.39751549
     -8.64703212
     -9.34721721
     -8.30513637
     -8.04788740
     -8.05301036
     -8.03732745
     -8.09504341
     -9.12888588
     -9.25753447
     -9.25753447
     -9.25753447
     -8.82321030
     -8.38073896
     -8.09783615
     -8.12573064
     -8.12815025
     -8.12815025
     -8.12815025
     -8.30532532
     -8.25892670
     -9.48987017
     -9.48987017
     -9.28363287
     -9.28363287
     -9.28363287
     -9.50501550
    -11.75184295
     -9.30464954
     -9.70785694
     -9.30413462
    -11.14096121
    -11.14096121
    -11.14096121
    -10.51324851
    -11.32387298
     -9.72586100
     -9.69366313
     -9.69366313
     -8.84932427
     -8.84932427
     -8.84932427
     -8.81027422
    -10.45884634
    -10.45884634
    -10.27995468
    -10.27995468
    -10.27995468
    -14.21869868
    -10.41760343
    -10.41760343
    -10.32333690
    -10.08175842
    -10.93335667
    -10.93335667
     -9.21410493
     -9.02684038
     -9.02684038
     -8.67799901
     -8.98336760
     -9.65528366
     -9.07190703
     -8.82083264
     -8.78335668
     -8.97743365
     -8.97743365
     -8.67582182
     -8.35485032
     -8.41383423
     -8.43204487
     -9.39450526
     -9.44131444
     -9.00641844
     -8.74472080
     -8.62894807
     -8.85792241
     -8.37219069
     -8.37219069
     -8.25202386
     -8.87394326
     -9.22729359
     -9.22729359
     -9.22729359
    -10.26257858
    -10.26257858
    -10.26257858
    -10.26257858
    -10.26257858
     -9.63045938
     -9.63045938
    -10.65657268
    -10.76860282
    -10.76860282
    -10.76860282
    -10.23559847
    -10.23559847
    -10.50971508
    -10.85631902
     -9.83481938
     -9.83481938
     -9.91671680
     -9.91671680
     -9.64474246
     -9.39601761
     -9.92759899
    -10.45180422
     -9.40787101
     -9.40787101
     -9.82766622
    -10.07260600
     -8.46465011
     -8.58779040
     -8.58779040
     -8.52253527
     -8.24473714
     -8.24473714
     -8.36864130
    -10.53133648
    -10.43618785
    -10.43618785
    -10.43618785
     -8.34653185
     -8.96511799
     -8.35540846
     -8.35540846
     -8.35540846
     -8.48231979
     -8.48231979
     -9.33214975
     -8.56457580
     -8.56457580
     -8.56457580
     -8.56457580
     -8.55173712
     -8.53403288
     -9.23493078
     -9.23493078
     -8.79835299
     -8.91562793
     -8.91562793
     -8.60790208
     -8.86321048
     -8.86321048
    -10.29354603
     -8.69376470
     -8.69376470
     -8.47401510
     -8.34910730
     -8.46631737
     -8.23009644
     -8.34188597
     -8.33563711
     -8.17232177
     -8.17232177
     -8.17232177
     -8.25606791
     -8.25606791
     -8.05208664
     -8.05208664
     -8.64648998
     -8.04185919
     -8.06797709
     -8.06059596
     -8.05842347
     -8.18673360
     -8.19738043
     -8.03911882
     -8.08899319
     -8.19841554
     -8.09161099
     -8.02309764
     -9.25292894
     -9.25292894
     -9.25292894
     -8.70096200
     -8.92119371
     -8.90163178
     -8.45844525
     -8.45743107
     -8.21022226
     -8.77652774
     -8.77652774
     -8.77652774
     -8.15374771
     -8.40710135
     -8.44322285
     -8.92872899
     -8.92872899
     -8.92872899
     -8.92872899
     -8.78711613
     -8.53424450
     -8.34468127
     -8.30559157
     -8.01202125
     -8.36600874
     -8.31996244
     -8.39761571
     -8.63338160
     -8.86050029
     -9.22033096
     -9.65109966
     -9.40513220
     -8.40711233
     -8.67206862
     -8.67206862
     -8.96362012
     -8.94719354
     -8.06431006
     -8.06431006
     -8.17549092
     -8.05637023
     -8.12681248
     -8.08534946
     -8.10849409
     -8.10849409
     -8.16096002
     -8.16096002
     -8.15761537
     -8.11768529
     -8.11768529
     -8.24477158
     -8.23076625
     -8.35479418
     -8.14088317
     -8.49829705
     -8.58943058
     -9.04391729
     -9.24055147
     -8.74259058
     -8.74259058
     -8.74259058
     -9.65586816
     -8.97000562
     -8.57297256
     -8.57297256
     -8.70752463
     -9.62918874
     -8.34562647
     -8.34562647
     -9.04339429
     -9.44017477
    -11.17676477
    -11.31015527
    -11.35004800
    -11.00069701
    -11.00069701
    -11.31724246
    -11.31724246
    -11.31724246
    -10.87562641
     -9.68272468
    -10.04603663
     -9.52550979
     -8.97253545
     -9.10334903
     -9.34315801
     -9.36224210
     -8.73307084
     -9.32040345
     -9.36887586
     -9.36887586
     -9.36887586
     -8.72843055
     -8.72843055
     -8.72843055
     -8.72843055
     -8.36122884
     -8.36122884
     -8.36335665
     -8.36335665
     -8.39466084
     -8.38882211
     -8.33854551
     -8.31475934
     -8.28458369
     -8.28458369
     -8.28991546
     -9.56079937
     -8.15256350
     -9.81598852
     -9.81598852
    -10.83111072
    -10.83111072
    -11.29137217
     -9.79186837
     -8.94730877
     -8.94730877
     -8.94730877
     -9.33400239
     -8.74260220
     -8.23786821
     -8.23786821
     -8.23786821
     -8.23786821
     -8.02785926
     -8.17285142
     -8.22321033
     -8.36016803
     -9.35181420
     -9.47378930
     -8.59332342
     -8.63024287
     -8.63024287
     -8.63024287
     -8.63024287
     -8.63024287
     -9.57996832
     -9.61458140
     -9.61458140
     -9.27281498
     -9.33294763
     -9.33485312
     -9.66764860
     -9.33449339
     -9.33449339
     -9.33449339
     -9.33449339
     -9.11556645
     -8.85697620
     -8.66332201
     -8.32326665
     -8.95421477
     -8.81727868
     -8.81727868
     -8.81727868
     -8.83803653
     -8.83803653
     -8.63707728
     -8.63707728
     -8.63707728
     -8.23623333
     -9.11456468
     -8.48772717
     -8.30096219
     -8.23988557
     -8.27515600
     -8.27515600
     -8.27515600
     -8.20327000
     -8.26033605
     -8.07719886
     -8.11512453
     -8.48210287
     -8.31036819
     -8.12226223
     -8.46466425
     -8.77466988
     -8.77466988
     -8.77466988
     -8.70487209
     -9.44345886
     -9.44345886
     -9.44345886
     -9.85805492
     -9.86054953
     -8.99129534
    -10.19908533
     -9.72962626
    -10.06668260
     -9.56121069
     -9.79339516
     -9.36907551
     -9.32367971
     -9.96592315
    -10.12044377
    -10.12044377
     -9.30273440
     -9.08696003
     -9.08696003
     -9.08696003
     -9.60255672
     -9.29398305
     -9.36224040
     -9.36224040
     -9.36224040
     -9.49962766
     -9.88191015
     -9.91589802
    -11.04324332
    -11.21490075
    -11.21490075
    -10.74990894
    -10.74990894
     -9.33090001
     -9.33090001
     -9.31624492
     -9.01833959
     -9.24059163
     -8.96207910
     -9.04646491
     -8.02623529
     -8.02730384
     -8.02730384
     -8.32440938
     -8.35232718
     -8.36762525
     -8.80514426
     -9.41120812
     -9.41120812
     -9.02662021
    -13.74640832
    -13.74640832
    -13.74640832
    -13.74640832
    -10.43358127
     -8.92419886
     -9.26077131
     -8.45987330
     -8.13595651
     -8.13595651
     -8.20026073
     -8.20026073
     -8.72196152
     -8.72196152
     -8.72196152
    -10.58417672
    -10.58417672
    -10.58417672
     -8.73537820
     -8.74565079
     -9.19740945
     -8.16476089
     -8.57116536
     -8.57116536
     -8.16640778
     -8.61422090
     -8.61422090
     -9.64889784
     -9.41018683
     -9.34129258
    -11.70244656
    -11.70244656
    -11.70244656
    -10.88524206
     -8.92101005
     -8.89115046
     -8.88802878
     -9.01440699
     -8.55888660
     -8.68228110
     -8.93675198
     -8.96590736
     -9.92102297
     -9.65354319
     -9.37053435
     -9.37053435
     -9.98972488
     -9.98972488
     -9.19587412
    -10.04349151
     -9.54957936
     -9.41071915
    -10.86438251
    -10.86438251
    -10.33250372
    -11.88946149
    -12.06006908
    -10.32321106
    -10.32321106
    -10.71869344
    -10.71869344
    -10.71869344
    -11.06968224
     -9.23851055
     -9.79723430
    -10.00495442
     -9.97110631
    -10.10669330
    -10.10669330
    -10.10669330
    -10.74482839
    -11.65121535
    -11.65121535
    -11.46233630
    -11.46233630
    -11.46233630
    -10.15182616
    -11.00666238
    -11.00666238
    -11.00666238
    -11.01095555
    -10.54683019
    -12.04466350
    -12.04466350
    -12.04466350
    -12.04466350
    -12.04466350
    -12.04466350
    -11.65652613
     -9.70176324
    -10.77796860
    -10.35300392
     -9.99800733
    -10.19124598
    -11.23444276
    -11.15086781
    -10.34132977
    -10.11624802
    -10.13194922
     -9.61370763
    -10.47973421
    -10.59335589
    -10.57436507
    -10.57436507
    -10.57436507
    -10.57436507
    -10.78882632
     -9.46830465
     -9.31330365
     -9.24474048
     -9.79758510
    -10.84132578
    -10.84132578
    -10.84132578
    -12.40347125
    -11.56178040
    -11.55404852
    -10.20173561
    -10.09895654
     -8.45948728
     -8.24931495
     -8.24931495
     -8.26676899
     -8.26676899
     -8.26676899
     -8.26676899
     -8.26937676
     -8.29367955
     -8.41540200
     -8.27638941
     -8.27638941
     -8.14176920
     -8.20853799
     -8.58332683
     -8.64739612
     -8.55132190
     -9.01315699
     -8.81463713
     -8.75644916
     -8.75644916
     -8.68982910
     -8.43572533
     -8.58914553
     -8.08683514
     -8.09391400
     -8.14157489
     -8.09442956
     -8.09442956
     -8.10846310
     -8.09986144
     -8.06760147
     -8.05811213
     -8.06737353
     -9.18722318
     -9.18722318
     -9.18722318
     -9.08580933
     -9.03004527
     -9.03004527
     -9.03004527
     -8.80812361
     -8.80812361
     -8.80812361
     -8.80812361
     -9.79389462
     -9.79389462
     -9.79389462
     -8.63132053
     -8.63132053
     -8.54291925
     -8.42843833
     -9.50929326
     -8.75026193
     -8.57245500
     -8.39807908
     -8.55396787
     -8.55396787
     -8.33231685
     -8.33905316
     -8.34235239
     -8.32115490
     -8.35350014
     -8.71919861
     -8.40348573
     -8.84476470
     -8.78680015
     -9.95764998
     -9.95764998
     -9.95764998
    -10.91786714
    -10.91786714
    -11.69476484
    -10.73280729
     -9.86611411
     -9.00301422
     -9.00301422
     -8.76540438
     -8.86214700
     -8.86214700
     -8.86214700
     -8.89781954
     -8.89781954
     -8.89781954
     -8.89781954
     -8.89781954
     -8.89781954
     -8.89781954
     -8.89781954
     -8.80657015
     -8.80657015
     -8.75848321
    -10.38667829
    -10.38667829
     -9.55685735
     -9.83608419
     -8.23093863
     -8.23093863
     -8.37398095
     -8.84516843
     -8.84516843
     -8.46452962
     -9.56036932
     -9.57940126
     -9.58299331
     -8.96294465
     -8.96294465
     -8.31428379
     -8.38023126
     -8.75118134
     -8.26369547
     -8.09139336
     -8.05745003
     -8.04127518
     -8.15191751
     -8.43126989
     -8.47273311
     -8.47273311
     -8.46960754
     -8.46866337
     -8.46866337
     -9.12163444
     -8.72777294
     -8.11930371
     -8.10712813
     -8.35208709
     -8.48854001
     -8.34326007
     -8.33910017
     -8.34379851
     -8.35363548
     -8.43633287
     -8.43633287
     -8.43633287
     -8.45979469
     -8.60835639
     -9.05227319
     -9.82840019
    -10.22834289
     -8.82745297
     -8.30634808
     -8.36621174
     -8.65149102
     -8.43112163
     -8.08770344
     -8.08770344
     -8.89819880
    -12.50541706
    -12.50541706
    -12.50541706
    -12.66062308
    -12.66062308
    -12.66062308
    -10.35490559
     -8.34140306
     -8.34140306
     -8.24401373
     -8.24401373
     -8.02729178
     -8.04883087
     -8.04427822
     -8.23126138
     -8.19660187
     -8.62404713
     -8.62404713
     -8.62404713
     -8.70138063
     -8.39848104
     -8.30821009
     -8.30821009
     -8.30821009
     -8.34174522
     -8.38049169
     -8.38049169
     -8.43651567
     -8.68443201
     -8.73266771
     -9.52974050
     -9.52974050
     -9.04217178
     -9.04217178
     -9.04217178
     -9.94386190
    -10.72855468
     -9.70774908
     -9.70774908
     -9.70774908
     -9.42192773
     -9.02388822
     -8.79329236
     -8.81289491
     -8.81289491
     -9.37726940
    -10.77734429
    -10.77734429
    -10.77734429
    -10.77734429
     -9.04775192
     -9.04775192
    -10.17802978
    -10.17802978
     -8.72354587
     -8.13898087
     -8.42201739
     -8.10846670
     -8.17731264
     -8.45288122
     -8.45288122
     -8.65199391
     -8.84186975
     -8.44587328
     -8.44587328
     -8.46326192
     -8.16022430
     -8.02225768
     -8.04220179
     -8.02590571
     -8.11840700
     -8.03482798
     -8.04540656
     -8.02710603
     -8.01801451
     -8.00310906
     -8.00138025
     -8.07576748
     -8.07664650
     -8.07874999
     -8.01555170
     -8.17235583
     -8.03548551
     -8.03548551
     -8.03548551
     -8.03548551
     -8.06893447
     -8.06893447
     -8.01550747
     -8.36626311
     -8.96076198
     -8.96106950
    -10.82441451
    -11.70405489
    -11.70405489
    -11.70405489
    -11.70405489
    -11.70405489
    -11.70405489
    -11.94968417
     -9.37258455
     -9.37258455
     -9.37258455
     -8.51096299
     -8.30829161
     -8.73159100
     -8.63643498
     -8.63643498
     -8.63643498
     -8.16511458
     -8.12683528
     -8.20606189
     -8.58031101
     -9.22871860
     -9.60941156
     -9.64772595
     -9.45785961
     -9.54355679
    -10.35430370
    -10.35430370
    -10.35430370
    -12.17314533
    -12.17314533
    -12.17314533
    -12.17314533
    -10.08147765
    -10.08147765
     -9.92407573
     -9.08143231
     -8.32180700
     -8.55603098
     -8.26392648
     -9.39524401
    -11.00517680
     -9.94467463
    -10.91443490
     -9.69563237
    -10.98104814
    -10.98104814
    -10.98104814
    -11.31898606
    -12.19009188
    -12.19009188
    -11.56704205
    -11.56704205
     -9.70703713
     -9.14630718
     -8.76733966
     -8.53993946
     -8.68949691
     -8.56150964
     -8.67416626
     -8.69001177
     -8.56254388
     -9.70624218
     -9.70624218
    -10.25126146
    -10.25126146
    -10.25126146
    -10.25126146
    -10.25126146
    -11.52586377
     -9.72740191
     -9.48740443
     -9.48740443
     -9.48740443
     -9.68069911
     -8.16059704
     -8.04057447
     -8.04649062
     -8.04649062
     -8.26275059
     -8.10148089
     -8.10148089
     -8.10148089
     -8.18015248
     -8.49588780
     -9.84727984
    -10.87575452
     -9.24840747
     -9.24840747
     -9.24840747
     -9.24840747
    -10.14962720
    -10.14962720
    -10.33917824
    -10.33917824
     -8.68735439
     -8.19447688
     -8.21824242
     -8.23811215
    -10.04548979
     -9.90477205
    -10.48201633
     -9.29399174
     -9.07681613
     -9.07681613
     -9.69073017
     -9.49513300
     -9.47475061
     -9.49083600
    -10.13661662
    -10.13661662
    -10.13661662
    -10.56236166
    -10.56236166
    -10.56236166
    -10.56236166
    -10.56236166
     -9.68123172
     -9.68123172
     -9.79956389
     -9.18167730
     -9.74288196
     -9.17729552
     -9.17729552
     -9.17729552
    -11.79614146
    -11.57764486
    -11.57764486
    -10.99348467
    -10.99348467
     -9.68785285
     -9.68785285
    -10.05018645
    -10.05018645
    -10.05018645
     -9.72845417
     -9.72845417
     -9.71596745
     -9.71596745
     -9.86403492
     -8.99159523
     -9.03621317
     -9.03621317
     -8.02537087
     -8.10243497
     -8.10243497
     -8.08236919
     -8.07315030
     -8.05456724
     -8.10264708
     -8.10264708
     -9.00174163
     -9.31950959
     -9.31950959
     -9.31950959
     -9.31950959
     -8.46445904
     -8.46445904
     -8.46445904
     -8.34306394
     -8.40571587
     -8.42355832
     -9.25062945
     -9.25062945
     -9.23720137
     -9.20286751
     -8.79139495
     -8.79139495
     -8.49990248
     -8.49990248
     -8.49990248
     -8.49990248
     -9.98655317
    -10.29090239
    -10.78906609
    -11.58312644
    -10.64053908
     -9.29760355
     -9.64346018
     -9.69199037
    -10.84326587
    -10.18544430
    -10.78777972
    -11.00502703
    -11.11311583
    -11.11311583
    -11.06697648
    -11.06697648
    -11.06697648
    -10.93023354
    -10.93023354
    -10.54550194
    -10.54550194
    -11.93900965
    -10.95664303
    -10.95664303
    -10.95664303
     -9.81855659
     -9.60825943
     -9.60825943
     -9.44676249
     -9.44676249
     -9.44676249
     -9.44676249
     -8.73925606
     -8.65651211
     -8.77884752
     -9.51063519
     -8.39117415
     -8.39117415
     -9.11141038
     -9.28467480
     -9.28467480
     -9.07633441
     -9.13634184
     -9.38911382
     -9.29416571
    -10.25144013
    -10.14303817
     -8.81275311
     -8.76979605
    -11.16294609
    -10.35158647
    -10.35158647
    -10.45641461
    -10.60943934
     -9.88263170
     -9.66907885
     -9.66907885
     -9.66907885
     -9.66907885
     -9.66907885
     -8.69136729
     -8.58236342
     -8.23732477
     -8.23732477
     -8.09589717
     -8.36308330
     -8.32775574
     -8.34882932
     -8.17287418
     -8.17287418
     -8.28618520
     -8.28618520
     -8.28618520
     -8.28618520
     -8.18223885
     -8.18223885
     -8.18223885
     -8.20030927
     -9.61083654
     -9.61083654
     -9.61083654
     -9.94482299
    -10.13607284
    -10.29381866
    -10.07878445
    -10.07878445
     -9.60188203
     -9.60188203
     -9.60188203
     -9.55996421
     -8.35010709
     -8.35010709
     -8.14655040
     -8.15235102
    -10.12127035
    -10.12127035
    -10.12127035
     -9.92461581
     -9.00797114
     -9.72257057
     -9.36871068
     -8.61181119
     -8.48579718
     -8.87068428
     -8.36213208
     -8.36213208
     -8.36765336
     -8.36765336
     -8.34770703
     -8.92267774
     -9.15719843
     -9.10544101
     -9.35281693
     -9.35281693
     -9.37096124
     -9.91021560
    -11.02805505
    -10.62396292
    -11.69808636
    -11.69808636
     -9.57915602
     -9.07158813
     -9.12248483
     -8.41575219
     -8.41575219
     -8.21966388
     -8.21178875
     -8.44640741
     -8.51690686
     -8.13127485
     -8.63752909
     -9.41053157
     -9.41053157
     -9.41053157
    -11.45542462
     -9.96023241
     -9.96023241
     -9.96023241
     -9.96023241
     -9.96023241
     -9.96023241
     -9.96023241
     -8.32471669
     -8.32471669
     -8.17527792
     -8.17527792
     -8.17527792
     -9.35966944
     -9.73909899
     -9.73909899
     -8.48266963
     -8.48266963
     -8.33526816
     -8.22980315
     -8.08253968
     -8.38747894
     -8.38747894
     -8.00429867
     -8.00429867
     -8.03564999
     -8.19726875
     -8.19726875
     -8.32228913
     -8.32228913
     -8.32228913
     -8.14652365
     -8.16235241
     -9.24698428
     -8.53304093
     -8.53304093
     -9.31663541
     -8.37003598
     -8.67671137
     -8.51573490
     -9.26354085
     -9.17550538
     -9.38188641
     -9.82358672
     -9.12980644
     -8.81174440
     -8.25600770
     -8.46147198
     -9.35991804
     -9.35991804
     -9.30195042
     -8.51426921
     -8.51426921
     -8.31015812
     -9.37901478
     -9.37901478
     -8.12815030
     -8.29388254
     -8.28268182
     -8.25924048
     -8.52834701
     -9.58456066
     -8.20076707
     -8.29070492
     -8.56437141
     -8.34035354
     -8.28915405
     -8.28915405
     -8.22425736
     -8.22425736
     -8.22474623
     -8.22474623
     -8.22474623
     -8.22474623
     -8.22602341
     -8.33940407
     -9.49195278
     -8.56951378
     -8.23035554
     -8.22692445
     -8.88990707
     -8.85278547
     -9.12491528
     -9.12491528
     -8.64484161
     -8.89608553
     -9.68354942
     -9.18686897
     -9.18686897
     -9.13080859
     -8.16115419
     -8.16115419
     -8.16272776
     -8.64352395
     -8.74736364
     -8.74736364
     -8.32663389
     -8.24451633
     -8.24451633
     -8.46004515
     -8.67010196
     -9.10130079
     -9.13021881
     -9.81161589
    -10.95508105
    -11.07563893
    -11.07563893
    -10.81673790
     -9.09712957
     -8.92875050
     -8.43354453
     -8.48900425
     -8.96218329
     -8.96218329
     -9.97700789
     -9.64390218
     -9.21529834
     -9.06716278
     -9.58555017
     -9.24595544
     -9.24595544
     -9.52268227
     -8.63145311
     -8.63662498
     -8.63239339
     -8.66622754
     -9.05672675
     -9.61126912
     -9.83198594
    -11.35761502
    -12.15985368
    -11.98324874
    -11.19048997
    -10.45777551
    -11.29939167
    -11.29939167
    -11.29939167
    -11.29939167
    -11.29939167
    -11.32065992
    -12.44108720
    -11.83303924
    -12.14826727
    -12.13543890
    -12.13543890
    -12.13543890
    -12.13543890
    -11.07550385
    -11.07550385
    -12.68248817
    -12.73093568
    -13.15401088
    -13.15401088
    -12.76358313
    -12.76358313
    -13.17901153
    -12.21609553
    -12.21609553
    -11.00341711
    -11.00341711
    -10.08387399
    -10.04902549
     -9.23106830
     -9.14099254
     -9.89661213
     -9.90052521
     -9.42492613
     -9.34872554
     -8.34822349
     -9.21451795
     -9.21451795
     -9.21451795
     -9.80851571
     -9.53549726
     -9.56413834
    -12.35457750
    -12.35457750
     -8.87366552
    -10.23794344
    -10.49071597
    -10.49071597
     -8.30696854
     -8.12810933
     -8.00141010
     -8.00141010
     -8.04109101
     -8.02931336
     -8.07933427
     -8.08904920
     -8.03938517
     -8.03938517
     -8.03938517
     -8.62332114
     -8.34819486
     -8.19108542
     -8.48807094
     -8.50280583
     -8.24177178
     -8.28923001
     -8.63067168
     -9.27560424
    -10.01740531
    -10.01740531
     -8.52166580
     -8.52166580
     -8.17886020
     -8.17886020
     -8.10660652
     -8.10660652
     -8.19324068
     -8.19324068
     -8.37492609
     -8.23234962
     -8.90020477
     -8.90020477
     -9.11102994
     -8.90302444
     -8.16202001
     -8.48957792
     -8.48957792
     -8.52525101
     -8.26986164
     -8.14929610
     -8.64868371
     -8.94384486
     -8.94384486
     -8.94384486
    -10.21400626
    -10.63184130
     -8.14397883
     -8.38907798
     -8.31770775
     -8.34076116
     -8.34076116
     -8.10064289
     -8.10064289
     -8.65519190
     -8.65519190
     -9.07591237
     -8.22628422
     -8.22628422
     -8.07887325
     -8.08404605
     -8.08404605
     -8.22786555
     -8.15223877
     -8.18033250
     -8.04204710
     -8.08400824
     -8.08400824
     -8.08400824
     -8.80136423
     -8.80136423
     -8.80136423
     -8.38548401
     -8.38548401
    -10.78890476
     -9.51520727
     -9.57513688
     -9.57513688
     -9.57513688
     -9.07295932
     -8.89552669
     -9.06713705
     -9.95291520
    -10.60537640
    -10.60537640
    -10.03102591
    -10.97020730
     -9.77694416
     -9.28702836
     -9.28702836
     -9.28702836
     -8.81567111
     -8.70843096
     -8.11589699
     -8.11589699
     -8.11589699
     -8.29604671
     -8.29086236
     -8.14753861
     -8.14753861
     -8.48869307
     -9.46112096
     -9.51490920
     -9.51490920
     -8.61556999
     -8.61556999
     -8.61556999
     -8.72908978
     -8.74795631
     -8.74795631
     -8.59902505
     -8.84781121
     -8.96715393
     -9.06720006
     -9.05083187
     -8.37012471
     -8.37012471
     -8.36968060
     -8.36968060
     -8.39645344
     -8.40204876
     -8.55585943
     -8.55585943
     -8.55585943
     -8.56167954
     -8.52362522
     -8.52362522
     -8.52362522
     -8.11858857
     -8.08693548
     -8.14639424
     -8.13524813
     -8.13524813
     -8.35887547
     -8.35492884
     -8.37124562
     -8.61329383
     -8.61329383
     -8.61329383
     -8.95603496
     -9.30786568
     -9.30786568
     -9.71254491
     -9.07948324
     -9.07948324
     -9.07948324
    -11.31616129
    -11.31616129
    -11.31616129
    -11.49844261
    -10.61607786
    -10.60997199
     -9.32474791
     -9.32474791
     -8.03079190
     -8.04261090
     -8.38215529
     -9.19214489
     -9.20993326
    -11.07306803
    -11.07306803
    -11.07306803
    -11.03989615
    -11.03989615
    -11.03989615
    -11.03989615
     -8.58473626
    -10.24451269
     -9.06143686
     -9.06143686
     -9.08788751
     -9.08788751
     -9.08788751
     -8.81750295
     -9.17444470
     -9.17444470
     -9.17444470
     -9.70652337
     -8.25899296
     -8.61060943
     -8.29479755
     -8.71113138
     -9.28024169
     -8.56429673
     -8.56429673
     -8.58435568
    -10.81250490
    -10.81250490
    -13.32899983
    -11.58447123
    -12.30614785
    -10.98943014
     -9.13870432
     -9.03851008
     -9.08182802
     -8.97106988
     -8.43634016
     -8.44226800
     -8.03659361
     -8.25691035
     -8.49486294
     -8.24840626
     -8.39160999
     -8.41636226
     -8.41636226
     -8.35870187
     -8.35870187
     -8.90154749
     -9.41382747
     -9.41382747
     -9.35895881
     -8.97673871
     -8.97673871
     -8.13356367
     -8.93054851
     -9.55465674
     -9.57367008
     -9.85319400
     -9.09433045
     -9.26438730
     -9.26438730
     -9.18232142
     -9.03649364
     -9.24288799
     -8.52997529
    -10.01022415
    -12.00500465
     -9.80889021
     -8.59493325
     -8.59493325
     -8.68016946
     -8.68016946
     -8.76309363
     -8.76309363
     -9.16578345
     -9.71281223
     -9.97580447
    -10.10660573
     -9.51733175
     -9.37890532
     -9.37890532
     -9.53200107
     -9.32141917
     -8.90958755
     -8.90958755
     -8.90958755
     -9.51029201
     -9.11395408
     -9.11395408
     -9.06387200
     -9.06387200
     -9.52974852
     -9.52974852
     -9.19107229
     -9.26427346
     -8.73265638
     -8.73265638
     -8.71766404
     -8.71766404
     -9.30447308
    -10.53129799
    -10.53129799
    -10.53129799
    -10.35795881
    -10.35795881
    -10.68689503
    -12.20843925
    -12.10680307
    -12.46866611
    -12.46866611
    -11.86186262
    -11.36494533
    -11.36494533
    -11.38524278
     -8.27757100
     -8.14981897
     -9.41582200
     -9.41582200
     -9.41582200
     -9.41582200
     -9.58828627
     -9.58828627
     -9.58828627
    -10.84579369
    -10.84579369
    -10.84579369
    -10.84579369
    -10.84579369
    -10.84579369
    -10.37952522
    -10.37952522
    -10.37952522
    -10.37952522
    -10.37952522
     -9.51963015
    -10.02050767
     -8.42850324
     -8.44376293
     -8.42143827
     -8.35038655
     -8.35038655
     -8.31649940
     -8.79554032
     -8.79554032
     -8.79554032
     -8.79554032
     -8.29778089
     -8.52080262
     -8.52940694
     -8.46254945
     -8.46254945
     -8.40889996
     -8.28289948
     -8.29012258
     -8.00871341
     -8.05371452
     -8.00646043
     -8.00646043
     -8.00454223
     -8.07775531
     -8.10122662
     -8.66053750
     -8.87174955
    -10.08369368
    -15.39593633
    -11.77347534
    -11.49393920
    -10.03288331
     -9.64318892
     -8.89900565
     -8.83527746
     -9.66520513
    -10.08203263
    -10.90286689
    -10.68553649
    -10.68553649
    -10.68553649
    -11.08254556
    -10.41838661
    -10.41838661
     -9.85037466
     -9.85037466
    -10.23757956
    -10.23757956
     -9.61536195
     -9.61536195
     -9.61536195
     -9.08750879
     -9.08750879
     -9.08750879
     -9.03584597
     -9.03584597
     -9.02657123
     -9.12329673
     -9.96274922
     -8.97375713
     -8.97375713
     -9.00428140
     -8.83994715
     -8.69298446
     -8.49423720
     -9.01223489
     -9.05015808
    -10.71597935
    -10.95526162
    -10.40032305
    -10.49977693
    -10.71390315
    -10.19834054
    -10.19834054
     -8.79706591
     -9.07983130
     -9.27980416
     -9.37559256
     -8.42658419
     -8.42658419
     -8.44294588
     -8.43379678
     -8.43379678
     -8.44460016
     -8.69975906
     -8.69975906
     -8.53261724
     -8.42390756
     -8.42390756
     -8.42390756
     -8.42390756
     -8.32308298
     -8.38309705
     -8.38309705
     -8.38172062
     -9.34450642
    -10.74908749
    -10.74908749
    -11.73473117
     -9.85268912
     -8.68276822
     -8.76180053
     -8.76180053
     -8.61291241
     -9.03015233
     -9.03015233
     -9.04164602
     -8.99727047
     -8.65821765
     -9.21171488
     -9.21171488
     -8.36044678
     -9.38447674
     -9.49232193
     -9.16863012
     -9.00818259
     -9.00818259
     -8.25520228
     -8.73426403
     -8.29323740
     -8.29323740
     -8.54810688
     -8.35174124
     -8.35174124
     -8.35174124
     -8.33122036
     -8.55365153
     -8.17757910
     -8.07684215
     -8.07684215
     -8.07684215
     -8.52001302
     -8.95283380
     -8.95283380
     -9.20292034
     -8.89138345
     -8.89138345
     -8.89138345
     -9.77377591
     -9.77377591
     -9.22076392
     -8.48791722
     -8.62825442
     -8.80123925
     -9.20210260
     -9.20210260
     -9.32358993
     -9.32358993
     -8.95301827
     -8.63758278
     -8.63691751
     -8.73355847
     -8.79767928
     -9.77003239
     -9.77003239
    -10.59880895
    -11.00745519
     -9.50500529
     -9.61239771
     -9.36108720
     -9.36108720
     -9.36108720
     -9.36108720
     -9.85939014
     -9.51803909
     -9.51803909
     -9.02633016
     -8.74840718
     -8.42590674
     -8.42590674
     -8.42590674
     -9.11989407
     -9.09099233
     -8.99382456
     -8.59110610
     -8.98996496
     -8.98413116
     -9.44182916
    -10.23157266
    -10.41941499
    -10.69900361
    -12.02371790
    -12.02371790
     -9.71019051
     -9.05390114
     -9.05390114
     -9.93996642
     -9.22871011
     -9.22871011
     -9.23469758
     -9.23469758
     -9.05859873
     -9.05859873
     -9.05859873
     -8.97545788
     -8.70091934
    -10.15944556
    -10.15944556
    -10.15944556
     -9.52311163
     -9.46878885
    -12.90659200
    -14.32902333
    -14.32902333
    -14.32902333
    -11.49006727
     -9.35717853
     -8.50855078
     -8.61388327
     -8.66971252
     -8.68484511
    -10.86761861
    -11.16093461
    -10.51670415
    -10.44276186
     -8.28730181
     -8.66631811
     -8.55074127
     -8.37568022
     -8.50199249
     -8.44866661
     -9.58110675
     -9.25204542
     -9.25204542
    -12.76650320
    -12.76650320
    -12.76650320
    -12.76650320
    -11.72401645
     -9.36784135
     -9.36784135
     -9.36784135
     -9.17776245
     -8.89864959
     -9.04290744
     -8.74402417
     -8.74402417
     -9.52749909
     -8.84840710
     -8.84840710
     -8.00657831
     -8.00657831
     -8.00283717
     -8.61897203
     -9.54944126
     -9.54944126
     -9.15715065
    -11.58222855
    -11.58222855
    -11.58222855
    -11.58222855
     -8.63864872
     -8.88387306
     -8.88387306
    -10.20794090
    -10.20794090
    -10.20794090
    -10.20794090
    -10.20794090
     -8.87557330
     -8.51642628
     -9.48323592
     -8.30229528
     -8.92083263
     -8.54066793
     -8.15928014
     -8.08327124
     -8.08853507
     -8.16284713
     -8.01271714
     -8.00351231
     -9.04366498
     -9.12092775
     -9.12092775
     -9.38759849
     -9.53896900
     -9.11031060
     -9.11031060
    -10.02231770
    -10.30687269
     -8.90613565
     -8.90613565
     -8.94789675
     -8.61243449
     -9.60746122
     -9.60746122
    -10.50896050
    -10.50896050
    -10.99396285
    -10.99396285
    -10.45564241
    -10.45564241
    -10.45564241
    -10.24138191
     -9.60445976
    -11.69396431
    -10.73210315
     -9.35075048
     -9.74460513
     -9.02541563
     -8.91941202
     -9.02965416
     -9.02965416
     -8.84109254
     -8.54221872
     -9.02710105
     -9.85873581
     -9.85873581
     -9.42090962
     -9.96609661
     -9.86488308
     -9.63522674
     -9.42326407
     -8.43354040
     -8.60418480
     -8.58307643
     -8.87224492
     -8.87224492
     -8.88886539
     -9.31319161
     -9.30683632
    -11.21026701
    -11.21026701
     -8.67497585
     -8.14560840
     -8.44560459
     -8.27777872
     -8.27777872
     -8.27777872
     -8.01928415
     -8.65203800
     -8.29504198
     -8.50610087
     -8.34161239
     -8.57050553
     -9.35141322
     -8.71722525
     -8.71722525
     -8.16113778
     -8.12055572
     -8.12055572
     -8.18056666
     -8.07261519
     -8.07261519
     -8.23808091
     -8.52083613
     -8.87069908
     -8.69356530
     -8.68985366
     -8.68985366
     -8.65672865
     -8.69015240
     -8.69015240
     -8.64794339
     -8.64794339
     -8.64794339
     -8.62896628
     -8.62896628
     -8.62896628
     -8.62905108
     -8.62905108
     -8.39948954
     -8.68174238
     -8.68174238
     -8.35309456
     -8.35309456
     -8.45468302
     -8.45468302
     -8.77096282
     -8.48566573
     -8.52461791
     -8.39929488
     -8.39929488
     -8.39929488
     -8.35944099
     -8.54559901
     -8.54559901
     -8.33227301
     -8.50064562
     -8.94232502
     -9.17799977
     -8.97716422
     -8.45453294
     -8.40174040
     -9.69441254
     -9.69441254
     -9.69441254
     -9.69441254
     -9.69441254
     -8.89034909
     -9.97549093
    -10.26400057
     -9.96182498
     -9.96182498
    -10.58432283
    -10.58432283
    -13.16996492
    -13.16996492
    -13.40680090
    -13.40680090
    -13.40680090
    -10.76051628
     -8.51830990
     -8.45740573
     -8.05344012
     -8.05344012
     -8.05344012
     -8.60305435
     -8.60305435
     -9.53432794
     -9.53432794
    -10.17269206
    -10.17269206
    -10.61795860
    -11.28778624
     -9.88093679
     -9.88093679
    -11.33175878
    -11.33175878
    -11.33175878
     -8.87068671
     -9.17482266
     -8.54847047
     -8.79821737
     -8.97934500
     -8.97934500
     -8.91747745
     -8.91747745
     -9.63090219
     -9.17742846
     -9.59835629
     -8.98588943
     -8.98588943
     -9.74079381
     -9.74079381
     -9.66423838
     -9.66423838
    -10.76995057
    -10.76995057
    -10.76995057
     -9.52821177
     -8.88064100
     -8.88064100
     -9.03751116
     -9.03751116
     -8.92125714
     -8.92125714
     -8.92125714
     -9.96645148
     -9.22199924
     -9.49584898
     -9.49584898
     -9.49584898
     -9.49584898
     -9.65206135
    -11.40006414
    -12.32589571
    -12.32589571
    -12.32589571
    -12.32589571
    -12.32589571
    -12.32589571
    -14.32054595
    -10.32504675
    -10.08518331
    -10.12773743
     -8.86995616
     -8.86995616
     -8.86918180
     -8.86905522
     -9.44176133
     -9.44176133
     -8.94081708
     -8.94081708
     -8.47586322
     -8.47586322
     -8.47586322
     -8.47586322
     -9.31697862
     -9.32375803
     -9.07645975
     -9.59876097
     -9.46060559
     -9.46060559
     -8.81358938
     -8.57221787
     -8.57699972
     -8.58093100
     -8.71121326
     -9.28608588
     -9.33560179
     -8.95707575
     -8.95948944
     -8.71514740
     -8.41593285
     -8.22458513
     -8.22458513
     -8.22458513
     -8.24408610
     -8.29312946
     -8.54189013
     -8.62889152
     -8.67817503
     -8.82746996
     -8.47588828
     -8.47588828
     -8.47588828
     -8.47588828
     -8.47588828
     -8.47588828
     -8.47588828
     -8.13135724
     -8.13135724
     -8.40182976
     -8.40182976
     -8.40182976
     -8.37376602
     -8.37376602
     -8.49041170
     -8.48616589
     -8.08461342
     -8.19348707
     -8.50266338
     -9.10495973
     -8.20562053
     -8.29859782
     -9.49616560
     -9.84834145
    -10.56655671
    -10.56655671
    -10.00561748
     -9.06965029
     -9.06965029
     -9.26758422
     -9.20514685
     -9.20514685
     -9.20514685
     -8.80100940
     -9.75376040
     -8.63501450
     -9.21854598
     -9.21854598
     -9.21854598
     -8.53384167
     -8.29033009
     -8.15080090
     -8.15080090
     -8.16865395
     -8.45380453
     -8.45380453
     -8.63896949
     -9.18729772
     -9.18729772
     -9.25995689
    -11.00190770
     -8.51435017
     -9.06118159
     -9.07452197
     -8.92573137
    -12.14944045
    -12.56112463
    -11.12436208
     -9.52009574
     -8.53996259
     -8.30529736
     -8.40266965
     -8.72092572
     -8.70722048
     -9.48606325
     -8.37555262
     -8.15105897
     -8.19409992
     -8.19409992
     -8.25478399
     -8.25478399
     -8.25478399
     -8.17950247
     -9.28262530
     -8.69346558
     -9.13619981
     -9.15260577
     -9.67472400
     -9.67472400
     -9.67472400
     -9.67472400
    -10.60819059
     -9.92437032
     -9.92437032
    -10.71559094
    -12.31145016
    -11.10585768
    -11.10585768
     -9.64070190
     -8.79206469
     -8.79206469
     -8.79596180
     -8.94799386
     -8.75993218
     -8.31329792
     -8.31329792
     -8.28591841
     -8.28591841
     -8.59671255
     -8.59671255
     -8.67675597
     -8.59489116
     -8.82395402
     -8.82816854
     -8.82816854
     -8.23062327
     -9.22273966
     -8.45899244
     -8.72148068
     -8.28506837
     -8.27286971
     -8.07151772
     -8.08222273
     -8.13640779
     -8.44276919
     -8.77436874
     -8.77436874
     -8.13612270
     -8.03872604
     -8.03872604
     -8.03872604
     -8.11503927
     -8.09590459
     -8.09590459
     -8.07799154
     -8.03262209
     -8.05191463
     -8.05191463
     -8.64864842
    -10.28005793
    -10.28005793
    -10.28005793
     -8.90779644
     -9.01850970
     -9.01850970
     -8.88678363
     -9.93069500
     -8.55033893
     -8.01992963
     -8.31637831
     -8.40614986
     -8.22492893
     -8.23100375
     -8.33142420
     -8.33142420
     -9.69616947
     -9.25927571
     -9.25927571
     -8.78593306
     -8.48119223
     -8.80609617
     -8.88850301
     -9.19605956
     -9.04741710
     -8.71139846
     -8.04240784
     -8.00163047
     -8.04163518
     -8.04163518
     -8.13315508
     -8.13315508
     -8.27707894
     -8.02468151
     -8.02468151
     -8.02468151
     -8.22265870
     -8.40818097
     -8.40818097
     -8.58767114
     -8.34258743
     -8.34489150
     -8.20016296
     -8.19946057
     -9.33249298
     -8.41057475
     -8.62610076
     -8.72226896
     -8.39294242
     -8.41702131
     -9.42823574
     -9.42823574
     -9.56987575
     -9.56987575
     -9.66985174
    -10.03183720
     -9.54827884
     -9.52014253
     -9.52014253
     -9.68116027
     -9.68116027
     -9.68116027
     -8.91244026
     -8.84419936
     -8.87323156
     -8.05077134
     -8.62471502
     -8.58779539
     -8.58779539
     -8.58779539
     -8.29468289
     -8.28272834
     -8.37142819
     -9.07874971
     -9.07874971
     -9.24042239
    -10.01391000
    -10.01391000
     -9.83486190
     -9.53115439
     -9.16863829
     -9.16863829
     -9.16863829
     -9.07608588
     -8.48208834
     -8.10479697
     -9.00144523
     -9.00144523
     -8.74429331
     -8.74429331
     -8.74429331
     -8.71430272
     -8.22547516
     -8.12985627
     -8.26784939
     -8.10378007
     -8.14162076
     -8.14162076
     -8.34716061
     -8.31957966
     -8.26488637
     -8.39851323
     -8.38412377
     -8.81610018
     -8.81217629
     -8.81217629
     -8.85858763
     -8.85858763
     -8.85858763
     -8.72553034
     -8.72553034
     -8.72553034
     -8.72553034
     -8.72553034
     -8.72553034
     -8.66514725
     -8.89659552
     -8.20312073
     -8.42060575
     -8.67324204
     -8.96335156
     -9.40318305
    -10.32209416
    -10.32209416
    -11.50418235
     -9.79546187
    -10.39836988
    -10.39836988
    -10.39836988
     -9.39240753
     -9.39240753
     -8.40434660
     -9.03319933
     -9.03319933
     -8.91292541
     -8.56573082
     -8.61414810
     -8.61414810
    -10.37292539
    -10.82157416
    -10.82157416
    -10.30748188
     -8.12453261
     -8.03244159
     -8.06231072
     -8.05792229
     -8.05910676
     -8.06040281
     -8.31951614
     -8.32484880
     -8.32484880
     -8.78380019
     -8.78380019
     -8.78662837
     -8.42576255
     -9.66901766
     -9.66901766
    -10.20974341
     -9.68204156
    -10.73534573
    -10.73534573
    -10.73534573
    -10.04863228
    -10.01061236
    -10.53287221
    -10.53287221
    -10.35536305
     -9.82753206
     -9.81732228
     -9.81732228
     -9.81732228
     -8.71514083
     -8.91171274
     -8.91171274
     -8.16172979
     -8.16172979
     -8.19022969
     -8.18113331
     -8.45174556
     -8.62627662
     -8.62627662
     -8.12303349
     -8.12580414
     -8.12580414
     -8.10364795
     -8.24127137
     -8.32822490
     -8.37910535
     -8.41788343
     -8.68537450
     -8.39927470
     -8.74999806
     -8.64286127
     -8.43403880
     -8.53590591
     -8.52307602
     -8.34809128
     -8.34809128
     -8.55584064
     -8.55584064
     -8.55122264
     -8.55122264
     -8.33234237
     -8.33234237
     -8.75284325
     -8.21913167
     -8.21913167
     -8.31950418
     -8.31950418
     -8.31950418
     -8.31950418
     -8.31950418
     -9.13792693
     -8.34423102
     -8.34423102
     -8.85683215
     -8.84280569
     -8.84280569
     -8.84280569
     -9.14273438
     -8.60922615
     -8.60922615
     -9.19680982
     -8.92451827
     -8.78058575
     -8.81041229
     -9.75445492
     -9.67065698
     -9.67065698
     -9.98410547
    -10.38024654
     -9.99460541
     -9.99460541
     -9.99460541
     -8.98385338
     -8.98385338
     -9.27662197
     -9.00723027
     -9.49197234
    -10.67528178
    -10.40056493
     -9.09722379
     -9.09723278
     -9.48016298
     -9.02969188
    -13.04935573
     -9.00371252
     -9.17473004
     -9.21583951
     -9.21583951
     -8.66224602
     -8.62729086
     -8.62729086
     -8.28915764
     -8.29410076
     -9.09254688
     -8.08858263
     -8.33048654
     -8.54000221
     -8.20458205
     -8.28375653
     -8.05363858
     -8.09431812
     -8.09431812
     -8.05017386
     -8.07148647
     -8.05832581
     -8.16211515
     -8.14076862
     -8.14076862
     -8.15169024
     -8.72581523
     -8.72581523
     -8.75076746
     -8.75076746
     -8.77127065
     -8.77127065
     -8.77127065
     -8.96237801
     -8.93077058
     -9.19347699
     -8.17728565
     -8.58374362
     -8.91428227
     -8.02453006
     -8.02308840
     -8.43595930
     -8.31949576
     -8.31949576
     -8.31949576
     -8.82758702
     -8.46816541
     -9.90346288
    -10.40571221
    -10.40571221
     -9.88686217
     -9.88686217
     -9.88686217
    -10.38665361
    -10.38665361
     -9.71772763
     -9.00519977
     -9.03837559
     -8.81488894
     -8.58562202
     -8.59384690
     -8.44305188
     -8.52104822
     -8.55978246
     -8.55978246
     -8.42142392
     -8.42142392
     -8.75909293
     -8.75909293
     -8.31524535
     -8.71752876
     -8.94265334
     -8.36118626
     -8.17143854
     -8.17143854
     -8.19630811
     -8.22466482
     -8.41139354
     -8.66398911
     -8.91634609
     -8.86968568
     -8.64695603
     -8.64695603
     -8.64695603
     -8.61970258
     -8.78419909
     -9.33527431
     -8.78202880
     -8.82820878
     -8.82820878
     -8.40310595
     -8.40310595
     -8.40310595
     -9.02567972
     -9.02567972
     -9.64580040
     -9.11118633
     -9.34630147
     -9.44885661
     -9.44885661
     -8.48022843
     -9.13334990
     -9.13334990
     -8.44001216
     -8.46916022
     -8.46916022
     -8.38792166
     -8.38792166
     -8.18437295
     -8.29208651
     -8.35371230
     -8.35371230
     -8.35371230
     -8.34210107
     -8.59357715
     -9.59284048
    -10.50192227
    -10.03480522
    -10.03480522
    -10.03480522
    -10.17107801
    -10.17107801
    -10.34629913
     -9.07781932
     -9.07781932
     -9.07781932
     -8.16519633
     -8.14695456
     -8.14695456
     -8.00437548
     -8.15397029
     -8.51014898
     -8.41599673
     -8.41599673
     -8.36917676
     -8.72595584
     -9.46045590
     -9.36602675
     -8.56170586
     -8.37955030
     -8.95779356
     -9.53394921
     -9.53394921
     -8.66624470
     -8.69687792
     -8.69687792
     -8.69687792
     -8.69687792
     -8.69687792
     -8.38434486
     -8.98488907
     -8.98488907
     -9.39758296
     -9.39758296
     -8.19322322
     -8.49587479
     -8.54971250
     -8.07912120
     -8.12931366
     -8.13913661
     -8.42255655
     -8.42255655
     -9.58285150
     -8.56294589
     -9.60690612
     -8.46943731
     -8.46943731
     -8.34519530
     -8.98682932
     -8.52310076
     -8.52310076
     -8.38400130
     -8.42744807
     -8.43686710
     -8.43686710
     -8.51069193
     -9.18269664
     -9.18269664
     -9.59943789
     -9.83878032
    -14.20302489
    -14.20302489
    -12.97709697
    -12.53748642
    -11.47508244
    -12.04808859
    -12.54906780
    -11.93626933
    -11.93626933
    -11.93626933
    -12.10297203
    -11.85323321
    -11.85323321
    -10.15476332
    -10.15476332
    -10.67513919
    -10.67513919
    -11.88647686
    -11.88647686
     -9.89032351
     -8.51601502
     -8.88535794
     -8.40760843
     -8.37131089
     -9.18651538
     -8.98811828
     -8.11512164
     -8.12130896
     -8.66832622
     -8.54635726
     -8.47078540
     -8.12149537
     -8.06019395
     -8.17437726
     -8.54965157
     -8.52206086
     -9.36720016
     -9.36720016
     -8.54720066
     -8.51603678
     -8.32444088
     -8.32444088
     -9.11593789
     -8.43944219
     -8.43944219
     -8.20349105
     -8.11785758
     -8.12596146
     -8.08270265
     -8.24943943
     -8.46205960
     -8.46205960
     -8.47547891
     -8.43808449
     -8.46289941
     -8.97690541
     -8.66815845
     -8.69806773
     -8.30338540
     -8.30338540
     -8.29697749
     -8.12043708
     -9.42027448
     -9.49236975
    -10.58919656
     -9.27068999
     -9.27068999
     -9.27068999
     -9.47276452
     -9.47276452
     -9.94055301
     -8.56753886
     -8.56753886
     -8.13019495
     -8.11271847
     -8.11271847
     -8.11271847
     -8.11271847
     -9.21424316
     -9.21424316
     -8.94565924
     -8.94565924
     -8.94565924
     -8.13837213
     -8.13796836
     -8.02006785
     -8.09249243
     -8.57000389
     -8.57000389
     -9.35457351
     -9.26249064
     -9.34045286
     -9.34045286
     -9.66653914
     -9.34969509
     -8.71580232
     -8.75350317
     -8.63525904
     -8.55460955
     -8.95023580
     -9.00656607
     -9.00656607
     -8.35035371
     -8.32253123
     -8.38684034
     -9.06160398
     -8.01834549
     -8.29270642
     -8.53047891
     -8.53047891
     -8.53047891
     -9.60663235
     -9.60663235
     -9.88183172
     -9.88183172
     -9.98406613
    -11.32618142
    -11.32618142
    -11.32618142
    -11.17978839
     -9.41943784
     -9.30366894
     -9.30366894
     -8.78862245
     -8.97571028
     -9.98289159
     -8.72030770
     -8.72030770
     -8.74652503
     -9.24617027
     -9.16108504
     -9.16108504
     -9.14472152
     -8.49498514
     -8.46671458
     -9.16899932
     -9.16899932
    -10.12815070
    -10.12815070
    -10.32500680
    -10.19345931
     -9.43805595
     -9.43805595
     -9.42968541
     -9.42968541
     -9.42350543
     -9.42378106
     -9.67992582
     -9.67992582
    -11.81856945
    -11.81856945
    -11.05995575
    -10.32491269
    -10.48291149
    -10.48291149
    -10.48291149
    -10.48291149
    -10.44512095
    -10.44512095
    -10.44512095
     -9.11110975
     -9.26770422
     -9.35994589
     -9.26117642
     -8.98153281
     -8.35837386
     -8.22615683
     -8.24916568
     -8.75922529
     -8.46811351
     -8.46735024
     -8.46881821
     -8.47541086
     -8.41525343
     -8.77018326
     -8.88095587
     -8.88095587
     -8.77429502
     -8.31788614
     -8.30610993
     -8.59703807
     -9.21646052
     -8.62770427
     -8.71880112
     -9.87137720
     -9.87137720
     -9.87137720
     -9.87137720
     -9.96494266
     -9.96494266
     -9.96494266
     -9.02923045
     -9.51348621
     -9.51348621
     -9.33533032
     -8.13872481
     -8.14152163
     -9.07046011
     -9.09276813
     -9.16494069
     -9.16494069
     -8.23246219
     -8.23071474
     -8.61299909
     -8.45532454
     -8.46981241
     -8.46981241
     -8.44845045
     -8.32511748
     -8.10812880
     -8.10812880
     -8.22008083
     -8.09302685
     -8.02234018
     -8.36592743
     -8.36592743
     -8.36592743
     -8.97842671
     -8.97842671
     -8.97842671
     -8.18915852
     -9.67619395
     -9.67619395
     -9.67782836
     -9.21383994
     -8.79997703
     -8.53423184
     -8.16713990
     -9.46748983
     -8.18348619
     -8.11705476
     -8.77999126
     -8.77999126
     -9.85777751
     -8.36067293
     -8.13892562
     -8.26522929
     -8.26522929
     -8.03748240
     -8.03739913
     -8.06678460
     -8.08579451
     -8.07382523
     -8.07382523
     -8.06340813
     -8.05442896
     -8.05442896
     -8.05442896
     -8.31777179
     -8.68089511
     -8.68089511
     -9.93615689
     -9.93615689
     -9.08121972
     -9.52530519
     -9.52530519
     -9.49359438
     -9.49359438
     -8.75439721
     -8.23100645
     -8.10230697
     -8.17579355
     -8.09826200
     -8.07079188
     -8.27353227
     -8.89157042
     -9.62834163
     -9.62834163
     -9.73511099
     -8.77173739
     -8.89038266
     -8.89038266
     -8.31505471
     -8.12910886
     -8.00560889
     -8.63196803
     -8.90424953
     -8.71115240
     -8.52425138
     -8.52425138
     -9.36692374
     -9.36692374
     -9.36692374
     -9.51570820
     -9.51570820
     -9.51570820
     -9.90352038
     -9.82088795
    -10.26794907
    -10.26794907
     -9.12156112
     -9.16811260
     -9.78365936
    -10.36036385
    -10.36036385
    -11.44084292
    -11.77119583
     -9.98774081
    -10.09693809
     -9.26243201
     -9.26243201
     -8.48169096
     -8.36577464
     -8.31482723
     -8.38116407
     -9.06191952
     -8.75423747
     -8.76504715
     -9.25611795
     -9.22591731
     -9.22591731
     -9.22894168
     -8.54030919
     -8.54030919
     -8.69879215
     -8.69879215
     -8.19487082
     -8.19260154
     -8.09589781
     -8.06480419
    -10.86868521
    -10.86868521
    -11.78940754
     -9.99566924
     -9.98387094
     -9.98387094
    -10.07710923
    -10.49061803
    -10.49061803
    -10.26366686
     -9.55270809
     -9.04749581
     -9.04749581
     -9.19479963
     -9.93243141
     -9.56930243
     -8.66616632
     -8.71072693
     -9.30770784
     -9.30770784
     -9.30770784
     -8.76812206
     -8.73272484
     -8.72123950
     -8.47582044
     -8.06751814
     -8.06408043
     -8.05037131
     -8.04350632
     -8.04201790
     -8.26729835
     -8.33641887
     -8.33641887
     -8.33641887
     -8.28274801
     -8.32384836
     -8.03449709
     -8.47485276
     -8.19259772
     -8.26871849
     -8.26871849
     -8.27929892
     -8.99750650
     -8.04380806
     -9.09316852
     -9.08002520
     -8.40004103
     -8.15322865
     -8.15322865
     -8.20245791
     -8.23568625
     -8.23568625
     -8.00162141
     -8.05824757
     -8.04594697
     -8.49853842
     -8.49853842
     -8.77772501
     -8.77772501
     -8.58602809
     -8.58602809
     -8.40786256
     -9.19465761
     -9.46435180
     -8.84709649
     -8.10233830
     -8.08038011
     -8.66605056
     -8.46938010
     -9.13494948
     -9.13494948
     -8.93781992
     -9.59469914
    -10.18822409
    -10.19158949
    -10.19158949
     -9.85954966
     -8.99824866
     -9.22615234
     -8.95415543
     -8.92959026
     -8.92959026
     -9.20388999
     -8.15749177
     -8.15749177
     -8.03724351
     -8.03724351
     -8.08206643
     -8.08206643
     -8.09728923
     -8.09129971
     -8.09129971
     -8.11313114
     -8.14372339
     -8.11618409
     -8.07823984
     -8.07823984
     -8.07823984
     -8.07328802
     -8.05738062
     -8.97499221
     -8.97499221
     -8.97499221
     -8.97499221
     -9.73502459
     -9.73502459
     -9.73502459
     -9.73502459
     -9.73502459
     -9.73502459
     -9.73502459
     -8.26722404
     -8.36384846
     -8.38409504
     -8.49645835
     -8.49645835
     -8.55534972
     -9.71373583
     -8.61505467
     -8.44251995
     -8.44251995
     -8.19771149
     -8.28602511
     -9.35847529
     -8.87404405
     -8.64300339
     -8.95395686
     -9.35397013
     -8.85920572
    -10.02884229
    -10.02884229
     -8.69762969
     -8.69762969
     -8.24688827
     -8.31444139
     -8.07720551
     -8.03730022
     -8.03904818
     -8.03904818
     -8.01206146
     -8.01656150
     -8.04004118
     -8.03337455
     -8.03337455
     -8.03337455
     -8.20286332
     -8.20286332
     -8.20286332
     -8.24454191
     -8.22302972
     -8.17125310
     -8.17125310
     -8.17125310
     -8.14360381
     -8.14360381
     -8.07750004
     -8.07920798
     -8.05376827
     -8.11681659
     -8.40334436
     -9.67841319
    -10.96976598
     -9.12972442
     -9.12972442
     -9.34741724
     -9.58907151
     -9.58907151
     -8.73912402
     -9.28421798
     -8.68443015
     -8.82074361
     -8.82074361
     -9.72250809
     -9.49297744
     -9.49297744
     -8.86134133
     -8.80699901
     -9.03802922
     -9.03802922
     -9.03802922
     -8.82647404
     -8.36068790
     -8.36068790
     -8.32949185
     -8.30393958
     -8.26875056
     -8.59051743
     -8.68193968
     -8.68193968
     -8.40461218
     -8.96512976
     -8.96512976
     -8.38672654
     -8.38672654
     -8.29666744
     -8.46434185
     -9.35261695
     -8.32154377
     -8.37756555
     -8.37756555
     -9.77394655
     -9.77394655
     -9.77394655
    -10.53053827
    -12.41659497
    -12.41659497
    -12.41659497
     -9.91146558
    -10.17354856
    -11.41369216
    -13.41740612
    -13.41740612
    -13.41740612
    -13.41740612
    -13.41740612
    -13.41740612
    -13.15789747
    -13.15789747
    -13.15789747
    -11.19836103
    -11.19836103
    -11.19836103
    -11.74635694
    -11.74635694
    -11.72763715
    -11.72763715
    -11.72763715
    -12.52802388
    -12.52802388
    -11.26712445
    -11.30885471
    -11.30885471
    -12.20249158
    -12.20249158
    -10.69380859
    -11.65505122
    -11.13902345
    -10.33090862
    -10.33090862
    -10.90735315
    -10.28101382
     -9.30352388
     -9.30352388
     -9.29206237
     -9.04359577
     -8.85527475
     -9.08341318
     -9.57995822
     -8.93412609
     -9.10720272
     -9.11854815
     -9.18118883
     -9.13380431
     -9.13380431
     -8.95177140
     -9.29559015
     -8.74859971
     -9.44674806
     -9.44674806
     -9.44674806
     -8.35450246
     -9.57046097
     -9.90406612
     -9.90406612
     -9.90406612
     -9.90406612
     -9.33068446
     -9.33068446
     -9.33068446
     -8.94624605
     -9.20869202
     -9.10191988
     -9.09463487
     -9.17403569
     -8.56634756
     -8.56634756
     -8.56634756
     -8.73989445
     -8.56774225
     -8.56774225
     -8.83675997
     -8.83675997
     -8.83675997
     -8.89062428
     -9.31890812
     -8.74936639
     -8.90935641
     -8.70871065
     -8.70871065
     -8.48210101
     -8.48210101
     -8.30895539
     -8.05889654
     -8.05106972
     -8.05106972
     -8.05764145
     -8.37762213
     -9.27914010
     -9.27914010
    -11.21817907
     -8.42969111
     -8.64463304
     -8.64463304
     -8.64463304
     -8.56626250
     -8.56598805
     -8.60478387
     -8.67429825
     -8.67429825
     -8.87758409
     -8.78118376
     -8.78118376
     -9.05603252
     -9.05603252
     -9.05603252
     -9.38087782
     -9.12402550
     -8.29850538
    -11.06511042
     -8.59507522
     -8.59507522
     -9.02286209
     -8.24811604
     -8.81043722
     -8.81043722
     -8.08255166
     -8.22626164
     -8.22626164
     -8.13133770
     -8.13133770
     -8.78472406
     -8.66771183
     -9.89914253
     -9.89914253
     -8.79667475
     -8.87373671
     -8.83004163
     -9.12427738
     -8.81420093
     -8.81420093
     -9.09953017
     -8.40268269
     -8.21174201
     -8.48441403
     -8.49866636
     -8.37395743
     -8.21008734
     -8.13289967
     -8.13289967
     -8.15452944
     -8.03386005
     -8.09637972
     -8.14088990
     -8.14088990
     -8.14088990
     -8.27109014
     -8.10679208
     -8.52507099
     -8.81561022
     -8.85352996
     -8.42909113
     -9.06375129
     -8.89004551
     -8.89004551
     -8.89004551
     -8.69028372
     -8.36696323
     -8.36696323
    -10.50724581
    -10.44179463
    -10.44179463
    -10.44179463
    -10.44179463
    -10.44179463
    -10.44179463
    -10.44179463
    -10.44179463
    -10.44179463
    -10.44179463
    -10.44179463
    -11.43703695
    -10.37192260
     -8.65059349
     -8.65059349
     -9.03129141
     -8.50888744
     -8.72936465
     -8.72936465
     -8.69665353
     -8.69665353
     -8.90943869
     -9.44172507
     -8.12068906
     -8.12068906
     -8.20990086
     -8.27446701
     -8.28155467
     -8.13470050
     -8.13470050
     -8.13470050
     -9.97088248
     -9.97088248
     -9.73773701
     -9.73773701
     -9.73773701
    -10.54260899
    -10.54260899
     -8.55181033
     -8.58086775
     -8.70922838
     -8.90166137
     -9.66850236
     -9.66850236
     -9.66850236
     -9.02189367
     -8.76785339
     -8.39966071
     -8.32315185
     -8.32315185
     -8.32315185
     -8.34310977
     -8.29593187
     -8.47240268
     -8.47240268
     -8.07571203
     -8.18289573
     -8.15717144
     -8.20118953
     -8.95861672
     -8.21169249
     -8.27728555
     -8.43807558
     -8.40701773
     -8.40701773
     -8.42942526
     -8.39059355
     -8.48230893
     -8.36400652
     -8.25130667
     -8.24821192
     -8.20038092
     -8.20038092
     -8.20038092
     -8.20038092
     -8.21980954
     -8.80158368
     -8.91352162
     -8.89642949
     -8.89642949
    -10.81468954
     -9.92887827
    -12.21962412
    -11.31653147
    -11.31653147
    -11.31653147
    -10.78450966
    -10.30921364
    -10.89137773
    -10.71726462
    -10.61645809
    -10.61645809
    -12.23206200
    -12.23206200
     -9.81219698
     -9.81219698
     -9.81219698
    -10.30529981
     -9.69754039
     -9.69754039
    -11.11123758
    -10.74560029
    -12.21425956
    -12.21425956
    -12.21425956
    -11.93803467
    -11.93803467
    -11.46646335
    -11.46646335
    -11.46646335
    -11.46646335
     -9.78725658
     -9.47497364
     -9.04263903
     -8.33813600
     -8.39969628
     -8.46529614
     -8.72058270
     -8.79168511
     -8.79168511
     -8.79168511
     -8.32925316
     -8.32925316
     -9.13677777
     -9.14496438
     -8.82898719
     -8.71509410
     -8.71509410
     -8.85787102
     -8.85787102
     -8.85787102
     -8.46698317
     -8.46698317
     -8.06235097
     -8.22743215
     -8.12786576
     -8.07743605
     -8.07743605
     -8.17838429
     -9.75027302
     -9.75027302
     -8.90513415
     -9.97668117
     -9.97668117
     -8.30493921
     -8.31755538
     -8.34516284
     -8.44133718
     -8.48436442
     -8.48436442
     -8.48436442
     -8.62447524
     -8.82988927
     -9.43921336
     -8.48665850
     -8.48665850
     -8.46389480
     -8.73896805
     -8.47750125
     -8.47750125
     -8.47750125
     -8.47750125
     -8.47750125
     -8.48473007
     -8.48473007
     -8.48473007
     -8.48473007
     -8.15250563
     -8.15250563
     -8.13064611
     -8.15914656
     -8.15914656
     -8.15914656
     -8.63265117
     -8.63265117
     -8.63265117
     -8.63265117
     -8.63265117
     -9.07837469
     -9.36513034
     -9.36513034
     -9.36513034
     -9.36513034
     -9.36513034
     -9.26561502
     -9.26561502
     -9.26561502
     -9.26561502
     -8.91429674
     -8.91429674
     -8.91429674
     -9.90697319
     -9.90697319
     -9.90697319
     -9.90697319
     -8.71704566
     -8.80794810
     -8.65067052
     -8.65067052
     -8.65067052
     -8.09958072
     -8.09958072
     -8.23448448
     -8.23448448
    -10.51571696
    -10.51571696
    -10.51571696
    -10.51571696
     -9.46702459
     -9.46702459
     -8.74987199
     -8.74987199
     -8.74987199
     -8.74987199
     -8.04567069
     -8.04349428
     -8.35789880
     -8.26301198
     -9.17430112
     -9.17430112
     -9.08062037
     -9.94672981
     -8.66253074
     -8.66253074
     -8.66253074
     -8.19815401
     -8.19815401
     -8.13715940
     -8.13715940
     -8.13715940
     -8.40916099
