131.4137785401155
99.70564250918576
99.22697968045486
180.8076066954416
182.53448472752132
180.0321616442681
180.93852488432438
178.3881927690961
185.04521774996192
162.21639591407842
157.10431539776283
180.30624089459093
148.1473397750674
98.16781254964015
156.10475786415515
97.86868467220863
172.05500975743234
171.62667770790856
181.7378596709603
99.93417991340571
171.3464315919057
131.4137785401155
99.70564250918576
99.00887417601339
180.8076066954416
182.53448472752132
180.0321616442681
180.93852488432438
178.3881927690961
174.86837976887205
158.09909040722897
157.10431539776283
180.30624089459093
148.1473397750674
98.16781254964015
156.10475786415515
97.86868467220863
172.05500975743234
171.62667770790856
181.7378596709603
99.93417991340571
171.3464315919057
131.4137785401155
99.70564250918576
99.00887417601339
180.8076066954416
166.47872298922948
180.0321616442681
180.7136930774981
178.3881927690961
174.86837976887205
158.09909040722897
157.10431539776283
180.30624089459093
148.1473397750674
98.16781254964015
156.10475786415515
97.86868467220863
172.28774508834013
171.62667770790856
181.7378596709603
99.93417991340571
171.3464315919057
149.40997475361004
99.70564250918576
99.00887417601339
180.8076066954416
166.47872298922948
180.0321616442681
179.8503233541153
178.3881927690961
174.86837976887205
158.09909040722897
157.2422795750406
180.30624089459093
148.1473397750674
98.16781254964015
156.10475786415515
97.86868467220863
172.28774508834013
171.62667770790856
181.7378596709603
99.93417991340571
171.3464315919057
149.40997475361004
99.70564250918576
99.00887417601339
180.8076066954416
166.47872298922948
180.0321616442681
181.87942635043942
178.3881927690961
174.86837976887205
158.09909040722897
157.2422795750406
180.30624089459093
148.1473397750674
98.16781254964015
156.10475786415515
97.86868467220863
172.28774508834013
171.62667770790856
181.7378596709603
99.93417991340571
171.3464315919057
149.40997475361004
99.70564250918576
99.00887417601339
180.8076066954416
164.47505680875338
180.0321616442681
181.87942635043942
178.3881927690961
174.86837976887205
164.68175771393325
157.2422795750406
180.30624089459093
148.1473397750674
98.16781254964015
156.10475786415515
97.86868467220863
164.83738837847153
171.62667770790856
181.7378596709603
99.93417991340571
171.3464315919057
149.40997475361004
99.70564250918576
99.00887417601339
180.8076066954416
164.47505680875338
180.0321616442681
181.87942635043942
178.3881927690961
174.86837976887205
164.68175771393325
157.2422795750406
180.47484773890767
156.1508081007184
98.16781254964015
156.10475786415515
97.86868467220863
164.83738837847153
171.62667770790856
181.7378596709603
99.93417991340571
171.3464315919057
149.40997475361004
99.70564250918576
99.00887417601339
180.8076066954416
164.47505680875338
180.0321616442681
181.87942635043942
178.3881927690961
188.59538078029172
164.68175771393325
157.2422795750406
180.47484773890767
156.1508081007184
98.16781254964015
156.10475786415515
97.86868467220863
164.83738837847153
171.62667770790856
181.7378596709603
99.93417991340571
171.3464315919057
155.0037953029049
99.70564250918576
99.00887417601339
179.9611467652188
164.47505680875338
180.0321616442681
181.87942635043942
178.3881927690961
188.59538078029172
164.68175771393325
157.2422795750406
180.47484773890767
156.1508081007184
98.16781254964015
156.10475786415515
97.86868467220863
164.83738837847153
171.62667770790856
181.7378596709603
99.93417991340571
171.3464315919057
155.0037953029049
99.70564250918576
99.00887417601339
179.9611467652188
164.47505680875338
180.0321616442681
181.87942635043942
178.3881927690961
188.59538078029172
164.75187773777367
157.2422795750406
180.47484773890767
156.1508081007184
98.16781254964015
156.10475786415515
97.86868467220863
164.83738837847153
171.62667770790856
181.7378596709603
99.93417991340571
171.3464315919057
155.0037953029049
99.70564250918576
99.00887417601339
179.9611467652188
164.47505680875338
180.0321616442681
181.87942635043942
178.3881927690961
188.59538078029172
164.75187773777367
157.2422795750406
180.47484773890767
156.1508081007184
98.16781254964015
156.10475786415515
97.86868467220863
164.83738837847153
171.62667770790856
181.7378596709603
99.93417991340571
171.3464315919057
155.0037953029049
99.70564250918576
99.00887417601339
179.9611467652188
164.47505680875338
180.0321616442681
181.87942635043942
178.3881927690961
188.59538078029172
164.75187773777367
157.2422795750406
180.76900787020213
156.1508081007184
98.16781254964015
156.10475786415515
97.86868467220863
164.83738837847153
171.62667770790856
181.7378596709603
99.93417991340571
171.3464315919057
155.4999909777451
99.70564250918576
98.95762825984366
179.9611467652188
170.30689833871264
180.0321616442681
181.87942635043942
178.3881927690961
188.59538078029172
164.75187773777367
157.2422795750406
180.76900787020213
156.1508081007184
98.16781254964015
156.10475786415515
97.86868467220863
164.83738837847153
171.62667770790856
181.7378596709603
99.93417991340571
171.3464315919057
155.4999909777451
99.70564250918576
98.95762825984366
179.9611467652188
164.12129073636248
180.0321616442681
181.87942635043942
178.3881927690961
180.79695723757015
164.75187773777367
157.2422795750406
180.76900787020213
156.1508081007184
98.16781254964015
156.10475786415515
97.86868467220863
164.83738837847153
171.62667770790856
181.7378596709603
99.93417991340571
171.3464315919057
155.4999909777451
99.70564250918576
98.64704862448265
179.9611467652188
164.12129073636248
180.0321616442681
181.87942635043942
178.3881927690961
180.79695723757015
164.76062271028877
157.2422795750406
180.76900787020213
156.2827381003874
98.16781254964015
156.10475786415515
97.86868467220863
164.83738837847153
171.62667770790856
181.7378596709603
99.93417991340571
171.3464315919057
155.4999909777451
99.70564250918576
98.64704862448265
179.9611467652188
164.12129073636248
180.0321616442681
181.87942635043942
178.3881927690961
180.79695723757015
164.76062271028877
157.2422795750406
180.76900787020213
156.2827381003874
98.16781254964015
156.10475786415515
97.86868467220863
164.83738837847153
171.62667770790856
181.7378596709603
99.93417991340571
172.5429633678717
155.4999909777451
99.70564250918576
98.64704862448265
179.9611467652188
164.12129073636248
180.0321616442681
181.87942635043942
178.3881927690961
180.79695723757015
164.76062271028877
157.2422795750406
180.76900787020213
156.2827381003874
98.16781254964015
156.10475786415515
98.47020749101706
164.83738837847153
171.62667770790856
181.7378596709603
99.93417991340571
172.5429633678717
155.4999909777451
99.70564250918576
98.64704862448265
179.9611467652188
164.12129073636248
180.0321616442681
181.87942635043942
178.3881927690961
180.79695723757015
164.76062271028877
157.2422795750406
180.76900787020213
156.2827381003874
98.39062911713755
156.10475786415515
98.47020749101706
164.83738837847153
171.62667770790856
181.25698173746147
99.93417991340571
172.5429633678717
155.4999909777451
99.70564250918576
98.64704862448265
179.9611467652188
164.12129073636248
180.0321616442681
181.87942635043942
178.3881927690961
180.79695723757015
164.76062271028877
155.75710982953802
180.76900787020213
156.2827381003874
98.39062911713755
156.10475786415515
98.47020749101706
164.83738837847153
171.62667770790856
180.81370113518733
99.93417991340571
172.5429633678717
155.4999909777451
99.70564250918576
98.64704862448265
179.9611467652188
164.12129073636248
180.0321616442681
181.87942635043942
178.3881927690961
180.79695723757015
164.76062271028877
155.75710982953802
180.76900787020213
156.2827381003874
98.39062911713755
156.10475786415515
98.47020749101706
164.83738837847153
171.62667770790856
180.81370113518733
99.93417991340571
172.5429633678717
155.4999909777451
99.70564250918576
98.64704862448265
179.9611467652188
164.12129073636248
180.0321616442681
181.87942635043942
178.3881927690961
180.79695723757015
164.76062271028877
155.75710982953802
180.76900787020213
172.59801731628818
98.39062911713755
156.10475786415515
98.47020749101706
164.83738837847153
171.62667770790856
180.81370113518733
99.93417991340571
179.40432983531986
155.4999909777451
99.70564250918576
98.64704862448265
179.9611467652188
164.12129073636248
180.02788788432576
181.87942635043942
178.3881927690961
180.79695723757015
164.76062271028877
157.39143072479303
180.76900787020213
172.59801731628818
98.39062911713755
156.10475786415515
98.47020749101706
164.83738837847153
171.62667770790856
180.81370113518733
99.93417991340571
179.40432983531986
155.4999909777451
99.70564250918576
98.64704862448265
179.9611467652188
164.12129073636248
180.02788788432576
181.87942635043942
179.6509441811866
180.79695723757015
164.76062271028877
157.39143072479303
180.76900787020213
172.59801731628818
98.39062911713755
156.10475786415515
98.47020749101706
164.83738837847153
171.62667770790856
180.81370113518733
99.93417991340571
179.40432983531986
155.4999909777451
99.70564250918576
98.64704862448265
179.9611467652188
164.12129073636248
180.02788788432576
181.87942635043942
179.6509441811866
180.79695723757015
164.76062271028877
157.39143072479303
180.76900787020213
172.59801731628818
98.39062911713755
156.10475786415515
98.47020749101706
164.83738837847153
171.62667770790856
180.81370113518733
99.93417991340571
179.40432983531986
155.4999909777451
99.70564250918576
98.64704862448265
179.9611467652188
164.12129073636248
180.02788788432576
181.87942635043942
179.6509441811866
180.79695723757015
164.76062271028877
157.39143072479303
180.76900787020213
172.59801731628818
98.39062911713755
156.10475786415515
98.47020749101706
164.83738837847153
171.62667770790856
180.81370113518733
99.93417991340571
179.40432983531986
155.4999909777451
99.70564250918576
98.64704862448265
179.9611467652188
164.12129073636248
180.02788788432576
181.87942635043942
179.6509441811866
180.79695723757015
164.76062271028877
157.39143072479303
180.76900787020213
172.59801731628818
98.39062911713755
156.10475786415515
98.47020749101706
164.83738837847153
171.62667770790856
180.81370113518733
99.93417991340571
179.40432983531986
155.4999909777451
99.70564250918576
98.64704862448265
180.07046892554635
164.12129073636248
180.02788788432576
181.87942635043942
179.6509441811866
180.79695723757015
164.76062271028877
157.39143072479303
180.76900787020213
172.59801731628818
98.39062911713755
156.10475786415515
98.47020749101706
164.83738837847153
171.62667770790856
180.85043604806285
99.93417991340571
179.40432983531986
155.4999909777451
99.70564250918576
98.64704862448265
180.07046892554635
164.12129073636248
180.02788788432576
181.87942635043942
179.6509441811866
180.79695723757015
164.76062271028877
157.39143072479303
180.76900787020213
172.59801731628818
98.39062911713755
156.10475786415515
98.47020749101706
164.83738837847153
171.62667770790856
180.85043604806285
99.93417991340571
179.40432983531986
155.4999909777451
99.70564250918576
98.64704862448265
180.07046892554635
164.12129073636248
180.02788788432576
181.87942635043942
179.6509441811866
180.79695723757015
164.76062271028877
157.39143072479303
180.76900787020213
172.59801731628818
98.39062911713755
156.10475786415515
98.47020749101706
164.83738837847153
171.62667770790856
179.93263548588828
99.93417991340571
179.40432983531986
155.4999909777451
99.70564250918576
98.64704862448265
180.07046892554635
164.12129073636248
180.02788788432576
181.87942635043942
179.6509441811866
180.79695723757015
164.76062271028877
157.39143072479303
180.76900787020213
172.59801731628818
98.39062911713755
156.10475786415515
98.47020749101706
164.83738837847153
171.62667770790856
179.93263548588828
99.93417991340571
179.40432983531986
155.4999909777451
99.70564250918576
98.64704862448265
180.07046892554635
164.12129073636248
180.02788788432576
181.87942635043942
179.6509441811866
180.79695723757015
164.76062271028877
157.39143072479303
180.76900787020213
172.59801731628818
98.39062911713755
156.10475786415515
98.47020749101706
164.83738837847153
171.62667770790856
179.93263548588828
99.93417991340571
179.40432983531986
155.4999909777451
99.70564250918576
98.64704862448265
181.11034421283244
164.12129073636248
180.02788788432576
181.87942635043942
179.6509441811866
180.79695723757015
164.76062271028877
157.39143072479303
180.76900787020213
172.59801731628818
98.39062911713755
156.10475786415515
98.47020749101706
164.83738837847153
171.62667770790856
179.93263548588828
99.93417991340571
179.40432983531986
155.4999909777451
99.70564250918576
98.64704862448265
181.11034421283244
164.12129073636248
180.02788788432576
181.87942635043942
179.6509441811866
180.79695723757015
164.76062271028877
165.04648056284933
180.76900787020213
172.59801731628818
98.39062911713755
156.10475786415515
98.47020749101706
164.83738837847153
171.62667770790856
179.93263548588828
99.93417991340571
179.40432983531986
155.4999909777451
99.70564250918576
98.67933053140227
181.11034421283244
164.12129073636248
180.02788788432576
181.87942635043942
179.6509441811866
180.79695723757015
164.76062271028877
101.50076058958513
180.76900787020213
172.59801731628818
98.39062911713755
156.10475786415515
98.47020749101706
164.83738837847153
171.62667770790856
179.93263548588828
99.93417991340571
181.48313151534919
155.4999909777451
100.08052807276184
98.67933053140227
181.11034421283244
164.12129073636248
180.02788788432576
181.87942635043942
179.6509441811866
180.79695723757015
164.76062271028877
101.50076058958513
180.76900787020213
172.59801731628818
98.39062911713755
156.10475786415515
98.47020749101706
164.83738837847153
171.62667770790856
179.93263548588828
99.93417991340571
181.48313151534919
155.4999909777451
100.08052807276184
98.67933053140227
181.11034421283244
164.12129073636248
180.02788788432576
181.87942635043942
179.6509441811866
180.79695723757015
164.76062271028877
101.50076058958513
180.76900787020213
172.59801731628818
98.39062911713755
156.10475786415515
98.47020749101706
164.83738837847153
171.62667770790856
179.93263548588828
99.85983689534349
181.48313151534919
155.4999909777451
100.08052807276184
98.67933053140227
181.11034421283244
164.09788098212385
180.02788788432576
181.87942635043942
179.6509441811866
180.79695723757015
181.57289944301607
101.50076058958513
180.76900787020213
172.59801731628818
98.39062911713755
156.10475786415515
98.47020749101706
164.83738837847153
171.62667770790856
179.93263548588828
99.85983689534349
181.48313151534919
155.4999909777451
100.08052807276184
98.67933053140227
181.11034421283244
164.09788098212385
179.85156328644936
181.87942635043942
179.6509441811866
180.79695723757015
181.57289944301607
100.526163405277
180.76900787020213
172.59801731628818
98.39506552467037
156.22244631820567
98.47020749101706
164.83738837847153
171.62667770790856
179.93263548588828
99.85983689534349
181.48313151534919
165.36886056155527
100.08052807276184
98.67933053140227
181.11034421283244
164.09788098212385
179.82409328509814
181.87942635043942
179.6509441811866
180.79695723757015
181.57289944301607
100.526163405277
180.76900787020213
172.59801731628818
98.39506552467037
156.22244631820567
98.47020749101706
164.83738837847153
171.62667770790856
179.93263548588828
99.85983689534349
181.48313151534919
165.36886056155527
100.08052807276184
98.67933053140227
181.11034421283244
164.09788098212385
179.82409328509814
181.87942635043942
179.78897128273658
180.79695723757015
181.57289944301607
100.526163405277
180.76900787020213
172.59801731628818
98.39506552467037
180.1475991269259
98.47020749101706
164.83738837847153
171.62667770790856
179.93263548588828
99.85983689534349
181.48313151534919
165.36886056155527
100.08052807276184
98.67933053140227
181.11034421283244
164.09788098212385
179.82409328509814
181.87942635043942
179.78897128273658
180.79695723757015
181.57289944301607
100.526163405277
180.79228212617568
172.59801731628818
98.39506552467037
180.1475991269259
98.47020749101706
172.26048179806884
171.62667770790856
179.93263548588828
99.85983689534349
181.48313151534919
165.36886056155527
100.08052807276184
98.67933053140227
181.11034421283244
164.09788098212385
179.82409328509814
181.87942635043942
179.78897128273658
180.79695723757015
181.57289944301607
100.526163405277
180.79228212617568
172.58566060524257
98.39506552467037
180.1475991269259
98.47020749101706
172.26048179806884
171.62667770790856
179.93263548588828
99.85983689534349
181.48313151534919
165.36886056155527
100.08052807276184
98.67933053140227
181.11034421283244
164.09788098212385
179.82409328509814
181.87942635043942
179.78897128273658
180.52319609817616
181.57289944301607
100.526163405277
180.79228212617568
172.58566060524257
98.39506552467037
180.1475991269259
98.47020749101706
172.26048179806884
171.49564549933
180.05381821099468
99.85983689534349
181.48313151534919
165.36886056155527
100.08052807276184
98.67933053140227
180.95093355551185
163.454051675644
179.82409328509814
181.87942635043942
179.78897128273658
180.52319609817616
181.57289944301607
100.526163405277
180.6695256115208
172.58566060524257
98.39506552467037
180.1475991269259
98.47020749101706
172.26048179806884
171.49564549933
180.05381821099468
99.85983689534349
179.71728170753983
165.36886056155527
100.08052807276184
98.67933053140227
180.95093355551185
163.29618197660125
179.82409328509814
181.87942635043942
179.78897128273658
180.52319609817616
181.57289944301607
100.526163405277
180.77621331721068
172.58566060524257
98.39506552467037
180.1475991269259
98.47020749101706
172.26048179806884
171.49564549933
180.05381821099468
99.85983689534349
179.71728170753983
165.36886056155527
100.08052807276184
98.67933053140227
180.95093355551185
163.29618197660125
179.82409328509814
181.33341797187097
179.78897128273658
180.60214778494196
181.57289944301607
100.526163405277
180.77621331721068
172.58566060524257
98.39506552467037
180.1475991269259
98.47020749101706
172.26048179806884
171.49564549933
180.05381821099468
99.85983689534349
179.71728170753983
165.36886056155527
100.08052807276184
98.67933053140227
181.46238691244835
163.29618197660125
179.82409328509814
181.4509633495841
179.78897128273658
180.60214778494196
181.57289944301607
100.526163405277
180.77621331721068
172.58566060524257
98.39506552467037
180.1475991269259
98.47020749101706
172.26048179806884
170.19719457998372
171.49564549933
180.05381821099468
99.85983689534349
179.71728170753983
165.36886056155527
100.08052807276184
98.67933053140227
181.46238691244835
163.29618197660125
179.82409328509814
181.4509633495841
179.78897128273658
180.60214778494196
181.57289944301607
100.526163405277
180.77621331721068
172.58566060524257
98.39506552467037
180.1475991269259
98.47020749101706
172.26048179806884
170.19719457998372
171.49564549933
180.05381821099468
99.85983689534349
179.71728170753983
165.36886056155527
100.08052807276184
98.92646764817223
181.46238691244835
163.29618197660125
179.82409328509814
181.4509633495841
179.78897128273658
180.60214778494196
181.31204997615703
100.526163405277
180.77621331721068
172.58566060524257
98.39506552467037
180.1475991269259
98.47020749101706
172.26048179806884
170.19719457998372
171.49564549933
180.05381821099468
99.85983689534349
179.71728170753983
165.36886056155527
100.08052807276184
98.92646764817223
181.46238691244835
163.29618197660125
179.82409328509814
181.4509633495841
179.44518933608495
180.60214778494196
181.31204997615703
100.526163405277
179.4595680664614
172.58566060524257
98.39506552467037
180.1475991269259
98.47020749101706
172.26048179806884
170.19719457998372
171.49564549933
180.05381821099468
99.85983689534349
179.77930050098362
165.36886056155527
100.08052807276184
98.92646764817223
181.90065099620497
163.35633425670636
179.82409328509814
181.58500288451546
179.44518933608495
180.60214778494196
181.31204997615703
100.526163405277
93.10302037861197
172.58566060524257
98.39506552467037
180.13723861152926
98.47020749101706
172.26048179806884
170.19719457998372
173.80882446629008
180.05381821099468
99.85983689534349
179.77930050098362
165.36886056155527
100.08052807276184
98.92646764817223
181.90065099620497
163.35633425670636
179.82409328509814
181.58500288451546
179.44518933608495
180.60214778494196
181.31204997615703
100.526163405277
93.10302037861197
172.58566060524257
98.39506552467037
180.13723861152926
98.47020749101706
172.26048179806884
170.19719457998372
173.80882446629008
180.05381821099468
99.85983689534349
179.77930050098362
165.36886056155527
100.08052807276184
98.92646764817223
182.17387348937007
164.27970887672322
179.82409328509814
181.58500288451546
179.44518933608495
180.60214778494196
181.31204997615703
100.526163405277
93.10302037861197
172.58566060524257
98.39506552467037
180.13723861152926
98.47020749101706
172.26048179806884
171.73039466364284
173.80882446629008
180.05381821099468
99.85983689534349
179.77930050098362
157.32846314748508
100.08052807276184
98.92646764817223
182.17387348937007
164.27970887672322
179.82409328509814
181.58500288451546
179.44518933608495
180.60214778494196
181.31204997615703
100.526163405277
93.10302037861197
172.58566060524257
98.39506552467037
180.13723861152926
98.47020749101706
172.26048179806884
171.74083561133378
173.80882446629008
180.05381821099468
99.85983689534349
179.77930050098362
157.32846314748508
100.08052807276184
98.92646764817223
182.17387348937007
164.27970887672322
179.8095331199439
181.58500288451546
179.44518933608495
180.60214778494196
181.31204997615703
100.526163405277
93.10302037861197
172.58566060524257
98.39506552467037
180.7150992464328
98.47020749101706
172.26048179806884
171.74083561133378
173.80882446629008
180.05381821099468
99.85983689534349
179.77930050098362
157.32846314748508
100.08052807276184
98.92646764817223
182.17387348937007
164.27970887672322
179.8095331199439
181.58500288451546
179.44518933608495
180.60214778494196
181.31204997615703
100.526163405277
93.10302037861197
172.58566060524257
98.39506552467037
180.7150992464328
98.47020749101706
172.26048179806884
171.74083561133378
173.80882446629008
180.05381821099468
99.85983689534349
179.77930050098362
156.3243505576213
100.08052807276184
98.92646764817223
182.17387348937007
164.27970887672322
179.8095331199439
181.58500288451546
179.44518933608495
180.60214778494196
181.31204997615703
100.526163405277
93.10302037861197
172.58566060524257
98.39506552467037
180.7150992464328
98.47020749101706
172.26048179806884
171.74083561133378
173.80882446629008
180.05381821099468
99.85983689534349
180.67086095343856
156.3243505576213
100.08052807276184
98.92646764817223
182.17387348937007
164.27970887672322
179.8095331199439
181.58500288451546
179.44518933608495
180.60214778494196
181.31204997615703
100.526163405277
93.10302037861197
172.58566060524257
98.39506552467037
180.7150992464328
98.47020749101706
172.26048179806884
171.74083561133378
173.80882446629008
180.05381821099468
99.42856153554932
180.67086095343856
156.3243505576213
100.08052807276184
98.95803188078273
182.17387348937007
164.27970887672322
179.8095331199439
181.58500288451546
179.44518933608495
180.60214778494196
181.31204997615703
100.526163405277
93.10302037861197
172.58566060524257
98.39506552467037
180.67105528876442
98.56394941525352
172.26048179806884
171.74083561133378
173.80882446629008
180.32895525845342
99.42856153554932
180.67086095343856
156.3243505576213
100.08052807276184
98.95803188078273
182.17387348937007
164.27970887672322
179.95961038364055
181.58500288451546
179.44518933608495
180.60214778494196
181.31204997615703
100.526163405277
93.10302037861197
172.58566060524257
98.39506552467037
180.67105528876442
99.60969566695378
172.26048179806884
171.74083561133378
173.80882446629008
180.32895525845342
99.42856153554932
180.67086095343856
156.3243505576213
100.08052807276184
98.95803188078273
182.17387348937007
164.27970887672322
179.95961038364055
181.58500288451546
179.44518933608495
180.60214778494196
181.31204997615703
100.526163405277
93.10302037861197
172.58566060524257
98.39506552467037
180.67105528876442
99.60969566695378
172.39727878833233
171.74083561133378
173.80882446629008
180.48084308347092
99.42856153554932
180.67086095343856
156.3243505576213
100.08052807276184
98.95803188078273
182.17387348937007
164.27970887672322
179.95961038364055
181.66859161880382
179.44518933608495
180.60214778494196
181.31204997615703
100.526163405277
93.10302037861197
172.58566060524257
98.39506552467037
180.67105528876442
99.60969566695378
172.39727878833233
171.74083561133378
173.80882446629008
180.48084308347092
99.42856153554932
180.80026442783114
156.3243505576213
100.08052807276184
98.95803188078273
182.17387348937007
164.27970887672322
179.95961038364055
181.66859161880382
179.44518933608495
180.60214778494196
180.879348426842
100.526163405277
93.10302037861197
172.58566060524257
98.39506552467037
180.73061537553605
99.60969566695378
172.39727878833233
171.74083561133378
181.62950829268968
180.48084308347092
99.42856153554932
180.80026442783114
156.3243505576213
100.08052807276184
98.95803188078273
182.17387348937007
164.27970887672322
179.95961038364055
181.66859161880382
179.44518933608495
180.60214778494196
180.879348426842
100.526163405277
93.10302037861197
172.58566060524257
98.7846089394088
180.9146546369527
99.60969566695378
172.39727878833233
171.74083561133378
181.62950829268968
180.48084308347092
99.42856153554932
180.80026442783114
156.3243505576213
100.08052807276184
98.95803188078273
182.17387348937007
164.27970887672322
179.62781530108708
181.66859161880382
179.44518933608495
180.60214778494196
180.879348426842
100.526163405277
93.10302037861197
172.58566060524257
98.7846089394088
180.9101573627605
99.60969566695378
172.39727878833233
171.74083561133378
181.62950829268968
180.48084308347092
99.42856153554932
180.80026442783114
156.3243505576213
100.08052807276184
98.95803188078273
182.17387348937007
164.27970887672322
179.62781530108708
181.83739676687077
179.44518933608495
180.60214778494196
180.879348426842
100.526163405277
93.10302037861197
172.58566060524257
98.7846089394088
180.9101573627605
100.01959155162258
172.39727878833233
171.74083561133378
181.62950829268968
180.48084308347092
99.42856153554932
180.80026442783114
156.3243505576213
100.08052807276184
98.95803188078273
182.17387348937007
164.27970887672322
179.62781530108708
181.83739676687077
179.44518933608495
180.60214778494196
181.27646537054179
100.526163405277
93.10302037861197
172.58566060524257
98.7846089394088
180.9101573627605
100.01959155162258
172.39727878833233
171.74083561133378
181.62950829268968
180.48084308347092
101.7027967995771
180.80026442783114
156.3243505576213
100.08052807276184
98.95803188078273
182.06367745305252
164.27970887672322
179.62781530108708
181.83739676687077
179.44518933608495
180.60214778494196
181.27646537054179
100.526163405277
93.10302037861197
172.58566060524257
98.7846089394088
180.9101573627605
100.01959155162258
172.39727878833233
171.74083561133378
181.62950829268968
180.48084308347092
101.7027967995771
180.4146661599241
156.3243505576213
100.08052807276184
98.95803188078273
182.06367745305252
164.27970887672322
179.62781530108708
181.83739676687077
179.44518933608495
180.60214778494196
181.27646537054179
100.38004964805933
93.10302037861197
172.58566060524257
98.7846089394088
180.9101573627605
100.01959155162258
172.39727878833233
171.74083561133378
181.62950829268968
180.48084308347092
101.7027967995771
180.13699686043748
156.3243505576213
100.08052807276184
98.95803188078273
182.06367745305252
164.27970887672322
179.62781530108708
181.83739676687077
179.44518933608495
180.60214778494196
181.27646537054179
100.38004964805933
93.10302037861197
172.58566060524257
98.7846089394088
180.9101573627605
100.01959155162258
172.39727878833233
171.74083561133378
181.62950829268968
180.68121501454377
101.7027967995771
180.13699686043748
156.3243505576213
100.08052807276184
98.95803188078273
182.06367745305252
171.5380402436098
179.62781530108708
181.83739676687077
179.96026559583723
180.60214778494196
181.27646537054179
100.38004964805933
93.10302037861197
172.58566060524257
98.7846089394088
180.9101573627605
100.01959155162258
172.39727878833233
171.74083561133378
181.62950829268968
180.68121501454377
101.7027967995771
180.13699686043748
156.3243505576213
100.08052807276184
98.95803188078273
182.06367745305252
171.5380402436098
179.62781530108708
181.83739676687077
179.9465165758091
180.60214778494196
181.38493429240702
100.38004964805933
93.10302037861197
172.58566060524257
98.7846089394088
180.9101573627605
100.01959155162258
172.39727878833233
171.74083561133378
181.62950829268968
180.68121501454377
101.7027967995771
180.13699686043748
156.3243505576213
100.08052807276184
98.95803188078273
182.06367745305252
171.5380402436098
179.62781530108708
181.83739676687077
179.9465165758091
180.60214778494196
181.38493429240702
100.38004964805933
93.10302037861197
172.58566060524257
98.7846089394088
180.9101573627605
100.01959155162258
172.39727878833233
171.74083561133378
181.62950829268968
180.68121501454377
101.7027967995771
180.13699686043748
156.3243505576213
100.08052807276184
98.95803188078273
182.06367745305252
171.5380402436098
179.62781530108708
181.83739676687077
179.9465165758091
180.60214778494196
181.38493429240702
100.38004964805933
93.10302037861197
172.58566060524257
98.7846089394088
180.9101573627605
100.01959155162258
172.39727878833233
171.74083561133378
181.62950829268968
180.68121501454377
101.7027967995771
180.13699686043748
156.3243505576213
100.08052807276184
98.95803188078273
182.06367745305252
171.5380402436098
179.62781530108708
181.83739676687077
179.9465165758091
180.60214778494196
181.38493429240702
100.38004964805933
102.16677626130321
172.58566060524257
98.7846089394088
180.9101573627605
100.01959155162258
172.39727878833233
171.74083561133378
181.62950829268968
180.38118547047858
101.7027967995771
180.1744584953848
156.3243505576213
100.08052807276184
98.95803188078273
182.06367745305252
171.5380402436098
179.62781530108708
181.83739676687077
179.9465165758091
180.60214778494196
181.20448651136059
100.38004964805933
102.16677626130321
172.58566060524257
98.7846089394088
180.9101573627605
100.01959155162258
172.39727878833233
171.9062831208254
181.69803763123255
180.38118547047858
101.7027967995771
180.1744584953848
156.3243505576213
100.08052807276184
98.95803188078273
181.13671414844382
171.5380402436098
181.69118635914907
181.83739676687077
179.95882028365432
180.75271620103163
181.20448651136059
100.38004964805933
102.16677626130321
172.58566060524257
98.7846089394088
180.9101573627605
100.01959155162258
172.39727878833233
171.9062831208254
181.69803763123255
180.38118547047858
101.7027967995771
180.1744584953848
156.3243505576213
100.08052807276184
98.95803188078273
181.13671414844382
171.5380402436098
181.69118635914907
182.07277648677785
179.95882028365432
180.75271620103163
181.20448651136059
100.38004964805933
102.16677626130321
172.58566060524257
98.7846089394088
180.9101573627605
100.01959155162258
172.39727878833233
171.9062831208254
181.69803763123255
180.38118547047858
101.7027967995771
180.1744584953848
156.3243505576213
100.08052807276184
98.95803188078273
181.13671414844382
171.5380402436098
181.69118635914907
182.07277648677785
180.069724447733
180.75271620103163
181.20448651136059
100.38004964805933
102.16677626130321
172.58566060524257
98.7846089394088
180.66263959225432
100.01959155162258
172.39727878833233
171.84145979526946
181.61087794193014
180.45028827707577
101.7027967995771
180.1744584953848
156.3243505576213
100.08052807276184
98.95803188078273
181.13671414844382
171.5380402436098
181.69118635914907
182.07277648677785
180.069724447733
180.75271620103163
181.20448651136059
100.38004964805933
102.16677626130321
172.58566060524257
98.7846089394088
180.66263959225432
100.01959155162258
172.39727878833233
171.84145979526946
181.61087794193014
180.45028827707577
101.7027967995771
180.1744584953848
156.3243505576213
100.08052807276184
98.95803188078273
181.13671414844382
171.5380402436098
181.69118635914907
182.07277648677785
180.069724447733
180.75271620103163
181.20448651136059
100.38004964805933
102.16677626130321
172.58566060524257
98.7846089394088
180.66263959225432
100.01959155162258
172.39727878833233
174.6923449397053
181.61087794193014
98.92601775576901
101.7027967995771
180.1744584953848
156.3243505576213
100.08052807276184
100.3809949567919
181.13671414844382
171.5380402436098
181.50104421382994
182.07277648677785
180.53001359855344
180.75271620103163
181.20448651136059
100.38004964805933
102.16677626130321
172.58566060524257
98.84912829506133
180.66263959225432
100.01959155162258
172.39727878833233
174.6923449397053
181.61087794193014
98.92601775576901
101.7027967995771
180.1744584953848
156.3243505576213
100.08052807276184
100.3809949567919
181.13671414844382
171.5380402436098
181.53586013262043
182.07277648677785
180.53001359855344
180.75271620103163
181.20448651136059
100.38004964805933
102.16677626130321
172.58566060524257
98.84912829506133
180.66263959225432
100.01959155162258
172.39727878833233
174.6923449397053
181.61087794193014
98.92601775576901
101.7027967995771
180.1744584953848
156.3243505576213
100.08052807276184
100.3809949567919
181.13671414844382
171.5380402436098
181.53586013262043
182.07277648677785
180.53001359855344
180.75271620103163
181.20448651136059
100.38004964805933
102.16677626130321
172.58566060524257
99.38902277023693
180.66263959225432
100.01959155162258
172.39727878833233
173.83810591667097
181.61087794193014
99.43189778185841
101.7027967995771
180.1744584953848
156.3243505576213
100.08052807276184
100.3809949567919
181.13671414844382
171.5380402436098
181.53586013262043
182.07277648677785
180.53001359855344
180.75271620103163
181.20448651136059
100.38004964805933
102.16677626130321
172.58566060524257
99.38902277023693
180.66263959225432
100.01959155162258
172.39727878833233
173.83810591667097
181.61087794193014
99.43189778185841
101.7027967995771
180.1744584953848
156.3243505576213
100.08052807276184
100.3809949567919
181.13671414844382
171.5380402436098
181.53586013262043
182.07277648677785
180.53001359855344
180.75271620103163
181.20448651136059
100.38004964805933
102.16677626130321
172.58566060524257
99.38902277023693
180.66263959225432
100.01959155162258
172.39727878833233
173.83810591667097
181.61087794193014
99.43189778185841
101.7027967995771
180.1744584953848
156.3243505576213
100.86123586433398
100.3809949567919
181.13671414844382
171.5380402436098
181.53586013262043
182.07277648677785
180.65681908976757
180.75271620103163
181.20448651136059
100.38004964805933
102.12316242820943
172.58566060524257
99.38902277023693
180.66263959225432
100.01959155162258
172.39727878833233
173.83810591667097
181.61087794193014
99.43189778185841
101.7027967995771
180.1744584953848
156.3243505576213
100.86123586433398
100.3809949567919
181.13671414844382
171.5380402436098
181.53586013262043
182.07277648677785
179.96945656612988
180.75271620103163
181.20448651136059
100.36037479388693
101.73362937771849
172.58566060524257
99.38902277023693
180.66263959225432
100.01959155162258
178.61147833190665
173.83810591667097
181.61087794193014
99.43189778185841
101.7027967995771
180.68694881891054
156.3243505576213
100.86123586433398
100.3809949567919
181.13671414844382
171.5380402436098
181.53586013262043
182.07277648677785
179.96945656612988
180.75271620103163
181.20448651136059
100.32860812722431
101.73362937771849
172.58566060524257
99.38902277023693
180.66263959225432
100.01959155162258
178.61147833190665
173.83810591667097
181.61087794193014
99.43189778185841
101.7027967995771
180.70532703939844
156.3243505576213
100.86123586433398
100.3809949567919
181.13671414844382
170.63339068590705
181.53586013262043
182.07277648677785
179.9249470090557
180.75271620103163
181.20448651136059
100.32860812722431
101.73362937771849
172.58566060524257
99.38902277023693
180.66263959225432
99.75366964315798
178.61147833190665
173.83810591667097
181.61087794193014
99.43189778185841
101.7027967995771
180.70532703939844
156.3243505576213
100.86123586433398
100.3809949567919
181.13671414844382
170.63339068590705
181.53586013262043
182.07277648677785
179.47434656623827
180.75271620103163
181.20448651136059
100.32860812722431
101.73362937771849
172.58566060524257
99.38902277023693
180.66263959225432
99.75366964315798
179.79710158636078
173.83810591667097
181.61087794193014
99.43189778185841
101.7027967995771
180.70532703939844
156.3243505576213
100.86123586433398
100.17218696941708
181.13671414844382
172.8553187625564
181.53586013262043
182.07277648677785
179.47434656623827
180.75271620103163
181.20448651136059
100.32860812722431
101.73362937771849
172.58566060524257
99.38902277023693
181.18568528608228
99.75366964315798
179.79710158636078
173.83810591667097
181.61087794193014
99.43189778185841
101.7027967995771
180.70532703939844
156.3243505576213
100.86123586433398
100.17218696941708
181.13671414844382
172.8553187625564
181.53586013262043
182.07277648677785
179.47434656623827
180.75271620103163
181.20448651136059
100.32860812722431
101.73362937771849
172.58566060524257
99.37448626490637
181.18568528608228
99.75366964315798
179.79710158636078
173.83810591667097
181.61087794193014
99.43189778185841
101.7027967995771
180.70532703939844
156.3243505576213
100.86123586433398
100.17218696941708
181.13671414844382
172.8553187625564
181.5733416881797
181.77439705757908
179.47434656623827
180.75271620103163
181.20448651136059
100.32860812722431
101.73362937771849
172.58566060524257
99.37448626490637
181.18568528608228
99.75366964315798
179.79710158636078
173.83810591667097
181.61087794193014
99.43189778185841
101.7027967995771
180.70532703939844
156.3243505576213
101.2732058177142
100.17218696941708
180.93791198397412
172.8553187625564
181.5733416881797
181.77439705757908
179.47434656623827
180.75271620103163
181.20448651136059
100.32860812722431
101.73362937771849
172.58566060524257
99.37448626490637
181.18568528608228
99.75366964315798
179.79710158636078
173.67965251718212
181.61087794193014
99.43189778185841
101.7027967995771
180.70532703939844
156.3243505576213
101.2732058177142
100.17218696941708
180.93791198397412
172.8553187625564
181.5733416881797
181.77439705757908
179.47434656623827
180.75271620103163
181.20448651136059
100.32860812722431
101.73362937771849
172.58566060524257
99.37448626490637
181.1115639674598
99.75366964315798
179.79710158636078
173.67965251718212
181.51845881479596
99.53786289324223
101.7027967995771
180.70532703939844
156.3243505576213
100.44895985946526
100.17218696941708
180.93791198397412
172.8553187625564
181.5733416881797
181.77439705757908
179.47434656623827
180.75271620103163
181.20448651136059
100.32860812722431
101.73362937771849
172.58566060524257
99.60847609347356
181.1115639674598
99.965795135137
179.79710158636078
173.67965251718212
181.51845881479596
99.53786289324223
101.49940444415311
180.70532703939844
156.3243505576213
100.44895985946526
100.17218696941708
180.93791198397412
172.92234394020306
181.7529192592579
181.77439705757908
179.47434656623827
180.75271620103163
181.20448651136059
100.32860812722431
101.64979866719277
172.58566060524257
99.60847609347356
99.965795135137
179.79710158636078
186.4832267202413
181.51845881479596
99.53786289324223
101.49940444415311
180.70532703939844
156.3243505576213
100.44895985946526
102.05152356998687
180.93791198397412
181.38074400819642
181.7529192592579
181.77439705757908
179.47434656623827
180.75271620103163
181.20448651136059
100.32860812722431
101.64979866719277
172.58566060524257
99.98358256853894
99.965795135137
179.79710158636078
172.46525120608132
181.51845881479596
99.53786289324223
101.49940444415311
180.70532703939844
156.3243505576213
100.72289174120355
102.05152356998687
180.93791198397412
181.38074400819642
181.7343223651978
181.77439705757908
179.47434656623827
180.75271620103163
181.20448651136059
100.32860812722431
101.64979866719277
172.58566060524257
99.98358256853894
99.965795135137
179.79710158636078
172.46525120608132
181.51845881479596
99.53786289324223
100.59691257839692
180.70532703939844
