-197.698849,7.784002187188582,0.23847590163600063
-195.97848193110949,7.738918604679129,0.09830424773828206
-194.258114862219,7.719866596754338,0.2689711105855091
-192.5377477933285,7.700671000424457,0.3122485654438143
-190.81738072443798,7.681330566763356,0.2917728507515901
-189.0970136555475,7.661844037410811,0.18772034777859692
-187.376646586657,7.627433438058921,0.188841295293254
-185.6562795177665,7.578278233060676,0.2920684348365864
-183.935912448876,7.528970227449587,0.3120964950701059
-182.21554537998549,7.479506213094046,0.26826281667404195
-180.495178311095,7.429882816059852,0.09477162786378565
-178.7748112422045,7.3697430978390885,0.23889246554326418
-177.05444417331398,7.307618137697894,0.3060949036569647
-175.3340771044235,7.245322766905778,0.3045534491727294
-173.613710035533,7.182852932340152,0.2329066447979552
-171.89334296664248,7.1202877921598215,0.11314213646551281
-170.172975897752,7.057876944523454,0.27198908053841675
-168.4526088288615,6.995279437267337,0.31234237082113375
-166.73224175997098,6.932491197581907,0.28904388917104257
-165.0118746910805,6.869508140274334,0.17871836261765384
-163.29150762218998,6.936850680640535,0.195469468534273
-161.57114055329947,7.11270480942693,0.29395762763414013
-159.850773484409,7.288375845875039,0.3115214821004898
-158.13040641551848,7.4638752197066385,0.2647918460681677
-156.41003934662797,7.6386321345106385,0.07865080634507585
-154.6896722777375,7.660165174538835,0.24392104074440796
-152.96930520884698,7.66250797566905,0.3074332666993938
-151.2489381399565,7.664703456457856,0.30332755595548727
-149.52857107106598,7.666751759746483,0.2279780684172641
-147.8082040021755,7.648070122083842,0.12813386338560162
-146.087836933285,7.564278102509432,0.27551442750514465
-144.36746986439448,7.4803323714234295,0.31280444858962525
-142.647102795504,7.396227467057071,0.28677389432178907
-140.9267357266135,7.3119579172584555,0.17053465353308384
-139.20636865772298,7.316034567923817,0.20291578095209886
-137.4860015888325,7.381935061902041,0.29616110640608967
-135.76563451994198,7.44766998053198,0.3109610059102662
-134.04526745105147,7.513243600758084,0.26102335414529226
-132.324900382161,7.578660722416249,0.06471704931153272
-130.60453331327048,7.643963404530365,0.2484738831709034
-128.88416624437997,7.709120804739066,0.3085219741141532
-127.16379917548947,7.774133917381575,0.30185589477380637
-125.44343210659898,7.8390069724368505,0.22255725054713946
-123.72306503770848,7.919938464505273,0.14080708437750483
-122.00269796881798,8.04174508915537,0.27879570144824445
-120.28233089992747,8.16342906787005,0.3133050013205422
-118.56196383103698,8.284998317806133,0.284834855598717
-116.84159676214648,8.406460748659049,0.1632030162833356
-115.12122969325597,8.457199672527182,0.21093948092185705
-113.40086262436547,8.46647578165409,0.2987448544664275
-111.68049555547498,8.475656879212888,0.31077204803055614
-109.96012848658448,8.48474356256351,0.25785597879592276
-108.23976141769397,8.494069349375378,0.061458132805897354
-106.51939434880347,8.514308512842959,0.25362283166268046
-104.79902727991298,8.535049724374167,0.30995028415105513
-103.07866021102248,8.555700385976266,0.3006755411834136
-101.35829314213197,8.576261841265877,0.21756119613146582
-99.63792607324147,8.602944895945042,0.1533371444725027
-97.91755900435098,8.642401752341671,0.2822297267983376
-96.19719193546047,8.681775043501577,0.3136998135503642
-94.47682486656997,8.721067331161935,0.28245180779702656
-92.75645779767947,8.76028117182593,0.15415291950281643
-91.03609072878898,8.703768581153994,0.21768573217711548
-89.31572365989847,8.60072897372167,0.30071862680775263
-87.59535659100797,8.497603089681835,0.3099522342313992
-85.87498952211747,8.394384219323548,0.2535835769400715
-84.15462245322696,8.300598083627493,0.06018808169073227
-82.43425538433647,8.385928828065863,0.25759163844397825
-80.71388831544597,8.476682933713144,0.31075523729501753
-78.99352124655547,8.567342691909646,0.29895716540923
-77.27315417766496,8.657914001274584,0.2115922677781724
-75.55278710877447,8.699023444875237,0.16362750562131362
-73.83242003988397,8.655299864327581,0.28506031819011235
-72.11205297099346,8.611493557723398,0.31360562989986424
-70.39168590210296,8.567601674893929,0.2793666523694553
-68.67131883321247,8.523621360076781,0.14263872937162902
-66.95095176432196,8.441490131644624,0.2231738471368776
-65.23058469543147,8.344139591718385,0.3021876127475112
-63.510217626540964,8.246686080621895,0.30884395948375193
-61.78985055765045,8.149123257730256,0.24901674363131382
-60.06948348875997,8.05380166436596,0.06654413029068507
-58.34911641986946,7.986541103939336,0.2612697933788051
-56.62874935097895,7.919557404869236,0.31117035606526666
-54.90838228208847,7.8524431099331995,0.2964735626040808
-53.18801521319796,7.785193852457075,0.203637740149858
-51.467648144307475,7.730377494977009,0.17093617623660604
-49.747281075416964,7.69346172262697,0.28692030473639346
-48.026914006526454,7.6564006438776815,0.3128864559134767
-46.30654693763597,7.619191847421682,0.2755852841513578
-44.58617986874546,7.581832912329632,0.12831793360231614
-42.86581279985495,7.51256208248139,0.22771930063414117
-41.14544573096447,7.433003078444354,0.30319181207741186
-39.42507866207396,7.353281821717713,0.3073105178175955
-37.70471159318345,7.273393125385605,0.24372150632537998
-35.984344524292965,7.213508045190445,0.0766649794410971
-34.263977455402454,7.31735466260661,0.264459366610538
-32.54361038651194,7.421688836022085,0.3115367450058536
-30.82324331762146,7.525860020605851,0.2943235877307733
-29.10287624873095,7.629874994085002,0.19659535813850615
-27.38250917984047,7.661532233463797,0.1857885832359936
-25.662142110949958,7.605906525798261,0.332718149400459
-23.941775042059447,7.550129815112713,0.41997662118597795
-22.221407973168965,7.494198472386241,0.4812187416441278
-20.501040904278454,7.438108858554672,0.5256320725883171
-18.780673835387944,7.381857324226919,0.557265462502826
-17.06030676649746,7.325440209506164,0.5782279416518287
-15.339939697606951,7.268853843707129,0.5896639220788038
-13.61957262871644,7.21209454513188,0.5921285647355105
-11.899205559825958,7.155158620838995,0.5857357758247184
-10.178838490935448,7.098042366387073,0.5701859933575282
-8.458471422044965,7.040742065607263,0.544691254789537
-6.738104353154455,6.983253990354077,0.5077484512281301
-5.017737284263944,6.9255744002641695,0.45657609249456355
-3.297370215373462,6.867699542516741,0.38553266492725485
-1.5770031464829515,6.80962565157491,0.2798464613988574
0.14336392240755913,6.749401311831429,0.10713267035006065
1.8637309912980413,6.667546039863999,0.2724707119619871
3.584098060188552,6.585478712060721,0.3176636287288821
5.3044651290790625,6.503193988858933,0.30247979521295865
7.024832197969545,6.420686516545729,0.21445133419570353
8.745199266860055,6.316366351588256,0.19194023020863885
10.465566335750566,6.183296746309846,0.2953526503170571
12.185933404641048,6.049983578355972,0.31847795839145476
13.906300473531559,5.916418173933118,0.2818329507472801
15.626667542422041,5.782591842831896,0.14571296868108227
17.34703461131255,5.7995250462108885,0.2410026886497226
19.067401680203062,5.859199790378766,0.30994776195521434
20.787768749093544,5.918609885060867,0.312750786597248
22.508135817984055,5.977759195667156,0.2516328045550744
24.228502886874566,6.023408389227456,0.11745371498662482
25.948869955765048,5.976808722974361,0.2745932143076005
27.66923702465556,5.929952059258687,0.3174025966089741
29.38960409354607,5.882835349421843,0.29971802720325724
31.10997116243655,5.835455527919258,0.20653826645793313
32.83033823132706,5.813087220587612,0.1977959899330024
34.550705300217544,5.81857579371081,0.2970093924326746
36.271072369108055,5.823797074218523,0.3178547015601553
37.991439437998565,5.828751401817929,0.2785277108158947
39.71180650688905,5.833439098855402,0.133591535293686
41.43217357577956,5.915851178192519,0.24570492543543127
43.15254064467007,6.015023580831938,0.3113026466404804
44.87290771356055,6.113941472393932,0.31183354875133296
46.59327478245106,6.212611288793571,0.24771651024332253
48.31364185134157,6.288148218673074,0.13262882616272678
50.034008920232054,6.25036855837992,0.278405687704442
51.754375989122565,6.212349699317858,0.31819348146391246
53.474743058013075,6.174089167867182,0.29800784797163526
55.19511012690356,6.135584474658379,0.20047754781317456
56.91547719579407,6.036327233925963,0.2056058279421472
58.63584426468458,5.880031306852407,0.29939886454626813
60.35621133357506,5.723472085658111,0.31737799397765815
62.07657840246554,5.5666393840867965,0.27485264309340035
63.79694547135608,5.409522998087094,0.11865360770221146
65.51731254024656,5.382020352463879,0.24963815194607386
67.23767960913705,5.3747820937595705,0.31194881005684943
68.95804667802759,5.367247667759867,0.3097650466220555
70.67841374691807,5.359416584268255,0.2413417195607585
72.39878081580855,5.360184232716322,0.14088410260168094
74.11914788469909,5.393947234721534,0.280332822481494
75.83951495358957,5.427415316375633,0.3177669927665065
77.55988202248005,5.460590655233823,0.2949953700624525
79.28024909137059,5.493475409788344,0.19163005984058287
81.00061616026107,5.450732480273736,0.21085683765210136
82.72098322915156,5.348109819230668,0.3007849500281577
84.4413502980421,5.2451892555131625,0.31637784401528163
86.16171736693258,5.141964092765516,0.27080098337003
87.88208443582306,5.0384276148335765,0.10089260849080328
89.60245150471354,5.1950764805664225,0.2534613327451256
91.32281857360408,5.378485980211882,0.31290994794048704
93.04318564249456,5.561599553549327,0.3086055216645334
94.76355271138505,5.744429114553814,0.23709944829982244
96.48391978027558,5.893486727759556,0.1535778460113693
98.20428684916607,5.943567334360488,0.28395888030493127
99.92465391805655,5.993388780695502,0.3185098971053448
101.64502098694709,6.0429543083194375,0.2933245622664051
103.36538805583757,6.092267142134348,0.1854747102873897
105.08575512472805,6.13525717305591,0.21851570049124688
106.80612219361859,6.173966381926957,0.3035560243101513
108.52648926250907,6.212431421063226,0.3168214944427993
110.24685633139956,6.250654793117313,0.26914689578899154
111.9672234002901,6.288638985023587,0.09127741183555672
113.68759046918058,6.1859460248508915,0.25976757454457755
115.40795753807106,6.0753655096699895,0.31479830775984613
117.1283246069616,5.964534409442265,0.3074360188225914
118.84869167585208,5.853445513151487,0.2318076656001666
120.56905874474256,5.8433011028484145,0.16334297015463167
122.2894258136331,6.07374086646761,0.2868499315115865
124.00979288252358,6.303929939337502,0.31894700411816224
125.73015995141407,6.533883298331233,0.2915800252182063
127.4505270203046,6.763615904950157,0.17931451075247642
129.1708940891951,6.948596295307739,0.22597852921554262
130.89126115808557,7.108692196221787,0.306313221935596
132.6116282269761,7.2686047437168915,0.3172647491740725
134.3319952958666,7.428344342239707,0.2674985353338034
136.05236236475707,7.587921384956202,0.08072082802430414
137.77272943364756,7.463440496701336,0.26590062115216545
139.4930965025381,7.3361900289201785,0.3170010074871196
141.21346357142858,7.20877100948149,0.3071890144013288
142.93383064031906,7.081175148085471,0.22875292748614537
144.6541977092096,7.021753913528979,0.17623209859043526
146.37456477810008,7.0957981792092175,0.2910039380661098
148.09493184699056,7.169658252551308,0.3199532703279614
149.8152989158811,7.243338939123677,0.29003924797309416
151.53566598477158,7.316845032840405,0.17302182949575895
153.25603305366207,7.550320151566967,0.2076537740929013
154.9764001225526,7.856975418404321,0.18495229802201657
156.6967671914431,8.184879020417641,0.1708278922179984
158.41713426033357,8.539258720797053,0.22741221243630788
160.1375013292241,8.865233616223861,0.09933635382180654
161.8578683981146,8.371721068628528,0.22152269933005594
163.57823546700507,7.878107344407379,0.11542376039280919
165.2986025358956,8.36118753754634,0.2121186724001933
167.0189696047861,9.098776683483006,0.20958328248737051
168.73933667367658,9.318724388780975,0.1813218552950636
170.45970374256711,8.697382084830362,0.21311612399253677
172.1800708114576,8.265248346483563,0.09270888926554235
173.90043788034808,8.986290248899385,0.22948544544494706
175.62080494923862,9.707560318995416,0.1666557109678868
177.3411720181291,9.505583279825576,0.21440319886885134
179.06153908701958,8.959349655115538,0.1807722858806949
180.78190615591006,8.6408955586455,0.18781538100178893
182.5022732248006,8.561173075066167,0.2920062391291097
184.2226402936911,8.481361741238736,0.312816967096653
185.94300736258157,8.401456364376264,0.27025603932302317
187.6633744314721,8.321451745570894,0.1039846179590905
189.3837415003626,8.377681323975013,0.2381662775887464
191.10410856925307,8.460604992218695,0.306309463531834
192.8244756381436,8.543433266929215,0.30581439256180093
194.5448427070341,8.626171537178173,0.23624978869398597
196.26520977592457,8.712576062954762,0.11211006464990168
197.9855768448151,8.815619200289332,0.27206421271480535
199.7059439137056,8.91859004247489,0.3132440653593453
201.42631098259608,9.021495289129064,0.29134801437866464
203.14667805148662,9.124341635608934,0.18520516598242287
204.8670451203771,9.24692571776798,0.19622238270639494
206.58741218926758,9.386961883544236,0.29476819509343455
208.30777925815812,9.526962927598111,0.31309545430950114
210.0281463270486,9.66693795885586,0.2681931148959573
211.74851339593909,9.806776494566048,0.09399205240089095
213.46888046482962,9.877925979886605,0.24487656327426766
215.1892475337201,9.939399493319954,0.30861837915283985
216.9096146026106,10.00087382843232,0.3055579001426364
218.62998167150113,10.062352984945827,0.23307728591290486
220.3503487403916,10.099995075676338,0.13087535160208852
222.0707158092821,10.055868934151903,0.2766952437232472
223.79108287817257,10.011751192183496,0.3143798724402406
225.5114499470631,9.967638979341086,0.28975419519850376
227.2318170159536,9.92352942553017,0.17867499633398162
228.95218408484408,9.905080147350075,0.2046221262100939
230.67255115373462,9.90573096886735,0.2973891003357087
232.3929182226251,9.906380421481934,0.31279259469815335
234.11328529151558,9.907028547451075,0.26470634970681617
235.83365236040612,9.907557900148149,0.08128818960848236
237.5540194292966,9.895951120484824,0.2495128577173618
239.27438649818708,9.883160447204242,0.30970170005232567
240.99475356707762,9.870366936507788,0.3039792069564667
242.7151206359681,9.857569756016575,0.2274211906118985
244.4354877048586,9.878389956775885,0.1423346719410065
246.15585477374913,9.990912400439198,0.2796570398360452
247.8762218426396,10.103439017382955,0.31469019220885946
249.5965889115301,10.215977128951335,0.28762849182009553
251.31695598042063,10.328534057250717,0.1711856141650079
253.0373230493111,10.436976588383146,0.21212562703237112
254.7576901182016,10.542868786396784,0.2998918579148574
256.47805718709213,10.648801069775189,0.31280751389533945
258.1984242559826,10.754780330835388,0.2621823489209992
259.9187913248731,10.858162677087659,0.07950619973290898
261.63915839376364,10.850327386132033,0.25527209149740976
263.3595254626541,10.835457052289636,0.31154681262070555
265.0798925315446,10.820645840565076,0.3032885816164527
266.8002596004351,10.805892787301662,0.2234505786695827
268.5206266693256,10.813618639902332,0.15610993552998265
270.2409937382161,10.87112691561895,0.2836209170620492
271.9613608071066,10.928696634251432,0.3155285896084317
273.6817278759971,10.986331541486798,0.28588054538098284
275.4020949448876,11.044035387230192,0.16414740372860287
277.1224620137781,11.05073928299283,0.21975501284347815
278.84282908266863,11.031004760881393,0.30234677293375756
280.5631961515591,11.011342083847381,0.3124370953815105
282.2835632204496,10.991749972611268,0.2586580417139415
284.00393028934013,10.97387964370953,0.07909715150069313
285.7242973582306,10.993311015897833,0.25976377924528077
287.4446644271211,11.014230887359181,0.31269998230904955
289.16503149601164,11.03522151254011,0.30196269181878865
290.8853985649021,11.056284257191592,0.21834850194453034
292.6057656337926,11.071047587105163,0.1670553596721735
294.32613270268314,11.074219756231113,0.2867940372601454
296.0464997715736,11.077466582160447,0.315745658966815
297.7668668404641,11.080788276162648,0.2832764326592361
299.48723390935464,11.084185054329815,0.15458462501437917
301.2076009782451,11.071278977827056,0.2257339092765873
302.9279680471356,11.051454686084721,0.3040804769851234
304.64833511602615,11.03170356998531,0.31154590727294057
306.36870218491663,11.012024344443608,0.2544498801025415
308.0890692538071,10.996288956252043,0.08253072698304724
309.8094363226976,11.03436855045719,0.2635940167320334
311.52980339158813,11.073560343237578,0.3134412987556228
313.2501704604786,11.11282674991836,0.30017660096615706
314.97053752936915,11.152170325313225,0.2122765161501956
316.69090459825964,11.200875704853713,0.17615387438829228
318.4112716671501,11.263833202428648,0.2894967618407159
320.1316387360406,11.326877693676483,0.31579436121283644
321.8520058049311,11.390013280489383,0.2806910054362961
323.5723728738217,11.45324407067154,0.14486894615401308
325.29273994271216,11.552925740643667,0.23183364077923546
327.01310701160264,11.665266744263958,0.30616109901253313
328.7334740804931,11.777720860147731,0.3113932291149917
330.4538411493836,11.89029540492597,0.2518750715973808
332.1742082182741,11.990951372303067,0.09920062003028322
333.89457528716457,11.980368750413927,0.29713684132595286
335.61494235605517,11.969151057141174,0.3967113630512457
337.33530942494565,11.95806624784236,0.464839621572457
339.05567649383613,11.947113601300526,0.5141920683545489
340.7760435627266,11.936292404903867,0.5498593535742308
342.4964106316171,11.92560195458681,0.5744051076434848
344.2167777005076,11.915041554793154,0.589226969954137
345.9371447693982,11.90461051843305,0.5950557795076932
347.65751183828866,11.894308166821945,0.5921586780965846
349.37787890717914,11.884133829660097,0.5804042426876023
351.0982459760696,11.874086844973874,0.5592310330274403
352.8186130449601,11.864166559069188,0.5275001518644817
354.5389801138506,11.854372326500199,0.48312658407538756
356.2593471827412,11.844703510025889,0.42212833960827806
357.97971425163166,11.835159480552862,0.33553711517052565
359.70008132052214,11.82573961712313,0.1912398576645165
361.4204483894126,11.626158591969432,0.24949082949690407
363.1408154583031,11.353049839593089,0.3161526387042817
364.8611825271936,11.080033885622145,0.3208181275134515
366.5815495960842,10.807092966745964,0.2667616677397421
368.30191666497467,10.548748396801496,0.1257660289438635
370.02228373386515,10.488189591236793,0.27810003478324147
371.74265080275563,10.427667313439398,0.32218149253972317
373.4630178716461,10.367177625622894,0.3085576690768073
375.1833849405366,10.306716592139262,0.22706421111103017
376.9037520094271,10.279531699688226,0.20195147700838176
378.6241190783177,10.299050916947682,0.30054562321136685
380.34448614720816,10.318594355990378,0.3237526186868638
382.06485321609864,10.338163288373554,0.29026268985541637
383.7852202849891,10.357758987321398,0.1692109125339025
385.5055873538796,10.3874621858093,0.24968317092392378
387.2259544227701,10.420317659935515,0.31557535301950224
388.9463214916607,10.45320524585249,0.31914609555720175
390.66668856055117,10.486127083335182,0.26294782053657806
392.38705562944165,10.487250130111798,0.13960224891454862
394.10742269833213,10.23343153200008,0.28158177686731917
395.8277897672226,9.979632886265247,0.3223729337199321
397.5481568361131,9.725837679916314,0.3056194260829298
399.2685239050037,9.472029400224187,0.21845442199447648
400.9888909738942,9.339832776911535,0.2057181012644099
402.70925804278465,9.35125855519197,0.3011738050939123
404.42962511167514,9.362646888775823,0.322070052793464
406.1499921805656,9.373998518624283,0.285295812681125
407.8703592494561,9.385314183314616,0.15392723410449882
409.5907263183467,9.418489346289567,0.25143066774249057
411.3110933872372,9.456901145676381,0.3151375030732041
413.03146045612766,9.495282373810136,0.3163440526264365
414.75182752501814,9.533635527911933,0.25593616458369167
416.4721945939086,9.613271641383216,0.14430416375525407
418.1925616627991,9.920672932692801,0.28297216747193316
419.9129287316896,10.22807382726725,0.32285626967562475
421.6332958005802,10.535494325628092,0.30548117809565256
423.35366286947067,10.842954429549971,0.21752734110993308
425.07402993836115,10.97656669829437,0.2179044292162341
426.79439700725163,10.937040528725406,0.3059779666609334
428.5147640761421,10.897580090630488,0.32382741491448674
430.2351311450326,10.85818281658455,0.28497421235298237
431.9554982139232,10.818846143277888,0.15051472071049513
433.6758652828137,10.89913261327329,0.25922530005197203
435.39623235170416,11.000828281870723,0.3186813449787252
437.11659942059464,11.102593832184684,0.31797988188923165
438.8369664894851,11.204435885414563,0.25662785683575945
440.5573335583756,11.305619897725364,0.16558251911856464
442.2777006272662,11.403853647231523,0.28981968697019855
443.9980676961567,11.502183500622303,0.3254997226658746
445.71843476504716,11.600615855538866,0.3054294353669628
447.43880183393765,11.69915711631781,0.21448395495734038
449.1591689028281,11.729710818976928,0.22693839251940862
450.8795359717186,11.703185757637906,0.309517704581589
452.5999030406092,11.67677627569749,0.3248175027451209
454.3202701094997,11.650480654867813,0.28393513655306885
456.04063717839017,11.624297184268205,0.1453718934311455
457.76100424728065,11.383027777447904,0.2654894873504485
459.48137131617113,11.115534845391874,0.3202636832296018
461.2017383850616,10.848119258240729,0.3159717320826293
462.9221054539522,10.580763617063646,0.24958341942054066
464.6424725228427,10.390115079621093,0.16964559513380606
466.3628395917332,10.444242957731898,0.2904798866855232
468.08320666062366,10.498404504291466,0.32400018873211855
469.80357372951414,10.552603243226939,0.3009612297337726
471.5239407984046,10.606842700896863,0.20292716865161675
473.2443078672951,10.556250494643338,0.22838187441373012
474.9646749361857,10.431615528388132,0.30897328491285686
476.6850420050762,10.30701340900338,0.32204845784509356
478.40540907396667,10.182436029463949,0.27733117946328867
480.12577614285715,10.057875284362698,0.12267696163413344
481.84614321174763,10.126577357729795,0.2658963757159239
483.5665102806381,10.209051406033424,0.3195899560411938
485.2868773495287,10.291543820452327,0.3138539018332576
487.0072444184192,10.374059968215947,0.2445394284418647
488.7276114873097,10.507908024424893,0.17840397903145855
490.44797855620016,10.773038166408275,0.2935383978060564
492.16834562509064,11.038223369336347,0.3251550133750006
493.8887126939811,11.30348088702645,0.30085884702816545
495.6090797628717,11.568827978013614,0.2013246678314361
497.3294468317622,11.666430167438891,0.23827593267225738
499.0498139006527,11.664949156619976,0.31325461447301434
500.77018096954316,11.663581237401287,0.3239575565970196
502.49054803843364,11.662326320774637,0.27791604851224233
504.2109151073241,11.6611843251068,0.12242440968415953
505.9312821762147,11.548274149757265,0.27377407298303524
507.6516492451052,11.43272337648236,0.32262197005062276
509.3720163139957,11.317270585435095,0.31391711143475887
511.09238338288617,11.201908264877058,0.2415115997894578
512.8127504517767,10.99767324061979,0.17913768796479243
514.5331175206671,10.607524330861764,0.21888958520837115
516.2534845895576,10.290167059309915,0.08409555716943135
517.9738516584482,10.691864370783717,0.23036020895441994
519.6942187273387,11.099817861677277,0.18092233090723964
521.4145857962292,10.879555470690843,0.21374064702321993
523.1349528651197,10.351368985249172,0.1905796648632637
524.8553199340101,10.17225814017823,0.17236543038637372
526.5756870029006,10.454176201062038,0.23090315467124423
528.2960540717912,10.727810432916925,0.10849364258864395
530.0164211406817,10.561551079053249,0.22469354420143758
531.7367882095722,10.395333026091611,0.1279572569015481
533.4571552784627,10.39189880443866,0.21381249483218318
535.1775223473531,10.434829340616977,0.2124934941965297
536.8978894162436,10.506021109999894,0.18132727479264202
538.6182564851342,10.626135831695786,0.21656979660194228
540.3386235540247,10.734562912754901,0.1002819831808522
542.0589906229152,10.762515691673055,0.2698099763257056
543.7793576918057,10.790417878511004,0.3142502753836516
545.4997247606962,10.818376257068799,0.2962095061311895
547.2200918295866,10.846392646423707,0.19938672197723986
548.9404588984772,10.865206659651722,0.19018210106965766
550.6608259673677,10.87377860776961,0.2935103254224809
552.3811930362582,10.882412171331655,0.3149330693685462
554.1015601051487,10.891107912077379,0.27436509445557017
555.8219271740392,10.8998663957781,0.12009242221634674
557.5422942429296,10.854805321061603,0.24024028231945627
559.2626613118201,10.798049101420204,0.3079156078083378
560.9830283807107,10.741349570020105,0.30811303258457784
562.7033954496012,10.684703037801373,0.24099851213398907
564.4237625184917,10.632454269424885,0.11507943540747284
566.1441295873822,10.601724006767396,0.27311970051883516
567.8644966562726,10.571037658798168,0.3145195269086349
569.5848637251631,10.540393228958298,0.29365642173004375
571.3052307940537,10.509788723420613,0.19111711645251156
573.0255978629442,10.47637236429756,0.19665579055463714
574.7459649318347,10.440317775485637,0.2952399608943958
576.4663320007252,10.404296599742636,0.3140118716972211
578.1866990696157,10.368306493405516,0.27016095137779933
579.9070661385061,10.33233931875107,0.10186972967374809
581.6274332073967,10.283906219389074,0.24397418036769628
583.3478002762872,10.233512504232978,0.30851702609777737
585.0681673451777,10.183138746712526,0.306151296880558
586.7885344140682,10.132781669349264,0.2348629511086444
588.5089014829587,10.089946599068814,0.12619696068090216
590.2292685518491,10.075213686885169,0.27557342958694026
591.9496356207397,10.060490432901908,0.3143495903723023
593.6700026896302,10.045775879169176,0.29078596231223536
595.3903697585207,10.031069068317091,0.18209732773286175
597.1107368274112,10.051377465096863,0.2026971989255222
598.8311038963017,10.099377371600434,0.2969490044708504
600.5514709651922,10.147388508466314,0.31331799393076953
602.2718380340826,10.195413999464032,0.2665654074996073
603.9922051029732,10.243836177168848,0.08817809158933304
605.7125721718637,10.353428268655154,0.2486586440681141
607.4329392407542,10.469856020630882,0.3098402137878458
609.1533063096447,10.5863191075269,0.305164873157599
610.8736733785352,10.702825106812991,0.23066056907199692
612.5940404474256,10.801724422248396,0.1409913670858485
614.3144075163162,10.848664655688696,0.2795425007904793
616.0347745852067,10.895664870582248,0.3153670415778194
617.7551416540972,10.942728124915286,0.28951890402425573
619.4755087229877,10.989857480782787,0.17673260932877233
621.1958757918782,10.995903108051051,0.21173829993942272
622.9162428607686,10.97468904604995,0.30000017007276814
624.6366099296592,10.953543165064897,0.3134539764205053
626.3569769985497,10.932464089275687,0.26380889960822435
628.0773440674402,10.911159668684869,0.08267503358797709
629.7977111363307,10.873921056025795,0.25399683071757706
631.5180782052212,10.83555183847152,0.31128485960442076
633.2384452741117,10.797241749207588,0.3038318717624501
634.9588123430023,10.758988295650747,0.22529941037504583
636.6791794118927,10.718934173556805,0.15222956429694293
638.3995464807832,10.674518793595187,0.28246962982272933
640.1199135496737,10.630152064577144,0.31526835841708073
641.8402806185642,10.585831099880092,0.286346085610943
643.5606476874547,10.54155301581412,0.16608549622602237
645.2810147563451,10.503445856758361,0.21673228524827587
647.0013818252357,10.46877361013762,0.30120384314091697
648.7217488941262,10.43413662801923,0.31214054813291425
650.4421159630167,10.399532656793586,0.2590338380672532
652.1624830319072,10.363097595484698,0.07394974799878938
653.8828501007977,10.275597222914401,0.2572436454894288
655.6032171696882,10.1857568724579,0.3115681176513903
657.3235842385787,10.095933372497614,0.30143625245566147
659.0439513074692,10.006120878830506,0.2180367945838247
660.7643183763597,9.937776148254308,0.16001306556994663
662.4846854452502,9.911384983453587,0.28438608640861274
664.2050525141407,9.884992817612783,0.3146032326538891
665.9254195830312,9.858597933576753,0.2826802704574322
667.6457866519218,9.832198614009522,0.15384832702932053
669.3661537208122,9.775600374109388,0.2211694380192112
671.0865207897027,9.705169111017067,0.3021139352538218
672.8068878585932,9.634723429808098,0.3105035324183699
674.5272549274837,9.564258747060457,0.25364561743763225
676.2476219963742,9.496379095712463,0.06928374317863563
677.9679890652648,9.47087250565725,0.26004740603081883
679.6883561341552,9.446403420497992,0.3116939466333079
681.4087232030457,9.421903081085768,0.2990445155086497
683.1290902719362,9.397369893331573,0.21082258045614355
684.8494573408267,9.372952350811367,0.16805890521837874
686.5698244097172,9.348742665024,0.28649952766024006
688.2901914786077,9.324495370850208,0.31407834160956016
690.0105585474982,9.300208890678574,0.27917339106840827
691.7309256163887,9.275881644346939,0.14125977108795876
693.4512926852792,9.411080754101164,0.24019588677798803
695.1716597541697,9.605725710180707,0.3618533383244918
696.8920268230602,9.800349778025137,0.44019259411053174
698.6123938919507,9.994965620525782,0.4961909519430702
700.3327609608413,10.189585900018722,0.5368978561494564
702.0531280297317,10.384223279138395,0.5656341628430998
703.7734950986222,10.578890421637787,0.5841761730477338
705.4938621675127,10.773599993195663,0.5934848283790944
707.2142292364032,10.968364662246309,0.5939967847629661
708.9345963052937,11.163197100832994,0.5857352437368244
710.6549633741843,11.358109985382134,0.5683154856966589
712.3753304430747,11.55311599756972,0.5408484952948626
714.0956975119652,11.748227825118551,0.5016788391517634
715.8160645808557,11.943458162657626,0.44773379583164913
717.5364316497462,12.138819712502007,0.3726331283266471
719.2567987186367,12.334325185514963,0.25852526445324664
720.9771657875273,12.471120569366914,0.20364527568467639
722.6975328564178,12.502807354108361,0.30266017396183553
724.4178999253082,12.534661744250165,0.327914091873448
726.1382669941987,12.566685812341829,0.2987456359663547
727.8586340630892,12.598881641979347,0.19173506152186942
729.5790011319797,12.643178631831884,0.25008877918982286
731.2993682008702,12.692615867001713,0.3176765152483934
733.0197352697608,12.742233057137382,0.3241628480089082
734.7401023386512,12.792033430495627,0.2739252307518183
736.4604694075417,12.8294286070037,0.13893870279805126
738.1808364764322,12.644881686513202,0.28254225818037726
739.9012035453227,12.460511615247519,0.32565502626152343
741.6215706142132,12.27630639747633,0.3130079755790167
743.3419376831038,12.092254048217509,0.23578892138139634
745.0623047519942,12.0354111937808,0.20772794543869685
746.7826718208847,12.168402974241431,0.3037689872937149
748.5030388897752,12.301540602650674,0.32720843958987544
750.2234059586657,12.43483274138848,0.2958446287385206
751.9437730275562,12.568288062874691,0.1834299760494892
753.6641400964468,12.620472312000816,0.25448999394841476
755.3845071653373,12.645488279207623,0.31887144836188286
757.1048742342277,12.670681135102145,0.3230155940178348
758.8252413031182,12.696052518813607,0.2697147929172269
760.5456083720087,12.714978883504676,0.14905552486682902
762.2659754408992,12.671808614558973,0.2854586303321456
763.9863425097898,12.628816946791233,0.32634709173099086
765.7067095786803,12.586001083022438,0.31188370266522836
767.4270766475707,12.543358237513257,0.23192948566614496
769.1474437164612,12.564540759273855,0.21622071708358687
770.8678107853517,12.665717957637227,0.3068168685215283
772.5881778542422,12.767073360896536,0.3275847248083629
774.3085449231327,12.868613563573552,0.2937351030841328
776.0289119920233,12.970345172193397,0.17617262497483363
777.7492790609138,13.035788627720684,0.25964067883999625
779.4696461298042,13.09180340299407,0.32074750365043336
781.1900131986947,13.148024105685838,0.32285490063171113
782.9103802675852,13.20445439369323,0.26736232418577516
784.6307473364757,13.252945042331003,0.16303476551768561
786.3511144053663,13.25100715591764,0.2899501085393295
788.0714814742568,13.24928555523374,0.32794342778330887
789.7918485431472,13.24778012827172,0.3114705823614361
791.5122156120377,13.246490777078915,0.2290620433650275
793.2325826809282,13.310492027071762,0.22536313119948254
794.9529497498187,13.443491705577072,0.3105910231408061
796.6733168187093,13.57672019348605,0.3290816447816193
798.3936838875998,13.710186159082543,0.2937268374583207
800.1140509564902,13.843898286111525,0.1743652239155586
801.8344180253807,13.870011282186145,0.267394699043907
803.5547850942712,13.874862427136517,0.32393380490267565
805.2751521631617,13.879970447888548,0.3234447355164772
806.9955192320523,13.88533567678995,0.26561250648212326
808.7158863009428,13.881506885101231,0.17662978517578698
810.4362533698333,13.835218259596916,0.29449209608428367
812.1566204387237,13.789183930517629,0.32928422551274183
813.8769875076142,13.74340090271031,0.31034053682083623
815.5973545765047,13.697866197393251,0.2244368152162555
817.3177216453952,13.727574860687932,0.23225936683571546
819.0380887142858,13.824392067042396,0.3131397800282916
820.7584557831763,13.92146286542747,0.3292982777466348
822.4788228520667,14.01879357159498,0.2917012458722373
824.1991899209572,14.116390518198111,0.16735360398014024
825.9195569898477,14.063990715589036,0.2722525962434576
827.6399240587383,13.990624024574952,0.3254081456617019
829.3602911276288,13.917521741190257,0.3224473552058025
831.0806581965193,13.8446791091647,0.2614698525521033
832.8010252654097,13.738223203323244,0.1849612570521505
834.5213923343002,13.514470601934947,0.29689318906299966
836.2417594031907,13.29095142807036,0.32875649602761486
837.9621264720812,13.067651138846898,0.3066295139338739
839.6824935409717,12.844555205612219,0.21439305518922055
841.4028606098622,12.537309650965698,0.23396881521573515
843.1232276787526,12.166916921548694,0.31193074204514415
844.8435947476434,11.796669943394171,0.3245629608871831
846.5639618165338,11.426544627028456,0.2808282077870356
848.2843288854243,11.05651689087945,0.13365626517896212
850.0046959543148,10.97904523784756,0.2666561024095844
851.7250630232053,10.927528022748685,0.32040206868764487
853.4454300920958,10.876075920212187,0.31519318056900103
855.1657971609862,10.824685582595675,0.24733051101777023
856.8861642298767,10.770877396016676,0.17706162121957153
858.6065312987672,10.710297920957277,0.2928485005837214
860.3268983676577,10.649769424753396,0.3243832748532405
862.0472654365482,10.589287969227678,0.2995808364330612
863.7676325054387,10.528849619262392,0.1983147050915871
865.4879995743291,10.65455309945277,0.23214232135410579
867.2083666432198,10.897450726718196,0.3106213375906438
868.9287337121103,11.140411509618307,0.3228579332385062
870.6491007810008,11.383451255980816,0.27775342274678877
872.3694678498913,11.626585778767996,0.12331959008790815
874.0898349187818,11.920511528920187,0.22656794433581226
875.8102019876723,12.216612823751918,0.14922687414037814
877.5305690565627,11.924827463618405,0.21235854269865737
879.2509361254532,11.405668734704108,0.2192527130387782
880.9713031943437,11.142923547572975,0.17621601210479185
882.6916702632342,11.454245373165623,0.22099548795191276
884.4120373321247,11.713615364537901,0.09090687191593481
886.1324044010152,11.3822923061523,0.23116417716655482
887.8527714699059,11.043588254162907,0.1826243908549306
889.5731385387963,10.900152673340259,0.21263442429284563
891.2935056076868,10.859044562815287,0.19361137646519563
893.0138726765773,10.850581787574963,0.171733357528899
894.7342397454678,10.887914163741579,0.2318660286817567
896.4546068143583,10.924481348296784,0.10488729871661767
898.1749738832488,10.738980389548702,0.22490947670006767
899.8953409521392,10.55353227584098,0.13239912260399486
901.6157080210297,10.4881870936406,0.23257318185540463
903.3360750899202,10.460058916123966,0.3056730116123805
905.0564421588107,10.431965436098606,0.309399407938117
906.7768092277012,10.40390482571199,0.2469147469137126
908.4971762965916,10.390807879876034,0.09362778870294183
910.2175433654824,10.493626213988179,0.26814372595832364
911.9379104343728,10.596846259028744,0.3137917826998313
913.6582775032633,10.7001099013954,0.29664426159728174
915.3786445721538,10.803423859747415,0.2012360272935078
917.0990116410443,10.813713889245346,0.18680730372371054
918.8193787099348,10.714154970805449,0.29236498826865465
920.5397457788252,10.614647282179437,0.3146922355064541
922.2601128477157,10.515184349066498,0.27488587886362964
923.9804799166062,10.415759700091023,0.12273674400702933
925.7008469854967,10.40180891630354,0.23766331390414375
927.4212140543872,10.408446516322261,0.3070467582475317
929.1415811232777,10.41511545575944,0.3082517590189839
930.8619481921684,10.42181616851568,0.24229805881184746
932.5823152610589,10.43567244430856,0.10869742352347914
934.3026823299493,10.488825594535491,0.2716869447956018
936.0230493988398,10.542015313903724,0.3142785467806555
937.7434164677303,10.595245063109012,0.2944371786307502
939.4637835366208,10.648518305469452,0.19384889535199012
941.1841506055113,10.679007425916804,0.1942282911501198
942.9045176744017,10.68681126973582,0.2946026684232337
944.6248847432922,10.694664564304684,0.31440098371698144
946.3452518121827,10.702567820567252,0.27184463583116963
948.0656188810732,10.710521511892292,0.10926564835921673
949.7859859499637,10.68250266538658,0.2429803611281395
951.5063530188542,10.648104339727249,0.30852574537733957
953.2267200877449,10.613752946413653,0.30712195785382485
954.9470871566353,10.579446250417028,0.23758475387695127
956.6674542255258,10.56420784918293,0.12382058056942584
958.3878212944163,10.627020551681586,0.27516602998024037
960.1081883633068,10.689878814734659,0.31478533754559684
961.8285554321973,10.752786728122807,0.29233202582715656
963.5489225010878,10.815748384822594,0.18659423906474384
965.2692895699782,10.835196166159118,0.20175868365655303
966.9896566388687,10.81811733017571,0.29689185739429336
968.7100237077592,10.801096488138402,0.31400233091923885
970.4303907766497,10.784132532610506,0.26845363347611223
972.1507578455402,10.767025833650935,0.09520646053630116
973.8711249144309,10.692872885823009,0.24772580625706084
975.5914919833214,10.61154319717792,0.30968654653020444
977.3118590522118,10.530258062086315,0.3056539584745985
979.0322261211023,10.449012191872317,0.23221366231806614
980.7525931899928,10.386369190606425,0.13612046547413745
982.4729602588833,10.383018509980548,0.27814149326593496
984.1933273277738,10.379697514348846,0.3148598233185491
985.9136943966643,10.376405987631271,0.2895798718165267
987.6340614655547,10.373143715667364,0.17753336292788785
989.3544285344452,10.422032935436295,0.2077923942995998
991.0747956033357,10.50776523662817,0.2986336480959456
992.7951626722262,10.593535339235471,0.3133261626708769
994.5155297411167,10.679348823751878,0.2648654459917868
996.2358968100074,10.764431475070817,0.08461868964877824
997.9562638788979,10.790904194987199,0.25232978433565045
999.6766309477883,10.812369314015154,0.31093760244471447
1001.3969980166788,10.833892053004224,0.30452612539641816
1003.1173650855693,10.855473812283154,0.22766466213319514
1004.8377321544598,10.872047900931262,0.1492900802032703
1006.5580992233503,10.87572158575822,0.2817440104779612
1008.2784662922408,10.87945701245419,0.3154579003234717
1009.9988333611312,10.883254424059643,0.2875669772019112
1011.7192004300217,10.887114067638274,0.17005454623339322
1013.4395674989122,10.964595618108255,0.21515504183536754
1015.1599345678027,11.08560659221265,0.30104287677458114
1016.8803016366934,11.206692963989614,0.31315279274285557
1018.6006687055839,11.327862611715982,0.2619297646746676
1020.3210357744744,11.44603399966646,0.08264349189007665
1022.0414028433648,11.458944297970719,0.2575183775524215
1023.7617699122553,11.466133432809471,0.312511882263151
1025.4821369811457,11.473422723645562,0.30364744731555166
1027.2025040500362,11.480812644743907,0.22344704158790354
1028.9228711189267,11.468972843135905,0.16195100784191294
1030.6432381878171,11.416827439392598,0.2854535886351035
1032.3636052567076,11.364778983642818,0.31609694556403856
1034.083972325598,11.312824089426286,0.28554073193232615
1035.8043393944886,11.260959376402315,0.16225799994508888
1037.524706463379,11.28153128907215,0.22217838100444942
1039.24507353227,11.337648306622736,0.3032473818573927
1040.9654406011605,11.393857120504787,0.31261555406828484
1042.685807670051,11.450161387851626,0.25821166640922505
1044.4061747389414,11.50223093222643,0.0833084438889758
1046.126541807832,11.470954403787731,0.26170994354012067
1047.8469088767224,11.437127464507485,0.313345755281414
1049.567275945613,11.403398793997637,0.30176199177003094
1051.2876430145034,11.369766197758931,0.2170586375135109
1053.0080100833939,11.342968875838626,0.1757433477228909
1054.7283771522843,11.327935668548875,0.3280383320784248
1056.4487442211748,11.312993625654066,0.41702373982041196
1058.1691112900653,11.29814177497764,0.47937661188702746
1059.8894783589558,11.283379150205796,0.5246933421185593
1061.6098454278463,11.26870479084112,0.5571571980188738
1063.3302124967367,11.25411774212142,0.5789423085729182
1065.0505795656272,11.239617054958897,0.591235743761222
1066.7709466345177,11.225201785897461,0.594629642192123
1068.4913137034082,11.21087099702623,0.5892786812144851
1070.2116807722987,11.196623755943717,0.5749373133122866
1071.9320478411892,11.182459135671454,0.5508999149704739
1073.6524149100796,11.168376214618746,0.5158059007274902
1075.3727819789701,11.154374076499085,0.4671597202675524
1077.0931490478606,11.140451810292314,0.4000321268324025
1078.813516116751,11.126608510168131,0.3023294093650552
1080.5338831856416,11.112843275434859,0.11114158764141832
1082.2542502545325,11.298221188391599,0.2744615746837359
1083.974617323423,11.484430105124797,0.3229382726553811
1085.6949843923135,11.670740368296759,0.3140491101728329
1087.415351461204,11.857164099862018,0.24153846337780976
1089.1357185300944,12.018960170519934,0.1966755199167911
1090.856085598985,12.133644793489074,0.30002293974717187
1092.5764526678754,12.24847300293297,0.32702682879989764
1094.2968197367659,12.363452269957603,0.29913878744939176
1096.0171868056564,12.47859007547776,0.19396293931440003
1097.7375538745468,12.396230551918377,0.24804871965459538
1099.4579209434373,12.225764083403488,0.316593247360425
1101.1782880123278,12.05544719494626,0.32332569824120805
1102.8986550812183,11.885268805172398,0.2728625243154298
1104.6190221501088,11.72439668515614,0.1272845640631707
1106.3393892189993,11.791061768639347,0.279240983092622
1108.0597562878897,11.857848149021928,0.324480167286799
1109.7801233567802,11.924760171644227,0.3132794684156172
1111.5004904256707,11.991802190021472,0.2377889960304848
1113.2208574945612,12.00874007410997,0.20558814196434155
1114.9412245634517,11.94600119541115,0.30273290718487156
1116.6615916323422,11.883393694474591,0.3263678735324832
1118.3819587012326,11.820913497859607,0.29474850494788574
1120.1023257701231,11.7585565403954,0.18089825511372898
1121.8226928390136,11.812183041079331,0.24970838024325417
1123.5430599079045,11.907963048329899,0.3168713706460048
1125.263426976795,12.00387195846575,0.3224595946835476
1126.9837940456855,12.09991601162399,0.2703208815404079
1128.704161114576,12.193862998661501,0.14375431348224987
1130.4245281834665,12.262665414812322,0.2838842406067812
1132.144895252357,12.331619811947782,0.32590408890489675
1133.8652623212474,12.400730676449134,0.3123165230568681
1135.585629390138,12.47000250491902,0.23360738724753394
1137.3059964590284,12.591223595164536,0.2137854876137122
1139.0263635279189,12.78159502170758,0.3062879483334429
1140.7467305968094,12.97215219248974,0.3284074390877572
1142.4670976656998,13.16290750579458,0.2963533444468651
1144.1874647345903,13.353873372766548,0.18365367269374053
1145.9078318034808,13.368598013590011,0.260572956842167
1147.6281988723713,13.332700202434578,0.32150216675963234
1149.3485659412618,13.297023992225762,0.3238755396426419
1151.0689330101523,13.261567061755882,0.2692467833092836
1152.7893000790427,13.216312985597094,0.1604272044541542
1154.5096671479332,13.100407865528702,0.2890405609559114
1156.2300342168237,12.984709232713987,0.327501384395023
1157.9504012857142,12.869209559412942,0.3112574369313223
1159.6707683546047,12.753901330842854,0.22894071557902398
1161.3911354234951,12.690290166533227,0.22090776905119894
1163.1115024923856,12.68464087768826,0.30830974000979133
1164.831869561276,12.679171024927888,0.32721973834877593
1166.552236630167,12.673880252373422,0.2913021700988402
1168.2726036990575,12.668768215770683,0.16852805516224625
1169.992970767948,12.739085045095043,0.26148677364155926
1171.7133378368385,12.826234740205045,0.32102131297678604
1173.433704905729,12.913573083959388,0.32177323601589203
1175.1540719746195,13.001105758881934,0.26424506555958965
1176.87443904351,13.112924959188117,0.16827068771719514
1178.5948061124004,13.345677152484036,0.29179815725915204
1180.315173181291,13.578651791056767,0.3288121383132137
1182.0355402501814,13.81186403299113,0.31182491233096876
1183.7559073190719,14.0453290518475,0.2291187317429636
1185.4762743879623,14.100197788623284,0.2328662988650896
1187.1966414568528,13.986101593504873,0.3134003960623432
1188.9170085257433,13.87226951177263,0.32940631807426013
1190.6373755946338,13.758694137141887,0.29171138693265075
1192.3577426635243,13.64536808002206,0.16725653196933493
1194.0781097324148,13.571120697044673,0.26929125847815955
1195.7984768013052,13.503362724242931,0.32396768443667917
1197.5188438701957,13.435837456253545,0.321691804116269
1199.2392109390862,13.368540499663954,0.26097714131351424
1200.9595780079767,13.28453394638332,0.17852187987855153
1202.6799450768672,13.136594459800653,0.2946202366945749
1204.4003121457577,12.988863814880318,0.32803633662067333
1206.1206792146481,12.841332399793643,0.3070761135722871
1207.8410462835386,12.693990615653895,0.21647476399789992
1209.5614133524296,12.514989228021793,0.23203120758942708
1211.28178042132,12.31076561998502,0.31156196722975443
1213.0021474902105,12.106697122482352,0.32541498919588596
1214.722514559101,11.902770458151286,0.28339538656901475
1216.4428816279915,11.698972358849229,0.1425422440336337
1218.163248696882,11.657161120061726,0.26710423548469614
1219.8836157657724,11.63268251636143,0.3213244068748683
1221.603982834663,11.608314904885376,0.31711041216318436
1223.3243499035534,11.584056700200797,0.25154102960375474
1225.044716972444,11.551494665791346,0.17843774461563117
1226.7650840413344,11.49398338328632,0.29367273201443417
1228.4854511102249,11.436574068784815,0.32549734328168034
1230.2058181791153,11.379262987053613,0.30159525509947505
1231.9261852480058,11.322046409239833,0.2031583245227408
1233.6465523168963,11.541369600482621,0.2097413861167865
1235.3669193857868,11.945981344836456,0.20236460950764462
1237.0872864546773,12.039242248632686,0.1656738558464406
1238.8076535235678,11.575732006244488,0.23364592365795306
1240.5280205924582,11.112329050698426,0.12124899622426005
1242.2483876613487,11.41630018238146,0.2250183175521406
1243.9687547302392,11.763862894617082,0.15093391489778651
1245.6891217991297,11.606597654337298,0.21032958510328081
1247.4094888680202,11.239363768829149,0.21975982774550187
1249.1298559369106,11.042578112377793,0.173167303165386
1250.8502230058011,11.255246819388024,0.22113174043421424
1252.570590074692,11.43890741118111,0.08621909131701458
1254.2909571435825,11.2406034406753,0.2302925136983043
1256.011324212473,11.035726415987863,0.18413236572068523
1257.7316912813635,10.98817033713116,0.21131775181181497
1259.452058350254,11.028613005741672,0.1955977597743289
1261.1724254191445,11.012943797930632,0.17673704292931436
1262.892792488035,10.913488960584607,0.2895021663522989
1264.6131595569254,10.814098322379117,0.3153161951001551
1266.333526625816,10.714765416625756,0.27942519821525974
1268.0538936947064,10.615483780406889,0.14060001572448594
1269.7742607635969,10.616305430476531,0.2310443336147263
1271.4946278324874,10.650755881768626,0.3053707747912922
1273.2149949013778,10.685253437920766,0.3100295244749637
1274.9353619702683,10.719800343458372,0.24896429081556573
1276.6557290391588,10.744152894546843,0.09094030603816936
1278.3760961080493,10.67823576582861,0.26723012452158285
1280.0964631769398,10.61184696137886,0.3136687779641475
1281.8168302458303,10.545502730244582,0.29721761314070677
1283.5371973147207,10.479198755853924,0.20312544349007486
1285.2575643836112,10.465323579455475,0.1834116776655011
1286.9779314525017,10.517169441506455,0.2913419888420255
1288.6982985213922,10.569053716853382,0.314774887221595
1290.4186655902827,10.620979781241935,0.2761390328211672
1292.1390326591732,10.672951013163782,0.12799539105998117
1293.8593997280636,10.670444667489408,0.23613843681785876
1295.5797667969546,10.653598549665315,0.30671222346370364
1297.300133865845,10.636799721651174,0.3088049683324766
1299.0205009347355,10.620047090463741,0.244184475182949
1300.740868003626,10.606713761539513,0.10396998302530881
1302.4612350725165,10.614315921409453,0.2706488470049174
1304.181602141407,10.62197006408149,0.3141864748674774
1305.9019692102975,10.629669438711316,0.29521771218907134
1307.622336279188,10.637414546248577,0.19638956108886022
1309.3427033480784,10.626256725020925,0.19158488861720266
1311.063070416969,10.595121067789394,0.2937773577859625
1312.7834374858594,10.564028895633756,0.314444380168607
1314.5038045547499,10.532978185589158,0.27279743003171775
1316.2241716236404,10.501966917412208,0.11370259326011657
1317.9445386925308,10.56013793104483,0.24101518382940418
1319.6649057614213,10.636128956113899,0.30804381275574466
1321.3852728303118,10.71216613436396,0.3077164890929078
1323.1056398992023,10.78825441303108,0.23975739327402412
1324.8260069680928,10.858349436823831,0.12018249935864378
1326.5463740369833,10.901174631343798,0.2743900561529586
1328.2667411058737,10.94406322378485,0.31494718127974347
1329.9871081747642,10.987018004621984,0.29352261585662803
1331.7074752436547,11.030041768642656,0.19020490850278568
1333.4278423125452,11.040814581040452,0.20012924961503695
1335.1482093814357,11.022850126201313,0.29650550768293005
1336.8685764503261,11.00495698589844,0.31440004289593365
1338.588943519217,10.987133995939386,0.26990771443284545
1340.3093105881076,10.96939411418582,0.10069387302679726
1342.029677656998,10.961011792666435,0.24638799468723493
1343.7500447258885,10.954027044156156,0.3095602661159685
1345.470411794779,10.947109132315651,0.30660162241351374
1347.1907788636695,10.940257607056303,0.2350267197629009
1348.91114593256,10.942945142731194,0.13404867283696562
1350.6315130014505,10.978566557458093,0.2777762622733058
1352.351880070341,11.014256405487211,0.31529667414679946
1354.0722471392314,11.050017008905844,0.2910873761633862
1355.792614208122,11.085850694425,0.18197646762768904
1357.5129812770124,11.09919070218015,0.20670691098395144
1359.2333483459029,11.095667171921109,0.2984769972979971
1360.9537154147934,11.092219693912526,0.31388100192314466
1362.6740824836838,11.088848043851453,0.2665117227291149
1364.3944495525743,11.085850843656544,0.08941976556646614
1366.1148166214648,11.115543178065895,0.25118012265029105
1367.8351836903553,11.148548981755837,0.3108861281861381
1369.5555507592458,11.181634278348632,0.3054972894784416
1371.2759178281362,11.214801220499188,0.2304903839343973
1372.9962848970267,11.239638885333072,0.14723414403457435
1374.7166519659172,11.241376413544137,0.28132591945188556
1376.4370190348077,11.243199474319477,0.3158321870510798
1378.1573861036982,11.245108186284174,0.2889642680677386
1379.8777531725887,11.247102673614144,0.17433065536156392
1381.5981202414796,11.254897814421776,0.21380030324475102
1383.31848731037,11.266375840737677,0.3007003163350377
1385.0388543792606,11.277941026174894,0.3134669920245137
1386.759221448151,11.289594123187172,0.26312589163237887
1388.4795885170415,11.301196477023995,0.08315200979313137
1390.199955585932,11.306828375524466,0.25582673917457777
1391.9203226548225,11.312155144652111,0.3119832671494217
1393.640689723713,11.31757205144469,0.30389835029296947
1395.3610567926034,11.323079448346048,0.22473978186391655
1397.081423861494,11.33765914498304,0.15733570694160554
1398.8017909303844,11.372438334167345,0.28412652399206223
1400.522157999275,11.407311583236874,0.31600729395939986
1402.2425250681654,11.442281161163736,0.2866316254548055
1403.9628921370559,11.477349343177483,0.16617614433682615
1405.6832592059463,11.569952101961904,0.22053262732399975
1407.4036262748368,11.692744449679482,0.3028988118501855
1409.1239933437273,11.815651697450235,0.3132023109652677
1410.8443604126178,11.938681842020156,0.26015434639693136
1412.5647274815083,12.051820894567937,0.08543418385235736
1414.2850945503988,11.933368612851428,0.2855891979526333
1416.0054616192892,11.805969515322221,0.38928496541089014
1417.7258286881797,11.678692684637275,0.45945753041401355
1419.4461957570702,11.551529839749403,0.5101490021404129
1421.1665628259607,11.424472707029471,0.5468161688719769
1422.8869298948512,11.297513019725065,0.5721704844113153
1424.607296963742,11.170642517413775,0.5876842777014059
1426.3276640326326,11.043852945494239,0.5941328526709732
1428.048031101523,10.917136054620443,0.5918142916134864
1429.7683981704135,10.790483600172513,0.5806229603070535
1431.488765239304,10.663887341728996,0.5600241339306734
1433.2091323081945,10.537339042519426,0.5289140444349788
1434.929499377085,10.410830468898723,0.4852662287390233
1436.6498664459755,10.284353389805956,0.42522376332771056
1438.370233514866,10.157899576222393,0.34019354354183706
1440.0906005837564,10.031460800653747,0.20053819779770304
1441.810967652647,9.94579481442802,0.23372343150996328
1443.5313347215374,9.883669863976428,0.31042982806785396
1445.251701790428,9.821542109258427,0.32087735847289867
1446.9720688593184,9.759407508033384,0.27279142594549055
1448.6924359282089,9.697262017618685,0.10352727767957502
1450.4128029970993,9.780380757473452,0.26956575794025345
1452.1331700659898,9.866236795694451,0.32012582959693586
1453.8535371348803,9.95208889539063,0.3116561953689276
1455.5739042037708,10.03794264238442,0.23793153897006422
1457.2942712726613,10.078238860578603,0.1862134879205692
1459.0146383415517,10.025592732105922,0.2953483748527134
1460.7350054104422,9.972953033332447,0.32345099322392795
1462.4553724793327,9.920316339343918,0.294702623667367
1464.1757395482232,9.867679225417193,0.18415567234071262
1465.8961066171137,9.933275174176067,0.23795637051740032
1467.6164736860046,10.055425589674535,0.3117764490184436
1469.336840754895,10.177584375897775,0.32041594634840304
1471.0572078237856,10.299759480884987,0.2702038661551063
1472.777574892676,10.420403451471115,0.11014948627126987
1474.4979419615665,10.477693871299115,0.27442295445481346
1476.218309030457,10.535020136002915,0.3216750125979728
1477.9386760993475,10.592385975421838,0.3108710461776267
1479.659043168238,10.649795121959803,0.23410288378475544
1481.3794102371285,10.57389462768807,0.1958799312014621
1483.099777306019,10.272381336013133,0.29835529877553335
1484.8201443749094,9.970890530910866,0.32321607419194165
1486.5405114438,9.669402596402282,0.29108625536784927
1488.2608785126904,9.36789791668635,0.17262236194154668
1489.9812455815809,9.40028117510151,0.241156505387543
1491.7016126504714,9.563159709649364,0.3123347805580904
1493.4219797193618,9.726014586475742,0.318849127642152
1495.1423467882523,9.888856401463446,0.2655047708795638
1496.8627138571428,10.040492621708117,0.12206384445870698
1498.5830809260333,10.0347805849135,0.2770484577370414
1500.3034479949238,10.029075575605006,0.3216297296636839
1502.0238150638143,10.023377222601717,0.3081818189914546
1503.7441821327047,10.017685155139745,0.22659367887481507
1505.4645492015952,10.005828199077815,0.20071987399047828
1507.1849162704857,9.985240537440701,0.299925777624362
1508.9052833393762,9.96465668004768,0.32317847018782875
1510.6256504082671,9.944075287654973,0.28941111445987433
1512.3460174771576,9.923495021160955,0.1670134643141352
1514.066384546048,9.842356318437757,0.24792411392483704
1515.7867516149386,9.742242201268157,0.31436310478571694
1517.507118683829,9.64211607807517,0.31768937312252943
1519.2274857527195,9.541971434330817,0.26033448073133236
1520.94785282161,9.441285806274452,0.13142510569207141
1522.6682198905005,9.336349843664465,0.27910852035811073
1524.388586959391,9.231375466343515,0.3211370502086145
1526.1089540282815,9.126355844348256,0.304895786578068
1527.829321097172,9.021284144743241,0.21770674523834546
1529.5496881660624,8.95533185642303,0.20430992783424487
1531.270055234953,8.935965663287993,0.30050123773004045
1532.9904223038434,8.916535005133007,0.3215228772273474
1534.7107893727339,8.897038617744167,0.28455904455458775
1536.4311564416244,8.877475232622231,0.15194022204451912
1538.1515235105148,8.90947783743917,0.25001505405211244
1539.8718905794053,8.954003095246696,0.3143492565134152
1541.5922576482958,8.998465061623207,0.3156568933540841
1543.3126247171863,9.042866629392519,0.25491017910618363
1545.0329917860768,9.062558805864313,0.14080917704596724
1546.7533588549672,8.944105781119134,0.2814134195259612
1548.4737259238577,8.825588820984333,0.3209786963587771
1550.1940929927482,8.707000214353712,0.30221657754893155
1551.9144600616387,8.58833224547012,0.2100311365662721
1553.6348271305296,8.436518755263716,0.20965373231172782
1555.35519419942,8.25141535739822,0.30179059902942085
1557.0755612683106,8.06620295543476,0.3201770850218213
1558.795928337201,7.880869498838592,0.27975893918663086
1560.5162954060916,7.695402929218828,0.1353748488795214
1562.236662474982,7.739875451982426,0.2522375104368147
1563.9570295438725,7.825931091177779,0.3141757408134099
1565.677396612763,7.9118500428820475,0.3130778146022741
1567.3977636816535,7.997637897247577,0.24810793634882256
1569.118130750544,8.046018605589953,0.14694560208729285
1570.8384978194345,7.939378172666893,0.2827038569522977
1572.558864888325,7.832608433482797,0.320057426369596
1574.2792319572154,7.7257024412445165,0.2985711406969809
1575.999599026106,7.61865324029978,0.20010477514426134
1577.7199660949964,7.55622748328869,0.2132370088790797
1579.4403331638869,7.5315585041924455,0.30255234220463334
1581.1607002327773,7.506733684746793,0.3189661150684251
1582.8810673016678,7.481751409773116,0.2758207122866786
1584.6014343705583,7.456610053836532,0.12059970671762564
1586.3218014394488,7.681341132684665,0.25607204709797543
1588.0421685083393,7.937145738872775,0.3152532773537538
1589.7625355772298,8.192820893549527,0.31218649427011497
1591.4829026461202,8.44838323177626,0.2445398280020248
1593.2032697150107,8.720780710755756,0.1539217934272576
1594.9236367839012,9.047759441267875,0.21954531351255377
1596.6440038527921,9.352613082533846,0.06570721107819817
1598.3643709216826,9.094884752975739,0.22481534358053465
1600.084737990573,8.812806476857116,0.18492014170439458
1601.8051050594636,8.77134424174773,0.20155256550416284
1603.525472128354,8.90125148894834,0.19771912795224392
1605.2458391972445,8.99016619377014,0.15349379738724522
1606.966206266135,9.000921693780633,0.2298750101232451
1608.6865733350255,9.011616955025861,0.11298925787691645
1610.406940403916,8.996376964205721,0.22079045289090493
1612.1273074728065,8.979173947128439,0.1451145815828471
1613.847674541697,8.955900278924112,0.20391239572686748
1615.5680416105874,8.929880766626304,0.21607789192708796
1617.288408679478,8.872358198201413,0.16273713673459886
1619.0087757483684,8.733529295078071,0.21782200315109762
1620.729142817259,8.604487420238954,0.06454256883554194
1622.4495098861494,8.626563693825002,0.25957370195840945
1624.1698769550399,8.652027846782932,0.3111771814530018
1625.8902440239303,8.677409060801077,0.2981438974007334
1627.6106110928208,8.702708987260722,0.208691341047441
1629.3309781617113,8.758604788238834,0.16743142234610287
1631.0513452306018,8.863146748799652,0.28620826588154513
1632.7717122994923,8.96761950651129,0.3137663025852593
1634.4920793683827,9.072029858715002,0.27863945853484806
1636.2124464372732,9.176384598684649,0.13957693691379
1637.9328135061637,9.248468420060988,0.22660281377073227
1639.6531805750546,9.308822450973606,0.30350126115875825
1641.3735476439451,9.369136276160274,0.3091843206788711
1643.0939147128356,9.429413819833561,0.24858706179697304
1644.814281781726,9.480566262435921,0.07884504535294037
1646.5346488506166,9.440141564344401,0.26427863369719284
1648.255015919507,9.398848832829117,0.31240544351495886
1649.9753829883975,9.357521752995082,0.296789664669939
1651.695750057288,9.316157635971168,0.20322783307946743
1653.4161171261785,9.344356324118028,0.17782034693425422
1655.136484195069,9.4652087246333,0.28937547493017257
1656.8568512639595,9.586031094420365,0.314040871501915
1658.57721833285,9.706831294584337,0.27617831155474193
1660.2975854017404,9.827617184779173,0.12919257665514286
1662.017952470631,9.748964724524125,0.23286015776052152
1663.7383195395214,9.612854119242492,0.30529688346704764
1665.4586866084119,9.476723089526722,0.3081263148451172
1667.1790536773024,9.340562778247628,0.24378519504174662
1668.8994207461928,9.224551370880452,0.09158103055192447
1670.6197878150833,9.249349215827621,0.26772570320621075
1672.3401548839738,9.274315538352742,0.31288931533021824
1674.0605219528643,9.299239410025812,0.294685143251206
1675.7808890217548,9.324122452457377,0.19619633947667733
1677.5012560906453,9.34616416032176,0.18600657816422447
1679.2216231595357,9.36502563543967,0.2917158198959052
1680.9419902284262,9.383850561591897,0.31357749803976337
1682.6623572973172,9.40264016359119,0.2725803993944528
1684.3827243662076,9.421395663951932,0.1140155514084048
1686.1030914350981,9.357360529696585,0.23746445947892758
1687.8234585039886,9.27498401072933,0.30639055920663977
1689.543825572879,9.192565084392166,0.3066953519186738
1691.2641926417696,9.110098388240864,0.2386420132769412
1692.98455971066,9.054181669163762,0.10694437603032966
1694.7049267795505,9.131496082165329,0.27100599661099
1696.425293848441,9.20875875200972,0.3132927491964053
1698.1456609173315,9.285974705656242,0.292519776302179
1699.866027986222,9.363148967014899,0.18891107291499182
1701.5863950551125,9.40108804354987,0.19385861323612844
1703.306762124003,9.401912305114704,0.29405814752804477
1705.0271291928934,9.402702417680803,0.31322236063964337
1706.747496261784,9.403458432656468,0.26925517645016284
1708.4678633306744,9.404226282597657,0.09841139662008253
1710.1882303995649,9.535245556142943,0.24253032730297597
1711.9085974684554,9.68726515637408,0.3079350452120166
1713.6289645373458,9.83926917360081,0.3059865080605923
1715.3493316062363,9.99126749770016,0.23501468351163185
1717.0696986751268,10.075819937802812,0.12545661954617757
1718.7900657440173,9.904935341825063,0.2752953426691934
1720.5104328129078,9.73404932517295,0.3140336712535234
1722.2307998817982,9.563150769452333,0.2902312318172852
1723.9511669506887,9.392228555436061,0.1806511725438032
1725.6715340195797,9.324689794989464,0.200770857549887
1727.3919010884701,9.339565132816018,0.29605536821487893
1729.1122681573606,9.354402265127646,0.31259200188419645
1730.832635226251,9.369202157287278,0.26553058676006625
1732.5530022951416,9.383977463179129,0.08304691851630952
1734.273369364032,9.400738342432392,0.24700204025375389
1735.9937364329226,9.417694024846716,0.30885863766148575
1737.714103501813,9.434616585068245,0.3041599858156212
1739.4344705707035,9.451507124143632,0.22884093819633206
1741.154837639594,9.457690487403985,0.1361435086831708
1742.8752047084845,9.432052100309901,0.2778742102896107
1744.595571777375,9.406381525212202,0.3140506791600404
1746.3159388462655,9.380677091899738,0.2877184127829327
1748.036305915156,9.354937127957239,0.17225597417792166
1749.7566729840464,9.351302411117063,0.2076893464025551
1751.477040052937,9.362459399742146,0.2981174985157176
1753.1974071218274,9.373579672434806,0.3120130953663434
1754.9177741907179,9.384663952717162,0.2618615232929833
1756.6381412596083,9.395455977155127,0.07246837835155166
1758.3585083284988,9.391499217374312,0.25154800095543484
1760.0788753973893,9.386388337827865,0.30992487414496633
1761.7992424662798,9.381242299239949,0.3026103903606309
1763.5196095351703,9.376060766797329,0.22323551006642725
1765.2399766040608,9.3986339740895,0.1476001164580566
1766.9603436729512,9.487936308907157,0.2809025742501552
1768.6807107418422,9.577210091733008,0.31431394834705384
1770.4010778107327,9.666461131011198,0.2853979254152196
1772.1214448796231,9.755695233703612,0.1639447960221023
1773.8418119485136,9.70149706808446,0.22636285538135534
1775.562179017404,9.567105316704387,0.3539187186360174
1777.2825460862946,9.432690164326653,0.4345055007459133
1779.002913155185,9.298242865462168,0.49179913632371713
1780.7232802240756,9.163754672525073,0.5333726207283932
1782.443647292966,9.029216835273582,0.5627308490732177
1784.1640143618565,8.894620600237616,0.5817333868264912
1785.884381430747,8.759957210143627,0.5913841282085343
1787.6047484996375,8.625217903345225,0.5921429863103418
1789.325115568528,8.490393913270122,0.5840448223476196
1791.0454826374184,8.355476467818221,0.566707881522643
1792.765849706309,8.220456788829047,0.5392369881321748
1794.4862167751994,8.08532609146875,0.49995656484028617
1796.20658384409,7.950075583696334,0.4457435488656825
1797.9269509129804,7.814696465668673,0.3700748843883453
1799.6473179818709,7.679179929180725,0.2544500474507486
1801.3676850507613,7.592677464718443,0.16394805107810795
1803.0880521196518,7.637872535637181,0.28751478624548854
1804.8084191885423,7.682918683348655,0.3203403785515487
1806.5287862574328,7.727818838699632,0.2945229598571081
1808.2491533263233,7.772575923046503,0.18718458321679723
1809.9695203952137,7.885137833177867,0.22503389941217533
1811.6898874641047,8.03937072462021,0.3065728612099039
1813.4102545329952,8.19348081564247,0.3188295231818508
1815.1306216018857,8.347478133154883,0.2713637553413957
1816.8509886707761,8.501372696726335,0.0996879981188273
1818.5713557396666,8.688099744485168,0.2657702398367545
1820.291722808557,8.875883912406099,0.31846718009451286
1822.0120898774476,9.063599706199414,0.31109561640724015
1823.732456946338,9.251259339269659,0.23813866929947639
1825.4528240152285,9.375285060645448,0.18105858013592754
1827.173191084119,9.360411748610003,0.29344946602038763
1828.8935581530095,9.345501587416202,0.3226496950274749
1830.6139252219,9.330553606956242,0.2945464332038242
1832.3342922907905,9.31556683467083,0.18458711147011742
1834.054659359681,9.29430238953564,0.23442397258026124
1835.7750264285714,9.269806232785053,0.31010404367434746
1837.495393497462,9.245267331782841,0.319367454579614
1839.2157605663524,9.220684089946387,0.26916403162229396
1840.9361276352429,9.195087670002094,0.0949580416101298
1842.6564947041334,9.064203301925263,0.27067058171096603
1844.3768617730238,8.93326281239224,0.31946165030983636
1846.0972288419143,8.80225768199274,0.30887549263163444
1847.8175959108048,8.671179387100517,0.23088049819213588
1849.5379629796953,8.557648369789867,0.18621418134994258
1851.2583300485862,8.47583404346054,0.2945930222174768
1852.9786971174767,8.393925314448499,0.32137366638497855
1854.6990641863672,8.311916853500692,0.2901171636710799
1856.4194312552577,8.229803324880539,0.17158344924896476
1858.1397983241482,8.316981239868552,0.23684073640887232
1859.8601653930386,8.47524017015334,0.31035120637689095
1861.5805324619291,8.633404659115369,0.31774267667314454
1863.3008995308196,8.791484997452006,0.26461737379964023
1865.02126659971,8.937831493691542,0.10959597789140176
1866.7416336686006,8.869868295610058,0.2736819557635417
1868.462000737491,8.801836331998414,0.31978779011006553
1870.1823678063815,8.733731176481554,0.3067664470228032
1871.902734875272,8.665548397916707,0.22455279229465028
1873.6231019441625,8.592291727581294,0.19310783208130383
1875.343469013053,8.511432933350797,0.29670136783294004
1877.0638360819435,8.430482052615883,0.3211502572891574
1878.784203150834,8.349433818448658,0.2874229017524518
1880.5045702197244,8.268282957580412,0.16263354460263063
1882.224937288615,8.289595366452543,0.24208734914281607
1883.9453043575054,8.345609860040685,0.311753822257574
1885.6656714263959,8.401521478133619,0.3164527988806564
1887.3860384952868,8.457333858520837,0.2597360921350047
1889.1064055641773,8.498397150304825,0.12136016089484516
1890.8267726330678,8.398344443711443,0.27623829984284953
1892.5471397019583,8.298192292703156,0.31969615762883946
1894.2675067708487,8.197934181056008,0.304021600406952
1895.9878738397392,8.097563585648292,0.21673844796960226
1897.7082409086297,8.056590056726499,0.1983435001064177
1899.4286079775202,8.090742518181255,0.29821361661814677
1901.1489750464107,8.124775521636415,0.3206513780704352
1902.8693421153012,8.158691281386602,0.2846077885787202
1904.5897091841916,8.192492004103437,0.15322710145569518
1906.3100762530821,8.193458581830571,0.24722100667357527
1908.0304433219726,8.185568797667425,0.3131615686561621
1909.750810390863,8.177565725213281,0.31524018654171415
1911.4711774597536,8.169448843759593,0.2550238958875944
1913.191544528644,8.157669358436458,0.1330845727295123
1914.9119115975345,8.123354155170738,0.2791681025483802
1916.632278666425,8.08892161572468,0.32011208171242694
1918.3526457353155,8.054369499801311,0.30220627978997977
1920.073012804206,8.019695559327705,0.2109563970660747
1921.7933798730965,7.981752971083854,0.205973720741161
1923.513746941987,7.940333249349022,0.30054401391315955
1925.2341140108774,7.898784283494356,0.3201434700012786
1926.954481079768,7.857103370202677,0.28093371274828177
1928.6748481486584,7.815287797581638,0.14005819951928125
1930.3952152175493,7.8988604996488965,0.25089551948738764
1932.1155822864398,8.007711947265127,0.31394024898603207
1933.8359493553303,8.116438534639357,0.31375259729955185
1935.5563164242208,8.225047335879557,0.25019026395956157
1937.2766834931112,8.290039258447207,0.14411521383418838
1938.9970505620017,8.155581587312929,0.2820056319785676
1940.7174176308922,8.021008676821797,0.32020029827220575
1942.4377846997827,7.886311771213544,0.2996303467438298
1944.1581517686732,7.75148210666876,0.20316052580341892
1945.8785188375637,7.7247231260961975,0.21156733980817205
1947.5988859064541,7.795081897790642,0.3022485817029343
1949.3192529753446,7.865301974835361,0.3196707761580874
1951.039620044235,7.9353879259749815,0.27797330659284497
1952.7599871131256,8.005344311233312,0.12879045620801924
1954.480354182016,8.066337974647064,0.2557299138572171
1956.2007212509066,8.125938287380473,0.31532046977225026
1957.921088319797,8.185421432065553,0.3126900340171717
1959.6414553886875,8.244791278869545,0.2458486019085413
1961.361822457578,8.286951030014809,0.1555504728824545
1963.0821895264685,8.26895539891397,0.2853386766430526
1964.802556595359,8.250851904926416,0.32090739833877596
1966.5229236642494,8.232639370176948,0.2981472042584695
1968.24329073314,8.214316609700921,0.19785116807702113
1969.9636578020304,8.264380718161972,0.21946208820669852
1971.684024870921,8.3661876396428,0.30503076864815615
1973.4043919398118,8.467893024483972,0.31988396917663914
1975.1247590087023,8.5695034899719,0.27570269423223426
1976.8451260775928,8.67102564721463,0.11872483767151595
1978.5654931464833,8.688670461941431,0.29203153086525657
1980.2858602153738,8.69861700523189,0.4111188230023002
1982.0062272842642,8.708483640830213,0.5014129395221578
1983.7265943531547,8.718271010686895,0.5766217192658359
1985.4469614220452,8.727979751602684,0.6420847306336451
1987.1673284909357,8.737610495260089,0.7005542676005131
1988.8876955598262,8.747163868266487,0.7536733243639736
1990.6080626287167,8.756640492196937,0.8025176007274443
1992.3284296976071,8.766040983629582,0.847837910887474
1994.0487967664976,8.775365954192058,0.8901835859474405
1995.769163835388,8.78461601059837,0.9299713621797162
1997.4895309042786,8.793791754684706,0.9675266013428995
1999.209897973169,8.802893783458707,1.0031093322173785
2000.9302650420595,8.811922689126545,1.0369314384780597
2002.65063211095,8.820879059138166,1.069168419302628
2004.3709991798405,8.829763476225535,1.099967683417048
2006.091366248731,8.83857651843652,1.1294545508816136
2007.8117333176215,8.847318759176027,1.1577366935723872
2009.532100386512,8.85599076724551,1.184907484638764
2011.2524674554024,8.864593106872567,1.2110485683091365
2012.972834524293,8.873126337752325,1.2362318614503633
2014.6932015931834,8.881591015087988,1.2605211336382114
2016.4135686620743,8.889987689616827,1.283973269652535
2018.1339357309648,8.898316907654497,1.306639289290789
2019.8543027998553,8.90657921112666,1.3285651793478421
2021.5746698687458,8.914775137607288,1.349792578515708
2023.2950369376363,8.92290522034968,1.370359345886769
2025.0154040065268,8.930969988324007,1.3903000364426508
2026.7357710754172,8.93896996624754,1.4096463015454253
2028.4561381443077,8.946905674629576,1.4284272284562298
2030.1765052131982,8.954777629792092,1.4466696299024833
2031.8968722820887,8.962586343906235,1.4643982924306433
2033.6172393509792,8.970332325039013,1.4816361905272275
2035.3376064198696,8.978016077165266,1.498404672131284
2037.0579734887601,8.985638100214244,1.5147236200989795
2038.7783405576506,8.993198890103791,1.5306115933438305
2040.498707626541,9.000698938760308,1.5460859507116202
2042.2190746954316,9.00813873416147,1.5611629601180181
2043.939441764322,9.0155187603688,1.575857895049546
2045.6598088332125,9.022839497545792,1.5901851201826198
2047.380175902103,9.030101422005425,1.6041581675936467
2049.1005429709935,9.037305006235306,1.6177898048024677
2050.820910039884,9.044450718918604,1.6310920957015025
2052.5412771087745,9.051539024983896,1.6440764552658083
2054.261644177665,9.058570385618752,1.6567536988087008
2055.9820112465554,9.0655452583023,1.6691340864384403
2057.702378315446,9.072464096847213,1.681227363280101
2059.422745384337,9.079327351415738,1.6930427959496566
2061.1431124532273,9.086135468549678,1.7045892057022345
2062.863479522118,9.092888891212516,1.7158749986212765
2064.5838465910083,9.099588058801412,1.7269081931681962
2066.304213659899,9.106233407184115,1.7376964453720447
2068.0245807287893,9.11282536873401,1.7482470719041545
2069.7449477976797,9.119364372341144,1.7585670712531036
2071.46531486657,9.12585084345507,1.7686631431898
2073.1856819354607,9.132285204110957,1.7785417066903315
2074.906049004351,9.138667872943612,1.7882089164650934
2076.6264160732417,9.144999265234977,1.7976706782259277
2078.346783142132,9.151279792924816,1.8069326628085542
2080.0671502110226,9.157509864642343,1.8160003192547507
2081.787517279913,9.163689885739355,1.8248788869476642
2083.5078843488036,9.169820258309112,1.8335734068837726
2085.228251417694,9.175901381210277,1.842088732156428
2086.9486184865846,9.181933650102362,1.8504295377182995
2088.668985555475,9.187917457466552,1.8586003294832703
2090.3893526243655,9.193853192625046,1.8666054528224256
2092.109719693256,9.199741241779048,1.8744491005034392
2093.8300867621465,9.205581988024411,1.8821353201179776
2095.550453831037,9.21137581137735,1.8896680210375345
2097.2708208999275,9.217123088804335,1.897050980934374
2098.991187968818,9.222824194242776,1.9042878519008986
2100.7115550377084,9.22847949862257,1.9113821661977808
2102.4319221065994,9.234089369899843,1.9183373416584717
2104.15228917549,9.239654173067944,1.9251566867753178
2105.8726562443803,9.245174270193452,1.9318434054903288
2107.593023313271,9.250650020431419,1.9384006017116568
2109.3133903821613,9.256081780052348,1.9448312835751105
2111.0337574510518,9.261469902463382,1.9511383674684086
2112.7541245199423,9.26681473823315,1.9573246818344268
2114.4744915888327,9.27211663511637,1.9633929707683953
2116.194858657723,9.2773759380707,1.969345897422787
2117.9152257266137,9.28259298928135,1.9751860472325837
2119.635592795504,9.287768128190976,1.9809159309726017
2121.3559598643947,9.29290169150838,1.986537987657661
2123.076326933285,9.297994013239109,1.9920545872955835
2124.7966940021756,9.303045424709754,1.9974680335022295
2126.517061071066,9.308056254579128,2.0027805659871287
2128.2374281399566,9.313026828867905,2.007994362917615
2129.957795208847,9.317957470979938,2.013111543168801
2131.6781622777376,9.322848501718115,2.018134168466235
2133.398529346628,9.327700239306843,2.0230642454275563
2135.1188964155185,9.332512999419823,2.027903727509044
2136.839263484409,9.337287095189202,2.032654516862568
2138.5596305532995,9.342022837232063,2.0373184661080272
2140.27999762219,9.346720533673299,2.041897380026061
2142.0003646910804,9.351380490159732,2.0463930171754727
2143.720731759971,9.356003009882823,2.0508070914395224
2145.441098828862,9.360588393600407,2.0551412735049728
2147.1614658977524,9.365136939649926,2.0593971922775087
2148.881832966643,9.369648943978017,2.0635764362369513
2150.6022000355333,9.37412470014805,2.0676805547354196
2152.322567104424,9.37856449936632,2.0717110592414456
2154.0429341733143,9.382968630506175,2.0756694245328298
2155.7633012422048,9.38733738010845,2.0795570898408644
2157.4836683110952,9.391671032420783,2.0833754599483956
2159.2040353799857,9.395969869407597,2.0871259062440277
2160.924402448876,9.400234170760658,2.0908097677346653
2162.6447695177667,9.404464213930682,2.0944283520184297
2164.365136586657,9.40866027414183,2.0979829362198865
2166.0855036555477,9.412822624398753,2.1014747678893984
2167.805870724438,9.416951535518736,2.104905065868319
2169.5262377933286,9.421047276145309,2.1082750211216426
2171.246604862219,9.42511011275666,2.111585797539634
2172.9669719311096,9.429140309696974,2.1148385327098795
2174.687339,9.433138129184073,2.1180343386611145
