-197.698849,7.80901610678,1.7173254128
-195.978481931,7.79190964807,1.7082436177
-194.258114862,7.77465162807,1.69895033228
-192.537747793,7.75724070398,1.68943914977
-190.817380724,7.73967552106,1.67970338293
-189.097013656,7.72195471263,1.66973604623
-187.376646587,7.70407689984,1.65952983656
-185.656279518,7.68604069166,1.64907711222
-183.935912449,7.66784468472,1.63836987004
-182.21554538,7.64948746322,1.62739972041
-180.495178311,7.63096759882,1.61615785999
-178.774811242,7.61228365053,1.60463504181
-177.054444173,7.59343416458,1.59282154246
-175.334077104,7.57441767431,1.58070712596
-173.613710036,7.5552327001,1.56828100401
-171.893342967,7.53587774919,1.55553179196
-170.172975898,7.51635131562,1.54244746019
-168.452608829,7.49665188006,1.52901527997
-166.73224176,7.47677790973,1.51522176331
-165.011874691,7.45672785828,1.50105259575
-163.291507622,7.43650016565,1.48649256109
-161.571140553,7.41609325796,1.47152545694
-159.850773484,7.39550554738,1.45613399949
-158.130406416,7.37473543202,1.44029971589
-156.410039347,7.3537812958,1.42400282214
-154.689672278,7.3326415083,1.40722208401
-152.969305209,7.31131442469,1.38993465794
-151.24893814,7.28979838554,1.37211590843
-149.528571071,7.26809171672,1.35373919727
-147.808204002,7.24619272927,1.33477563912
-146.087836933,7.22409971928,1.31519381681
-144.367469864,7.20181096773,1.29495944746
-142.647102796,7.17932474037,1.27403498899
-140.926735727,7.15663928759,1.252379173
-139.206368658,7.13375284426,1.22994644665
-137.486001589,7.11066362965,1.20668630044
-135.76563452,7.08736984721,1.18254245217
-134.045267451,7.06386968451,1.15745184709
-132.324900382,7.04016131303,1.13134342075
-130.604533313,7.01624288807,1.10413655159
-128.884166244,6.99211254857,1.07573910187
-127.163799175,6.96776841701,1.04604490405
-125.443432107,6.9432085992,1.01493048681
-123.723065038,6.91843118418,0.982250737868
-122.002697969,6.89343424409,0.947833046754
-120.2823309,6.86821583395,0.911469217901
-118.561963831,6.84277399154,0.872904015769
-116.841596762,6.8171067373,0.831818443769
-115.121229693,6.7912120741,0.787804445347
-113.400862624,6.76508798712,0.740324925886
-111.680495555,6.7387324437,0.688647077129
-109.960128487,6.71214339315,0.631723248857
-108.239761418,6.68531876663,0.567957746607
-106.519394349,6.65825647696,0.494687986466
-104.79902728,6.63095441847,0.406780820856
-103.078660211,6.60341046684,0.291229521875
-101.358293142,6.57421242773,0.0708620179329
-99.6379260732,6.45034203835,0.249554988942
-97.9175590044,6.32031306063,0.305546206918
-96.1971919355,6.19001801932,0.297665195503
-94.4768248666,6.05944677639,0.219122032341
-92.7564577977,5.94667841922,0.149080149199
-91.0360907288,5.87515828923,0.277203593047
-89.3157236599,5.80333745897,0.309077689701
-87.595356591,5.73121034015,0.27980755151
-85.8749895221,5.65877132071,0.158512491886
-84.1546224532,5.66544923743,0.212008628403
-82.4342553843,5.71442268713,0.295377451047
-80.7138883154,5.76308292999,0.30594047673
-78.9935212466,5.81143375217,0.252991789529
-77.2731541777,5.86409326319,0.0604541178116
-75.5527871088,6.05427320062,0.252775568215
-73.8324200399,6.24902387177,0.306197589177
-72.112052971,6.44350293246,0.29626368476
-70.3916859021,6.63772551473,0.214334428066
-68.6713188332,6.78600721863,0.160678715517
-66.9509517643,6.8476228851,0.280710484388
-65.2305846954,6.90901351702,0.309904189803
-63.5102176265,6.97018389107,0.27847748295
-61.7898505577,7.03113876683,0.15270863078
-60.0694834888,6.9902248528,0.220296223727
-58.3491164199,6.9041383648,0.298225408215
-56.628749351,6.81783123961,0.305959725713
-54.9083822821,6.73129676183,0.250101498503
-53.1880152132,6.65441242814,0.070771683195
-51.4676481443,6.74181194516,0.257745656135
-49.7472810754,6.83162744098,0.307539282703
-48.0269140065,6.92121665767,0.294957075307
-46.3065469376,7.010586566,0.209017371147
-44.5861798687,7.10243782209,0.170717327767
-42.8658127999,7.19832614607,0.283747519748
-41.145445731,7.29401672308,0.310220020676
-39.4250786621,7.38951699865,0.27626204708
-37.7047115932,7.48483440348,0.144080632608
-35.9843445243,7.55312717739,0.22679068224
-34.2639774554,7.611612545,0.300467030312
-32.5436103865,7.66993232274,0.305888209508
-30.8232433176,7.72809104835,0.24758133588
-29.1028762487,7.79296915622,0.08880195518
-27.3825091798,7.92922783222,0.263070544216
-25.6621421109,8.06565859701,0.309360143825
-23.9417750421,8.20195910045,0.294519649158
-22.2214079732,8.33813994782,0.205712657381
-20.5010409043,8.38219117018,0.182727884419
-18.7806738354,8.30459041476,0.287676686198
-17.0603067665,8.22687798883,0.310975746551
-15.3399396976,8.14904784573,0.274295348849
-13.6195726287,8.07109392963,0.135452074491
-11.8992055598,7.98551734406,0.23316912665
-10.1788384909,7.89767091652,0.302374005963
-8.45847142204,7.80968115679,0.304947721339
-6.73810435315,7.72154121856,0.243017587668
-5.01773728426,7.60902798941,0.101460010534
-3.29737021537,7.32821871402,0.243934033653
-1.57700314648,7.04721905691,0.235103425467
0.143363922408,6.81310346326,0.102693784362
1.8637309913,7.09679499297,0.172479770573
3.58409806019,7.11269027983,0.181873035534
5.30446512908,6.83069843067,0.252623795582
7.02483219797,6.54848023011,0.202210331232
8.74519926686,6.36961684722,0.16771229915
10.4655663358,6.32735730474,0.111018996862
12.1859334046,6.17292515198,0.222022725916
13.9063004735,5.99379822391,0.248175566778
15.6266675424,5.81437982671,0.141083346617
17.3470346113,6.18124357474,0.184346927973
19.0674016802,6.58383557934,0.111219308913
20.7877687491,6.39527300861,0.244503004529
22.508135818,6.20645020678,0.230795684465
24.2285028869,6.03970060926,0.111731866269
25.9488699558,6.0279065422,0.166229256895
27.6692370247,5.9877132514,0.185962983374
29.3896040935,5.92084996433,0.251866169413
31.1099711624,5.85368953216,0.195453999338
32.8303382313,5.90375384698,0.170690428227
34.5507053002,6.08428293727,0.0959634121892
36.2710723691,6.03760749637,0.225343105062
37.991439438,5.95474320347,0.246653172432
39.7118065069,5.87158440263,0.129754602099
41.4321735758,6.31585174163,0.184113801669
43.1525406447,6.72775314164,0.124824749061
44.8729077136,6.58837484586,0.246401119307
46.5932747825,6.4487513439,0.228122508057
48.3136418513,6.41840709887,0.124772970401
50.0340089202,6.9288961471,0.163246205523
51.7543759891,6.96899901363,0.194049292212
53.474743058,6.63707019107,0.25265785916
55.1951101269,6.30489995122,0.190381241851
56.9154771958,6.22583952899,0.174833521348
58.6358442647,6.38318552488,0.0818962358525
60.3562113336,6.10488319506,0.228904291283
62.0765784025,5.77972739839,0.244817284353
63.7969454714,5.45426347612,0.11564192331
65.5173125402,5.78957441186,0.18263908664
67.2376796091,6.05598838557,0.134436829701
68.958046678,5.8117819376,0.247071824837
70.6784137469,5.56726985815,0.223264667029
72.3987808158,5.45964549318,0.131309226465
74.1191478847,5.86519937483,0.155408700581
75.8395149536,5.92605755896,0.19765422489
77.5598820225,5.75790010242,0.251605318629
79.2802490914,5.58943282193,0.182702954205
81.0006161603,5.45700232867,0.207396481811
82.7209832292,5.35299679774,0.295692880273
84.441350298,5.24864993807,0.311004411984
86.1617173669,5.14395363059,0.266241594043
87.8820844358,5.03889972911,0.0995427730544
89.6024515047,5.19537977505,0.249216198144
91.3228185736,5.37871976428,0.307605523585
93.0431856425,5.56172042622,0.303390508658
94.7635527114,5.74439599981,0.23319914167
96.4839197803,5.8933420853,0.151274474305
98.2042868492,5.94351351941,0.279201547157
99.9246539181,5.99338957181,0.313127792858
101.645020987,6.0429741233,0.288403802431
103.365388056,6.09227103195,0.182570783254
105.085755125,6.13525691572,0.214982213723
106.806122194,6.17395882623,0.298452879843
108.526489263,6.21238328558,0.311480724751
110.246856331,6.25053328351,0.264685070552
111.9672234,6.28841178842,0.0904409414531
113.687590469,6.18591566594,0.255478779446
115.407957538,6.07551707174,0.309491068865
117.128324607,5.96483336682,0.302253924344
118.848691676,5.85385593907,0.228004754391
120.569058745,5.84375164283,0.160839272282
122.289425814,6.07411330994,0.282041805677
124.009792883,6.3041897571,0.313567715098
125.730159951,6.53399888613,0.286716778526
127.45052702,6.76355857809,0.176601135185
129.170894089,6.94842326589,0.222357169375
130.891261158,7.10842605219,0.301193489174
132.611628227,7.26822409655,0.311955701631
134.331995296,7.42782983259,0.263137397886
136.052362365,7.58725567895,0.0805206248413
137.772729434,7.46304052036,0.261570880319
139.493096503,7.33604288258,0.311699412175
141.213463571,7.20885821334,0.30205842421
142.93383064,7.08147661663,0.225090621787
144.654197709,7.02239428056,0.17360226546
146.374564778,7.09704120745,0.286183245592
148.094931847,7.17148250659,0.314625324112
149.815298916,7.24572397012,0.285320519144
151.535665985,7.31977137462,0.170738075104
153.256033054,7.57892054607,0.22956613243
154.976400123,7.92275416259,0.303934876198
156.696767191,8.26644639859,0.312457562222
158.41713426,8.61002399616,0.261652826961
160.137501329,8.94744370277,0.100934391876
161.857868398,9.10913690045,0.26771652998
163.578235467,9.27078102794,0.31468391537
165.298602536,9.43238866251,0.303739598246
167.018969605,9.59397237853,0.226639283312
168.739336674,9.72272673928,0.191349250353
170.459703743,9.79813966001,0.292967512576
172.180070811,9.87355712063,0.317984207411
173.90043788,9.94898498926,0.287178116851
175.620804949,10.0244291348,0.172904901611
177.341172018,10.0595303649,0.262377556258
179.061539087,10.0796062951,0.383193746695
180.781906156,10.0997086655,0.470365340719
182.502273225,10.1198390404,0.54044746168
184.222640294,10.139998986,0.599482452538
185.943007363,10.160190071,0.650501156803
187.663374431,10.1804138664,0.69528479031
189.3837415,10.2006719458,0.734986750167
191.104108569,10.2209658853,0.770404555042
192.824475638,10.2412972642,0.802116263824
194.544842707,10.2616676642,0.830555844213
196.265209776,10.2820786704,0.856057918035
197.985576845,10.302531871,0.878885847974
199.705943914,10.3230288573,0.899250166107
201.426310983,10.3435712242,0.917321106036
203.146678051,10.3641605701,0.933237377019
204.86704512,10.3847984969,0.947112453369
206.587412189,10.4054866105,0.959039167181
208.307779258,10.4262265206,0.969093108113
210.028146327,10.4470198409,0.97733516094
211.748513396,10.4678681893,0.983813402588
213.468880465,10.488773188,0.98856450944
215.189247534,10.5097364636,0.991614778056
216.909614603,10.5307596471,0.992980829233
218.629981672,10.5518443744,0.992670041155
220.35034874,10.572992286,0.990680738754
222.070715809,10.5942050274,0.987002150873
223.791082878,10.6154842492,0.981614132635
225.511449947,10.6368316069,0.974486635889
227.231817016,10.6582487617,0.965578894196
228.952184085,10.6797373799,0.954838268428
230.672551154,10.7012991336,0.942198672029
232.392918223,10.7229357004,0.927578457196
234.113285292,10.7446487639,0.910877588209
235.83365236,10.7664400134,0.891973845297
237.554019429,10.7883111446,0.870717673536
239.274386498,10.8102638591,0.846925084127
240.994753567,10.8322998651,0.820367670367
242.715120636,10.8544208772,0.790758202643
244.435487705,10.8766286165,0.757729181166
246.155854774,10.898924811,0.72079964421
247.876221843,10.9213111956,0.679321268825
249.596588912,10.943789512,0.632385336978
251.31695598,10.9663615093,0.578648813828
253.037323049,10.9890289437,0.515971741296
254.757690118,11.0117935791,0.440530390868
256.478057187,11.0346571865,0.343994990066
258.198424256,11.0576215451,0.197483796894
259.918791325,11.1100345087,0.217675599345
261.639158394,11.1826543442,0.300154695732
263.359525463,11.2553864462,0.313534962813
265.079892532,11.3282364739,0.268363963387
266.8002596,11.4023138298,0.112765355302
268.520626669,11.5846315923,0.258335930559
270.240993738,11.7751137771,0.31204846264
271.961360807,11.9657543266,0.306102575199
273.681727876,12.1565680742,0.236029531197
275.402094945,12.3236114944,0.171244610535
277.122462014,12.4317699292,0.286358397495
278.842829083,12.540137822,0.317100203244
280.563196152,12.6487236046,0.29152137452
282.28356322,12.757535726,0.187863794319
284.003930289,12.8439280324,0.228557651763
285.724297358,12.9175960934,0.304758459394
287.444664427,12.9915114137,0.315562713988
289.165031496,13.0656797445,0.268973994651
290.885398565,13.1318149618,0.122405811498
292.605765634,12.8809710549,0.2660826125
294.326132703,12.6164809392,0.314588381434
296.046499772,12.3522146536,0.305091332513
297.76686684,12.0881516358,0.230527090206
299.487233909,11.9512070864,0.178692808188
301.207600978,12.0709804793,0.288533861287
302.927968047,12.1909352577,0.316823515043
304.648335116,12.3110807553,0.288639050546
306.368702185,12.4314263202,0.179032297019
308.089069254,12.3957289627,0.232975596496
309.809436323,12.2862049006,0.305482522043
311.529803392,12.1768789703,0.313309870779
313.25017046,12.0677426654,0.262315930913
314.970537529,11.9649310514,0.112396060727
316.690904598,11.9856414751,0.266698883564
318.411271667,12.009230656,0.313951417076
320.131638736,12.0329964178,0.302855548567
321.852005805,12.0569406098,0.22493140602
323.572372874,12.0190096422,0.186398911684
325.292739943,11.8771730865,0.290587041228
327.013107012,11.7355028365,0.315820527489
328.73347408,11.5939878692,0.283997619617
330.453841149,11.4526171735,0.164836327028
332.174208218,11.4897653162,0.234635987534
333.894575287,11.5960702282,0.305491890411
335.614942356,11.7025195738,0.311768741834
337.335309425,11.8091216358,0.258222021445
339.055676494,11.9038119632,0.117421044417
340.776043563,11.852044848,0.270068093147
342.496410632,11.7993211002,0.31439660535
344.216777701,11.7467576007,0.300698897162
345.937144769,11.6943502596,0.21830702352
347.657511838,11.664388399,0.19261167393
349.377878907,11.6658688661,0.292494804863
351.098245976,11.6674991978,0.315585062376
352.818613045,11.669279521,0.281470760687
354.538980114,11.6712099741,0.156340794725
356.259347183,11.696263854,0.227810817659
357.979714252,11.7285846238,0.258494434782
359.700081321,11.7610601379,0.17655243775
361.420448389,11.385485191,0.194813275518
363.140815458,10.8969541435,0.116979285749
364.861182527,10.765489393,0.248730315723
366.581549596,10.6343454337,0.242438587474
368.301916665,10.4960821216,0.119776816976
370.022283734,10.2601007893,0.180785925679
371.742650803,10.1529934005,0.187821392469
373.463017872,10.1980501146,0.25721231575
375.183384941,10.2431424849,0.212940020547
376.903752009,10.3139808991,0.176276964834
378.624119078,10.4209534949,0.133123735924
380.344486147,10.4262312572,0.228493611195
382.064853216,10.4070792321,0.255044256075
383.785220285,10.3879791273,0.162458504589
385.505587354,10.5009575072,0.192621375248
387.225954423,10.62534626,0.126903782443
388.946321492,10.5869209386,0.250134469132
390.666688561,10.5485615309,0.240007757539
392.387055629,10.4787702665,0.131501372625
394.107422698,10.1567843344,0.177026008353
395.827789767,9.88392170326,0.193545257842
397.548156836,9.65995493163,0.256757505136
399.268523905,9.43598194799,0.205823026738
400.988890974,9.24222293217,0.177310447236
402.709258043,9.08413638834,0.11514480262
404.429625112,9.15031374267,0.229105650548
406.149992181,9.25648047315,0.251841905708
407.870359249,9.36260959799,0.148523589492
409.590726318,9.45700702071,0.190100645725
411.311093387,9.53358292076,0.133163680629
413.031460456,9.54870327102,0.250001737464
414.751827525,9.56380875299,0.23482571488
416.472194594,9.63364695366,0.135189413746
418.192561663,10.0053626996,0.172829769358
419.912928732,10.3217995181,0.200065794386
421.633295801,10.5918453411,0.258362430699
423.353662869,10.8619574608,0.205078851475
425.074029938,10.9654917525,0.184958572907
426.794397007,10.9031517178,0.113226961642
428.514764076,10.8692318999,0.235729830273
430.235131145,10.8388930889,0.252929416752
431.955498214,10.8086397971,0.145073253303
433.675865283,10.8391810907,0.192707353778
435.396232352,10.9029023839,0.150734110181
437.116599421,11.0377471303,0.254524277111
438.836966489,11.1726928681,0.236622783136
440.557333558,11.3006746001,0.163283748705
442.277700627,11.3997569577,0.285082268192
443.998067696,11.4989684743,0.320143169689
445.718434765,11.5983168692,0.300545230184
447.438801834,11.6978098726,0.211602156237
449.159168903,11.728727695,0.22378023572
450.879535972,11.7020795988,0.304588459459
452.599903041,11.6755841847,0.319571652234
454.320270109,11.6492393911,0.279528600333
456.040637178,11.6230431681,0.144212536052
457.761004247,11.3822128971,0.261463049643
459.481371316,11.1152430415,0.315084182847
461.201738385,10.8483802074,0.310854141534
462.922105454,10.5816036304,0.245802496595
464.642472523,10.3912966853,0.16763825958
466.362839592,10.4449555966,0.285854207763
468.083206661,10.4986693755,0.318706105106
469.80357373,10.5524422012,0.296127721743
471.523940798,10.6062782577,0.200156053995
473.244307867,10.5556948665,0.225050393921
474.964674936,10.4313660887,0.303974267371
476.685042005,10.3070911211,0.316781570363
478.405409074,10.1828602939,0.272948307395
480.125776143,10.058663941,0.121831668013
481.846143212,10.1273450076,0.261744273132
483.566510281,10.2097865805,0.314368584021
485.28687735,10.2922647227,0.308752667375
487.007244418,10.3747858519,0.240854280312
488.727611487,10.508505096,0.176185262468
490.447978556,10.7731343282,0.288863486561
492.168345625,11.0378439629,0.319872198078
493.888712694,11.3026545967,0.296100404247
495.609079763,11.567586834,0.198769301813
497.329446832,11.6653704325,0.234875736335
499.049813901,11.6644389909,0.308257148246
500.77018097,11.6636573027,0.318740379664
502.490548038,11.663025307,0.273655874836
504.210915107,11.6625429546,0.122026560713
505.931282176,11.5621077432,0.269634219034
507.651649245,11.4593573322,0.317531929467
509.372016314,11.3567407174,0.309128908746
511.092383383,11.2542499146,0.238544421674
512.812750452,11.1963149682,0.187824863963
514.533117521,11.231401959,0.292623732157
516.25348459,11.2666050094,0.320139275976
517.973851658,11.3019268583,0.293027216093
519.694218727,11.3373702541,0.189078963842
521.414585796,11.2693909799,0.237990920653
523.134952865,11.1507724845,0.308536660688
524.855319934,11.0322637751,0.316523446388
526.575687003,10.9138556305,0.267615200355
528.296054072,10.7963828514,0.11128422488
530.016421141,10.7236321691,0.270511779906
531.73678821,10.6509580376,0.316616462343
533.457155278,10.5783548023,0.305942293943
535.177522347,10.505816814,0.230735051046
536.897889416,10.4542429529,0.200277067222
538.618256485,10.4389269404,0.345532458732
540.338623554,10.4236653263,0.441673035922
542.058990623,10.4084569232,0.516896150915
543.779357692,10.3933005476,0.579426270475
545.499724761,10.3781950204,0.633052859826
547.22009183,10.3631391661,0.679900896591
548.940458898,10.3481318134,0.721305666525
550.660825967,10.3331717944,0.758171409708
552.381193036,10.3182579453,0.791143647257
554.101560105,10.3033891055,0.820701478189
555.821927174,10.2885641182,0.847211102301
557.542294243,10.2737818298,0.870958804386
559.262661312,10.2590410902,0.892172279819
560.983028381,10.2443407524,0.911034964579
562.70339545,10.2296796726,0.927695971013
564.423762518,10.2150567101,0.942277154324
566.144129587,10.200470727,0.954878241367
567.864496656,10.1859205886,0.965580610828
569.584863725,10.1714051625,0.974450108067
571.305230794,10.1569233195,0.981539149839
573.025597863,10.1424739327,0.986888291723
574.745964932,10.1280558778,0.990527376345
576.466332001,10.113668033,0.992476342884
578.18669907,10.0993092788,0.992745751391
579.907066139,10.084978498,0.991337055149
581.627433207,10.0706745755,0.988242637869
583.347800276,10.0563963983,0.983445617986
585.068167345,10.0421428556,0.976919408061
586.788534414,10.0279128382,0.968627001645
588.508901483,10.0137052389,0.958519941185
590.229268552,9.99951895234,0.946536896056
591.949635621,9.98535287461,0.932601746234
593.67000269,9.97120590351,0.916621018724
595.390369759,9.95707693828,0.89848045196
597.110736827,9.94296487957,0.878040352538
598.831103896,9.92886862936,0.855129232672
600.551470965,9.91478709083,0.829534927093
602.271838034,9.90071916833,0.800991893115
603.992205103,9.88666376726,0.769162513491
605.712572172,9.87261979398,0.73360855941
607.432939241,9.85858615577,0.693745646724
609.15330631,9.8445617607,0.648766348432
610.873673379,9.83054551754,0.597500612328
612.594040447,9.81653633573,0.538136374599
614.314407516,9.80253312522,0.467576860109
616.034774585,9.78853479646,0.379601083671
617.755141654,9.77454026026,0.256854333274
619.475508723,9.72335426262,0.146033443023
621.195875792,9.5484470558,0.277558027995
622.916242861,9.37352496074,0.312482198841
624.63660993,9.19857436708,0.288361192158
626.356976999,9.0235816622,0.183180527853
628.077344067,8.95575964828,0.208949799937
629.797711136,8.96595489779,0.295957989294
631.518078205,8.97608993639,0.31030579781
633.238445274,8.98616555266,0.264118148573
634.958812343,8.99602547438,0.0944894135843
636.679179412,8.98117692503,0.250684967407
638.399546481,8.96412175576,0.307479125221
640.11991355,8.94700623294,0.301645013619
641.840280619,8.92982902485,0.228431066667
643.560647687,8.8958637487,0.151705939325
645.281014756,8.81743965397,0.278834367891
647.001381825,8.73894379263,0.311729174687
648.721748894,8.66037005704,0.285131827765
650.442115963,8.58171233353,0.173547994467
652.162483032,8.67306515822,0.213971860128
653.882850101,8.86807907761,0.297537292345
655.60321717,9.06302517053,0.3099575354
657.323584239,9.25791860541,0.261576003377
659.043951307,9.45194613537,0.0923733286406
660.764318376,9.60396741428,0.256177275854
662.484685445,9.75373782839,0.309537412711
664.205052514,9.90350932757,0.301697392424
665.925419583,10.0532935653,0.226382475824
667.645786652,10.1837625979,0.166846280966
669.366153721,10.2724363654,0.283881661473
671.08652079,10.361151577,0.313830705792
672.806887859,10.4499151355,0.285562594651
674.527254927,10.5387339473,0.172488767389
676.247621996,10.6063692915,0.224879350398
677.967989065,10.6633054018,0.301797607641
679.688356134,10.720313369,0.311206778707
681.408723203,10.7773976288,0.260530433586
683.129090272,10.825172946,0.101229219269
684.849457341,10.6417875047,0.262408709304
686.56982441,10.4518441756,0.311342612098
688.290191479,10.2619562501,0.300318985206
690.010558547,10.0721089532,0.220517673713
691.730925616,10.0644534221,0.174855381789
693.451292685,10.3825464941,0.286481486078
695.171659754,10.7006895776,0.314396154927
696.892026823,11.0189074268,0.284428420078
698.612393892,11.3372248016,0.16801728571
700.332760961,11.4165607544,0.232874390328
702.05312803,11.3965420767,0.304783612985
703.773495099,11.3766523077,0.311575053441
705.493862168,11.3568898998,0.258436982747
707.214229236,11.3477914099,0.111126630942
708.934596305,11.4896509824,0.267887610752
710.654963374,11.6334265597,0.31389501003
712.375330443,11.7773494773,0.30154753571
714.095697512,11.9214309336,0.221277933271
715.816064581,12.0634970105,0.186402312839
717.53643165,12.2024823512,0.260482037016
719.256798719,12.3416593093,0.225478754245
720.977165788,12.3704444985,0.178571406625
722.697532856,12.2016534248,0.152241323249
724.417899925,12.253067374,0.227583413235
726.138266994,12.3785292179,0.259976654756
727.858634063,12.5041963772,0.182289381496
729.579001132,12.3954428971,0.197134957223
731.299368201,12.2272888191,0.1214392832
733.01973527,12.4077102029,0.250991140637
734.740102339,12.5891294848,0.247867049739
736.460469408,12.737216233,0.131376047393
738.180836476,12.293599003,0.187652501082
739.901203545,12.0315434345,0.192303760015
741.621570614,11.9970597533,0.260537549475
743.341937683,11.962751706,0.22011406195
745.062304752,11.9617954218,0.181170208009
746.782671821,12.0105438216,0.144281588539
748.50303889,12.1679438684,0.231232477094
750.223405959,12.354159625,0.259053072092
751.943773028,12.5405788008,0.174849934461
753.664140096,12.5921484013,0.19787139468
755.384507165,12.6029427024,0.1349982918
757.104874234,12.6409724437,0.253418972805
758.825241303,12.6792279206,0.245342020885
760.545608372,12.7087280771,0.139847897451
762.265975441,12.6540075811,0.185770694134
763.98634251,12.5992395308,0.200209640726
765.706709579,12.5444040962,0.261883217764
767.427076648,12.4897868834,0.21707055827
769.147443716,12.3576744305,0.185914729688
770.867810785,12.1283188689,0.13536325567
772.588177854,12.2989718542,0.234689707646
774.308544923,12.5495727797,0.258294320901
776.028911992,12.8003923292,0.168071145936
777.749279061,12.4605712643,0.197664246301
779.46964613,12.1179157776,0.143753329222
781.190013199,12.4664212296,0.254933306229
782.910380268,12.8151388357,0.243679741854
784.630747336,13.0645802865,0.151052143782
786.351114405,12.6960998632,0.18217974852
788.071481474,12.6331057201,0.205422405331
789.791848543,12.8424341145,0.262638820705
791.512215612,13.05200392,0.214526931039
793.232582681,13.1291280649,0.191283493625
794.95294975,13.0662741811,0.131299233638
796.673316819,13.2825993559,0.240558030234
798.393683888,13.5386198962,0.260352297143
800.114050956,13.7949360165,0.16920904086
801.834418025,13.8461619428,0.263028782036
803.554785094,13.8567260633,0.318600156423
805.275152163,13.867610515,0.318257236168
806.995519232,13.8788161448,0.261780248124
808.715886301,13.8798881995,0.175053613044
810.43625337,13.834027311,0.290042577164
812.156620439,13.7884849876,0.324075420909
813.876987508,13.7432576857,0.30553366099
815.597354577,13.6983418864,0.221582674927
817.317721645,13.72804584,0.22921862127
819.038088714,13.824309546,0.308280670827
820.758455783,13.920891061,0.324107171392
822.478822852,14.0177978999,0.287349527571
824.199189921,14.1150376027,0.166141066663
825.91955699,14.0625159466,0.268346410853
827.639924059,13.9891182767,0.320309820786
829.360291128,13.9160512392,0.317401475174
831.080658197,13.843309149,0.257769595606
832.801025265,13.7369614672,0.183151885541
834.521392334,13.5131832165,0.292378932966
836.241759403,13.2896985667,0.323531151335
837.962126472,13.0664901287,0.301846784368
839.682493541,12.8435405352,0.211656433406
841.40286061,12.5366156739,0.230760049418
843.123227679,12.1666835364,0.306991905869
844.843594748,11.7969402309,0.319325452965
846.563961817,11.4273569884,0.276453881442
848.284328885,11.0579050524,0.132703020185
850.004695954,10.980144728,0.262559509108
851.725063023,10.9282877599,0.315203549681
853.445430092,10.8765232665,0.310094503938
855.165797161,10.8248472201,0.243623628655
856.88616423,10.770803921,0.174928329729
858.606531299,10.7100824173,0.288194501822
860.326898368,10.6494364101,0.319091105513
862.047265437,10.5888611808,0.294779491398
863.767632505,10.528352016,0.195649867585
865.487999574,10.645278039,0.228757408905
867.208366643,10.8739266883,0.305697348245
868.928733712,11.1026635825,0.317829813995
870.649100781,11.3315065193,0.273910701594
872.36946785,11.5604733046,0.124405085804
874.089834919,11.4401699313,0.267713506594
875.810201988,11.3058941801,0.316906849632
877.530569057,11.1717402845,0.309416062379
879.250936125,11.0376978062,0.239987721212
880.971303194,10.9412802419,0.184778299634
882.691670263,10.9289859769,0.291567702801
884.412037332,10.916784241,0.319913161095
886.132404401,10.9046740846,0.29350729225
887.85277147,10.8926545657,0.190821864015
889.573138539,10.8982724453,0.235695212282
891.293505608,10.913173791,0.307901806637
893.013872677,10.9281664354,0.317046969247
894.734239745,10.943251545,0.269628979226
896.454606814,10.9584808244,0.109240349724
898.174973883,10.9873656354,0.30408146887
899.895340952,11.0163475178,0.411576552049
901.615708021,11.0454287267,0.492693163123
903.33607509,11.0746115248,0.559054786104
905.056442159,11.1038981828,0.615470619905
906.776809228,11.1332909795,0.664494293844
908.497176297,11.1627922018,0.707677561763
910.217543365,11.1924041452,0.746047666707
911.937910434,11.2221291137,0.780326083161
913.658277503,11.2519694202,0.811041824539
915.378644572,11.2819273865,0.838595533999
917.099011641,11.3120053436,0.863298226844
918.81937871,11.3422056318,0.885395958059
920.539745779,11.3725306009,0.905086194138
922.260112848,11.4029826104,0.922529051042
923.980479917,11.4335640298,0.937855222344
925.700846985,11.4642772386,0.951171697024
927.421214054,11.4951246265,0.962565954476
929.141581123,11.5261085936,0.972109079951
930.861948192,11.5572315508,0.9798580935
932.582315261,11.5884959197,0.985857689874
934.30268233,11.619904133,0.990141524115
936.023049399,11.6514586344,0.992733134972
937.743416468,11.6831618791,0.993646568239
939.463783537,11.715016334,0.992886739966
941.184150606,11.7470244775,0.990449562049
942.904517674,11.7791888001,0.986321837845
944.624884743,11.8115118046,0.980480921472
946.345251812,11.8439960058,0.972894119701
948.065618881,11.8766439314,0.963517798293
949.78598595,11.9094581216,0.952296132945
951.506353019,11.9424411297,0.939159415926
953.226720088,11.9755955219,0.924021788279
954.947087157,12.0089238779,0.906778206991
956.667454226,12.0424287911,0.887300364715
958.387821294,12.0761128683,0.86543113573
960.108188363,12.1099787304,0.840976888513
961.828555432,12.1440290124,0.813696613316
963.548922501,12.1782663639,0.783286126463
965.26928957,12.2126934487,0.749354351326
966.989656639,12.2473129454,0.711386221611
968.710023708,12.2821275479,0.668681636842
970.430390777,12.317139965,0.620248278003
972.150757846,12.3523529209,0.564596591623
973.871124914,12.3877691555,0.499298271081
975.591491983,12.4233914244,0.419850760539
977.311859052,12.4592224994,0.315712331387
979.032226121,12.4952651684,0.139548442044
980.75259319,12.3882204995,0.254132005842
982.472960259,12.2597408675,0.311410356389
984.193327328,12.1314573082,0.308523678304
985.913694397,12.0033598401,0.243339001068
987.634061466,11.915013624,0.153605850327
989.354428534,11.9702265224,0.280883007485
991.074795603,12.0256129669,0.316096994586
992.795162672,12.081177267,0.294393339618
994.515529741,12.1369237462,0.197842172685
996.23589681,12.1690539017,0.217077566175
997.956263879,12.1829577067,0.300529619073
999.676630948,12.1970516099,0.315081678829
1001.39699802,12.2113367082,0.27203068783
1003.11736509,12.2251251959,0.122337319742
1004.83773215,12.037591504,0.256633032316
1006.55809922,11.8298003979,0.31139489168
1008.27846629,11.6221719116,0.306066753592
1009.99883336,11.4146898899,0.236621483796
1011.71920043,11.2644868712,0.159690767678
1013.4395675,11.2780698695,0.282250546082
1015.15993457,11.2917725586,0.315094928823
1016.88030164,11.3055960044,0.290457531895
1018.60066871,11.3195412826,0.186823495072
1020.32103577,11.3027417249,0.219797891243
1022.04140284,11.2660209487,0.300703635661
1023.76176991,11.2294189255,0.313030847835
1025.48213698,11.1929328076,0.266477716341
1027.20250405,11.158252321,0.107596787079
1028.92287112,11.2425732926,0.258457050526
1030.64323819,11.3346242074,0.311512484475
1032.36360526,11.4267992133,0.304602605608
1034.08397233,11.5191054822,0.232436830155
1035.80433939,11.5660897442,0.170434741153
1037.52470646,11.5078057614,0.285530598683
1039.24507353,11.4496593446,0.315467783086
1040.9654406,11.3916459694,0.288149612195
1042.68580767,11.3337611221,0.179034692363
1044.40617474,11.340731878,0.225451735442
1046.12654181,11.3828636149,0.302529766322
1047.84690888,11.4251231963,0.31260724135
1049.56727595,11.4675139103,0.263490982567
1051.28764301,11.5092063677,0.107042833602
1053.00801008,11.5253541532,0.262900234143
1054.72837715,11.540707303,0.312623899275
1056.44874422,11.5562005788,0.303148636006
1058.16911129,11.5718351861,0.227180317144
1059.88947836,11.517302994,0.178760555729
1061.60984543,11.3287287843,0.287943558422
1063.3302125,11.140278207,0.315131808594
1065.05057957,10.9519365989,0.284868621275
1066.77094663,10.7636893057,0.168618104546
1068.4913137,10.9073332013,0.229563745413
1070.21168077,11.1992141679,0.303710411825
1071.93204784,11.4912086895,0.311869714267
1073.65241491,11.7833394857,0.260325161571
1075.37278198,12.0431315691,0.111062176315
1077.09314905,11.7486410648,0.247161673889
1078.81351612,11.4449681355,0.248091046211
1080.53388319,11.1414278829,0.106180259579
1082.25425025,11.2117846932,0.188107585553
1083.97461732,11.3423085731,0.179982576953
1085.69498439,11.5661332843,0.258466195713
1087.41535146,11.7901000998,0.224588704943
1089.13571853,11.903839148,0.17430702664
1090.8560856,11.8070456182,0.152940705054
1092.57645267,11.9475508865,0.225300485069
1094.29681974,12.1742354415,0.259857919455
1096.01718681,12.4011094162,0.184329667594
1097.73755387,12.2812654405,0.196886887103
1099.45792094,12.0209854641,0.118808910598
1101.17828801,11.9126147527,0.249933508941
1102.89865508,11.8051366953,0.247055471673
1104.61902215,11.7021302838,0.121328147066
1106.33938922,11.706087198,0.186963638449
1108.05975629,11.7441833913,0.188468363142
1109.78012336,11.8276990461,0.259925489556
1111.50049043,11.9113771571,0.221665712185
1113.22085749,11.7964857896,0.179604190032
1114.94122456,11.3660251341,0.142964326482
1116.66159163,11.3809573485,0.227682393172
1118.3819587,11.5242843422,0.257470350329
1120.10232577,11.6677501841,0.172827346945
1121.82269284,11.7585586633,0.195592391372
1123.54305991,11.8359778944,0.127486243953
1125.26342698,11.9532281292,0.251852460719
1126.98379405,12.0706525636,0.245602334114
1128.70416111,12.1818873333,0.135385684353
1130.42452818,12.2213265291,0.185560251843
1132.14489525,12.2753302541,0.196529207707
1133.86526232,12.3456492546,0.261212542578
1135.58562939,12.4161710121,0.21835917726
1137.30599646,12.4170868805,0.184708667489
1139.02636353,12.3252173043,0.13962909307
1140.7467306,12.5744561893,0.234210103448
1142.46709767,12.8993256224,0.259869945131
1144.18746473,13.2244408931,0.174582071025
1145.9078318,13.0331845396,0.199692047004
1147.62819887,12.771056259,0.143749463087
1149.34856594,12.8986914408,0.255349256734
1151.06893301,13.0265724109,0.245095614693
1152.78930008,13.0914227538,0.14899539421
1154.50966715,12.7086861694,0.182942665107
1156.23003422,12.5462875776,0.202774121012
1157.95040129,12.5923306949,0.262294991715
1159.67076835,12.6385957631,0.215963341586
1161.39113542,12.6633401951,0.217454189139
1163.11150249,12.6639194853,0.303234425305
1164.83186956,12.6647262966,0.321871068567
1166.55223663,12.6657606919,0.286774396587
1168.2726037,12.6670227515,0.166913682641
1169.99297077,12.7386526663,0.257646794684
1171.71333784,12.8260350651,0.315916190056
1173.43370491,12.9136575989,0.316664031543
1175.15407197,13.0015270855,0.260386687924
1176.87443904,13.1135243948,0.16676536831
1178.59480611,13.345445152,0.287353418822
1180.31517318,13.5776464587,0.323601428209
1182.03554025,13.810146382,0.307010214525
1183.75590732,14.0429630122,0.226231945994
1185.47627439,14.0977765778,0.229890738166
1187.19664146,13.9841908011,0.308564239137
1188.91700853,13.8709352734,0.324211898557
1190.63737559,13.7580011826,0.287327739159
1192.35774266,13.6453797415,0.165941233284
1194.07810973,13.5710054216,0.265399743642
1195.7984768,13.5030376457,0.318863209074
1197.51884387,13.4353626812,0.316622003489
1199.23921094,13.3679752624,0.257223291364
1200.95957801,13.2839228469,0.176775900285
1202.67994508,13.1359425484,0.290112140177
1204.40031215,12.9882264983,0.322804630836
1206.12067921,12.8407632031,0.302273523305
1207.84104628,12.6935411889,0.213682987586
1209.56141335,12.5147014941,0.228867507247
1211.28178042,12.3106808308,0.306640396619
1213.00214749,12.1068602038,0.320183083735
1214.72251456,11.9032237541,0.279015413115
1216.44288163,11.6997556371,0.141484402874
1218.1632487,11.6573043351,0.263059174131
1219.88361577,11.6321151009,0.316150641187
1221.60398283,11.607073105,0.312022433155
1223.3243499,11.5821763988,0.247829850074
1225.04471697,11.5457072775,0.176421412548
1226.76508404,11.4744820584,0.289117098736
1228.48545111,11.4033918125,0.320370575727
1230.20581818,11.3324310082,0.297113228424
1231.92618525,11.2615941244,0.201248903617
1233.64655232,11.2004894749,0.229267281575
1235.36691939,11.1459384424,0.305904747626
1237.08728645,11.0914968196,0.317893749977
1238.80765352,11.0371603706,0.273864891931
1240.52802059,10.9829248674,0.124121850348
1242.24838766,10.9640506104,0.264918443006
1243.96875473,10.9472705965,0.315824905127
1245.6891218,10.9305845343,0.309385599617
1247.40948887,10.9139911256,0.241045149457
1249.12985594,10.9039905691,0.181147413272
1250.85022301,10.9097036868,0.290350545802
1252.57059007,10.9155078332,0.319719012927
1254.29095714,10.9214034599,0.294228457295
1256.01132421,10.9273910257,0.193258847576
1257.73169128,10.9392380569,0.252174741521
1259.45205835,10.9544032124,0.376599462143
1261.17242542,10.9696628746,0.465267210869
1262.89279249,10.9850182309,0.536241178021
1264.61315956,11.000470476,0.595896256535
1266.33352663,11.0160208122,0.647385387948
1268.05389369,11.0316704494,0.69254675008
1269.77426076,11.0474206054,0.732564443688
1271.49462783,11.0632725056,0.768254241583
1273.2149949,11.0792273834,0.800205860315
1274.93536197,11.0952864803,0.828861133944
1276.65572904,11.1114510458,0.854560232054
1278.37609611,11.1277223375,0.877570576286
1280.09646318,11.1441016217,0.898105763736
1281.81683025,11.1605901726,0.91633840837
1283.53719731,11.1771892733,0.932409116322
1285.25756438,11.1939002153,0.946432910784
1286.97793145,11.2107242988,0.958503918915
1288.69829852,11.2276628329,0.968698839097
1290.41866559,11.2447171355,0.977079528295
1292.13903266,11.2618885337,0.983694937048
1293.85939973,11.2791783634,0.988582546747
1295.5797668,11.2965879701,0.991769415007
1297.30013387,11.3141187082,0.993272901008
1299.02050093,11.3317719418,0.993101118021
1300.740868,11.3495490446,0.991253141513
1302.46123507,11.3674513996,0.987718985533
1304.18160214,11.3854803999,0.982479345983
1305.90196921,11.4036374482,0.975505094962
1307.62233628,11.4219239574,0.966756494321
1309.34270335,11.4403413502,0.956182076665
1311.06307042,11.4588910597,0.943717115901
1312.78343749,11.4775745292,0.929281572953
1314.50380455,11.4963932125,0.912777349352
1316.22417162,11.5153485737,0.894084602046
1317.94453869,11.5344420878,0.873056749613
1319.66490576,11.5536752403,0.849513602829
1321.38527283,11.5730495279,0.823231725244
1323.1056399,11.592566458,0.793930564503
1324.82600697,11.6122275491,0.761251874763
1326.54637404,11.632034331,0.724728005949
1328.26674111,11.6519883449,0.683730682714
1329.98710817,11.6720911434,0.637383194463
1331.70747524,11.6923442906,0.584397720432
1333.42784231,11.7127493623,0.522740447173
1335.14820938,11.7333079464,0.448828172953
1336.86857645,11.7540216423,0.355057469283
1338.58894352,11.7748920619,0.217005406856
1340.30931059,11.8076143817,0.207098968827
1342.02967766,11.8518934302,0.297157745126
1343.75004473,11.8963368175,0.315214427508
1345.47041179,11.9409480017,0.275800025105
1347.19077886,11.9857304539,0.135690939104
1348.91114593,12.0287974148,0.250607726403
1350.631513,12.0717192,0.310192126511
1352.35188007,12.1148224282,0.308772459147
1354.07224714,12.1581104534,0.245291230124
1355.79261421,12.2121235311,0.15104687971
1357.51298128,12.3080960591,0.280267068768
1359.23334835,12.4042684223,0.316364684339
1360.95371541,12.5006481036,0.295690402283
1362.67408248,12.5972426021,0.201455436752
1364.39444955,12.6910694888,0.216139458964
1366.11481662,12.782669343,0.30068006663
1367.83518369,12.8745059581,0.316344135808
1369.55555076,12.9665864796,0.275162866776
1371.27591783,13.0587649831,0.132333954938
1372.9962849,13.0390212717,0.25780531543
1374.71665197,13.0063891507,0.313060238129
1376.43701903,12.9740111978,0.30921841099
1378.1573861,12.9418848936,0.243496972428
1379.87775317,12.9369073745,0.165980763357
1381.59812024,13.015540281,0.285075325223
1383.31848731,13.0944280676,0.317901946512
1385.03885438,13.1735768724,0.29485063
1386.75922145,13.2529928539,0.19720366154
1388.47958852,13.1811201333,0.224035562867
1390.19995559,13.004830379,0.303184324255
1391.92032265,12.8287946715,0.315651070819
1393.64068972,12.6529993137,0.270811607398
1395.36105679,12.4790980973,0.120046908506
1397.08142386,12.478495969,0.260269119673
1398.80179093,12.4912404862,0.313075346436
1400.522158,12.5041990886,0.30686925546
1402.24252507,12.5173727846,0.237058050665
1403.96289214,12.4588801242,0.17194511172
1405.68325921,12.221556964,0.286243578955
1407.40362627,11.9844269055,0.3161912807
1409.12399334,11.7474714981,0.289301495271
1410.84436041,11.5106723045,0.181894492936
1412.56472748,11.4408854917,0.223546164496
1414.28509455,11.4675751514,0.301964347186
1416.00546162,11.4943992469,0.312889872119
1417.72582869,11.5213598651,0.264816528468
1419.44619576,11.548314015,0.107703278433
1421.16656283,11.5696534956,0.261643303596
1422.88692989,11.5908761944,0.312352912147
1424.60729696,11.6122429227,0.303674448116
1426.32766403,11.633755343,0.228947680738
1428.0480311,11.5556772706,0.175722558906
1429.76839817,11.2743092187,0.286856361016
1431.48876524,10.9930605649,0.31470415701
1433.20913231,10.7119094257,0.284850900254
1434.92949938,10.4308339251,0.169070955224
1436.64986645,10.258284205,0.215908385739
1438.37023351,10.1376479734,0.257067465735
1440.09060058,10.0170426981,0.184147503547
1441.81096765,9.8731131749,0.189243935155
1443.53133472,9.72267392631,0.0914022952328
1445.25170179,9.7157921505,0.242239348834
1446.97206886,9.71217998366,0.245734679592
1448.69243593,9.70856566835,0.100608300042
1450.412803,9.94983534601,0.185972688863
1452.13317007,10.1032706168,0.173444271872
1453.85353713,10.1002707385,0.255875452852
1455.5739042,10.0972989083,0.221635549712
1457.29427127,10.0497046338,0.166422994644
1459.01463834,9.91104778843,0.148083249283
1460.73500541,9.86275139305,0.219204686425
1462.45537248,9.84977431881,0.255865165378
1464.17573955,9.83680580206,0.176075680405
1465.89610662,9.8337428254,0.19009187538
1467.61647369,9.84917168505,0.0987764751083
1469.33684075,10.0352893342,0.245019500229
1471.05720782,10.2228226889,0.244432674396
1472.77757489,10.4064611402,0.10611355906
1474.49794196,10.4298946417,0.184551551159
1476.21830903,10.4743338715,0.18197102788
1477.9386761,10.5484862629,0.257275230587
1479.65904317,10.6227015773,0.21866322133
1481.37941024,10.5226445697,0.172708800805
1483.09977731,10.1276431835,0.1401023899
1484.82014437,9.84308108322,0.223089220417
1486.54051144,9.59310565516,0.254318198263
1488.26087851,9.34311881367,0.165746308006
1489.98124558,9.342161255,0.18958095126
1491.70161265,9.44968376325,0.106885245734
1493.42197972,9.64758570681,0.246497300346
1495.14234679,9.84555624055,0.241343869474
1496.86271386,10.0269381969,0.116521049686
1498.58308093,9.97522847289,0.180392673219
1500.30344799,9.95739587675,0.187025354196
1502.02381506,9.97988956969,0.256886861268
1503.74418213,10.0024019442,0.212558979645
1505.4645492,10.0233192181,0.175299667549
1507.18491627,10.0419714822,0.131431356782
1508.90528334,10.0091322532,0.22730641111
1510.62565041,9.96375719709,0.254220668354
1512.34601748,9.91839956731,0.160527248626
1514.06638455,9.7438622326,0.190956712041
1515.78675161,9.55569777906,0.120878247679
1517.50711868,9.51782898214,0.24837275203
1519.22748575,9.47994291464,0.238137085002
1520.94785282,9.43489065229,0.129826462751
1522.66821989,9.33138413118,0.274530284861
1524.38858696,9.22784583254,0.31578846753
1526.10895403,9.12426770026,0.299881522541
1527.8293211,9.0206416751,0.214437737393
1529.54968817,8.95547928804,0.201323083808
1531.27005523,8.93612083786,0.295585209813
1532.9904223,8.91669985543,0.316200131758
1534.71078937,8.89721482964,0.279947549696
1536.43115644,8.8776642444,0.150094009106
1538.15152351,8.90954363902,0.246083041621
1539.87189058,8.9539138082,0.309162792137
1541.59225765,8.99822282957,0.310447099739
1543.31262472,9.04247415074,0.250887265783
1545.03299179,9.06205162545,0.139245958525
1546.75335885,8.94366807637,0.276865428929
1548.47372592,8.82522258228,0.315660436567
1550.19409299,8.70670592714,0.297250278155
1551.91446006,8.58810888939,0.206880650934
1553.63482713,8.43642861059,0.206508415948
1555.3551942,8.25151904347,0.296820738469
1557.07556127,8.06649367645,0.314845739661
1558.79592834,7.88133811305,0.27518180236
1560.51629541,7.69603794663,0.133741618876
1562.23666247,7.74034971515,0.248183672582
1563.95702954,7.82617443281,0.30894495807
1565.67739661,7.91185025526,0.3078695487
1567.39776368,7.9973838488,0.244141239005
1569.11813075,8.04558453544,0.145064500597
1570.83849782,7.93910466463,0.278069385926
1572.55886489,7.83248468552,0.314712212964
1574.27923196,7.7257163022,0.293622292433
1575.99959903,7.6187912072,0.197051798147
1577.71996609,7.55644250495,0.209921694793
1579.44033316,7.53180766755,0.297524939013
1581.16070023,7.5070010308,0.313631563659
1582.8810673,7.48202066453,0.271295386698
1584.60143437,7.45686462507,0.11925883325
1586.32180144,7.67632554189,0.251937842506
1588.04216851,7.92619137856,0.31003980589
1589.76253558,8.17591610217,0.307098112392
1591.48290265,8.42551914335,0.240885490742
1593.20326972,8.6185691206,0.158240267273
1594.92363678,8.62929050612,0.282163361293
1596.64400385,8.63992548547,0.31602279893
1598.36437092,8.65047488615,0.292931778847
1600.08473799,8.66093952897,0.193462241411
1601.80510506,8.70813839823,0.219017685585
1603.52547213,8.78148290999,0.301086002258
1605.2458392,8.85475285741,0.314765929135
1606.96620627,8.92795394147,0.27063960703
1608.68657334,9.00109185784,0.114670663834
1610.4069404,8.98963214231,0.25896711596
1612.12730747,8.97189831907,0.312505824168
1613.84767454,8.95410474736,0.306668230784
1615.56804161,8.9362500427,0.237106269591
1617.28840868,8.92389774689,0.174931185451
1619.00877575,8.92586201712,0.332118364346
1620.72914282,8.92776295687,0.431739495332
1622.44950989,8.92960071406,0.508835686132
1624.16987696,8.93137543168,0.572598872082
1625.89024402,8.93308724781,0.627126456159
1627.61061109,8.93473629566,0.67467657975
1629.33097816,8.93632270353,0.716652928567
1631.05134523,8.93784659486,0.753999050108
1632.7717123,8.93930808821,0.78738492753
1634.49207937,8.94070729731,0.817305821671
1636.21244644,8.94204433103,0.84413912208
1637.93281351,8.94331929339,0.868179159874
1639.65318058,8.9445322836,0.889659601577
1641.37354764,8.94568339603,0.908768435114
1643.09391471,8.94677272027,0.925658325505
1644.81428178,8.94780034105,0.940453959867
1646.53464885,8.94876633835,0.953257366729
1648.25501592,8.94967078732,0.964151830181
1649.97538299,8.95051375835,0.973204801365
1651.69575006,8.951295317,0.980470074642
1653.41611713,8.95201552411,0.985989409154
1655.1364842,8.9526744357,0.989793719182
1656.85685126,8.95327210305,0.991903917424
1658.57721833,8.95380857266,0.992331467353
1660.2975854,8.95428388627,0.991078679859
1662.01795247,8.95469808086,0.988138772518
1663.73831954,8.95505118867,0.983495695126
1665.45868661,8.95534323716,0.977123710789
1667.17905368,8.95557424907,0.968986706307
1668.89942075,8.95574424235,0.959037187049
1670.61978782,8.95585323025,0.947214887524
1672.34015488,8.95590122125,0.933444895988
1674.06052195,8.95588821907,0.917635144372
1675.78088902,8.9558142227,0.899673044904
1677.50125609,8.95567922639,0.879420947439
1679.22162316,8.95548321963,0.856709921346
1680.94199023,8.95522618718,0.831331086515
1682.6623573,8.95490810903,0.803023242115
1684.38272437,8.95452896043,0.771454694563
1686.10309144,8.95408871188,0.736195599517
1687.8234585,8.95358732914,0.696673974953
1689.54382557,8.95302477318,0.6521017715
1691.26419264,8.95240100024,0.601341441085
1692.98455971,8.95171596177,0.542640995373
1694.70492678,8.95096960449,0.473031693726
1696.42529385,8.95016187031,0.386637717148
1698.14566092,8.94929269638,0.267629141199
1699.86602799,8.95133304248,0.116424160985
1701.58639506,8.97095921769,0.269835607905
1703.30676212,8.99052557135,0.31117095152
1705.02712919,9.0100336259,0.292592510734
1706.74749626,9.02948489922,0.197880804864
1708.46786333,9.02522308471,0.195121675612
1710.1882304,8.99643964901,0.291706753439
1711.90859747,8.96759837436,0.311210203576
1713.62896454,8.93869701667,0.270837609212
1715.34933161,8.90973332718,0.120785659451
1717.06969868,9.01959756807,0.241507700036
1718.79006574,9.15603712867,0.305441042014
1720.51043281,9.29243126832,0.305113100244
1722.23079988,9.4287905996,0.240260750519
1723.95116695,9.51153897402,0.132749547007
1725.67153402,9.36068949547,0.273943661068
1727.39190109,9.2098105196,0.311932110133
1729.11226816,9.05889030679,0.290514896351
1730.83263523,8.9079171142,0.190611921494
1732.5530023,8.85869406463,0.201775975054
1734.27336936,8.89821253611,0.293715576923
1735.99373643,8.93766552576,0.310734720973
1737.7141035,8.97705610335,0.267541447198
1739.43447057,9.01637650784,0.106585860973
1741.15483764,9.00853974124,0.245994247452
1742.87520471,8.99430762173,0.306405770658
1744.59557178,8.98001749738,0.303349572706
1746.31593885,8.9656682563,0.234354412548
1748.03630592,8.95912013478,0.14179179167
1749.75667298,8.97896120942,0.276252253159
1751.47704005,8.99874308514,0.311944440708
1753.19740712,9.01846730113,0.288259477699
1754.91777419,9.03813539211,0.183476047614
1756.63814126,9.00163597964,0.208595884249
1758.35850833,8.92387935163,0.295761260082
1760.0788754,8.84605923888,0.310097604711
1761.79924247,8.76816958634,0.26376571182
1763.51960954,8.69018106287,0.092599098015
1765.2399766,8.60817677319,0.24982308488
1766.96034367,8.52573432884,0.306942866912
1768.68071074,8.44319742079,0.301073445009
1770.40107781,8.360559627,0.227385905996
1772.12144488,8.315253117,0.148821259567
1773.84181195,8.37022840721,0.277934732179
1775.56217902,8.42509713409,0.311401489306
1777.28254609,8.47986356687,0.285172618759
1779.00291316,8.53453196684,0.174070244715
1780.72328022,8.4607133264,0.213675369307
1782.44364729,8.30781245922,0.296964910894
1784.16401436,8.15480017224,0.308692572803
1785.88438143,8.00166455983,0.258782172429
1787.6047485,7.85147803845,0.0780613227851
1789.32511557,7.86408611239,0.252544385549
1791.04548264,7.8854693383,0.307156379329
1792.76584971,7.90670828264,0.299004026676
1794.48621678,7.92780459797,0.221251504989
1796.20658384,7.9052449999,0.154737576002
1797.92695091,7.78753681598,0.251139069175
1799.64731798,7.66967673054,0.221393915072
1801.36768505,7.61250629484,0.149603678741
1803.08805212,7.71837393271,0.150239856635
1804.80841919,7.76762332896,0.208229762465
1806.52878626,7.78784547,0.253487329443
1808.24915333,7.80791573352,0.178828634056
1809.9695204,8.11175533844,0.184355993844
1811.68988746,8.5719911913,0.0819234043605
1813.41025453,8.57154266124,0.239449314936
1815.1306216,8.55734465591,0.244412191844
1816.85098867,8.54305464643,0.0972960196481
1818.57135574,8.94780585502,0.184529935414
1820.29172281,9.23663956154,0.167727260966
1822.01208988,9.29031795076,0.25441599533
1823.73245695,9.34396136716,0.221675344767
1825.45282402,9.3383983722,0.162653186089
1827.17319108,9.20358062556,0.148377663338
1828.89355815,9.19347566668,0.216286071764
1830.61392522,9.23574291377,0.255141321765
1832.33429229,9.27797094167,0.176493617002
1834.05465936,9.19770630045,0.18809694702
1835.77502643,9.06670962253,0.0886537930436
1837.4953935,9.11063802724,0.242470818745
1839.21576057,9.15669339723,0.243233603534
1840.93612764,9.20229490953,0.0922881795008
1842.6564947,9.20340897994,0.182321648374
1844.37686177,9.12438188361,0.174818652036
1846.09722884,8.92473435342,0.254583768097
1847.81759591,8.72502340502,0.215858979979
1849.53796298,8.57914882229,0.165598553809
1851.25833005,8.53045673882,0.1374197046
1852.97869712,8.4432087849,0.218794034426
1854.69906419,8.34281012092,0.252876084419
1856.41943126,8.24230276024,0.164851405426
1858.13979832,8.36742673813,0.187345129897
1859.86016539,8.5790584062,0.0966119207708
1861.58053246,8.71353805237,0.244235736696
1863.30089953,8.84774083188,0.240360286989
1865.0212666,8.98833391825,0.105425046238
1866.74163367,9.24756231574,0.179699806201
1868.46200074,9.28641529528,0.182619366338
1870.18236781,9.04669723601,0.255211044254
1871.90273488,8.80692524824,0.210824797201
1873.62310194,8.73466987097,0.169920348711
1875.34346901,8.91464510009,0.129864816199
1877.06383608,8.77297756177,0.223625478082
1878.78420315,8.54532687113,0.252367956351
1880.50457022,8.31758324126,0.157244556909
1882.22493729,8.29977329727,0.238174069071
1883.94530436,8.35313198533,0.306551016436
1885.66567143,8.40638277981,0.311188482407
1887.3860385,8.45952982407,0.255581721791
1889.10640556,8.49818761851,0.120210094429
1890.82677263,8.39826473351,0.271764402087
1892.5471397,8.29823746664,0.314380271627
1894.26750677,8.19809803495,0.298990695673
1895.98787384,8.09783864677,0.213387898037
1897.70824091,8.05688970655,0.195362835774
1899.42860798,8.09095905215,0.293289738596
1901.14897505,8.12490010497,0.315311505623
1902.86934212,8.1587155059,0.279961128393
1904.58970918,8.19240788606,0.151271229349
1906.31007625,8.19336865698,0.243304672224
1908.03044332,8.18549494668,0.307972151764
1909.75081039,8.17750029927,0.31001044945
1911.47117746,8.1693840927,0.250951097007
1913.19154453,8.15760336444,0.131592735669
1914.9119116,8.12331638639,0.274625205363
1916.63227867,8.08890363324,0.31478556453
1918.35264574,8.05436242737,0.29721517466
1920.0730128,8.0196900812,0.20774114151
1921.79337987,7.98179516659,0.202858653425
1923.51374694,7.94047237591,0.295580539474
1925.23411401,7.89900958334,0.31480686502
1926.95448108,7.85740356275,0.276336401255
1928.67484815,7.81565107684,0.138333330922
1930.39521522,7.89907022813,0.246875452342
1932.11558229,8.00771545037,0.308719994895
1933.83594936,8.1162259028,0.308539883304
1935.55631642,8.22461002842,0.246198958956
1937.27668349,8.28945853217,0.142334531606
1938.99705056,8.15525599966,0.277397195576
1940.71741763,8.02093017721,0.314861340023
1942.4377847,7.88647061315,0.294671686428
1944.15815177,7.75186684543,0.200066468831
1945.87851884,7.72516657779,0.208304838857
1947.59888591,7.79543211992,0.297240532621
1949.31925298,7.86554637484,0.314341352372
1951.03962004,7.93551479801,0.273440698752
1952.75998711,8.00534283357,0.127367349071
1954.48035418,8.06629872366,0.251630066673
1956.20072125,8.12586657003,0.310082377216
1957.92108832,8.18530883972,0.307504769228
1959.64145539,8.24463015781,0.241953512697
1961.36182246,8.28677578805,0.153531990303
1963.08218953,8.26890465521,0.280677601524
1964.8025566,8.25091907522,0.315569324117
1966.52292366,8.23281764866,0.293241869565
1968.24329073,8.21459896707,0.194925812784
1969.9636578,8.26463139965,0.216096337882
1971.68402487,8.36630274058,0.299999540859
1973.40439194,8.46786721272,0.314577972465
1975.12475901,8.56933271864,0.271254759497
1976.84512608,8.67070715317,0.117691786423
1978.56549315,8.68769270822,0.287324009023
1980.28586022,8.69693232993,0.40404282045
1982.00622728,8.70609080855,0.492478416102
1983.72659435,8.7151688567,0.566067956393
1985.44696142,8.72416718071,0.630054496386
1987.16732849,8.73308648075,0.687143378567
1988.88769556,8.74192745079,0.738950876905
1990.60806263,8.75069077874,0.78653594374
1992.3284297,8.75937714645,0.830638183937
1994.04879677,8.76798722981,0.871799060454
1995.76916384,8.77652169873,0.910429584359
1997.4895309,8.78498121728,0.946850832879
1999.20989797,8.79336644368,0.981319555674
2000.93026504,8.80167803036,1.01404508054
2002.65063211,8.80991662404,1.04520088428
2004.37099918,8.81808286575,1.07493275512
2006.09136625,8.82617739087,1.10336470085
2007.81173332,8.83420082925,1.1306033211
2009.53210039,8.84215380516,1.15674110621
2011.25246746,8.85003693741,1.18185896882
2012.97283452,8.85785083938,1.20602821617
2014.69320159,8.86559611905,1.22931210745
2016.41356866,8.87327337906,1.25176709843
2018.13393573,8.88088321678,1.2734438471
2019.8543028,8.8884262243,1.29438803425
2021.57466987,8.89590298855,1.31464103922
2023.29503694,8.90331409126,1.33424050087
2025.01540401,8.91066010909,1.35322078693
2026.73577108,8.91794161361,1.3716133894
2028.45613814,8.92515917139,1.38944725983
2030.17650521,8.93231334402,1.40674909536
2031.89687228,8.93940468814,1.42354358412
2033.61723935,8.94643375552,1.4398536168
2035.33760642,8.95340109308,1.45570047009
2037.05797349,8.96030724293,1.47110396628
2038.77834056,8.96715274244,1.4860826129
2040.49870763,8.97393812423,1.50065372526
2042.2190747,8.98066391627,1.51483353443
2043.93944176,8.98733064188,1.52863728279
2045.65980883,8.99393881978,1.5420793088
2047.3801759,9.00048896414,1.55517312245
2049.10054297,9.00698158462,1.56793147269
2050.82091004,9.0134171864,1.58036640782
2052.54127711,9.01979627023,1.59248932969
2054.26164418,9.02611933244,1.60431104255
2055.98201125,9.03238686502,1.61584179716
2057.70237832,9.03859935563,1.62709133065
2059.42274538,9.04475728767,1.63806890278
2061.14311245,9.05086114027,1.64878332877
2062.86347952,9.05691138836,1.65924300934
2064.58384659,9.06290850269,1.66945595804
2066.30421366,9.06885294989,1.6794298263
2068.02458073,9.0747451925,1.68917192632
2069.7449478,9.08058568897,1.69868925219
2071.46531487,9.08637489374,1.70798849918
2073.18568194,9.09211325726,1.71707608163
2074.906049,9.09780122602,1.72595814933
2076.62641607,9.1034392426,1.7346406028
2078.34678314,9.10902774567,1.74312910728
2080.06715021,9.11456717007,1.75142910579
2081.78751728,9.12005794681,1.75954583124
2083.50788435,9.12550050312,1.76748431763
2085.22825142,9.13089526248,1.77524941054
2086.94861849,9.13624264463,1.78284577681
2088.66898556,9.14154306566,1.79027791371
2090.38935262,9.14679693797,1.79755015731
2092.10971969,9.15200467037,1.80466669052
2093.83008676,9.15716666805,1.81163155042
2095.55045383,9.16228333266,1.81844863524
2097.2708209,9.16735506232,1.8251217109
2098.99118797,9.17238225166,1.83165441708
2100.71155504,9.17736529183,1.83805027303
2102.43192211,9.18230457054,1.8443126829
2104.15228918,9.18720047213,1.85044494091
2105.87265624,9.19205337752,1.85645023608
2107.59302331,9.19686366432,1.86233165681
2109.31339038,9.2016317068,1.86809219511
2111.03375745,9.20635787596,1.87373475062
2112.75412452,9.21104253953,1.87926213447
2114.47449159,9.21568606202,1.88467707287
2116.19485866,9.22028880473,1.88998221051
2117.91522573,9.2248511258,1.89518011381
2119.6355928,9.2293733802,1.90027327396
2121.35595986,9.23385591981,1.9052641099
2123.07632693,9.23829909341,1.91015497102
2124.796694,9.24270324671,1.91494813981
2126.51706107,9.24706872238,1.91964583436
2128.23742814,9.25139586011,1.92425021074
2129.95779521,9.25568499658,1.92876336527
2131.67816228,9.25993646552,1.93318733666
2133.39852935,9.26415059772,1.93752410805
2135.11889642,9.26832772108,1.94177560902
2136.83926348,9.27246816062,1.94594371742
2138.55963055,9.27657223849,1.95003026117
2140.27999762,9.28064027403,1.95403701995
2142.00036469,9.28467258376,1.95796572687
2143.72073176,9.28866948143,1.96181806998
2145.44109883,9.29263127804,1.9655956938
2147.1614659,9.29655828184,1.96930020072
2148.88183297,9.30045079838,1.97293315238
2150.60220004,9.30430913053,1.97649607102
2152.3225671,9.30813357851,1.97999044064
2154.04293417,9.31192443989,1.98341770831
2155.76330124,9.31568200963,1.98677928526
2157.48366831,9.3194065801,1.99007654802
2159.20403538,9.3230984411,1.99331083947
2160.92440245,9.32675787988,1.99648346987
2162.64476952,9.33038518118,1.99959571784
2164.36513659,9.33398062725,2.00264883134
2166.08550366,9.33754449782,2.00564402851
2167.80587072,9.3410770702,2.00858249861
2169.52623779,9.34457861926,2.01146540285
2171.24660486,9.34804941743,2.01429387517
2172.96697193,9.35148973479,2.01706902306
2174.687339,9.354899839,2.0197919283
