154.1381093685727
168.2942659108216
203.307130108206
306.31553566734186
152.93600098958294
186.07317708624288
200.33053639641687
179.2348426343416
215.36988968614142
154.78320581383002
125.02374319546729
348.5405746460784
178.6809054336382
158.46522478933957
160.39949905150317
172.07529695300047
157.05972513152852
117.90839168317635
151.774877001822
170.56372645381362
167.60424838119891
138.03268881350843
138.3926053918771
188.51658697974273
155.32279804326842
146.82153872983596
177.44318077272538
209.07674149052892
154.1381093685727
168.2942659108216
203.307130108206
306.31553566734186
152.93600098958294
186.07317708624288
200.33053639641687
179.2348426343416
215.36988968614142
154.78320581383002
125.02374319546729
348.5405746460784
178.6809054336382
158.46522478933957
160.39949905150317
172.07529695300047
157.05972513152852
117.90839168317635
151.774877001822
170.56372645381362
167.60424838119891
138.03268881350843
138.3926053918771
188.51658697974273
155.32279804326842
146.82153872983596
177.44318077272538
209.07674149052892
154.1381093685727
168.2942659108216
203.307130108206
306.31553566734186
152.93600098958294
186.07317708624288
200.33053639641687
179.2348426343416
215.36988968614142
154.78320581383002
125.02374319546729
348.5405746460784
178.6809054336382
158.46522478933957
160.39949905150317
172.07529695300047
157.05972513152852
117.90839168317635
151.774877001822
170.56372645381362
167.60424838119891
138.03268881350843
138.3926053918771
188.51658697974273
155.32279804326842
146.82153872983596
177.44318077272538
209.07674149052892
154.1381093685727
168.2942659108216
203.307130108206
306.31553566734186
152.93600098958294
186.07317708624288
200.33053639641687
179.2348426343416
215.36988968614142
154.78320581383002
125.02374319546729
348.5405746460784
178.6809054336382
158.46522478933957
160.39949905150317
172.07529695300047
157.05972513152852
117.90839168317635
151.774877001822
170.56372645381362
167.60424838119891
138.03268881350843
138.3926053918771
188.51658697974273
155.32279804326842
146.82153872983596
177.44318077272538
209.07674149052892
154.1381093685727
168.2942659108216
203.307130108206
306.31553566734186
152.93600098958294
186.07317708624288
200.33053639641687
179.2348426343416
215.36988968614142
154.78320581383002
125.02374319546729
348.5405746460784
178.6809054336382
158.46522478933957
160.39949905150317
172.07529695300047
157.05972513152852
117.90839168317635
151.774877001822
170.56372645381362
167.60424838119891
138.03268881350843
138.3926053918771
188.51658697974273
155.32279804326842
146.82153872983596
177.44318077272538
209.07674149052892
154.1381093685727
168.2942659108216
203.307130108206
306.31553566734186
152.93600098958294
186.07317708624288
200.33053639641687
179.2348426343416
215.36988968614142
154.78320581383002
125.02374319546729
348.5405746460784
178.6809054336382
158.46522478933957
160.39949905150317
172.07529695300047
157.05972513152852
117.90839168317635
151.774877001822
170.56372645381362
167.60424838119891
138.03268881350843
138.3926053918771
188.51658697974273
155.32279804326842
146.82153872983596
177.44318077272538
209.07674149052892
154.1381093685727
168.2942659108216
203.307130108206
306.31553566734186
152.93600098958294
186.07317708624288
200.33053639641687
179.2348426343416
215.36988968614142
154.78320581383002
125.02374319546729
348.5405746460784
178.6809054336382
158.46522478933957
160.39949905150317
172.07529695300047
157.05972513152852
117.90839168317635
151.774877001822
170.56372645381362
167.60424838119891
138.03268881350843
138.3926053918771
188.51658697974273
155.32279804326842
146.82153872983596
177.44318077272538
209.07674149052892
154.1381093685727
168.2942659108216
203.307130108206
306.31553566734186
152.93600098958294
186.07317708624288
200.33053639641687
179.2348426343416
215.36988968614142
154.78320581383002
125.02374319546729
348.5405746460784
178.6809054336382
158.46522478933957
160.39949905150317
172.07529695300047
157.05972513152852
117.90839168317635
151.774877001822
170.56372645381362
167.60424838119891
138.03268881350843
138.3926053918771
188.51658697974273
155.32279804326842
146.82153872983596
177.44318077272538
209.07674149052892
154.1381093685727
168.2942659108216
203.307130108206
306.31553566734186
152.93600098958294
186.07317708624288
200.33053639641687
179.2348426343416
215.36988968614142
154.78320581383002
125.02374319546729
348.5405746460784
178.6809054336382
158.46522478933957
160.39949905150317
172.07529695300047
157.05972513152852
117.90839168317635
151.774877001822
170.56372645381362
167.60424838119891
138.03268881350843
138.3926053918771
188.51658697974273
155.32279804326842
146.82153872983596
177.44318077272538
209.07674149052892
154.1381093685727
168.2942659108216
203.307130108206
306.31553566734186
152.93600098958294
186.07317708624288
200.33053639641687
179.2348426343416
215.36988968614142
154.78320581383002
125.02374319546729
348.5405746460784
178.6809054336382
158.46522478933957
160.39949905150317
172.07529695300047
157.05972513152852
117.90839168317635
151.774877001822
170.56372645381362
167.60424838119891
138.03268881350843
138.3926053918771
188.51658697974273
155.32279804326842
146.82153872983596
177.44318077272538
209.07674149052892
154.1381093685727
168.2942659108216
203.307130108206
306.31553566734186
152.93600098958294
186.07317708624288
200.33053639641687
179.2348426343416
215.36988968614142
154.78320581383002
125.02374319546729
348.5405746460784
178.6809054336382
158.46522478933957
160.39949905150317
172.07529695300047
157.05972513152852
117.90839168317635
151.774877001822
170.56372645381362
167.60424838119891
138.03268881350843
138.3926053918771
188.51658697974273
155.32279804326842
146.82153872983596
177.44318077272538
209.07674149052892
154.1381093685727
168.2942659108216
203.307130108206
306.31553566734186
152.93600098958294
186.07317708624288
200.33053639641687
179.2348426343416
215.36988968614142
154.78320581383002
125.02374319546729
348.5405746460784
178.6809054336382
158.46522478933957
160.39949905150317
172.07529695300047
157.05972513152852
117.90839168317635
151.774877001822
170.56372645381362
167.60424838119891
138.03268881350843
138.3926053918771
188.51658697974273
155.32279804326842
146.82153872983596
177.44318077272538
209.07674149052892
154.1381093685727
168.2942659108216
203.307130108206
306.31553566734186
152.93600098958294
186.07317708624288
200.33053639641687
179.2348426343416
215.36988968614142
154.78320581383002
125.02374319546729
348.5405746460784
178.6809054336382
158.46522478933957
160.39949905150317
172.07529695300047
157.05972513152852
117.90839168317635
151.774877001822
170.56372645381362
167.60424838119891
138.03268881350843
138.3926053918771
188.51658697974273
155.32279804326842
146.82153872983596
177.44318077272538
209.07674149052892
154.1381093685727
168.2942659108216
203.307130108206
306.31553566734186
152.93600098958294
186.07317708624288
200.33053639641687
179.2348426343416
215.36988968614142
154.78320581383002
125.02374319546729
348.5405746460784
178.6809054336382
158.46522478933957
160.39949905150317
172.07529695300047
157.05972513152852
117.90839168317635
151.774877001822
170.56372645381362
167.60424838119891
138.03268881350843
138.3926053918771
188.51658697974273
155.32279804326842
146.82153872983596
177.44318077272538
209.07674149052892
154.1381093685727
168.2942659108216
203.307130108206
306.31553566734186
152.93600098958294
186.07317708624288
200.33053639641687
179.2348426343416
215.36988968614142
154.78320581383002
125.02374319546729
348.5405746460784
178.6809054336382
158.46522478933957
160.39949905150317
172.07529695300047
157.05972513152852
117.90839168317635
151.774877001822
170.56372645381362
167.60424838119891
138.03268881350843
138.3926053918771
188.51658697974273
155.32279804326842
146.82153872983596
177.44318077272538
209.07674149052892
154.1381093685727
168.2942659108216
203.307130108206
306.31553566734186
152.93600098958294
186.07317708624288
200.33053639641687
179.2348426343416
215.36988968614142
154.78320581383002
125.02374319546729
348.5405746460784
178.6809054336382
158.46522478933957
160.39949905150317
172.07529695300047
157.05972513152852
117.90839168317635
151.774877001822
170.56372645381362
167.60424838119891
138.03268881350843
138.3926053918771
188.51658697974273
155.32279804326842
146.82153872983596
177.44318077272538
209.07674149052892
154.1381093685727
168.2942659108216
203.307130108206
306.31553566734186
152.93600098958294
186.07317708624288
200.33053639641687
179.2348426343416
215.36988968614142
154.78320581383002
125.02374319546729
348.5405746460784
178.6809054336382
158.46522478933957
160.39949905150317
172.07529695300047
157.05972513152852
117.90839168317635
151.774877001822
170.56372645381362
167.60424838119891
138.03268881350843
138.3926053918771
188.51658697974273
155.32279804326842
146.82153872983596
177.44318077272538
209.07674149052892
154.1381093685727
168.2942659108216
203.307130108206
306.31553566734186
152.93600098958294
186.07317708624288
200.33053639641687
179.2348426343416
215.36988968614142
154.78320581383002
125.02374319546729
348.5405746460784
178.6809054336382
158.46522478933957
160.39949905150317
172.07529695300047
157.05972513152852
117.90839168317635
151.774877001822
170.56372645381362
167.60424838119891
138.03268881350843
138.3926053918771
188.51658697974273
155.32279804326842
146.82153872983596
177.44318077272538
209.07674149052892
154.1381093685727
168.2942659108216
203.307130108206
306.31553566734186
152.93600098958294
186.07317708624288
200.33053639641687
179.2348426343416
215.36988968614142
154.78320581383002
125.02374319546729
348.5405746460784
178.6809054336382
158.46522478933957
160.39949905150317
172.07529695300047
157.05972513152852
117.90839168317635
151.774877001822
170.56372645381362
167.60424838119891
138.03268881350843
138.3926053918771
188.51658697974273
155.32279804326842
146.82153872983596
177.44318077272538
209.07674149052892
154.1381093685727
168.2942659108216
203.307130108206
306.31553566734186
152.93600098958294
186.07317708624288
200.33053639641687
179.2348426343416
215.36988968614142
154.78320581383002
125.02374319546729
348.5405746460784
178.6809054336382
158.46522478933957
160.39949905150317
172.07529695300047
157.05972513152852
117.90839168317635
151.774877001822
170.56372645381362
167.60424838119891
138.03268881350843
138.3926053918771
188.51658697974273
155.32279804326842
146.82153872983596
177.44318077272538
209.07674149052892
154.1381093685727
168.2942659108216
203.307130108206
306.31553566734186
152.93600098958294
186.07317708624288
200.33053639641687
179.2348426343416
215.36988968614142
154.78320581383002
125.02374319546729
348.5405746460784
178.6809054336382
158.46522478933957
160.39949905150317
172.07529695300047
157.05972513152852
117.90839168317635
151.774877001822
170.56372645381362
167.60424838119891
138.03268881350843
138.3926053918771
188.51658697974273
155.32279804326842
146.82153872983596
177.44318077272538
209.07674149052892
154.1381093685727
168.2942659108216
203.307130108206
306.31553566734186
152.93600098958294
186.07317708624288
200.33053639641687
179.2348426343416
215.36988968614142
154.78320581383002
125.02374319546729
348.5405746460784
178.6809054336382
158.46522478933957
160.39949905150317
172.07529695300047
157.05972513152852
117.90839168317635
151.774877001822
170.56372645381362
167.60424838119891
138.03268881350843
138.3926053918771
188.51658697974273
155.32279804326842
146.82153872983596
177.44318077272538
209.07674149052892
154.1381093685727
168.2942659108216
203.307130108206
306.31553566734186
152.93600098958294
186.07317708624288
200.33053639641687
179.2348426343416
215.36988968614142
154.78320581383002
125.02374319546729
348.5405746460784
178.6809054336382
158.46522478933957
160.39949905150317
172.07529695300047
157.05972513152852
117.90839168317635
151.774877001822
170.56372645381362
167.60424838119891
138.03268881350843
138.3926053918771
188.51658697974273
155.32279804326842
146.82153872983596
177.44318077272538
209.07674149052892
154.1381093685727
168.2942659108216
203.307130108206
306.31553566734186
152.93600098958294
186.07317708624288
200.33053639641687
179.2348426343416
215.36988968614142
154.78320581383002
125.02374319546729
348.5405746460784
178.6809054336382
158.46522478933957
160.39949905150317
172.07529695300047
157.05972513152852
117.90839168317635
151.774877001822
170.56372645381362
167.60424838119891
138.03268881350843
138.3926053918771
188.51658697974273
155.32279804326842
146.82153872983596
177.44318077272538
209.07674149052892
154.1381093685727
168.2942659108216
203.307130108206
306.31553566734186
152.93600098958294
186.07317708624288
200.33053639641687
179.2348426343416
215.36988968614142
154.78320581383002
125.02374319546729
348.5405746460784
178.6809054336382
158.46522478933957
160.39949905150317
172.07529695300047
157.05972513152852
117.90839168317635
151.774877001822
170.56372645381362
167.60424838119891
138.03268881350843
138.3926053918771
188.51658697974273
155.32279804326842
146.82153872983596
177.44318077272538
209.07674149052892
154.1381093685727
168.2942659108216
203.307130108206
306.31553566734186
152.93600098958294
186.07317708624288
200.33053639641687
179.2348426343416
215.36988968614142
154.78320581383002
125.02374319546729
348.5405746460784
178.6809054336382
158.46522478933957
160.39949905150317
172.07529695300047
157.05972513152852
117.90839168317635
151.774877001822
170.56372645381362
167.60424838119891
138.03268881350843
138.3926053918771
188.51658697974273
155.32279804326842
146.82153872983596
177.44318077272538
209.07674149052892
154.1381093685727
168.2942659108216
203.307130108206
306.31553566734186
152.93600098958294
186.07317708624288
200.33053639641687
179.2348426343416
215.36988968614142
154.78320581383002
125.02374319546729
348.5405746460784
178.6809054336382
158.46522478933957
160.39949905150317
172.07529695300047
157.05972513152852
117.90839168317635
151.774877001822
170.56372645381362
167.60424838119891
138.03268881350843
138.3926053918771
188.51658697974273
155.32279804326842
146.82153872983596
177.44318077272538
209.07674149052892
154.1381093685727
168.2942659108216
203.307130108206
306.31553566734186
152.93600098958294
186.07317708624288
200.33053639641687
179.2348426343416
215.36988968614142
154.78320581383002
125.02374319546729
348.5405746460784
178.6809054336382
158.46522478933957
160.39949905150317
172.07529695300047
157.05972513152852
117.90839168317635
151.774877001822
170.56372645381362
167.60424838119891
138.03268881350843
138.3926053918771
188.51658697974273
155.32279804326842
146.82153872983596
177.44318077272538
209.07674149052892
154.1381093685727
168.2942659108216
203.307130108206
306.31553566734186
152.93600098958294
186.07317708624288
200.33053639641687
179.2348426343416
215.36988968614142
154.78320581383002
125.02374319546729
348.5405746460784
178.6809054336382
158.46522478933957
160.39949905150317
172.07529695300047
157.05972513152852
117.90839168317635
151.774877001822
170.56372645381362
167.60424838119891
138.03268881350843
138.3926053918771
188.51658697974273
155.32279804326842
146.82153872983596
177.44318077272538
209.07674149052892
154.1381093685727
168.2942659108216
203.307130108206
306.31553566734186
152.93600098958294
186.07317708624288
200.33053639641687
179.2348426343416
215.36988968614142
154.78320581383002
125.02374319546729
348.5405746460784
178.6809054336382
158.46522478933957
160.39949905150317
172.07529695300047
157.05972513152852
117.90839168317635
151.774877001822
170.56372645381362
167.60424838119891
138.03268881350843
138.3926053918771
188.51658697974273
155.32279804326842
146.82153872983596
177.44318077272538
209.07674149052892
154.1381093685727
168.2942659108216
203.307130108206
306.31553566734186
152.93600098958294
186.07317708624288
200.33053639641687
179.2348426343416
215.36988968614142
154.78320581383002
125.02374319546729
348.5405746460784
178.6809054336382
158.46522478933957
160.39949905150317
172.07529695300047
157.05972513152852
117.90839168317635
151.774877001822
170.56372645381362
167.60424838119891
138.03268881350843
138.3926053918771
188.51658697974273
155.32279804326842
146.82153872983596
177.44318077272538
209.07674149052892
154.1381093685727
168.2942659108216
203.307130108206
306.31553566734186
152.93600098958294
186.07317708624288
200.33053639641687
179.2348426343416
215.36988968614142
154.78320581383002
125.02374319546729
348.5405746460784
178.6809054336382
158.46522478933957
160.39949905150317
172.07529695300047
157.05972513152852
117.90839168317635
151.774877001822
170.56372645381362
167.60424838119891
138.03268881350843
138.3926053918771
188.51658697974273
155.32279804326842
146.82153872983596
177.44318077272538
209.07674149052892
154.1381093685727
168.2942659108216
203.307130108206
306.31553566734186
152.93600098958294
186.07317708624288
200.33053639641687
179.2348426343416
215.36988968614142
154.78320581383002
125.02374319546729
348.5405746460784
178.6809054336382
158.46522478933957
160.39949905150317
172.07529695300047
157.05972513152852
117.90839168317635
151.774877001822
170.56372645381362
167.60424838119891
138.03268881350843
138.3926053918771
188.51658697974273
155.32279804326842
146.82153872983596
177.44318077272538
209.07674149052892
154.1381093685727
168.2942659108216
203.307130108206
306.31553566734186
152.93600098958294
186.07317708624288
200.33053639641687
179.2348426343416
215.36988968614142
154.78320581383002
125.02374319546729
348.5405746460784
178.6809054336382
158.46522478933957
160.39949905150317
172.07529695300047
157.05972513152852
117.90839168317635
151.774877001822
170.56372645381362
167.60424838119891
138.03268881350843
138.3926053918771
188.51658697974273
155.32279804326842
146.82153872983596
177.44318077272538
209.07674149052892
154.1381093685727
168.2942659108216
203.307130108206
306.31553566734186
152.93600098958294
186.07317708624288
200.33053639641687
179.2348426343416
215.36988968614142
154.78320581383002
125.02374319546729
348.5405746460784
178.6809054336382
158.46522478933957
160.39949905150317
172.07529695300047
157.05972513152852
117.90839168317635
151.774877001822
170.56372645381362
167.60424838119891
138.03268881350843
138.3926053918771
188.51658697974273
155.32279804326842
146.82153872983596
177.44318077272538
209.07674149052892
154.1381093685727
168.2942659108216
203.307130108206
306.31553566734186
152.93600098958294
186.07317708624288
200.33053639641687
179.2348426343416
215.36988968614142
154.78320581383002
125.02374319546729
348.5405746460784
178.6809054336382
158.46522478933957
160.39949905150317
172.07529695300047
157.05972513152852
117.90839168317635
151.774877001822
170.56372645381362
167.60424838119891
138.03268881350843
138.3926053918771
188.51658697974273
155.32279804326842
146.82153872983596
177.44318077272538
209.07674149052892
154.1381093685727
168.2942659108216
203.307130108206
306.31553566734186
152.93600098958294
186.07317708624288
200.33053639641687
179.2348426343416
215.36988968614142
154.78320581383002
125.02374319546729
348.5405746460784
178.6809054336382
158.46522478933957
160.39949905150317
172.07529695300047
157.05972513152852
117.90839168317635
151.774877001822
170.56372645381362
167.60424838119891
138.03268881350843
138.3926053918771
188.51658697974273
155.32279804326842
146.82153872983596
177.44318077272538
209.07674149052892
154.1381093685727
168.2942659108216
203.307130108206
306.31553566734186
152.93600098958294
186.07317708624288
200.33053639641687
179.2348426343416
215.36988968614142
154.78320581383002
125.02374319546729
348.5405746460784
178.6809054336382
158.46522478933957
160.39949905150317
172.07529695300047
157.05972513152852
117.90839168317635
151.774877001822
170.56372645381362
167.60424838119891
138.03268881350843
138.3926053918771
188.51658697974273
155.32279804326842
146.82153872983596
177.44318077272538
209.07674149052892
154.1381093685727
168.2942659108216
203.307130108206
306.31553566734186
152.93600098958294
186.07317708624288
200.33053639641687
179.2348426343416
215.36988968614142
154.78320581383002
125.02374319546729
348.5405746460784
178.6809054336382
158.46522478933957
160.39949905150317
172.07529695300047
157.05972513152852
117.90839168317635
151.774877001822
170.56372645381362
167.60424838119891
138.03268881350843
138.3926053918771
188.51658697974273
155.32279804326842
146.82153872983596
177.44318077272538
209.07674149052892
154.1381093685727
168.2942659108216
203.307130108206
306.31553566734186
152.93600098958294
186.07317708624288
200.33053639641687
179.2348426343416
215.36988968614142
154.78320581383002
125.02374319546729
348.5405746460784
178.6809054336382
158.46522478933957
160.39949905150317
172.07529695300047
157.05972513152852
117.90839168317635
151.774877001822
170.56372645381362
167.60424838119891
138.03268881350843
138.3926053918771
188.51658697974273
155.32279804326842
146.82153872983596
177.44318077272538
209.07674149052892
154.1381093685727
168.2942659108216
203.307130108206
306.31553566734186
152.93600098958294
186.07317708624288
200.33053639641687
179.2348426343416
215.36988968614142
154.78320581383002
125.02374319546729
348.5405746460784
178.6809054336382
158.46522478933957
160.39949905150317
172.07529695300047
157.05972513152852
117.90839168317635
151.774877001822
170.56372645381362
167.60424838119891
138.03268881350843
138.3926053918771
188.51658697974273
155.32279804326842
146.82153872983596
177.44318077272538
209.07674149052892
154.1381093685727
168.2942659108216
203.307130108206
306.31553566734186
152.93600098958294
186.07317708624288
200.33053639641687
179.2348426343416
215.36988968614142
154.78320581383002
125.02374319546729
348.5405746460784
178.6809054336382
158.46522478933957
160.39949905150317
172.07529695300047
157.05972513152852
117.90839168317635
151.774877001822
170.56372645381362
167.60424838119891
138.03268881350843
138.3926053918771
188.51658697974273
155.32279804326842
146.82153872983596
177.44318077272538
209.07674149052892
154.1381093685727
168.2942659108216
203.307130108206
306.31553566734186
152.93600098958294
186.07317708624288
200.33053639641687
179.2348426343416
215.36988968614142
154.78320581383002
125.02374319546729
348.5405746460784
178.6809054336382
158.46522478933957
160.39949905150317
172.07529695300047
157.05972513152852
117.90839168317635
151.774877001822
170.56372645381362
167.60424838119891
138.03268881350843
138.3926053918771
188.51658697974273
155.32279804326842
146.82153872983596
177.44318077272538
209.07674149052892
154.1381093685727
168.2942659108216
203.307130108206
306.31553566734186
152.93600098958294
186.07317708624288
200.33053639641687
179.2348426343416
215.36988968614142
154.78320581383002
125.02374319546729
348.5405746460784
178.6809054336382
158.46522478933957
160.39949905150317
172.07529695300047
157.05972513152852
117.90839168317635
151.774877001822
170.56372645381362
167.60424838119891
138.03268881350843
138.3926053918771
188.51658697974273
155.32279804326842
146.82153872983596
177.44318077272538
209.07674149052892
154.1381093685727
168.2942659108216
203.307130108206
306.31553566734186
152.93600098958294
186.07317708624288
200.33053639641687
179.2348426343416
215.36988968614142
154.78320581383002
125.02374319546729
348.5405746460784
178.6809054336382
158.46522478933957
160.39949905150317
172.07529695300047
157.05972513152852
117.90839168317635
151.774877001822
170.56372645381362
167.60424838119891
138.03268881350843
138.3926053918771
188.51658697974273
155.32279804326842
146.82153872983596
177.44318077272538
209.07674149052892
191.7088314411204
175.61964466492432
202.4952628785559
151.6716151412362
203.50533641701958
136.82049513475073
180.97310974921012
232.0949916238222
163.86129288996452
310.26346701831636
196.93565298485356
157.52785581339418
162.16157546312405
187.33660540641256
154.40782672373726
159.71923069842813
257.53064183424647
156.33063992021718
158.40787459766915
157.30308221242282
146.83255283906246
127.83118115457575
148.60992887640882
134.71469904739567
149.78319239689606
212.80077727189015
159.27106700491626
122.86225183076007
191.7088314411204
175.61964466492432
202.4952628785559
151.6716151412362
203.50533641701958
136.82049513475073
180.97310974921012
232.0949916238222
163.86129288996452
310.26346701831636
196.93565298485356
157.52785581339418
162.16157546312405
187.33660540641256
154.40782672373726
159.71923069842813
257.53064183424647
156.33063992021718
158.40787459766915
157.30308221242282
146.83255283906246
127.83118115457575
148.60992887640882
134.71469904739567
149.78319239689606
212.80077727189015
159.27106700491626
122.86225183076007
191.7088314411204
175.61964466492432
202.4952628785559
151.6716151412362
203.50533641701958
136.82049513475073
180.97310974921012
232.0949916238222
163.86129288996452
310.26346701831636
196.93565298485356
157.52785581339418
162.16157546312405
187.33660540641256
154.40782672373726
159.71923069842813
257.53064183424647
156.33063992021718
158.40787459766915
157.30308221242282
146.83255283906246
127.83118115457575
148.60992887640882
134.71469904739567
149.78319239689606
212.80077727189015
159.27106700491626
122.86225183076007
191.7088314411204
175.61964466492432
202.4952628785559
151.6716151412362
203.50533641701958
136.82049513475073
180.97310974921012
232.0949916238222
163.86129288996452
310.26346701831636
196.93565298485356
157.52785581339418
162.16157546312405
187.33660540641256
154.40782672373726
159.71923069842813
257.53064183424647
156.33063992021718
158.40787459766915
157.30308221242282
146.83255283906246
127.83118115457575
148.60992887640882
134.71469904739567
149.78319239689606
212.80077727189015
159.27106700491626
122.86225183076007
191.7088314411204
175.61964466492432
202.4952628785559
151.6716151412362
203.50533641701958
136.82049513475073
180.97310974921012
232.0949916238222
163.86129288996452
310.26346701831636
196.93565298485356
157.52785581339418
162.16157546312405
187.33660540641256
154.40782672373726
159.71923069842813
257.53064183424647
156.33063992021718
158.40787459766915
157.30308221242282
146.83255283906246
127.83118115457575
148.60992887640882
134.71469904739567
149.78319239689606
212.80077727189015
159.27106700491626
122.86225183076007
191.7088314411204
175.61964466492432
202.4952628785559
151.6716151412362
203.50533641701958
136.82049513475073
180.97310974921012
232.0949916238222
163.86129288996452
310.26346701831636
196.93565298485356
157.52785581339418
162.16157546312405
187.33660540641256
154.40782672373726
159.71923069842813
257.53064183424647
156.33063992021718
158.40787459766915
157.30308221242282
146.83255283906246
127.83118115457575
148.60992887640882
134.71469904739567
149.78319239689606
212.80077727189015
159.27106700491626
122.86225183076007
191.7088314411204
175.61964466492432
202.4952628785559
151.6716151412362
203.50533641701958
136.82049513475073
180.97310974921012
232.0949916238222
163.86129288996452
310.26346701831636
196.93565298485356
157.52785581339418
162.16157546312405
187.33660540641256
154.40782672373726
159.71923069842813
257.53064183424647
156.33063992021718
158.40787459766915
157.30308221242282
146.83255283906246
127.83118115457575
148.60992887640882
134.71469904739567
149.78319239689606
212.80077727189015
159.27106700491626
122.86225183076007
191.7088314411204
175.61964466492432
202.4952628785559
151.6716151412362
203.50533641701958
136.82049513475073
180.97310974921012
232.0949916238222
163.86129288996452
310.26346701831636
196.93565298485356
157.52785581339418
162.16157546312405
187.33660540641256
154.40782672373726
159.71923069842813
257.53064183424647
156.33063992021718
158.40787459766915
157.30308221242282
146.83255283906246
127.83118115457575
148.60992887640882
134.71469904739567
149.78319239689606
212.80077727189015
159.27106700491626
122.86225183076007
191.7088314411204
175.61964466492432
202.4952628785559
151.6716151412362
203.50533641701958
136.82049513475073
180.97310974921012
232.0949916238222
163.86129288996452
310.26346701831636
196.93565298485356
157.52785581339418
162.16157546312405
187.33660540641256
154.40782672373726
159.71923069842813
257.53064183424647
156.33063992021718
158.40787459766915
157.30308221242282
146.83255283906246
127.83118115457575
148.60992887640882
134.71469904739567
149.78319239689606
212.80077727189015
159.27106700491626
122.86225183076007
191.7088314411204
175.61964466492432
202.4952628785559
151.6716151412362
203.50533641701958
136.82049513475073
180.97310974921012
232.0949916238222
163.86129288996452
310.26346701831636
196.93565298485356
157.52785581339418
162.16157546312405
187.33660540641256
154.40782672373726
159.71923069842813
257.53064183424647
156.33063992021718
158.40787459766915
157.30308221242282
146.83255283906246
127.83118115457575
148.60992887640882
134.71469904739567
149.78319239689606
212.80077727189015
159.27106700491626
122.86225183076007
191.7088314411204
175.61964466492432
202.4952628785559
151.6716151412362
203.50533641701958
136.82049513475073
180.97310974921012
232.0949916238222
163.86129288996452
310.26346701831636
196.93565298485356
157.52785581339418
162.16157546312405
187.33660540641256
154.40782672373726
159.71923069842813
257.53064183424647
156.33063992021718
158.40787459766915
157.30308221242282
146.83255283906246
127.83118115457575
148.60992887640882
134.71469904739567
149.78319239689606
212.80077727189015
159.27106700491626
122.86225183076007
191.7088314411204
175.61964466492432
202.4952628785559
151.6716151412362
203.50533641701958
136.82049513475073
180.97310974921012
232.0949916238222
163.86129288996452
310.26346701831636
196.93565298485356
157.52785581339418
162.16157546312405
187.33660540641256
154.40782672373726
159.71923069842813
257.53064183424647
156.33063992021718
158.40787459766915
157.30308221242282
146.83255283906246
127.83118115457575
148.60992887640882
134.71469904739567
149.78319239689606
212.80077727189015
159.27106700491626
122.86225183076007
191.7088314411204
175.61964466492432
202.4952628785559
151.6716151412362
203.50533641701958
136.82049513475073
180.97310974921012
232.0949916238222
163.86129288996452
310.26346701831636
196.93565298485356
157.52785581339418
162.16157546312405
187.33660540641256
154.40782672373726
159.71923069842813
257.53064183424647
156.33063992021718
158.40787459766915
157.30308221242282
146.83255283906246
127.83118115457575
148.60992887640882
134.71469904739567
149.78319239689606
212.80077727189015
159.27106700491626
122.86225183076007
191.7088314411204
175.61964466492432
202.4952628785559
151.6716151412362
203.50533641701958
136.82049513475073
180.97310974921012
232.0949916238222
163.86129288996452
310.26346701831636
196.93565298485356
157.52785581339418
162.16157546312405
187.33660540641256
154.40782672373726
159.71923069842813
257.53064183424647
156.33063992021718
158.40787459766915
157.30308221242282
146.83255283906246
127.83118115457575
148.60992887640882
134.71469904739567
149.78319239689606
212.80077727189015
159.27106700491626
122.86225183076007
191.7088314411204
175.61964466492432
202.4952628785559
151.6716151412362
203.50533641701958
136.82049513475073
180.97310974921012
232.0949916238222
163.86129288996452
310.26346701831636
196.93565298485356
157.52785581339418
162.16157546312405
187.33660540641256
154.40782672373726
159.71923069842813
257.53064183424647
156.33063992021718
158.40787459766915
157.30308221242282
146.83255283906246
127.83118115457575
148.60992887640882
134.71469904739567
149.78319239689606
212.80077727189015
159.27106700491626
122.86225183076007
191.7088314411204
175.61964466492432
202.4952628785559
151.6716151412362
203.50533641701958
136.82049513475073
180.97310974921012
232.0949916238222
163.86129288996452
310.26346701831636
196.93565298485356
157.52785581339418
162.16157546312405
187.33660540641256
154.40782672373726
159.71923069842813
257.53064183424647
156.33063992021718
158.40787459766915
157.30308221242282
146.83255283906246
127.83118115457575
148.60992887640882
134.71469904739567
149.78319239689606
212.80077727189015
159.27106700491626
122.86225183076007
191.7088314411204
175.61964466492432
202.4952628785559
151.6716151412362
203.50533641701958
136.82049513475073
180.97310974921012
232.0949916238222
163.86129288996452
310.26346701831636
196.93565298485356
157.52785581339418
162.16157546312405
187.33660540641256
154.40782672373726
159.71923069842813
257.53064183424647
156.33063992021718
158.40787459766915
157.30308221242282
146.83255283906246
127.83118115457575
148.60992887640882
134.71469904739567
149.78319239689606
212.80077727189015
159.27106700491626
122.86225183076007
191.7088314411204
175.61964466492432
202.4952628785559
151.6716151412362
203.50533641701958
136.82049513475073
180.97310974921012
232.0949916238222
163.86129288996452
310.26346701831636
196.93565298485356
157.52785581339418
162.16157546312405
187.33660540641256
154.40782672373726
159.71923069842813
257.53064183424647
156.33063992021718
158.40787459766915
157.30308221242282
146.83255283906246
127.83118115457575
148.60992887640882
134.71469904739567
149.78319239689606
212.80077727189015
159.27106700491626
122.86225183076007
191.7088314411204
175.61964466492432
202.4952628785559
151.6716151412362
203.50533641701958
136.82049513475073
180.97310974921012
232.0949916238222
163.86129288996452
310.26346701831636
196.93565298485356
157.52785581339418
162.16157546312405
187.33660540641256
154.40782672373726
159.71923069842813
257.53064183424647
156.33063992021718
158.40787459766915
157.30308221242282
146.83255283906246
127.83118115457575
148.60992887640882
134.71469904739567
149.78319239689606
212.80077727189015
159.27106700491626
122.86225183076007
191.7088314411204
175.61964466492432
202.4952628785559
151.6716151412362
203.50533641701958
136.82049513475073
180.97310974921012
232.0949916238222
163.86129288996452
310.26346701831636
196.93565298485356
157.52785581339418
162.16157546312405
187.33660540641256
154.40782672373726
159.71923069842813
257.53064183424647
156.33063992021718
158.40787459766915
157.30308221242282
146.83255283906246
127.83118115457575
148.60992887640882
134.71469904739567
149.78319239689606
212.80077727189015
159.27106700491626
122.86225183076007
191.7088314411204
175.61964466492432
202.4952628785559
151.6716151412362
203.50533641701958
136.82049513475073
180.97310974921012
232.0949916238222
163.86129288996452
310.26346701831636
196.93565298485356
157.52785581339418
162.16157546312405
187.33660540641256
154.40782672373726
159.71923069842813
257.53064183424647
156.33063992021718
158.40787459766915
157.30308221242282
146.83255283906246
127.83118115457575
148.60992887640882
134.71469904739567
149.78319239689606
212.80077727189015
159.27106700491626
122.86225183076007
191.7088314411204
175.61964466492432
202.4952628785559
151.6716151412362
203.50533641701958
136.82049513475073
180.97310974921012
232.0949916238222
163.86129288996452
310.26346701831636
196.93565298485356
157.52785581339418
162.16157546312405
187.33660540641256
154.40782672373726
159.71923069842813
257.53064183424647
156.33063992021718
158.40787459766915
157.30308221242282
146.83255283906246
127.83118115457575
148.60992887640882
134.71469904739567
149.78319239689606
212.80077727189015
159.27106700491626
122.86225183076007
191.7088314411204
175.61964466492432
202.4952628785559
151.6716151412362
203.50533641701958
136.82049513475073
180.97310974921012
232.0949916238222
163.86129288996452
310.26346701831636
196.93565298485356
157.52785581339418
162.16157546312405
187.33660540641256
154.40782672373726
159.71923069842813
257.53064183424647
156.33063992021718
158.40787459766915
157.30308221242282
146.83255283906246
127.83118115457575
148.60992887640882
134.71469904739567
149.78319239689606
212.80077727189015
159.27106700491626
122.86225183076007
191.7088314411204
175.61964466492432
202.4952628785559
151.6716151412362
203.50533641701958
136.82049513475073
180.97310974921012
232.0949916238222
163.86129288996452
310.26346701831636
196.93565298485356
157.52785581339418
162.16157546312405
187.33660540641256
154.40782672373726
159.71923069842813
257.53064183424647
156.33063992021718
158.40787459766915
157.30308221242282
146.83255283906246
127.83118115457575
148.60992887640882
134.71469904739567
149.78319239689606
212.80077727189015
159.27106700491626
122.86225183076007
191.7088314411204
175.61964466492432
202.4952628785559
151.6716151412362
203.50533641701958
136.82049513475073
180.97310974921012
232.0949916238222
163.86129288996452
310.26346701831636
196.93565298485356
157.52785581339418
162.16157546312405
187.33660540641256
154.40782672373726
159.71923069842813
257.53064183424647
156.33063992021718
158.40787459766915
157.30308221242282
146.83255283906246
127.83118115457575
148.60992887640882
134.71469904739567
149.78319239689606
212.80077727189015
159.27106700491626
122.86225183076007
191.7088314411204
175.61964466492432
202.4952628785559
151.6716151412362
203.50533641701958
136.82049513475073
180.97310974921012
232.0949916238222
163.86129288996452
310.26346701831636
196.93565298485356
157.52785581339418
162.16157546312405
187.33660540641256
154.40782672373726
159.71923069842813
257.53064183424647
156.33063992021718
158.40787459766915
157.30308221242282
146.83255283906246
127.83118115457575
148.60992887640882
134.71469904739567
149.78319239689606
212.80077727189015
159.27106700491626
122.86225183076007
191.7088314411204
175.61964466492432
202.4952628785559
151.6716151412362
203.50533641701958
136.82049513475073
180.97310974921012
232.0949916238222
163.86129288996452
310.26346701831636
196.93565298485356
157.52785581339418
162.16157546312405
187.33660540641256
154.40782672373726
159.71923069842813
257.53064183424647
156.33063992021718
158.40787459766915
157.30308221242282
146.83255283906246
127.83118115457575
148.60992887640882
134.71469904739567
149.78319239689606
212.80077727189015
159.27106700491626
122.86225183076007
191.7088314411204
175.61964466492432
202.4952628785559
151.6716151412362
203.50533641701958
136.82049513475073
180.97310974921012
232.0949916238222
163.86129288996452
310.26346701831636
196.93565298485356
157.52785581339418
162.16157546312405
187.33660540641256
154.40782672373726
159.71923069842813
257.53064183424647
156.33063992021718
158.40787459766915
157.30308221242282
146.83255283906246
127.83118115457575
148.60992887640882
134.71469904739567
149.78319239689606
212.80077727189015
159.27106700491626
122.86225183076007
191.7088314411204
175.61964466492432
202.4952628785559
151.6716151412362
203.50533641701958
136.82049513475073
180.97310974921012
232.0949916238222
163.86129288996452
310.26346701831636
196.93565298485356
157.52785581339418
162.16157546312405
187.33660540641256
154.40782672373726
159.71923069842813
257.53064183424647
156.33063992021718
158.40787459766915
157.30308221242282
146.83255283906246
127.83118115457575
148.60992887640882
134.71469904739567
149.78319239689606
212.80077727189015
159.27106700491626
122.86225183076007
191.7088314411204
175.61964466492432
202.4952628785559
151.6716151412362
203.50533641701958
136.82049513475073
180.97310974921012
232.0949916238222
163.86129288996452
310.26346701831636
196.93565298485356
157.52785581339418
162.16157546312405
187.33660540641256
154.40782672373726
159.71923069842813
257.53064183424647
156.33063992021718
158.40787459766915
157.30308221242282
146.83255283906246
127.83118115457575
148.60992887640882
134.71469904739567
149.78319239689606
212.80077727189015
159.27106700491626
122.86225183076007
191.7088314411204
175.61964466492432
202.4952628785559
151.6716151412362
203.50533641701958
136.82049513475073
180.97310974921012
232.0949916238222
163.86129288996452
310.26346701831636
196.93565298485356
157.52785581339418
162.16157546312405
187.33660540641256
154.40782672373726
159.71923069842813
257.53064183424647
156.33063992021718
158.40787459766915
157.30308221242282
146.83255283906246
127.83118115457575
148.60992887640882
134.71469904739567
149.78319239689606
212.80077727189015
159.27106700491626
122.86225183076007
191.7088314411204
175.61964466492432
202.4952628785559
151.6716151412362
203.50533641701958
136.82049513475073
180.97310974921012
232.0949916238222
163.86129288996452
310.26346701831636
196.93565298485356
157.52785581339418
162.16157546312405
187.33660540641256
154.40782672373726
159.71923069842813
257.53064183424647
156.33063992021718
158.40787459766915
157.30308221242282
146.83255283906246
127.83118115457575
148.60992887640882
134.71469904739567
149.78319239689606
212.80077727189015
159.27106700491626
122.86225183076007
191.7088314411204
175.61964466492432
202.4952628785559
151.6716151412362
203.50533641701958
136.82049513475073
180.97310974921012
232.0949916238222
163.86129288996452
310.26346701831636
196.93565298485356
157.52785581339418
162.16157546312405
187.33660540641256
154.40782672373726
159.71923069842813
257.53064183424647
156.33063992021718
158.40787459766915
157.30308221242282
146.83255283906246
127.83118115457575
148.60992887640882
134.71469904739567
149.78319239689606
212.80077727189015
159.27106700491626
122.86225183076007
191.7088314411204
175.61964466492432
202.4952628785559
151.6716151412362
203.50533641701958
136.82049513475073
180.97310974921012
232.0949916238222
163.86129288996452
310.26346701831636
196.93565298485356
157.52785581339418
162.16157546312405
187.33660540641256
154.40782672373726
159.71923069842813
257.53064183424647
156.33063992021718
158.40787459766915
157.30308221242282
146.83255283906246
127.83118115457575
148.60992887640882
134.71469904739567
149.78319239689606
212.80077727189015
159.27106700491626
122.86225183076007
191.7088314411204
175.61964466492432
202.4952628785559
151.6716151412362
203.50533641701958
136.82049513475073
180.97310974921012
232.0949916238222
163.86129288996452
310.26346701831636
196.93565298485356
157.52785581339418
162.16157546312405
187.33660540641256
154.40782672373726
159.71923069842813
257.53064183424647
156.33063992021718
158.40787459766915
157.30308221242282
146.83255283906246
127.83118115457575
148.60992887640882
134.71469904739567
149.78319239689606
212.80077727189015
159.27106700491626
122.86225183076007
191.7088314411204
175.61964466492432
202.4952628785559
151.6716151412362
203.50533641701958
136.82049513475073
180.97310974921012
232.0949916238222
163.86129288996452
310.26346701831636
196.93565298485356
157.52785581339418
162.16157546312405
187.33660540641256
154.40782672373726
159.71923069842813
257.53064183424647
156.33063992021718
158.40787459766915
157.30308221242282
146.83255283906246
127.83118115457575
148.60992887640882
134.71469904739567
149.78319239689606
212.80077727189015
159.27106700491626
122.86225183076007
191.7088314411204
175.61964466492432
202.4952628785559
151.6716151412362
203.50533641701958
136.82049513475073
180.97310974921012
232.0949916238222
163.86129288996452
310.26346701831636
196.93565298485356
157.52785581339418
162.16157546312405
187.33660540641256
154.40782672373726
159.71923069842813
257.53064183424647
156.33063992021718
158.40787459766915
157.30308221242282
146.83255283906246
127.83118115457575
148.60992887640882
134.71469904739567
149.78319239689606
212.80077727189015
159.27106700491626
122.86225183076007
191.7088314411204
175.61964466492432
202.4952628785559
151.6716151412362
203.50533641701958
136.82049513475073
180.97310974921012
232.0949916238222
163.86129288996452
310.26346701831636
196.93565298485356
157.52785581339418
162.16157546312405
187.33660540641256
154.40782672373726
159.71923069842813
257.53064183424647
156.33063992021718
158.40787459766915
157.30308221242282
146.83255283906246
127.83118115457575
148.60992887640882
134.71469904739567
149.78319239689606
212.80077727189015
159.27106700491626
122.86225183076007
191.7088314411204
175.61964466492432
202.4952628785559
151.6716151412362
203.50533641701958
136.82049513475073
180.97310974921012
232.0949916238222
163.86129288996452
310.26346701831636
196.93565298485356
157.52785581339418
162.16157546312405
187.33660540641256
154.40782672373726
159.71923069842813
257.53064183424647
156.33063992021718
158.40787459766915
157.30308221242282
146.83255283906246
127.83118115457575
148.60992887640882
134.71469904739567
149.78319239689606
212.80077727189015
159.27106700491626
122.86225183076007
191.7088314411204
175.61964466492432
202.4952628785559
151.6716151412362
203.50533641701958
136.82049513475073
180.97310974921012
232.0949916238222
163.86129288996452
310.26346701831636
196.93565298485356
157.52785581339418
162.16157546312405
187.33660540641256
154.40782672373726
159.71923069842813
257.53064183424647
156.33063992021718
158.40787459766915
157.30308221242282
146.83255283906246
127.83118115457575
148.60992887640882
134.71469904739567
149.78319239689606
212.80077727189015
159.27106700491626
122.86225183076007
191.7088314411204
175.61964466492432
202.4952628785559
151.6716151412362
203.50533641701958
136.82049513475073
180.97310974921012
232.0949916238222
163.86129288996452
310.26346701831636
196.93565298485356
157.52785581339418
162.16157546312405
187.33660540641256
154.40782672373726
159.71923069842813
257.53064183424647
156.33063992021718
158.40787459766915
157.30308221242282
146.83255283906246
127.83118115457575
148.60992887640882
134.71469904739567
149.78319239689606
212.80077727189015
159.27106700491626
122.86225183076007
191.7088314411204
175.61964466492432
202.4952628785559
151.6716151412362
203.50533641701958
136.82049513475073
180.97310974921012
232.0949916238222
163.86129288996452
310.26346701831636
196.93565298485356
157.52785581339418
162.16157546312405
187.33660540641256
154.40782672373726
159.71923069842813
257.53064183424647
156.33063992021718
158.40787459766915
157.30308221242282
146.83255283906246
127.83118115457575
148.60992887640882
134.71469904739567
149.78319239689606
212.80077727189015
159.27106700491626
122.86225183076007
191.7088314411204
175.61964466492432
202.4952628785559
151.6716151412362
203.50533641701958
136.82049513475073
180.97310974921012
232.0949916238222
163.86129288996452
310.26346701831636
196.93565298485356
157.52785581339418
162.16157546312405
187.33660540641256
154.40782672373726
159.71923069842813
257.53064183424647
156.33063992021718
158.40787459766915
157.30308221242282
146.83255283906246
127.83118115457575
148.60992887640882
134.71469904739567
149.78319239689606
212.80077727189015
159.27106700491626
122.86225183076007
191.7088314411204
175.61964466492432
202.4952628785559
151.6716151412362
203.50533641701958
136.82049513475073
180.97310974921012
232.0949916238222
163.86129288996452
310.26346701831636
196.93565298485356
157.52785581339418
162.16157546312405
187.33660540641256
154.40782672373726
159.71923069842813
257.53064183424647
156.33063992021718
158.40787459766915
157.30308221242282
146.83255283906246
127.83118115457575
148.60992887640882
134.71469904739567
149.78319239689606
212.80077727189015
159.27106700491626
122.86225183076007
191.7088314411204
175.61964466492432
202.4952628785559
151.6716151412362
203.50533641701958
136.82049513475073
180.97310974921012
232.0949916238222
163.86129288996452
310.26346701831636
196.93565298485356
157.52785581339418
162.16157546312405
187.33660540641256
154.40782672373726
159.71923069842813
257.53064183424647
156.33063992021718
158.40787459766915
157.30308221242282
146.83255283906246
127.83118115457575
148.60992887640882
134.71469904739567
149.78319239689606
212.80077727189015
159.27106700491626
122.86225183076007
152.8629604793217
173.77927873119887
142.60302974962323
157.20129210681748
161.4054430025795
189.5692696376673
156.9456930639356
139.16368662423895
153.9488184235788
173.47685221078765
180.50107508471194
165.66382164184012
247.33340890507233
152.82603442493883
182.21796659046558
272.7286232902493
198.28204868604502
146.38262745967305
149.74029898059035
163.3142454896577
165.13964949694133
168.26941225545494
161.00200453560737
158.70028493830551
182.29176307497838
138.0917570677693
165.56107723766837
137.00948725147794
152.8629604793217
173.77927873119887
142.60302974962323
157.20129210681748
161.4054430025795
189.5692696376673
156.9456930639356
139.16368662423895
153.9488184235788
173.47685221078765
180.50107508471194
165.66382164184012
247.33340890507233
152.82603442493883
182.21796659046558
272.7286232902493
198.28204868604502
146.38262745967305
149.74029898059035
163.3142454896577
165.13964949694133
168.26941225545494
161.00200453560737
158.70028493830551
182.29176307497838
138.0917570677693
165.56107723766837
137.00948725147794
152.8629604793217
173.77927873119887
142.60302974962323
157.20129210681748
161.4054430025795
189.5692696376673
156.9456930639356
139.16368662423895
153.9488184235788
173.47685221078765
180.50107508471194
165.66382164184012
247.33340890507233
152.82603442493883
182.21796659046558
272.7286232902493
198.28204868604502
146.38262745967305
149.74029898059035
163.3142454896577
165.13964949694133
168.26941225545494
161.00200453560737
158.70028493830551
182.29176307497838
138.0917570677693
165.56107723766837
137.00948725147794
152.8629604793217
173.77927873119887
142.60302974962323
157.20129210681748
161.4054430025795
189.5692696376673
156.9456930639356
139.16368662423895
153.9488184235788
173.47685221078765
180.50107508471194
165.66382164184012
247.33340890507233
152.82603442493883
182.21796659046558
272.7286232902493
198.28204868604502
146.38262745967305
149.74029898059035
163.3142454896577
165.13964949694133
168.26941225545494
161.00200453560737
158.70028493830551
182.29176307497838
138.0917570677693
165.56107723766837
137.00948725147794
152.8629604793217
173.77927873119887
142.60302974962323
157.20129210681748
161.4054430025795
189.5692696376673
156.9456930639356
139.16368662423895
153.9488184235788
173.47685221078765
180.50107508471194
165.66382164184012
247.33340890507233
152.82603442493883
182.21796659046558
272.7286232902493
198.28204868604502
146.38262745967305
149.74029898059035
163.3142454896577
165.13964949694133
168.26941225545494
161.00200453560737
158.70028493830551
182.29176307497838
138.0917570677693
165.56107723766837
137.00948725147794
152.8629604793217
173.77927873119887
142.60302974962323
157.20129210681748
161.4054430025795
189.5692696376673
156.9456930639356
139.16368662423895
153.9488184235788
173.47685221078765
180.50107508471194
165.66382164184012
247.33340890507233
152.82603442493883
182.21796659046558
272.7286232902493
198.28204868604502
146.38262745967305
149.74029898059035
163.3142454896577
165.13964949694133
168.26941225545494
161.00200453560737
158.70028493830551
182.29176307497838
138.0917570677693
165.56107723766837
137.00948725147794
152.8629604793217
173.77927873119887
142.60302974962323
157.20129210681748
161.4054430025795
189.5692696376673
156.9456930639356
139.16368662423895
153.9488184235788
173.47685221078765
180.50107508471194
165.66382164184012
247.33340890507233
152.82603442493883
182.21796659046558
272.7286232902493
198.28204868604502
146.38262745967305
149.74029898059035
163.3142454896577
165.13964949694133
168.26941225545494
161.00200453560737
158.70028493830551
182.29176307497838
138.0917570677693
165.56107723766837
137.00948725147794
152.8629604793217
173.77927873119887
142.60302974962323
157.20129210681748
161.4054430025795
189.5692696376673
156.9456930639356
139.16368662423895
153.9488184235788
173.47685221078765
180.50107508471194
165.66382164184012
247.33340890507233
152.82603442493883
182.21796659046558
272.7286232902493
198.28204868604502
146.38262745967305
149.74029898059035
163.3142454896577
165.13964949694133
168.26941225545494
161.00200453560737
158.70028493830551
182.29176307497838
138.0917570677693
165.56107723766837
137.00948725147794
152.8629604793217
173.77927873119887
142.60302974962323
157.20129210681748
161.4054430025795
189.5692696376673
156.9456930639356
139.16368662423895
153.9488184235788
173.47685221078765
180.50107508471194
165.66382164184012
247.33340890507233
152.82603442493883
182.21796659046558
272.7286232902493
198.28204868604502
146.38262745967305
149.74029898059035
163.3142454896577
165.13964949694133
168.26941225545494
161.00200453560737
158.70028493830551
182.29176307497838
138.0917570677693
165.56107723766837
137.00948725147794
152.8629604793217
173.77927873119887
142.60302974962323
157.20129210681748
161.4054430025795
189.5692696376673
156.9456930639356
139.16368662423895
153.9488184235788
173.47685221078765
180.50107508471194
165.66382164184012
247.33340890507233
152.82603442493883
182.21796659046558
272.7286232902493
198.28204868604502
146.38262745967305
149.74029898059035
163.3142454896577
165.13964949694133
168.26941225545494
161.00200453560737
158.70028493830551
182.29176307497838
138.0917570677693
165.56107723766837
137.00948725147794
152.8629604793217
173.77927873119887
142.60302974962323
157.20129210681748
161.4054430025795
189.5692696376673
156.9456930639356
139.16368662423895
153.9488184235788
173.47685221078765
180.50107508471194
165.66382164184012
247.33340890507233
152.82603442493883
182.21796659046558
272.7286232902493
198.28204868604502
146.38262745967305
149.74029898059035
163.3142454896577
165.13964949694133
168.26941225545494
161.00200453560737
158.70028493830551
182.29176307497838
138.0917570677693
165.56107723766837
137.00948725147794
152.8629604793217
173.77927873119887
142.60302974962323
157.20129210681748
161.4054430025795
189.5692696376673
156.9456930639356
139.16368662423895
153.9488184235788
173.47685221078765
180.50107508471194
165.66382164184012
247.33340890507233
152.82603442493883
182.21796659046558
272.7286232902493
198.28204868604502
146.38262745967305
149.74029898059035
163.3142454896577
165.13964949694133
168.26941225545494
161.00200453560737
158.70028493830551
182.29176307497838
138.0917570677693
165.56107723766837
137.00948725147794
152.8629604793217
173.77927873119887
142.60302974962323
157.20129210681748
161.4054430025795
189.5692696376673
156.9456930639356
139.16368662423895
153.9488184235788
173.47685221078765
180.50107508471194
165.66382164184012
247.33340890507233
152.82603442493883
182.21796659046558
272.7286232902493
198.28204868604502
146.38262745967305
149.74029898059035
163.3142454896577
165.13964949694133
168.26941225545494
161.00200453560737
158.70028493830551
182.29176307497838
138.0917570677693
165.56107723766837
137.00948725147794
152.8629604793217
173.77927873119887
142.60302974962323
157.20129210681748
161.4054430025795
189.5692696376673
156.9456930639356
139.16368662423895
153.9488184235788
173.47685221078765
180.50107508471194
165.66382164184012
247.33340890507233
152.82603442493883
182.21796659046558
272.7286232902493
198.28204868604502
146.38262745967305
149.74029898059035
163.3142454896577
165.13964949694133
168.26941225545494
161.00200453560737
158.70028493830551
182.29176307497838
138.0917570677693
165.56107723766837
137.00948725147794
152.8629604793217
173.77927873119887
142.60302974962323
157.20129210681748
161.4054430025795
189.5692696376673
156.9456930639356
139.16368662423895
153.9488184235788
173.47685221078765
180.50107508471194
165.66382164184012
247.33340890507233
152.82603442493883
182.21796659046558
272.7286232902493
198.28204868604502
146.38262745967305
149.74029898059035
163.3142454896577
165.13964949694133
168.26941225545494
161.00200453560737
158.70028493830551
182.29176307497838
138.0917570677693
165.56107723766837
137.00948725147794
152.8629604793217
173.77927873119887
142.60302974962323
157.20129210681748
161.4054430025795
189.5692696376673
156.9456930639356
139.16368662423895
153.9488184235788
173.47685221078765
180.50107508471194
165.66382164184012
247.33340890507233
152.82603442493883
182.21796659046558
272.7286232902493
198.28204868604502
146.38262745967305
149.74029898059035
163.3142454896577
165.13964949694133
168.26941225545494
161.00200453560737
158.70028493830551
182.29176307497838
138.0917570677693
165.56107723766837
137.00948725147794
152.8629604793217
173.77927873119887
142.60302974962323
157.20129210681748
161.4054430025795
189.5692696376673
156.9456930639356
139.16368662423895
153.9488184235788
173.47685221078765
180.50107508471194
165.66382164184012
247.33340890507233
152.82603442493883
182.21796659046558
272.7286232902493
198.28204868604502
146.38262745967305
149.74029898059035
163.3142454896577
165.13964949694133
168.26941225545494
161.00200453560737
158.70028493830551
182.29176307497838
138.0917570677693
165.56107723766837
137.00948725147794
152.8629604793217
173.77927873119887
142.60302974962323
157.20129210681748
161.4054430025795
189.5692696376673
156.9456930639356
139.16368662423895
153.9488184235788
173.47685221078765
180.50107508471194
165.66382164184012
247.33340890507233
152.82603442493883
182.21796659046558
272.7286232902493
198.28204868604502
146.38262745967305
149.74029898059035
163.3142454896577
165.13964949694133
168.26941225545494
161.00200453560737
158.70028493830551
182.29176307497838
138.0917570677693
165.56107723766837
137.00948725147794
152.8629604793217
173.77927873119887
142.60302974962323
157.20129210681748
161.4054430025795
189.5692696376673
156.9456930639356
139.16368662423895
153.9488184235788
173.47685221078765
180.50107508471194
165.66382164184012
247.33340890507233
152.82603442493883
182.21796659046558
272.7286232902493
198.28204868604502
146.38262745967305
149.74029898059035
163.3142454896577
165.13964949694133
168.26941225545494
161.00200453560737
158.70028493830551
182.29176307497838
138.0917570677693
165.56107723766837
137.00948725147794
152.8629604793217
173.77927873119887
142.60302974962323
157.20129210681748
161.4054430025795
189.5692696376673
156.9456930639356
139.16368662423895
153.9488184235788
173.47685221078765
180.50107508471194
165.66382164184012
247.33340890507233
152.82603442493883
182.21796659046558
272.7286232902493
198.28204868604502
146.38262745967305
149.74029898059035
163.3142454896577
165.13964949694133
168.26941225545494
161.00200453560737
158.70028493830551
182.29176307497838
138.0917570677693
165.56107723766837
137.00948725147794
152.8629604793217
173.77927873119887
142.60302974962323
157.20129210681748
161.4054430025795
189.5692696376673
156.9456930639356
139.16368662423895
153.9488184235788
173.47685221078765
180.50107508471194
165.66382164184012
247.33340890507233
152.82603442493883
182.21796659046558
272.7286232902493
198.28204868604502
146.38262745967305
149.74029898059035
163.3142454896577
165.13964949694133
168.26941225545494
161.00200453560737
158.70028493830551
182.29176307497838
138.0917570677693
165.56107723766837
137.00948725147794
152.8629604793217
173.77927873119887
142.60302974962323
157.20129210681748
161.4054430025795
189.5692696376673
156.9456930639356
139.16368662423895
153.9488184235788
173.47685221078765
180.50107508471194
165.66382164184012
247.33340890507233
152.82603442493883
182.21796659046558
272.7286232902493
198.28204868604502
146.38262745967305
149.74029898059035
163.3142454896577
165.13964949694133
168.26941225545494
161.00200453560737
158.70028493830551
182.29176307497838
138.0917570677693
165.56107723766837
137.00948725147794
152.8629604793217
173.77927873119887
142.60302974962323
157.20129210681748
161.4054430025795
189.5692696376673
156.9456930639356
139.16368662423895
153.9488184235788
173.47685221078765
180.50107508471194
165.66382164184012
247.33340890507233
152.82603442493883
182.21796659046558
272.7286232902493
198.28204868604502
146.38262745967305
149.74029898059035
163.3142454896577
165.13964949694133
168.26941225545494
161.00200453560737
158.70028493830551
182.29176307497838
138.0917570677693
165.56107723766837
137.00948725147794
152.8629604793217
173.77927873119887
142.60302974962323
157.20129210681748
161.4054430025795
189.5692696376673
156.9456930639356
139.16368662423895
153.9488184235788
173.47685221078765
180.50107508471194
165.66382164184012
247.33340890507233
152.82603442493883
182.21796659046558
272.7286232902493
198.28204868604502
146.38262745967305
149.74029898059035
163.3142454896577
165.13964949694133
168.26941225545494
161.00200453560737
158.70028493830551
182.29176307497838
138.0917570677693
165.56107723766837
137.00948725147794
152.8629604793217
173.77927873119887
142.60302974962323
157.20129210681748
161.4054430025795
189.5692696376673
156.9456930639356
139.16368662423895
153.9488184235788
173.47685221078765
180.50107508471194
165.66382164184012
247.33340890507233
152.82603442493883
182.21796659046558
272.7286232902493
198.28204868604502
146.38262745967305
149.74029898059035
163.3142454896577
165.13964949694133
168.26941225545494
161.00200453560737
158.70028493830551
182.29176307497838
138.0917570677693
165.56107723766837
137.00948725147794
152.8629604793217
173.77927873119887
142.60302974962323
157.20129210681748
161.4054430025795
189.5692696376673
156.9456930639356
139.16368662423895
153.9488184235788
173.47685221078765
180.50107508471194
165.66382164184012
247.33340890507233
152.82603442493883
182.21796659046558
272.7286232902493
198.28204868604502
146.38262745967305
149.74029898059035
163.3142454896577
165.13964949694133
168.26941225545494
161.00200453560737
158.70028493830551
182.29176307497838
138.0917570677693
165.56107723766837
137.00948725147794
152.8629604793217
173.77927873119887
142.60302974962323
157.20129210681748
161.4054430025795
189.5692696376673
156.9456930639356
139.16368662423895
153.9488184235788
173.47685221078765
180.50107508471194
165.66382164184012
247.33340890507233
152.82603442493883
182.21796659046558
272.7286232902493
198.28204868604502
146.38262745967305
149.74029898059035
163.3142454896577
165.13964949694133
168.26941225545494
161.00200453560737
158.70028493830551
182.29176307497838
138.0917570677693
165.56107723766837
137.00948725147794
152.8629604793217
173.77927873119887
142.60302974962323
157.20129210681748
161.4054430025795
189.5692696376673
156.9456930639356
139.16368662423895
153.9488184235788
173.47685221078765
180.50107508471194
165.66382164184012
247.33340890507233
152.82603442493883
182.21796659046558
272.7286232902493
198.28204868604502
146.38262745967305
149.74029898059035
163.3142454896577
165.13964949694133
168.26941225545494
161.00200453560737
158.70028493830551
182.29176307497838
138.0917570677693
165.56107723766837
137.00948725147794
152.8629604793217
173.77927873119887
142.60302974962323
157.20129210681748
161.4054430025795
189.5692696376673
156.9456930639356
139.16368662423895
153.9488184235788
173.47685221078765
180.50107508471194
165.66382164184012
247.33340890507233
152.82603442493883
182.21796659046558
272.7286232902493
198.28204868604502
146.38262745967305
149.74029898059035
163.3142454896577
165.13964949694133
168.26941225545494
161.00200453560737
158.70028493830551
182.29176307497838
138.0917570677693
165.56107723766837
137.00948725147794
152.8629604793217
173.77927873119887
142.60302974962323
157.20129210681748
161.4054430025795
189.5692696376673
156.9456930639356
139.16368662423895
153.9488184235788
173.47685221078765
180.50107508471194
165.66382164184012
247.33340890507233
152.82603442493883
182.21796659046558
272.7286232902493
198.28204868604502
146.38262745967305
149.74029898059035
163.3142454896577
165.13964949694133
168.26941225545494
161.00200453560737
158.70028493830551
182.29176307497838
138.0917570677693
165.56107723766837
137.00948725147794
152.8629604793217
173.77927873119887
142.60302974962323
157.20129210681748
161.4054430025795
189.5692696376673
156.9456930639356
139.16368662423895
153.9488184235788
173.47685221078765
180.50107508471194
165.66382164184012
247.33340890507233
152.82603442493883
182.21796659046558
272.7286232902493
198.28204868604502
146.38262745967305
149.74029898059035
163.3142454896577
165.13964949694133
168.26941225545494
161.00200453560737
158.70028493830551
182.29176307497838
138.0917570677693
165.56107723766837
137.00948725147794
152.8629604793217
173.77927873119887
142.60302974962323
157.20129210681748
161.4054430025795
189.5692696376673
156.9456930639356
139.16368662423895
153.9488184235788
173.47685221078765
180.50107508471194
165.66382164184012
247.33340890507233
152.82603442493883
182.21796659046558
272.7286232902493
198.28204868604502
146.38262745967305
149.74029898059035
163.3142454896577
165.13964949694133
168.26941225545494
161.00200453560737
158.70028493830551
182.29176307497838
138.0917570677693
165.56107723766837
137.00948725147794
152.8629604793217
173.77927873119887
142.60302974962323
157.20129210681748
161.4054430025795
189.5692696376673
156.9456930639356
139.16368662423895
153.9488184235788
173.47685221078765
180.50107508471194
165.66382164184012
247.33340890507233
152.82603442493883
182.21796659046558
272.7286232902493
198.28204868604502
146.38262745967305
149.74029898059035
163.3142454896577
165.13964949694133
168.26941225545494
161.00200453560737
158.70028493830551
182.29176307497838
138.0917570677693
165.56107723766837
137.00948725147794
152.8629604793217
173.77927873119887
142.60302974962323
157.20129210681748
161.4054430025795
189.5692696376673
156.9456930639356
139.16368662423895
153.9488184235788
173.47685221078765
180.50107508471194
165.66382164184012
247.33340890507233
152.82603442493883
182.21796659046558
272.7286232902493
198.28204868604502
146.38262745967305
149.74029898059035
163.3142454896577
165.13964949694133
168.26941225545494
161.00200453560737
158.70028493830551
182.29176307497838
138.0917570677693
165.56107723766837
137.00948725147794
152.8629604793217
173.77927873119887
142.60302974962323
157.20129210681748
161.4054430025795
189.5692696376673
156.9456930639356
139.16368662423895
153.9488184235788
173.47685221078765
180.50107508471194
165.66382164184012
247.33340890507233
152.82603442493883
182.21796659046558
272.7286232902493
198.28204868604502
146.38262745967305
149.74029898059035
163.3142454896577
165.13964949694133
168.26941225545494
161.00200453560737
158.70028493830551
182.29176307497838
138.0917570677693
165.56107723766837
137.00948725147794
152.8629604793217
173.77927873119887
142.60302974962323
157.20129210681748
161.4054430025795
189.5692696376673
156.9456930639356
139.16368662423895
153.9488184235788
173.47685221078765
180.50107508471194
165.66382164184012
247.33340890507233
152.82603442493883
182.21796659046558
272.7286232902493
198.28204868604502
146.38262745967305
149.74029898059035
163.3142454896577
165.13964949694133
168.26941225545494
161.00200453560737
158.70028493830551
182.29176307497838
138.0917570677693
165.56107723766837
137.00948725147794
152.8629604793217
173.77927873119887
142.60302974962323
157.20129210681748
161.4054430025795
189.5692696376673
156.9456930639356
139.16368662423895
153.9488184235788
173.47685221078765
180.50107508471194
165.66382164184012
247.33340890507233
152.82603442493883
182.21796659046558
272.7286232902493
198.28204868604502
146.38262745967305
149.74029898059035
163.3142454896577
165.13964949694133
168.26941225545494
161.00200453560737
158.70028493830551
182.29176307497838
138.0917570677693
165.56107723766837
137.00948725147794
152.8629604793217
173.77927873119887
142.60302974962323
157.20129210681748
161.4054430025795
189.5692696376673
156.9456930639356
139.16368662423895
153.9488184235788
173.47685221078765
180.50107508471194
165.66382164184012
247.33340890507233
152.82603442493883
182.21796659046558
272.7286232902493
198.28204868604502
146.38262745967305
149.74029898059035
163.3142454896577
165.13964949694133
168.26941225545494
161.00200453560737
158.70028493830551
182.29176307497838
138.0917570677693
165.56107723766837
137.00948725147794
152.8629604793217
173.77927873119887
142.60302974962323
157.20129210681748
161.4054430025795
189.5692696376673
156.9456930639356
139.16368662423895
153.9488184235788
173.47685221078765
180.50107508471194
165.66382164184012
247.33340890507233
152.82603442493883
182.21796659046558
272.7286232902493
198.28204868604502
146.38262745967305
149.74029898059035
163.3142454896577
165.13964949694133
168.26941225545494
161.00200453560737
158.70028493830551
182.29176307497838
138.0917570677693
165.56107723766837
137.00948725147794
152.8629604793217
173.77927873119887
142.60302974962323
157.20129210681748
161.4054430025795
189.5692696376673
156.9456930639356
139.16368662423895
153.9488184235788
173.47685221078765
180.50107508471194
165.66382164184012
247.33340890507233
152.82603442493883
182.21796659046558
272.7286232902493
198.28204868604502
146.38262745967305
149.74029898059035
163.3142454896577
165.13964949694133
168.26941225545494
161.00200453560737
158.70028493830551
182.29176307497838
138.0917570677693
165.56107723766837
137.00948725147794
152.8629604793217
173.77927873119887
142.60302974962323
157.20129210681748
161.4054430025795
189.5692696376673
156.9456930639356
139.16368662423895
153.9488184235788
173.47685221078765
180.50107508471194
165.66382164184012
247.33340890507233
152.82603442493883
182.21796659046558
272.7286232902493
198.28204868604502
146.38262745967305
149.74029898059035
163.3142454896577
165.13964949694133
168.26941225545494
161.00200453560737
158.70028493830551
182.29176307497838
138.0917570677693
165.56107723766837
137.00948725147794
152.8629604793217
173.77927873119887
142.60302974962323
157.20129210681748
161.4054430025795
189.5692696376673
156.9456930639356
139.16368662423895
153.9488184235788
173.47685221078765
180.50107508471194
165.66382164184012
247.33340890507233
152.82603442493883
182.21796659046558
272.7286232902493
198.28204868604502
146.38262745967305
149.74029898059035
163.3142454896577
165.13964949694133
168.26941225545494
161.00200453560737
158.70028493830551
182.29176307497838
138.0917570677693
165.56107723766837
137.00948725147794
193.40018613526425
181.80566110796903
150.21626680434886
353.1215737497798
161.33000933923122
191.16812133224929
371.90226478026545
179.32970807115052
147.16340892110958
154.0297233714809
158.9269715869848
400.40447615095746
139.18578660040083
248.5038021369638
143.29848290313774
142.4892477698633
148.15831387462302
290.559988227486
159.9326726549366
205.6380266306555
161.74835060215037
144.1582040039429
159.7137169611395
152.98554217490585
166.8838144348153
180.38210362538024
168.0863757088461
236.01692604926905
152.8629604793217
173.77927873119887
142.60302974962323
157.20129210681748
161.4054430025795
189.5692696376673
156.9456930639356
139.16368662423895
153.9488184235788
173.47685221078765
180.50107508471194
165.66382164184012
247.33340890507233
152.82603442493883
182.21796659046558
272.7286232902493
198.28204868604502
146.38262745967305
149.74029898059035
163.3142454896577
165.13964949694133
168.26941225545494
161.00200453560737
158.70028493830551
182.29176307497838
138.0917570677693
165.56107723766837
137.00948725147794
152.8629604793217
173.77927873119887
142.60302974962323
157.20129210681748
161.4054430025795
189.5692696376673
156.9456930639356
139.16368662423895
153.9488184235788
173.47685221078765
180.50107508471194
165.66382164184012
247.33340890507233
152.82603442493883
182.21796659046558
272.7286232902493
198.28204868604502
146.38262745967305
149.74029898059035
163.3142454896577
165.13964949694133
168.26941225545494
161.00200453560737
158.70028493830551
182.29176307497838
138.0917570677693
165.56107723766837
137.00948725147794
152.8629604793217
173.77927873119887
142.60302974962323
157.20129210681748
161.4054430025795
189.5692696376673
156.9456930639356
139.16368662423895
153.9488184235788
173.47685221078765
180.50107508471194
165.66382164184012
247.33340890507233
152.82603442493883
182.21796659046558
272.7286232902493
198.28204868604502
146.38262745967305
149.74029898059035
163.3142454896577
165.13964949694133
168.26941225545494
161.00200453560737
158.70028493830551
182.29176307497838
138.0917570677693
165.56107723766837
137.00948725147794
193.40018613526425
181.80566110796903
150.21626680434886
353.1215737497798
161.33000933923122
191.16812133224929
371.90226478026545
179.32970807115052
147.16340892110958
154.0297233714809
158.9269715869848
400.40447615095746
139.18578660040083
248.5038021369638
143.29848290313774
142.4892477698633
148.15831387462302
290.559988227486
159.9326726549366
205.6380266306555
161.74835060215037
144.1582040039429
159.7137169611395
152.98554217490585
166.8838144348153
180.38210362538024
168.0863757088461
236.01692604926905
193.40018613526425
181.80566110796903
150.21626680434886
353.1215737497798
161.33000933923122
191.16812133224929
371.90226478026545
179.32970807115052
147.16340892110958
154.0297233714809
158.9269715869848
400.40447615095746
139.18578660040083
248.5038021369638
143.29848290313774
142.4892477698633
148.15831387462302
290.559988227486
159.9326726549366
205.6380266306555
161.74835060215037
144.1582040039429
159.7137169611395
152.98554217490585
166.8838144348153
180.38210362538024
168.0863757088461
236.01692604926905
193.40018613526425
181.80566110796903
150.21626680434886
353.1215737497798
161.33000933923122
191.16812133224929
371.90226478026545
179.32970807115052
147.16340892110958
154.0297233714809
158.9269715869848
400.40447615095746
139.18578660040083
248.5038021369638
143.29848290313774
142.4892477698633
148.15831387462302
290.559988227486
159.9326726549366
205.6380266306555
161.74835060215037
144.1582040039429
159.7137169611395
152.98554217490585
166.8838144348153
180.38210362538024
168.0863757088461
236.01692604926905
193.40018613526425
181.80566110796903
150.21626680434886
353.1215737497798
161.33000933923122
191.16812133224929
371.90226478026545
179.32970807115052
147.16340892110958
154.0297233714809
158.9269715869848
400.40447615095746
139.18578660040083
248.5038021369638
143.29848290313774
142.4892477698633
148.15831387462302
290.559988227486
159.9326726549366
205.6380266306555
161.74835060215037
144.1582040039429
159.7137169611395
152.98554217490585
166.8838144348153
180.38210362538024
168.0863757088461
236.01692604926905
193.40018613526425
181.80566110796903
150.21626680434886
353.1215737497798
161.33000933923122
191.16812133224929
371.90226478026545
179.32970807115052
147.16340892110958
154.0297233714809
158.9269715869848
400.40447615095746
139.18578660040083
248.5038021369638
143.29848290313774
142.4892477698633
148.15831387462302
290.559988227486
159.9326726549366
205.6380266306555
161.74835060215037
144.1582040039429
159.7137169611395
152.98554217490585
166.8838144348153
180.38210362538024
168.0863757088461
236.01692604926905
193.40018613526425
181.80566110796903
150.21626680434886
353.1215737497798
161.33000933923122
191.16812133224929
371.90226478026545
179.32970807115052
147.16340892110958
154.0297233714809
158.9269715869848
400.40447615095746
139.18578660040083
248.5038021369638
143.29848290313774
142.4892477698633
148.15831387462302
290.559988227486
159.9326726549366
205.6380266306555
161.74835060215037
144.1582040039429
159.7137169611395
152.98554217490585
166.8838144348153
180.38210362538024
168.0863757088461
236.01692604926905
193.40018613526425
181.80566110796903
150.21626680434886
353.1215737497798
161.33000933923122
191.16812133224929
371.90226478026545
179.32970807115052
147.16340892110958
154.0297233714809
158.9269715869848
400.40447615095746
139.18578660040083
248.5038021369638
143.29848290313774
142.4892477698633
148.15831387462302
290.559988227486
159.9326726549366
205.6380266306555
161.74835060215037
144.1582040039429
159.7137169611395
152.98554217490585
166.8838144348153
180.38210362538024
168.0863757088461
236.01692604926905
193.40018613526425
181.80566110796903
150.21626680434886
353.1215737497798
161.33000933923122
191.16812133224929
371.90226478026545
179.32970807115052
147.16340892110958
154.0297233714809
158.9269715869848
400.40447615095746
139.18578660040083
248.5038021369638
143.29848290313774
142.4892477698633
148.15831387462302
290.559988227486
159.9326726549366
205.6380266306555
161.74835060215037
144.1582040039429
159.7137169611395
152.98554217490585
166.8838144348153
180.38210362538024
168.0863757088461
236.01692604926905
193.40018613526425
181.80566110796903
150.21626680434886
353.1215737497798
161.33000933923122
191.16812133224929
371.90226478026545
179.32970807115052
147.16340892110958
154.0297233714809
158.9269715869848
400.40447615095746
139.18578660040083
248.5038021369638
143.29848290313774
142.4892477698633
148.15831387462302
290.559988227486
159.9326726549366
205.6380266306555
161.74835060215037
144.1582040039429
159.7137169611395
152.98554217490585
166.8838144348153
180.38210362538024
168.0863757088461
236.01692604926905
193.40018613526425
181.80566110796903
150.21626680434886
353.1215737497798
161.33000933923122
191.16812133224929
371.90226478026545
179.32970807115052
147.16340892110958
154.0297233714809
158.9269715869848
400.40447615095746
139.18578660040083
248.5038021369638
143.29848290313774
142.4892477698633
148.15831387462302
290.559988227486
159.9326726549366
205.6380266306555
161.74835060215037
144.1582040039429
159.7137169611395
152.98554217490585
166.8838144348153
180.38210362538024
168.0863757088461
236.01692604926905
193.40018613526425
181.80566110796903
150.21626680434886
353.1215737497798
161.33000933923122
191.16812133224929
371.90226478026545
179.32970807115052
147.16340892110958
154.0297233714809
158.9269715869848
400.40447615095746
139.18578660040083
248.5038021369638
143.29848290313774
142.4892477698633
148.15831387462302
290.559988227486
159.9326726549366
205.6380266306555
161.74835060215037
144.1582040039429
159.7137169611395
152.98554217490585
166.8838144348153
180.38210362538024
168.0863757088461
236.01692604926905
193.40018613526425
181.80566110796903
150.21626680434886
353.1215737497798
161.33000933923122
191.16812133224929
371.90226478026545
179.32970807115052
147.16340892110958
154.0297233714809
158.9269715869848
400.40447615095746
139.18578660040083
248.5038021369638
143.29848290313774
142.4892477698633
148.15831387462302
290.559988227486
159.9326726549366
205.6380266306555
161.74835060215037
144.1582040039429
159.7137169611395
152.98554217490585
166.8838144348153
180.38210362538024
168.0863757088461
236.01692604926905
193.40018613526425
181.80566110796903
150.21626680434886
353.1215737497798
161.33000933923122
191.16812133224929
371.90226478026545
179.32970807115052
147.16340892110958
154.0297233714809
158.9269715869848
400.40447615095746
139.18578660040083
248.5038021369638
143.29848290313774
142.4892477698633
148.15831387462302
290.559988227486
159.9326726549366
205.6380266306555
161.74835060215037
144.1582040039429
159.7137169611395
152.98554217490585
166.8838144348153
180.38210362538024
168.0863757088461
236.01692604926905
193.40018613526425
181.80566110796903
150.21626680434886
353.1215737497798
161.33000933923122
191.16812133224929
371.90226478026545
179.32970807115052
147.16340892110958
154.0297233714809
158.9269715869848
400.40447615095746
139.18578660040083
248.5038021369638
143.29848290313774
142.4892477698633
148.15831387462302
290.559988227486
159.9326726549366
205.6380266306555
161.74835060215037
144.1582040039429
159.7137169611395
152.98554217490585
166.8838144348153
180.38210362538024
168.0863757088461
236.01692604926905
193.40018613526425
181.80566110796903
150.21626680434886
353.1215737497798
161.33000933923122
191.16812133224929
371.90226478026545
179.32970807115052
147.16340892110958
154.0297233714809
158.9269715869848
400.40447615095746
139.18578660040083
248.5038021369638
143.29848290313774
142.4892477698633
148.15831387462302
290.559988227486
159.9326726549366
205.6380266306555
161.74835060215037
144.1582040039429
159.7137169611395
152.98554217490585
166.8838144348153
180.38210362538024
168.0863757088461
236.01692604926905
193.40018613526425
181.80566110796903
150.21626680434886
353.1215737497798
161.33000933923122
191.16812133224929
371.90226478026545
179.32970807115052
147.16340892110958
154.0297233714809
158.9269715869848
400.40447615095746
139.18578660040083
248.5038021369638
143.29848290313774
142.4892477698633
148.15831387462302
290.559988227486
159.9326726549366
205.6380266306555
161.74835060215037
144.1582040039429
159.7137169611395
152.98554217490585
166.8838144348153
180.38210362538024
168.0863757088461
236.01692604926905
193.40018613526425
181.80566110796903
150.21626680434886
353.1215737497798
161.33000933923122
191.16812133224929
371.90226478026545
179.32970807115052
147.16340892110958
154.0297233714809
158.9269715869848
400.40447615095746
139.18578660040083
248.5038021369638
143.29848290313774
142.4892477698633
148.15831387462302
290.559988227486
159.9326726549366
205.6380266306555
161.74835060215037
144.1582040039429
159.7137169611395
152.98554217490585
166.8838144348153
180.38210362538024
168.0863757088461
236.01692604926905
193.40018613526425
181.80566110796903
150.21626680434886
353.1215737497798
161.33000933923122
191.16812133224929
371.90226478026545
179.32970807115052
147.16340892110958
154.0297233714809
158.9269715869848
400.40447615095746
139.18578660040083
248.5038021369638
143.29848290313774
142.4892477698633
148.15831387462302
290.559988227486
159.9326726549366
205.6380266306555
161.74835060215037
144.1582040039429
159.7137169611395
152.98554217490585
166.8838144348153
180.38210362538024
168.0863757088461
236.01692604926905
193.40018613526425
181.80566110796903
150.21626680434886
353.1215737497798
161.33000933923122
191.16812133224929
371.90226478026545
179.32970807115052
147.16340892110958
154.0297233714809
158.9269715869848
400.40447615095746
139.18578660040083
248.5038021369638
143.29848290313774
142.4892477698633
148.15831387462302
290.559988227486
159.9326726549366
205.6380266306555
161.74835060215037
144.1582040039429
159.7137169611395
152.98554217490585
166.8838144348153
180.38210362538024
168.0863757088461
236.01692604926905
193.40018613526425
181.80566110796903
150.21626680434886
353.1215737497798
161.33000933923122
191.16812133224929
371.90226478026545
179.32970807115052
147.16340892110958
154.0297233714809
158.9269715869848
400.40447615095746
139.18578660040083
248.5038021369638
143.29848290313774
142.4892477698633
148.15831387462302
290.559988227486
159.9326726549366
205.6380266306555
161.74835060215037
144.1582040039429
159.7137169611395
152.98554217490585
166.8838144348153
180.38210362538024
168.0863757088461
236.01692604926905
193.40018613526425
181.80566110796903
150.21626680434886
353.1215737497798
161.33000933923122
191.16812133224929
371.90226478026545
179.32970807115052
147.16340892110958
154.0297233714809
158.9269715869848
400.40447615095746
139.18578660040083
248.5038021369638
143.29848290313774
142.4892477698633
148.15831387462302
290.559988227486
159.9326726549366
205.6380266306555
161.74835060215037
144.1582040039429
159.7137169611395
152.98554217490585
166.8838144348153
180.38210362538024
168.0863757088461
236.01692604926905
193.40018613526425
181.80566110796903
150.21626680434886
353.1215737497798
161.33000933923122
191.16812133224929
371.90226478026545
179.32970807115052
147.16340892110958
154.0297233714809
158.9269715869848
400.40447615095746
139.18578660040083
248.5038021369638
143.29848290313774
142.4892477698633
148.15831387462302
290.559988227486
159.9326726549366
205.6380266306555
161.74835060215037
144.1582040039429
159.7137169611395
152.98554217490585
166.8838144348153
180.38210362538024
168.0863757088461
236.01692604926905
193.40018613526425
181.80566110796903
150.21626680434886
353.1215737497798
161.33000933923122
191.16812133224929
371.90226478026545
179.32970807115052
147.16340892110958
154.0297233714809
158.9269715869848
400.40447615095746
139.18578660040083
248.5038021369638
143.29848290313774
142.4892477698633
148.15831387462302
290.559988227486
159.9326726549366
205.6380266306555
161.74835060215037
144.1582040039429
159.7137169611395
152.98554217490585
166.8838144348153
180.38210362538024
168.0863757088461
236.01692604926905
193.40018613526425
181.80566110796903
150.21626680434886
353.1215737497798
161.33000933923122
191.16812133224929
371.90226478026545
179.32970807115052
147.16340892110958
154.0297233714809
158.9269715869848
400.40447615095746
139.18578660040083
248.5038021369638
143.29848290313774
142.4892477698633
148.15831387462302
290.559988227486
159.9326726549366
205.6380266306555
161.74835060215037
144.1582040039429
159.7137169611395
152.98554217490585
166.8838144348153
180.38210362538024
168.0863757088461
236.01692604926905
193.40018613526425
181.80566110796903
150.21626680434886
353.1215737497798
161.33000933923122
191.16812133224929
371.90226478026545
179.32970807115052
147.16340892110958
154.0297233714809
158.9269715869848
400.40447615095746
139.18578660040083
248.5038021369638
143.29848290313774
142.4892477698633
148.15831387462302
290.559988227486
159.9326726549366
205.6380266306555
161.74835060215037
144.1582040039429
159.7137169611395
152.98554217490585
166.8838144348153
180.38210362538024
168.0863757088461
236.01692604926905
193.40018613526425
181.80566110796903
150.21626680434886
353.1215737497798
161.33000933923122
191.16812133224929
371.90226478026545
179.32970807115052
147.16340892110958
154.0297233714809
158.9269715869848
400.40447615095746
139.18578660040083
248.5038021369638
143.29848290313774
142.4892477698633
148.15831387462302
290.559988227486
159.9326726549366
205.6380266306555
161.74835060215037
144.1582040039429
159.7137169611395
152.98554217490585
166.8838144348153
180.38210362538024
168.0863757088461
236.01692604926905
193.40018613526425
181.80566110796903
150.21626680434886
353.1215737497798
161.33000933923122
191.16812133224929
371.90226478026545
179.32970807115052
147.16340892110958
154.0297233714809
158.9269715869848
400.40447615095746
139.18578660040083
248.5038021369638
143.29848290313774
142.4892477698633
148.15831387462302
290.559988227486
159.9326726549366
205.6380266306555
161.74835060215037
144.1582040039429
159.7137169611395
152.98554217490585
166.8838144348153
180.38210362538024
168.0863757088461
236.01692604926905
193.40018613526425
181.80566110796903
150.21626680434886
353.1215737497798
161.33000933923122
191.16812133224929
371.90226478026545
179.32970807115052
147.16340892110958
154.0297233714809
158.9269715869848
400.40447615095746
139.18578660040083
248.5038021369638
143.29848290313774
142.4892477698633
148.15831387462302
290.559988227486
159.9326726549366
205.6380266306555
161.74835060215037
144.1582040039429
159.7137169611395
152.98554217490585
166.8838144348153
180.38210362538024
168.0863757088461
236.01692604926905
193.40018613526425
181.80566110796903
150.21626680434886
353.1215737497798
161.33000933923122
191.16812133224929
371.90226478026545
179.32970807115052
147.16340892110958
154.0297233714809
158.9269715869848
400.40447615095746
139.18578660040083
248.5038021369638
143.29848290313774
142.4892477698633
148.15831387462302
290.559988227486
159.9326726549366
205.6380266306555
161.74835060215037
144.1582040039429
159.7137169611395
152.98554217490585
166.8838144348153
180.38210362538024
168.0863757088461
236.01692604926905
193.40018613526425
181.80566110796903
150.21626680434886
353.1215737497798
161.33000933923122
191.16812133224929
371.90226478026545
179.32970807115052
147.16340892110958
154.0297233714809
158.9269715869848
400.40447615095746
139.18578660040083
248.5038021369638
143.29848290313774
142.4892477698633
148.15831387462302
290.559988227486
159.9326726549366
205.6380266306555
161.74835060215037
144.1582040039429
159.7137169611395
152.98554217490585
166.8838144348153
180.38210362538024
168.0863757088461
236.01692604926905
193.40018613526425
181.80566110796903
150.21626680434886
353.1215737497798
161.33000933923122
191.16812133224929
371.90226478026545
179.32970807115052
147.16340892110958
154.0297233714809
158.9269715869848
400.40447615095746
139.18578660040083
248.5038021369638
143.29848290313774
142.4892477698633
148.15831387462302
290.559988227486
159.9326726549366
205.6380266306555
161.74835060215037
144.1582040039429
159.7137169611395
152.98554217490585
166.8838144348153
180.38210362538024
168.0863757088461
236.01692604926905
193.40018613526425
181.80566110796903
150.21626680434886
353.1215737497798
161.33000933923122
191.16812133224929
371.90226478026545
179.32970807115052
147.16340892110958
154.0297233714809
158.9269715869848
400.40447615095746
139.18578660040083
248.5038021369638
143.29848290313774
142.4892477698633
148.15831387462302
290.559988227486
159.9326726549366
205.6380266306555
161.74835060215037
144.1582040039429
159.7137169611395
152.98554217490585
166.8838144348153
180.38210362538024
168.0863757088461
236.01692604926905
193.40018613526425
181.80566110796903
150.21626680434886
353.1215737497798
161.33000933923122
191.16812133224929
371.90226478026545
179.32970807115052
147.16340892110958
154.0297233714809
158.9269715869848
400.40447615095746
139.18578660040083
248.5038021369638
143.29848290313774
142.4892477698633
148.15831387462302
290.559988227486
159.9326726549366
205.6380266306555
161.74835060215037
144.1582040039429
159.7137169611395
152.98554217490585
166.8838144348153
180.38210362538024
168.0863757088461
236.01692604926905
150.72732322317884
169.9893570255246
179.51131675864508
153.20225713590895
151.04849208554865
140.2355025302911
143.95961454614252
293.4826021073427
150.11693575703475
163.53083289959577
137.88283262372556
186.28335566155744
158.38302009819813
134.87247891815625
146.23461179869489
168.01943172605124
158.82530657952995
143.90803802254055
145.83407542124442
183.4144447400998
212.26767085516062
332.37664512461987
153.028190022008
152.30835414239442
151.49514667502967
378.75254256172144
151.43593557092595
203.86258900392448
193.40018613526425
181.80566110796903
150.21626680434886
353.1215737497798
161.33000933923122
191.16812133224929
371.90226478026545
179.32970807115052
147.16340892110958
154.0297233714809
158.9269715869848
400.40447615095746
139.18578660040083
248.5038021369638
143.29848290313774
142.4892477698633
148.15831387462302
290.559988227486
159.9326726549366
205.6380266306555
161.74835060215037
144.1582040039429
159.7137169611395
152.98554217490585
166.8838144348153
180.38210362538024
168.0863757088461
236.01692604926905
193.40018613526425
181.80566110796903
150.21626680434886
353.1215737497798
161.33000933923122
191.16812133224929
371.90226478026545
179.32970807115052
147.16340892110958
154.0297233714809
158.9269715869848
400.40447615095746
139.18578660040083
248.5038021369638
143.29848290313774
142.4892477698633
148.15831387462302
290.559988227486
159.9326726549366
205.6380266306555
161.74835060215037
144.1582040039429
159.7137169611395
152.98554217490585
166.8838144348153
180.38210362538024
168.0863757088461
236.01692604926905
193.40018613526425
181.80566110796903
150.21626680434886
353.1215737497798
161.33000933923122
191.16812133224929
371.90226478026545
179.32970807115052
147.16340892110958
154.0297233714809
158.9269715869848
400.40447615095746
139.18578660040083
248.5038021369638
143.29848290313774
142.4892477698633
148.15831387462302
290.559988227486
159.9326726549366
205.6380266306555
161.74835060215037
144.1582040039429
159.7137169611395
152.98554217490585
166.8838144348153
180.38210362538024
168.0863757088461
236.01692604926905
150.72732322317884
169.9893570255246
179.51131675864508
153.20225713590895
151.04849208554865
140.2355025302911
143.95961454614252
293.4826021073427
150.11693575703475
163.53083289959577
137.88283262372556
186.28335566155744
158.38302009819813
134.87247891815625
146.23461179869489
168.01943172605124
158.82530657952995
143.90803802254055
145.83407542124442
183.4144447400998
212.26767085516062
332.37664512461987
153.028190022008
152.30835414239442
151.49514667502967
378.75254256172144
151.43593557092595
203.86258900392448
193.40018613526425
181.80566110796903
150.21626680434886
353.1215737497798
161.33000933923122
191.16812133224929
371.90226478026545
179.32970807115052
147.16340892110958
154.0297233714809
158.9269715869848
400.40447615095746
139.18578660040083
248.5038021369638
143.29848290313774
142.4892477698633
148.15831387462302
290.559988227486
159.9326726549366
205.6380266306555
161.74835060215037
144.1582040039429
159.7137169611395
152.98554217490585
166.8838144348153
180.38210362538024
168.0863757088461
236.01692604926905
150.72732322317884
169.9893570255246
179.51131675864508
153.20225713590895
151.04849208554865
140.2355025302911
143.95961454614252
293.4826021073427
150.11693575703475
163.53083289959577
137.88283262372556
186.28335566155744
158.38302009819813
134.87247891815625
146.23461179869489
168.01943172605124
158.82530657952995
143.90803802254055
145.83407542124442
183.4144447400998
212.26767085516062
332.37664512461987
153.028190022008
152.30835414239442
151.49514667502967
378.75254256172144
151.43593557092595
203.86258900392448
193.40018613526425
181.80566110796903
150.21626680434886
353.1215737497798
161.33000933923122
191.16812133224929
371.90226478026545
179.32970807115052
147.16340892110958
154.0297233714809
158.9269715869848
400.40447615095746
139.18578660040083
248.5038021369638
143.29848290313774
142.4892477698633
148.15831387462302
290.559988227486
159.9326726549366
205.6380266306555
161.74835060215037
144.1582040039429
159.7137169611395
152.98554217490585
166.8838144348153
180.38210362538024
168.0863757088461
236.01692604926905
193.40018613526425
181.80566110796903
150.21626680434886
353.1215737497798
161.33000933923122
191.16812133224929
371.90226478026545
179.32970807115052
147.16340892110958
154.0297233714809
158.9269715869848
400.40447615095746
139.18578660040083
248.5038021369638
143.29848290313774
142.4892477698633
148.15831387462302
290.559988227486
159.9326726549366
205.6380266306555
161.74835060215037
144.1582040039429
159.7137169611395
152.98554217490585
166.8838144348153
180.38210362538024
168.0863757088461
236.01692604926905
193.40018613526425
181.80566110796903
150.21626680434886
353.1215737497798
161.33000933923122
191.16812133224929
371.90226478026545
179.32970807115052
147.16340892110958
154.0297233714809
158.9269715869848
400.40447615095746
139.18578660040083
248.5038021369638
143.29848290313774
142.4892477698633
