0  0.000000e+00  0.000000e+00  -9.192035e+00  2.256950e+00  4.182650e-04  1.015090e+01
1  0.000000e+00  0.000000e+00  -7.300277e+00  -8.368531e-01  4.182650e-04  1.015090e+01
2  0.000000e+00  0.000000e+00  -6.151011e+00  -3.342078e+00  2.795839e+00  1.015090e+01
3  0.000000e+00  0.000000e+00  -5.478570e+00  -4.200382e+00  4.502885e+00  1.015090e+01
4  0.000000e+00  0.000000e+00  -5.173580e+00  -4.559377e+00  5.637533e+00  1.015090e+01
5  0.000000e+00  0.000000e+00  -5.045456e+00  -4.694930e+00  6.463448e+00  1.015090e+01
6  0.000000e+00  0.000000e+00  -4.969941e+00  -4.773228e+00  7.370977e+00  1.015090e+01
7  0.000000e+00  0.000000e+00  -4.938833e+00  -4.806030e+00  7.993667e+00  1.015090e+01
8  0.000000e+00  0.000000e+00  -4.921286e+00  -4.823688e+00  8.472939e+00  1.015090e+01
9  0.000000e+00  0.000000e+00  -4.904576e+00  -4.841299e+00  9.065596e+00  1.015090e+01
10  0.000000e+00  0.000000e+00  -4.890922e+00  -4.854114e+00  9.625470e+00  1.015090e+01
11  0.000000e+00  0.000000e+00  -4.884767e+00  -4.860458e+00  9.879426e+00  1.015090e+01
12  0.000000e+00  0.000000e+00  -4.881197e+00  -4.864305e+00  1.001067e+01  1.015090e+01
13  0.000000e+00  0.000000e+00  -4.880011e+00  -4.865324e+00  1.004412e+01  1.015090e+01
14  0.000000e+00  0.000000e+00  -4.876649e+00  -4.868708e+00  1.011625e+01  1.015090e+01
15  0.000000e+00  0.000000e+00  -4.875512e+00  -4.869889e+00  1.013370e+01  1.015090e+01
16  0.000000e+00  0.000000e+00  -4.874490e+00  -4.870928e+00  1.014414e+01  1.015090e+01
17  0.000000e+00  0.000000e+00  -4.873965e+00  -4.871405e+00  1.014744e+01  1.015090e+01
18  0.000000e+00  0.000000e+00  -4.873672e+00  -4.871752e+00  1.014898e+01  1.015090e+01
19  0.000000e+00  0.000000e+00  -4.873418e+00  -4.871967e+00  1.014978e+01  1.015090e+01
20  0.000000e+00  0.000000e+00  -4.873246e+00  -4.872146e+00  1.015028e+01  1.015090e+01
21  0.000000e+00  0.000000e+00  -4.873134e+00  -4.872263e+00  1.015051e+01  1.015090e+01
22  0.000000e+00  0.000000e+00  -4.873001e+00  -4.872396e+00  1.015071e+01  1.015090e+01
23  0.000000e+00  0.000000e+00  -4.872911e+00  -4.872489e+00  1.015081e+01  1.015090e+01
24  0.000000e+00  0.000000e+00  -4.872845e+00  -4.872552e+00  1.015086e+01  1.015090e+01
25  0.000000e+00  0.000000e+00  -4.872815e+00  -4.872582e+00  1.015088e+01  1.015090e+01
26  0.000000e+00  0.000000e+00  -4.872795e+00  -4.872603e+00  1.015088e+01  1.015090e+01
27  0.000000e+00  0.000000e+00  -4.872754e+00  -4.872647e+00  1.015090e+01  1.015090e+01
28  0.000000e+00  0.000000e+00  -4.872730e+00  -4.872667e+00  1.015090e+01  1.015090e+01
29  0.000000e+00  0.000000e+00  -4.872721e+00  -4.872676e+00  1.015090e+01  1.015090e+01
