-197.698849,6.550642935316278,0.9066644272548583
-195.97848193110949,6.524587778225408,0.8685458419622709
-194.258114862219,6.498331541295073,0.8280428045764383
-192.5377477933285,6.4718726726929106,0.7847758646249934
-190.81738072443798,6.445209608621156,0.7382480589331464
-189.0970136555475,6.418340773205344,0.6877857584439441
-187.376646586657,6.391264578410681,0.6324344266089851
-185.6562795177665,6.36397942394861,0.5707583407230045
-183.935912448876,6.336483697182029,0.5004068785746804
-182.21554537998549,6.308775773021692,0.41699085116435175
-180.495178311095,6.28085401384139,0.3101128328278566
-178.7748112422045,6.252716769381049,0.13135626850379548
-177.05444417331398,6.142231903946039,0.225975258249648
-175.3340771044235,6.007716035624187,0.295243785423611
-173.613710035533,5.872968538697598,0.29800716104465336
-171.89334296664248,5.737981449157553,0.23660796800332032
-170.172975897752,5.610294466705373,0.09175703048376267
-168.4526088288615,5.536226816033904,0.2591856234171092
-166.73224175997098,5.46190560912221,0.30229911969509443
-165.0118746910805,5.387320514465559,0.28466238100304253
-163.29150762218998,5.312467123852475,0.19004862576214812
-161.57114055329947,5.296647904660127,0.17988284631540147
-159.850773484409,5.347358237567818,0.28161050294938544
-158.13040641551848,5.397797912609286,0.30276253723582863
-156.41003934662797,5.4479699109467035,0.26352001140158093
-154.6896722777375,5.497877197892925,0.11239283345901535
-152.96930520884698,5.671888701196522,0.22973668098132274
-151.2489381399565,5.873360581233161,0.2962176683675668
-149.52857107106598,6.07459289182596,0.29704197565451135
-147.8082040021755,6.275597526444599,0.2329080139166541
-146.087836933285,6.453771391721095,0.11057141519555823
-144.36746986439448,6.517527676857995,0.2633949656107522
-142.647102795504,6.58108246488194,0.30358943422239937
-140.9267357266135,6.644439512077515,0.28390198253256577
-139.20636865772298,6.707602563048176,0.18621371274004922
-137.4860015888325,6.692808165933524,0.19046837812773543
-135.76563451994198,6.603933795226847,0.2851746651042165
-134.04526745105147,6.5148630342841525,0.30333631623024127
-132.324900382161,6.425590618732418,0.261430150026343
-130.60453331327048,6.33611127228993,0.10157461347651563
-128.88416624437997,6.403660103067269,0.2357819557150668
-127.16379917548947,6.496535926157066,0.29810676995898994
-125.44343210659898,6.589209011458624,0.29629571536292826
-123.72306503770848,6.681684836233444,0.228830483285237
-122.00269796881798,6.775451106383668,0.12551677425786784
-120.28233089992747,6.8746820787833425,0.2670716611032386
-118.56196383103698,6.973732663032468,0.3043666489710916
-116.84159676214648,7.072608713332575,0.28230276937473037
-115.12122969325597,7.171316073571441,0.18025426961847285
-113.40086262436547,7.248926168869554,0.19852119601570545
-111.68049555547498,7.309612762241583,0.287954491015019
-109.96012848658448,7.370144673244919,0.3037337289104025
-108.23976141769397,7.430525479511463,0.2596575438687455
-106.51939434880347,7.49092496246891,0.09345978771361477
-104.79902727991298,7.623923163927563,0.24222093278397025
-103.07866021102248,7.764819144968325,0.3004890689523678
-101.35829314213197,7.9055873477979635,0.29639815333683384
-99.63792607324147,8.046236092260125,0.2265942568072844
-97.91755900435098,8.131585016775091,0.1426857050572083
-96.19719193546047,8.051528606543755,0.2718751801398424
-94.47682486656997,7.971361363540806,0.3056968102896709
-92.75645779767947,7.891078549618314,0.2810108670827767
-91.03609072878898,7.8106754198181125,0.17453478807973943
-89.31572365989847,7.724107117055883,0.20642519761956205
-87.59535659100797,7.633344987786992,0.2904542066933843
-85.87498952211747,7.542447309759911,0.3033302118601367
-84.15462245322696,7.451408710634727,0.25602711472229556
-82.43425538433647,7.360251132280373,0.08176039050776741
-80.71388831544597,7.271261380007334,0.2460403648035024
-78.99352124655547,7.1822793483060465,0.30093771825284527
-77.27315417766496,7.093135108427899,0.2938952141830485
-75.55278710877447,7.003823391677161,0.21901490975663462
-73.83242003988397,6.8801162157267015,0.1483820626724952
-72.11205297099346,6.673574987278964,0.272931777229189
-70.39168590210296,6.466841484606325,0.30430697652801797
-68.67131883321247,6.259903489102826,0.27632310992490017
-66.95095176432196,6.052748770073017,0.16044653006735377
-65.23058469543147,6.020393028522443,0.20832947501736487
-63.510217626540964,6.086124510625359,0.29032312857610915
-61.78985055765045,6.151628998305602,0.30123265692893497
-60.06948348875997,6.21691036308977,0.2505264052715998
-58.34911641986946,6.276753064227791,0.06768396451938655
-56.62874935097895,6.15343220281868,0.24826989134844632
-54.90838228208847,6.022284501191738,0.3006824919477454
-53.18801521319796,5.8909060320100926,0.29106818128746037
-51.467648144307475,5.759289030367894,0.21111316750694697
-49.747281075416964,5.67810937089469,0.15426178739673324
-48.026914006526454,5.697143229882305,0.27434000714985723
-46.30654693763597,5.715927104424282,0.3036722194322121
-44.58617986874546,5.73446210469824,0.2732468468904999
-42.86581279985495,5.75274932618735,0.15033082570290823
-41.14544573096447,5.857251306781451,0.21366910627842642
-39.42507866207396,6.001673523905511,0.2918436818265553
-37.70471159318345,6.145863755277864,0.30040877828440593
-35.984344524292965,6.289830523020955,0.24672613276893793
-34.263977455402454,6.430905754283243,0.07016529937735753
-32.54361038651194,6.521302013089515,0.2523680175356935
-30.82324331762146,6.610463644415683,0.30187035697212156
-29.10287624873095,6.6994292714359585,0.2902043961525514
-27.38250917984047,6.7882041523078,0.20728391327450696
-25.662142110949958,6.7796763451265,0.16632224536294862
-23.941775042059447,6.611041686444486,0.2779921897757344
-22.221407973168965,6.442211057625569,0.3041670140447779
-20.501040904278454,6.273174480237788,0.2708882359262137
-18.780673835387944,6.103921963678655,0.14093872795193887
-17.06030676649746,6.01159327728951,0.21957251702436845
-15.339939697606951,5.948247317987274,0.2934412566989709
-13.61957262871644,5.884666215289908,0.2992042566900098
-11.899205559825958,5.820846211346457,0.24178326235926123
-10.178838490935448,5.760111565070409,0.07478216936901944
-8.458471422044965,5.737612993363496,0.2551611541884491
-6.738104353154455,5.715130166969547,0.301799812270411
-5.017737284263944,5.692398419214216,0.2872949397273548
-3.297370215373462,5.669416406573231,0.19867300171504104
-1.5770031464829515,5.9864948663012605,0.15098749204457063
0.14336392240755913,6.701176901383505,0.10396903050629047
1.8637309912980413,6.629691058945878,0.2629579220617057
3.584098060188552,6.558010348606876,0.306517051228332
5.3044651290790625,6.486130533810786,0.29194678549767783
7.024832197969545,6.41404736621951,0.20732938982269908
8.745199266860055,6.315766113877248,0.18571782269064913
10.465566335750566,6.182936452040134,0.28510938565453375
12.185933404641048,6.049885517681888,0.30734969901527687
13.906300473531559,5.91660544706768,0.27207287973471084
15.626667542422041,5.783088362919381,0.14128684511893194
17.34703461131255,5.799908582568358,0.23279048035536098
19.067401680203062,5.859367703021482,0.2991255533652998
20.787768749093544,5.918586426996049,0.3018245470772249
22.508135817984055,5.977568254521354,0.24301784467138846
24.228502886874566,6.023096141988129,0.1142655952702701
25.948869955765048,5.976555836482879,0.2651033037720343
27.66923702465556,5.929782060702795,0.3062970360685603
29.38960409354607,5.8827720501646255,0.28926895608595177
31.10997116243655,5.835523026439643,0.1996329833574195
32.83033823132706,5.813221565680635,0.19123146155201196
34.550705300217544,5.818703220961914,0.28665960377849514
36.271072369108055,5.823942076372995,0.3067267239721156
37.991439437998565,5.8289384415444845,0.2688772048858842
39.71180650688905,5.833692611788502,0.12965177253557353
41.43217357577956,5.915951340745717,0.23730355626853283
43.15254064467007,6.014941011441457,0.30043326058276754
44.87290771356055,6.113699480544228,0.3009596313330304
46.59327478245106,6.21223258500644,0.23929630072309363
48.31364185134157,6.287667813781933,0.1288862679908958
50.034008920232054,6.249871892099531,0.2688090326510971
51.754375989122565,6.211858653980538,0.30708407190217624
53.474743058013075,6.173625852741606,0.2876523505643383
55.19511012690356,6.135171228689168,0.19386930272329336
56.91547719579407,6.036003701388854,0.19879237390712043
58.63584426468458,5.879836677365468,0.2889763210284863
60.35621133357506,5.723430466658624,0.3062628697687052
62.07657840246554,5.566775825166305,0.2653106375759088
63.79694547135608,5.40986349408558,0.11523952146017709
65.51731254024656,5.382296208615846,0.24103768931907532
67.23767960913705,5.374973638579889,0.3010152799907661
68.95804667802759,5.367382042847632,0.29891166355804455
70.67841374691807,5.359520972725492,0.23305111194867753
72.39878081580855,5.360251362257609,0.13652084241148157
74.11914788469909,5.393875191739792,0.27057674628341016
75.83951495358957,5.427231112667479,0.3066187215108223
77.55988202248005,5.46032109648392,0.2846974760989669
79.28024909137059,5.493147098900027,0.1852607585514075
81.00061616026107,5.450467144630987,0.2037411369515521
82.72098322915156,5.348009508964309,0.29026432380794265
84.4413502980421,5.245281253930407,0.3052647064330953
86.16171736693258,5.142276307965583,0.2613657452405608
87.88208443582306,5.0389885831486465,0.09810215245975248
89.60245150471354,5.1954260662111205,0.24467364520203996
91.32281857360408,5.378601584184337,0.30193128137106345
93.04318564249456,5.56150829088125,0.29781198823125427
94.76355271138505,5.744156996659681,0.22902631634258808
96.48391978027558,5.89310148670767,0.14881248615007747
98.20428684916607,5.9432192158858514,0.27411224338700735
99.92465391805655,5.993101504491781,0.3073711632898693
101.64502098694709,6.042751300721483,0.2831399977940992
103.36538805583757,6.09217153904263,0.1794653675066448
105.08575512472805,6.135122658926236,0.21120243167415761
106.80612219361859,6.173703180513462,0.29299433123793034
108.52648926250907,6.212061883851459,0.30576847542734703
110.24685633139956,6.250201036077611,0.2599121441960655
111.9672234002901,6.288122891329748,0.08955128082701243
113.68759046918058,6.185691580950625,0.2508908876767606
115.40795753807106,6.07541144536285,0.3038145395032387
117.1283246069616,5.964903682185129,0.2967108654481933
118.84869167585208,5.854161760058501,0.22393619351700808
120.56905874474256,5.844181474335333,0.158162438668899
122.2894258136331,6.074316650906791,0.276898281993516
124.00979288252358,6.3042241351699175,0.3078143423342534
125.73015995141407,6.533917515400187,0.2815149428212519
127.4505270203046,6.763410367198876,0.17370082155587915
129.1708940891951,6.948129081504254,0.2184841718337422
130.89126115808557,7.107958428889078,0.2957179834575517
132.6116282269761,7.267621175493765,0.30627822097131674
134.3319952958666,7.427126757902393,0.25847341255153
136.05236236475707,7.586484603397684,0.08030698646875031
137.77272943364756,7.462465364897719,0.2569405063489256
139.4930965025381,7.33569729853796,0.3060299480783072
141.21346357142858,7.208776091491661,0.29657142278050175
142.93383064031906,7.081694242312299,0.22117394820399602
144.6541977092096,7.022821867567496,0.17078990957661438
146.37456477810008,7.097467240569284,0.28101333159429237
148.09493184699056,7.171945392728777,0.30889005590772495
149.8152989158811,7.246260725944845,0.2801906552552175
151.53566598477158,7.3204176324863095,0.16806458752397457
153.25603305366207,7.579385167437849,0.22560774600688063
154.9764001225526,7.922917629602536,0.29844639597902306
156.6967671914431,8.266331657673282,0.3068185133275896
158.41713426033357,8.609647548513902,0.2571032858695193
160.1375013292241,8.946830477018523,0.10037467510749001
161.8578683981146,9.108721463145546,0.2630506406607981
163.57823546700507,9.270564099958516,0.30903815104191834
165.2986025358956,9.432367952881782,0.29834227492152915
167.0189696047861,9.594142585034561,0.22294552316633984
168.73933667367658,9.725220997012684,0.18847803421611878
170.45970374256711,9.80642798319119,0.2877660985221896
172.1800708114576,9.887627856739542,0.3121748792394856
173.90043788034808,9.968825416828112,0.2818845769621724
175.62080494923862,10.050025462493956,0.16977146942556198
177.3411720181291,10.249729298987239,0.22687713912372015
179.06153908701958,10.493633898640594,0.26457809054718107
180.78190615591006,10.737572001717206,0.20781571326206275
182.5022732248006,10.91349218500323,0.18800683620873096
184.2226402936911,10.992696569604254,0.2868525125243672
185.94300736258157,11.071963953822824,0.31010510765553595
187.6633744314721,11.151299022625034,0.27747485231663666
189.3837415003626,11.230706464958878,0.1573568517231431
191.10410856925307,11.399273394712361,0.23699289543412866
192.8244756381436,11.595992881946612,0.30241545337403825
194.5448427070341,11.79281102553952,0.3064223086664037
196.26520977592457,11.98973945806447,0.2519618694491533
197.9855768448151,12.177536685222941,0.1296068104641447
199.7059439137056,12.28979487268759,0.27014602148077804
201.42631098259608,12.402114017408577,0.3108785480499228
203.14667805148662,12.51457946281264,0.2960835918422798
204.8670451203771,12.627197855959784,0.21456191430478114
206.58741218926758,12.722793849878242,0.20192106159351747
208.30777925815812,12.79801000523172,0.2924406184998676
210.0281463270486,12.873395859984464,0.31275496258860747
211.74851339593909,12.948955869675117,0.2786709089192492
213.46888046482962,13.024694500146072,0.15824719961616088
215.1892475337201,12.821655538609965,0.24645986838616118
216.9096146026106,12.550321868936788,0.3058035965578521
218.62998167150113,12.279143259512574,0.3061275372539362
220.3503487403916,12.008103682801863,0.24766348495665733
222.0707158092821,11.796304141285958,0.1390898569241952
223.79108287817257,11.918466394423662,0.27274503777242254
225.5114499470631,12.040746363127269,0.3109783221036147
227.2318170159536,12.163151274534382,0.29377584673043694
228.95218408484408,12.285688363168894,0.2077921799295699
230.67255115373462,12.291344004224879,0.2071986786745675
232.3929182226251,12.179151477963984,0.2935732022993515
234.11328529151558,12.067092074586107,0.3109809161436728
235.83365236040612,11.955159171025416,0.2729569485412952
237.5540194292966,11.843346151697515,0.1398895009089336
239.27438649818708,11.845908887606432,0.2469416859766215
240.99475356707762,11.869472796168806,0.3052405045120758
242.7151206359681,11.893151524621503,0.3042139215823347
244.4354877048586,11.916946472457383,0.24311125400880398
246.15585477374913,11.908129599244162,0.14930816478606648
247.8762218426396,11.762528156950225,0.27531980676343043
249.5965889115301,11.617035213776408,0.3104399763901862
251.31695598042063,11.471642170629618,0.2898512384953542
253.0373230493111,11.326340434316004,0.19677489326949751
254.7576901182016,11.318444516569375,0.20882578207879604
256.47805718709213,11.427397814875784,0.293650931711813
258.1984242559826,11.536439805025609,0.30970077736297585
259.9187913248731,11.645576931761852,0.2695581608058736
261.63915839376364,11.754715768715696,0.1286762229584366
263.3595254626541,11.719021897593588,0.2509274490736684
265.0798925315446,11.665019891649836,0.30609681018898033
266.8002596004351,11.611120621775958,0.3025777026480192
268.5206266693256,11.557320902359335,0.23777742763293006
270.2409937382161,11.51566056723052,0.15718965970719673
271.9613608071066,11.51319822179071,0.27759142634342693
273.6817278759971,11.510829639279017,0.310570927182017
275.4020949448876,11.50855467971012,0.28793241819693516
277.1224620137781,11.506373208607755,0.19080389576225693
278.84282908266863,11.405742226103557,0.2153329650754941
280.5631961515591,11.234703944366643,0.29533543596525635
282.2835632204496,11.06374296564358,0.30818710377240505
284.00393028934013,10.892849185613347,0.2638918966935427
285.7242973582306,10.722034080799478,0.11073119462569085
287.4446644271211,10.554088693665436,0.2517316125546538
289.16503149601164,10.386416136716528,0.30486242947760595
290.8853985649021,10.218770746282932,0.2986133166365993
292.6057656337926,10.051142613991185,0.2281542221544918
294.32613270268314,9.949576627091007,0.1577200183777278
296.0464997715736,10.01959322864262,0.27702517446081093
297.7668668404641,10.089615316312287,0.30853526068676684
299.48723390935464,10.159647028617488,0.28325455995177234
301.2076009782451,10.229692504667474,0.17848480672976388
302.9279680471356,10.281420229204008,0.21714400189175403
304.64833511602615,10.322189670564628,0.295316268109397
306.36870218491663,10.362982482463215,0.30645851250912703
308.0890692538071,10.403801075866026,0.25936165444216214
309.8094363226976,10.440907126292986,0.10192146143435711
311.52980339158813,10.30675209617982,0.254632710536754
313.2501704604786,10.163913515884012,0.3052439480927556
314.97053752936915,10.021088951490173,0.2967853224006243
316.69090459825964,9.878269961615468,0.22261983873818567
318.4112716671501,9.715279311281096,0.16599994394893558
320.1316387360406,9.509511859189617,0.27908444430766743
321.8520058049311,9.303719745779443,0.30751682643148925
323.5723728738217,9.097890808082475,0.2785593992418402
325.29273994271216,8.892012880948396,0.1642264773840541
327.01310701160264,8.893811104146689,0.21843367265044944
328.7334740804931,8.998804205937978,0.29484899744590903
330.4538411493836,9.10374246196539,0.30401966267326713
332.1742082182741,9.208632074407657,0.2533587175186468
333.89457528716457,9.315062985615395,0.09248842474518112
335.61494235605517,9.45783604886077,0.25625853834414714
337.33530942494565,9.601562156366294,0.3051750714667444
339.05567649383613,9.745269043018551,0.2950247342213779
340.7760435627266,9.888965202355045,0.2176931483620827
342.4964106316171,10.037278081355415,0.17516912222699513
344.2167777005076,10.193703355298224,0.28233547666476283
345.9371447693982,10.350144405820346,0.3088399442384769
347.65751183828866,10.506610479085836,0.27873696392697517
349.37787890717914,10.663110822736703,0.16323508018244048
351.0982459760696,10.713708728100228,0.22855077474368843
352.8186130449601,10.721183161151107,0.29895753953918347
354.5389801138506,10.728704546512926,0.30539233345310673
356.2593471827412,10.736273328723172,0.25279038091114947
357.97971425163166,10.791816263552729,0.1060949845968353
359.70008132052214,11.497901282397352,0.16027778875715887
361.4204483894126,11.519248285035406,0.24002377909934652
363.1408154583031,11.272952429681162,0.30478584392098207
364.8611825271936,11.026736137974499,0.3096664665215915
366.5815495960842,10.780584857728245,0.25808690982692434
368.30191666497467,10.54722193668025,0.12399675877602848
370.02228373386515,10.487143114027907,0.269041182827493
371.74265080275563,10.427097411176776,0.3112863621574242
373.4630178716461,10.367081279236626,0.2982098519517617
375.1833849405366,10.307091171067311,0.22016135766240053
376.9037520094271,10.280130133449362,0.19617758332306529
378.6241190783177,10.299527420286148,0.2905265816366234
380.34448614720816,10.318946738239013,0.3127928739095518
382.06485321609864,10.338389235046838,0.2806953546706391
383.7852202849891,10.357856059831098,0.16508389237494367
385.5055873538796,10.387092898952059,0.24184770969287248
387.2259544227701,10.419375499249872,0.30497069565710244
388.9463214916607,10.45168721406782,0.30840211479650304
390.66668856055117,10.484029953130127,0.25456832065741136
392.38705562944165,10.484742602907573,0.13711493634847105
394.10742269833213,10.231889192690824,0.2723883523287036
395.8277897672226,9.97905381595955,0.31144366942186463
397.5481568361131,9.726221529326125,0.2953153072367252
399.2685239050037,9.473377389608997,0.21174280461074552
400.9888909738942,9.341544146097876,0.19955462507285204
402.70925804278465,9.35262408770189,0.2910158543830907
404.42962511167514,9.363670095411543,0.311075499003562
406.1499921805656,9.374682822088538,0.27578636568083226
407.8703592494561,9.385662918627814,0.15018585686988117
409.5907263183467,9.419058349159304,0.24332091469929198
411.3110933872372,9.457826481397898,0.3044270411928481
413.03146045612766,9.496566897539985,0.3055903331038987
414.75182752501814,9.535281887275906,0.24765726342892777
416.4721945939086,9.615053027337687,0.14110003431088766
418.1925616627991,9.921327024371594,0.27360075255965094
419.9129287316896,10.227600699668766,0.3119108368983235
421.6332958005802,10.533892154985278,0.2953091902649381
423.35366286947067,10.840219493127801,0.21121655135195894
425.07402993836115,10.973758529531848,0.21158385704872218
426.79439700725163,10.935213568345985,0.2958161528582705
428.5147640761421,10.896728209354478,0.312913902559622
430.2351311450326,10.858300177949197,0.2756699685006683
431.9554982139232,10.819927202906749,0.14743974065186796
433.6758652828137,10.900137833929243,0.2510244752447074
435.39623235170416,11.001567291689604,0.30799713800414186
437.11659942059464,11.103060273357434,0.3073599052776643
438.8369664894851,11.20462277748943,0.2486700977754829
440.5573335583756,11.305519512642743,0.16200099716041916
442.2777006272662,11.403457253843879,0.28043151425477036
443.9980676961567,11.501482271939743,0.3146108467778714
445.71843476504716,11.599600360508166,0.2954041020689925
447.43880183393765,11.697817318651394,0.20854222609922
449.1591689028281,11.72810287564711,0.22040910689618384
450.8795359717186,11.701354924644235,0.29932154271066513
452.5999030406092,11.674711857227656,0.31396607412402056
454.3202701094997,11.648172098702176,0.27482035412370837
456.04063717839017,11.62173408049527,0.1429773790429563
457.76100424728065,11.381478655126186,0.2571612471521991
459.48137131617113,11.115147308758095,0.3095488191712023
461.2017383850616,10.848886199238967,0.3053846526500144
462.9221054539522,10.582679589698857,0.24176278770920615
464.6424725228427,10.392684850256193,0.16549771074298864
466.3628395917332,10.445894873460293,0.28091031282220846
468.08320666062366,10.499135578562113,0.3130476269513971
469.80357372951414,10.552410112256874,0.29096158456862825
471.5239407984046,10.605721623242177,0.1971976949174041
473.2443078672951,10.555158270468889,0.22149181215236144
474.9646749361857,10.431227116765132,0.2986310564135885
476.6850420050762,10.307325778053658,0.31115194111263883
478.40540907396667,10.18344693136634,0.26826385463614805
480.12577614285715,10.059583255069045,0.12093191738027576
481.84614321174763,10.128304926227978,0.25730674717654267
483.5665102806381,10.21074931043372,0.3087875443537163
485.2868773495287,10.293210478685124,0.30330012086476377
487.0072444184192,10.375693304700242,0.23691689550811076
488.7276114873097,10.509243564198039,0.17381851102016135
490.44797855620016,10.773402453670652,0.28386723077418824
492.16834562509064,11.037611381789166,0.31422639090487037
493.8887126939811,11.301885964132824,0.2910155109792684
495.6090797628717,11.566241820183876,0.19604257740039668
497.3294468317622,11.663988779638153,0.23124469646372317
499.0498139006527,11.663319226887506,0.30291698755104146
500.77018096954316,11.66275230969794,0.31316524502304915
502.49054803843364,11.662287994557857,0.26910390251761807
504.2109151073241,11.661926254025113,0.12159751204528531
505.9312821762147,11.561854050639795,0.26517008955826676
507.6516492451052,11.459428592296375,0.3119687103614915
509.3720163139957,11.357093718929583,0.3037373625753217
511.09238338288617,11.254843382207302,0.23475456493153962
512.8127504517767,11.196967653770884,0.1852871717467292
514.5331175206671,11.231778818060514,0.2875889219661446
516.2534845895576,11.26666711250924,0.31449604429953437
517.9738516584482,11.301634599102963,0.2879866100576802
519.6942187273387,11.33668334454024,0.18651860282341645
521.4145857962292,11.268634537326122,0.2342153722741827
523.1349528651197,11.150086204585842,0.30314210813436754
524.8553199340101,11.031610173691995,0.3109411411826552
526.5756870029006,10.913199442336909,0.26310784772554047
528.2960540717912,10.795571319429515,0.1109268223988345
530.0164211406817,10.716303044372363,0.2658948546027413
531.7367882095722,10.637081433211833,0.31090158805807455
533.4571552784627,10.557901803675728,0.300316613736467
535.1775223473531,10.478759476011835,0.22647153737844827
536.8978894162436,10.332675738947191,0.18395009980237842
538.6182564851342,10.070631086620448,0.26120847425279814
540.3386235540247,9.808594936907182,0.23865244204537822
542.0589906229152,9.551500153198035,0.09873859373317209
543.7793576918057,9.367432181190742,0.2596625187823673
545.4997247606962,9.184286681697673,0.3053920841549466
547.2200918295866,9.001097299048158,0.2922634271585997
548.9404588984772,8.817853206159402,0.20948395167505351
550.6608259673677,8.71161222129264,0.17683409765098054
552.3811930362582,8.721833317523082,0.2820428953094523
554.1015601051487,8.73198319812612,0.306599095695957
555.8219271740392,8.742062462990233,0.27319983071796133
557.5422942429296,8.752071707823095,0.14645491694170756
559.2626613118201,8.741464815672451,0.227581344116555
560.9830283807107,8.723776650841604,0.29721340006870256
562.7033954496012,8.706017385234876,0.30171522890057795
564.4237625184917,8.688185969224534,0.24470947702235124
566.1441295873822,8.664280929884674,0.09973910832164032
567.8644966562726,8.58375422945396,0.2611770542313072
569.5848637251631,8.502984833033242,0.30492438524642274
571.3052307940537,8.422131286337923,0.2895653328866248
573.0255978629442,8.341188810664935,0.202036875006628
574.7459649318347,8.384654999571822,0.18293154131578854
576.4663320007252,8.58611217592455,0.2839529944611806
578.1866990696157,8.787490115093474,0.3066053820337356
579.9070661385061,8.988800719152827,0.27129279969179104
581.6274332073967,9.190055886209409,0.13929553875638945
583.3478002762872,9.354906226791503,0.23417215643932915
585.0681673451777,9.509945580662137,0.2997869412770818
586.7885344140682,9.664960298849488,0.30224788667895053
588.5089014829587,9.819959543217376,0.24347828166780006
590.2292685518491,9.96639834468984,0.12151964535041053
591.9496356207397,10.058306845122837,0.26719970768338647
593.6700026896302,10.150223119762163,0.3075826295923437
595.3903697585207,10.24215260115749,0.2905282817196043
597.1107368274112,10.334100722639429,0.20197053647357288
598.8311038963017,10.409877429397403,0.19685062084657878
600.5514709651922,10.468353972442085,0.28915315526813146
602.2718380340826,10.526862524790527,0.30848708002066944
603.9922051029732,10.585406544494658,0.2709558869437675
605.7125721718637,10.643989491672793,0.13550958712234806
607.4329392407542,10.491926537292906,0.2417898601909845
609.1533063096447,10.296926743088155,0.3022885867114559
610.8736733785352,10.101948826290945,0.3015127286343866
612.5940404474256,9.906981263087124,0.23886572243941578
614.3144075163162,9.805054489914161,0.13265223705288268
616.0347745852067,10.13249047122441,0.27022815579422
617.7551416540972,10.459938611240345,0.30848993348277715
619.4755087229877,10.787418263180284,0.2898796293946755
621.1958757918782,11.114948782142065,0.19903041205973346
622.9162428607686,11.260147759710584,0.20674687683064222
624.6366099296592,11.240796175207393,0.29282119297378023
626.3569769985497,11.221522253812525,0.3093883027133426
628.0773440674402,11.202324856360065,0.26958716990475584
629.7977111363307,11.183205650627222,0.12887864422780346
631.5180782052212,11.308080287088307,0.24825717940558495
633.2384452741117,11.45395587103895,0.30534291575814027
634.9588123430023,11.59992171650033,0.3032115204710563
636.6791794118927,11.745986450525379,0.24029171918019288
638.3995464807832,11.866401263966202,0.1559039202518676
640.1199135496737,11.895934896687494,0.27743742254083037
641.8402806185642,11.925584913293578,0.3111785958678983
643.5606476874547,11.955353066189849,0.28964204290231593
645.2810147563451,11.985241114778661,0.19531934815633212
647.0013818252357,12.002953596803383,0.2151995487131269
648.7217488941262,12.011440322429603,0.2959418970425813
650.4421159630167,12.020050258672544,0.3099153068162587
652.1624830319072,12.028783914416383,0.26778820019230437
653.8828501007977,12.037466935019797,0.12313185925887292
655.6032171696882,12.006413562861285,0.25370968833574337
657.3235842385787,11.971602511935476,0.30699144071345164
659.0439513074692,11.936912317092219,0.30218675242455656
660.7643183763597,11.902340928034262,0.23576933641903272
662.4846854452502,11.877354573379794,0.16494404899694323
664.2050525141407,11.878999555487908,0.28013980994816096
665.9254195830312,11.88075992053701,0.31135737254738055
667.6457866519218,11.882635772581837,0.28741295328186134
669.3661537208122,11.884627222494775,0.1883170209867865
671.0865207897027,11.961360327746373,0.2207706194197334
672.8068878585932,12.085799514928398,0.2978516258081795
674.5272549274837,12.210366307592984,0.30977875282441947
676.2476219963742,12.33506806804521,0.26548678665646597
677.9679890652648,12.458143305141109,0.1204497253620451
679.6883561341552,12.471204751896718,0.25870011945656696
681.4087232030457,12.47767931528794,0.30872984696887873
683.1290902719362,12.484304645507413,0.30179784267639614
684.8494573408267,12.491081134144265,0.23286951186038363
686.5698244097172,12.458150538683405,0.1763169607444182
688.2901914786077,12.334813502970999,0.2838095081176636
690.0105585474982,12.211618790271865,0.3119318353902819
691.7309256163887,12.08855911937638,0.2852236500946711
693.4512926852792,11.96562721706581,0.18082380440690185
695.1716597541697,11.912731758550162,0.2259388832136376
696.8920268230602,11.897084260264267,0.29928538464409143
698.6123938919507,11.881553213789802,0.30870730684757147
700.3327609608413,11.866137701202131,0.26121851536028556
702.0531280297317,11.85479817767608,0.11548319418428893
703.7734950986222,11.956553261478073,0.2614263828796674
705.4938621675127,12.062312366697551,0.3090416286671768
707.2142292364032,12.168197689244739,0.29993833620056276
708.9345963052937,12.274215487264264,0.2274011320528426
710.6549633741843,12.382859760889167,0.18338057620675316
712.3753304430747,12.496307173451038,0.2862188114296864
714.0956975119652,12.609906453807646,0.3124312623448228
715.8160645808557,12.723664316046756,0.2840922431467552
717.5364316497462,12.837587483614683,0.1766424020506127
719.2567987186367,12.700579831044262,0.1819697136247629
720.9771657875273,12.547567779313638,0.1951583228870863
722.6975328564178,12.562261569721382,0.2915391522139558
724.4178999253082,12.57711112604209,0.3164188877792971
726.1382669941987,12.59211732593783,0.2889080351854347
727.8586340630892,12.607281056315026,0.18716826914191137
729.5790011319797,12.645656353913642,0.2426969205204523
731.2993682008702,12.693785836162883,0.3072643468458172
733.0197352697608,12.742078857831283,0.31347625053375544
734.7401023386512,12.79053827318623,0.2654630845615117
736.4604694075417,12.826724838395567,0.13751058053466003
738.1808364764322,12.643589613880023,0.2736818523039344
739.9012035453227,12.460614962017463,0.31487916374165636
741.6215706142132,12.277790068432548,0.3027478928232607
743.3419376831038,12.095104127587431,0.22895890779523242
745.0623047519942,12.03865986901639,0.20224039103453095
746.7826718208847,12.170612026546962,0.2938986996823989
748.5030388897752,12.302696802253593,0.3163485384159096
750.2234059586657,12.434922002770714,0.28636387849293926
751.9437730275562,12.567295443019384,0.17932036296448486
753.6641400964468,12.619296756190147,0.24688257335788458
755.3845071653373,12.64442076604573,0.30839643907077385
757.1048742342277,12.669705397679298,0.312361932962047
758.8252413031182,12.695152145499973,0.26141237076690294
760.5456083720087,12.714190656179762,0.14690758965351594
762.2659754408992,12.671617326393893,0.27644997482702477
763.9863425097898,12.629206225796654,0.3155516569117399
765.7067095786803,12.586954847748771,0.30171524872940786
767.4270766475707,12.54486069506494,0.22538921628284134
769.1474437164612,12.566132924198264,0.21044482876975046
770.8678107853517,12.666828074222531,0.29687600567115063
772.5881778542422,12.767685170373117,0.31675121461271477
774.3085449231327,12.868710173628278,0.2843902546276417
776.0289119920233,12.96990905488294,0.17254048371931102
777.7492790609138,13.035235156467081,0.2518480807720835
779.4696461298042,13.091228447414005,0.31023548437254134
781.1900131986947,13.147408767903032,0.3122675843151538
782.9103802675852,13.203779438368606,0.25927344677554387
784.6307473364757,13.252285098559923,0.16029060536527526
786.3511144053663,13.250927583639843,0.28084138995859403
788.0714814742568,13.24976653698736,0.3171604032171183
789.7918485431472,13.248801889977276,0.30142116385300627
791.5122156120377,13.248033585607223,0.2228487705004764
793.2325826809282,13.31192644814185,0.21934071153018264
794.9529497498187,13.44415321238946,0.30060883751159995
796.6733168187093,13.576587865159466,0.31831169835629375
798.3936838875998,13.709238233749918,0.28457499965564587
800.1140509564902,13.842112158236327,0.17129694679036814
801.8344180253807,13.868328900942103,0.2594846197730699
803.5547850942712,13.87345278818535,0.3134257340294337
805.2751521631617,13.878809936930638,0.31295183649419267
806.9955192320523,13.88440066378595,0.2577628393715086
808.7158863009428,13.880854276889236,0.17337743258591484
810.4362533698333,13.835188550734435,0.28529213279366417
812.1566204387237,13.78975382454202,0.31851231111844225
813.8769875076142,13.744547412957736,0.3003996507708446
815.5973545765047,13.699566644149353,0.21853723783843432
817.3177216453952,13.729017816597109,0.22597356429605944
819.0380887142858,13.824851522802915,0.30309062709317225
820.7584557831763,13.920915618013979,0.318562387644944
822.4788228520667,14.017215779917985,0.2827021849910398
824.1991899209572,14.113757700165987,0.16484666354006988
825.9195569898477,14.061317305633619,0.26417564464065635
827.6399240587383,13.98803210145818,0.31486429222738965
829.3602911276288,13.914986930777559,0.3120119137060337
831.0806581965193,13.842177476381636,0.25381899813085296
832.8010252654097,13.73577096542938,0.1812223724163479
834.5213923343002,13.512182802944817,0.28755723292727114
836.2417594031907,13.28880654974683,0.3179490371343308
837.9621264720812,13.065629003584448,0.29673756572860494
839.6824935409717,12.842636973953184,0.20873633564208588
841.4028606098622,12.536057819229502,0.22733436998167755
843.1232276787526,12.166751277094283,0.3017148416006522
844.8435947476434,11.797577124945859,0.3137287225493357
846.5639618165338,11.428513543433478,0.2717798022956043
848.2843288854243,11.059538719712604,0.1316878417572543
850.0046959543148,10.981554912793964,0.25818224649463684
851.7250630232053,10.929381506894021,0.3096476422197937
853.4454300920958,10.87726735848296,0.3046452449647034
855.1657971609862,10.825209387470636,0.23966337800085422
856.8861642298767,10.77095728820716,0.17265304856939462
858.6065312987672,10.710560263995717,0.2832205289676229
860.3268983676577,10.650209564255164,0.31343473447415615
862.0472654365482,10.58990162205954,0.2896475986508516
863.7676325054387,10.52963287301884,0.19280475197355612
865.4879995743291,10.64624063709687,0.22511896886263918
867.2083666432198,10.874207697390402,0.30034055227223255
868.9287337121103,11.102230754231888,0.3122313092436067
870.6491007810008,11.330323284517041,0.2693178449018185
872.3694678498913,11.558498769237767,0.12381308734971494
874.0898349187818,11.438790098438451,0.2632695023474032
875.8102019876723,11.305123845324063,0.3113445152972779
877.5305690565627,11.17153905728688,0.30400937458500704
879.2509361254532,11.038027839022407,0.23615385163526173
880.9713031943437,10.942057840568598,0.18230705215837645
882.6916702632342,10.930069209914587,0.28654902864633985
884.4120373321247,10.918139877409695,0.3142664931568731
886.1324044010152,10.9062691379795,0.28844245012607306
887.8527714699059,10.894456290036215,0.18818480567376286
889.5731385387963,10.907548990470161,0.23192908886995284
891.2935056076868,10.933717849640145,0.30241850783646607
893.0138726765773,10.959946222598724,0.31122918125886695
894.7342397454678,10.9862356595266,0.26459842901802705
896.4546068143583,11.013970358491749,0.10699384659895204
898.1749738832488,11.412822552425773,0.24958081646050312
899.8953409521392,11.811762576768048,0.26189777384020757
901.6157080210297,12.210814010131275,0.1742089337306538
903.3360750899202,12.250766909479982,0.231892258986151
905.0564421588107,12.128119463713247,0.30121670602970446
906.7768092277012,12.005602124672865,0.30814245234853227
908.4971762965916,11.883207651201324,0.2577514662641692
910.2175433654824,11.770373754932557,0.11497903527326096
911.9379104343728,11.824078785021522,0.2636546237397354
913.6582775032633,11.880948150405716,0.30914972376523836
915.3786445721538,11.937933013915808,0.29803696860138157
917.0990116410443,11.99503674352813,0.22196759728467894
918.8193787099348,12.035611284833221,0.18790949723650477
920.5397457788252,12.049511952076307,0.28734851121401184
922.2601128477157,12.063538080092364,0.3115411486140208
923.9804799166062,12.077690497877152,0.280676977448348
925.7008469854967,12.091970041883325,0.1665229136607299
927.4212140543872,11.939528074883697,0.23516186579300222
929.1415811232777,11.725722772412395,0.3016606305352472
930.8619481921684,11.512023793741864,0.30620052585348645
932.5823152610589,11.298418508594063,0.25215200494599643
934.3026823299493,11.103808402025415,0.11525720790424232
936.0230493988398,11.116069150991597,0.26528260427002054
937.7434164677303,11.129564231131258,0.30845993885673034
939.4637835366208,11.143130400203006,0.2946722475380616
941.1841506055113,11.156768460012024,0.2131325712009055
942.9045176744017,11.14864344549404,0.19092559323652636
944.6248847432922,11.111137489525314,0.28769636656601955
946.3452518121827,11.073701533412429,0.3098219933304433
948.0656188810732,11.03633336457306,0.2758932988184717
949.7859859499637,10.99903077442898,0.15214084095684238
951.5063530188542,11.063665569278582,0.23709605651854002
953.2267200877449,11.158242015380946,0.3019320494332707
954.9470871566353,11.252891245358288,0.3050678629482449
956.6674542255258,11.347618853294183,0.24884795680692648
958.3878212944163,11.423752424735081,0.12762035810725839
960.1081883633068,11.364197075938998,0.2692283845925063
961.8285554321973,11.304701996464907,0.3093069011749533
963.5489225010878,11.245288357121677,0.2929659485734221
965.2692895699782,11.185952646385907,0.20725940281861718
966.9896566388687,11.174691850149147,0.19777866605669145
968.7100237077592,11.21801506166777,0.2899535833321038
970.4303907766497,11.261414589844975,0.30981521549543056
972.1507578455402,11.304892999740554,0.27359893790930345
973.8711249144309,11.348452861054634,0.14380826973598415
975.5914919833214,11.369022292905019,0.24239865982349437
977.3118590522118,11.384465376397786,0.3035235429526685
979.0322261211023,11.399994614300665,0.30413643728612033
980.7525931899928,11.41561092443345,0.244692648865371
982.4729602588833,11.397165442526122,0.13892756709312862
984.1933273277738,11.203778193380964,0.27215741747181166
985.9136943966643,11.01046641945526,0.3093998610482297
987.6340614655547,10.81721869539597,0.2903133337329115
989.3544285344452,10.624023599657848,0.19931790420854198
991.0747956033357,10.683802059030489,0.20259124829782296
992.7951626722262,10.985898604350297,0.2914367589374189
994.5155297411167,11.28805774750608,0.30946175088871547
996.2358968100074,11.59029734707541,0.2711813912585468
997.9562638788979,11.892635266369709,0.13508680427206346
999.6766309477883,11.782331370985048,0.24747871366735968
1001.3969980166788,11.603975168182034,0.30481571827938114
1003.1173650855693,11.425718093522264,0.30260056205222075
1004.8377321544598,11.247549611423128,0.23918367366474286
1006.5580992233503,11.128107809474233,0.14682155638762576
1008.2784662922408,11.235116352260489,0.27445539813108627
1009.9988333611312,11.34220222244625,0.3099255242987818
1011.7192004300217,11.449371749153437,0.2893884327641656
1013.4395674989122,11.556631266437092,0.19595499210258446
1015.1599345678027,11.635314856000656,0.2117525436620543
1016.8803016366934,11.690948434980344,0.2947379224988682
1018.6006687055839,11.74668628249397,0.3099047289020228
1020.3210357744744,11.80253169281764,0.2689847614869944
1022.0414028433648,11.85826516132018,0.12676787788126279
1023.7617699122553,11.803478059523199,0.25246289306811137
1025.4821369811457,11.736343019510281,0.30647561621088293
1027.2025040500362,11.669314930998167,0.3020678492640065
1028.9228711189267,11.602389832403084,0.23598712870440397
1030.6432381878171,11.527152270504644,0.1591777099314179
1032.3636052567076,11.426541447594323,0.2780248659235134
1034.083972325598,11.326019265919966,0.3101738741786219
1035.8043393944886,11.22557978429709,0.2864821677250935
1037.524706463379,11.125217066439873,0.18678084683329674
1039.24507353227,11.159701469477877,0.21563697343928656
1040.9654406011605,11.285699171254453,0.2956738261498546
1042.685807670051,11.411777190033085,0.30880191866474943
1044.4061747389414,11.53794297744081,0.2651565969862002
1046.126541807832,11.663855020515722,0.11754667578560773
1047.8469088767224,11.758606379106554,0.2558862376153141
1049.567275945613,11.85119527823536,0.3074737884950703
1051.2876430145034,11.943897916986366,0.3013143452151916
1053.0080100833939,12.036719774389661,0.23286797150324387
1054.7283771522843,12.105528346246272,0.1708607929950043
1056.4487442211748,12.1155941818774,0.28202191504076607
1058.1691112900653,12.125789383957924,0.3116360557428884
1059.8894783589558,12.136114555051174,0.2862509021240911
1061.6098454278463,12.1465703054165,0.18439201596210175
1063.3302124967367,12.207332844037355,0.22487757278855605
1065.0505795656272,12.29666374280771,0.29932186673990335
1066.7709466345177,12.38613470980661,0.30979755184586094
1068.4913137034082,12.475751033079652,0.2640345828939889
1070.2116807722987,12.5616046080379,0.12113010509118004
1071.9320478411892,12.505630432436835,0.26167392127625977
1073.6524149100796,12.443736693653332,0.30921353726468104
1075.3727819789701,12.381991715598902,0.3001364126628065
1077.0931490478606,12.320391848929123,0.22776851661030803
1078.813516116751,12.018228390840449,0.16003451306290883
1080.5338831856416,11.234705302818405,0.10586436750973147
1082.2542502545325,11.392443348225736,0.2645079786787155
1083.974617323423,11.553775123932091,0.3115881017264583
1085.6949843923135,11.715203060782908,0.30341864041635447
1087.415351461204,11.876736699697847,0.23428713496175801
1089.1357185300944,12.021713318650956,0.1916309276491989
1090.856085598985,12.134990712995132,0.29026962865855915
1092.5764526678754,12.248398620181138,0.31615066524877733
1094.2968197367659,12.361943742979605,0.28950039789412174
1096.0171868056564,12.475632792266602,0.18928907288604327
1097.7375538745468,12.393725321428665,0.2407262089754673
1099.4579209434373,12.224551692159222,0.30618610371735516
1101.1782880123278,12.055513869069799,0.31259559205540427
1102.8986550812183,11.886601861490796,0.2642882281157748
1104.6190221501088,11.726904114288118,0.12614338262437177
1106.3393892189993,11.792740381981234,0.27038120518472325
1108.0597562878897,11.858686934434028,0.3136869285595135
1109.7801233567802,11.924747669293549,0.302982857383367
1111.5004904256707,11.990926490966773,0.23087183396824076
1113.2208574945612,12.007594328918646,0.20021951416030634
1114.9412245634517,11.945534899207134,0.2928864608076025
1116.6615916323422,11.883594784907821,0.3154794688127497
1118.3819587012326,11.821770325143948,0.285176352985724
1120.1023257701231,11.76005786590447,0.1765586217562003
1121.8226928390136,11.813573823734295,0.2421026522762821
1123.5430599079045,11.908962182643831,0.3063741664778061
1125.263426976795,12.004467695398498,0.31176509861995366
1126.9837940456855,12.100096006667716,0.26193801281548773
1128.704161114576,12.193680686208475,0.14183892814739188
1130.4245281834665,12.262857265962184,0.2749129764797051
1132.144895252357,12.332171915881032,0.3151092216509928
1133.8652623212474,12.40162873268303,0.30211573832419913
1135.585629390138,12.471231821478334,0.2269703547225166
1137.3059964590284,12.59221504876905,0.20811869205334826
1139.0263635279189,12.781594791864293,0.29638702904544284
1140.7467305968094,12.97114326416293,0.31759028332609696
1142.4670976656998,13.160871668586653,0.2870042141743084
1144.1874647345903,13.350791218689055,0.17990106116797616
1145.9078318034808,13.365663215616893,0.2529002870658956
1147.6281988723713,13.330241928655397,0.31103958423855443
1149.3485659412618,13.295021797694877,0.3132918836287828
1151.0689330101523,13.260000741110446,0.261108084507645
1152.7893000790427,13.215188061827156,0.15789215353356817
1154.5096671479332,13.099885108360333,0.27997996958585447
1156.2300342168237,12.984769696071911,0.3167160040991291
1157.9504012857142,12.869835021275184,0.3011575104470678
1159.6707683546047,12.755074290958733,0.22259148051006275
1161.3911354234951,12.691746058537822,0.21494355038752103
1163.1115024923856,12.686085373219337,0.2983134926279265
1164.831869561276,12.680587772191982,0.31638966903187093
1166.552236630167,12.675252930532515,0.2820244761484067
1168.2726036990575,12.670080532938329,0.16520358804966562
1169.992970767948,12.740500490182118,0.2535469115571463
1171.7133378368385,12.827776418061706,0.31046252329813495
1173.433704905729,12.915223804625843,0.3112058142008219
1175.1540719746195,13.002847818293636,0.2562662421442716
1176.87443904351,13.114477616865173,0.16516079105788173
1178.5948061124004,13.3457056350864,0.28260596113434494
1180.315173181291,13.577135723260852,0.31803526280879957
1182.0355402501814,13.808781559645695,0.3018675459115404
1183.7559073190719,14.040656835244153,0.22315133981644036
1185.4762743879623,14.095415847075891,0.22671530456193217
1187.1966414568528,13.982608605655518,0.30339890295879424
1188.9170085257433,13.870041077181924,0.3186635873947775
1190.6373755946338,13.757706608560433,0.28264613402242805
1192.3577426635243,13.645598560453326,0.16453826162109159
1194.0781097324148,13.571270795854455,0.2612443339377799
1195.7984768013052,13.503205272853542,0.3134105711824535
1197.5188438701957,13.435351128535569,0.31120630846424646
1199.2392109390862,13.367704352500647,0.25321496284610284
1200.9595780079767,13.283434507562948,0.17491440809184686
1202.6799450768672,13.135617392820304,0.2852966464014929
1204.4003121457577,12.987989931142332,0.31721539312718416
1206.1206792146481,12.840543397285327,0.2971428685782161
1207.8410462835386,12.69326907668185,0.21070381382161146
1209.5614133524296,12.514616778963934,0.2254901367713875
1211.28178042132,12.310964580062858,0.30138201298583656
1213.0021474902105,12.107453294614984,0.31459274246933505
1214.722514559101,11.904070894467193,0.274335840169546
1216.4428816279915,11.700805359064367,0.140357370496299
1218.163248696882,11.658203403264576,0.25873772162129
1219.8836157657724,11.632784184807708,0.31062185172389195
1221.603982834663,11.607465797189928,0.30658518152096303
1223.3243499035534,11.582246744011453,0.2438652001566884
1225.044716972444,11.545547462365642,0.17426340868139137
1226.7650840413344,11.474457436052294,0.28419039500096555
1228.4854511102249,11.403458882954443,0.31473640927536806
1230.2058181791153,11.332547606849298,0.29198722735344107
1231.9261852480058,11.261719416635245,0.19837721221368904
1233.6465523168963,11.200669241599584,0.2257016280901758
1235.3669193857868,11.146191457290838,0.30057203485235523
1237.0872864546773,11.09178574464233,0.3122887939119648
1238.8076535235678,11.037448888104592,0.26923066424501185
1240.5280205924582,10.983177676187715,0.12337020619453659
1242.2483876613487,10.96450474480003,0.2604838903922015
1243.9687547302392,10.947907518216072,0.31025690543125956
1245.6891217991297,10.931370644079232,0.30395896384088816
1247.4094888680202,10.914893145009554,0.23716250888429635
1249.1298559369106,10.90662059264706,0.17873013372202579
1250.8502230058011,10.917982088201752,0.2852801222242991
1252.570590074692,10.929402167511395,0.31389659299118194
1254.2909571435825,10.940881505547424,0.2887689097442463
1256.011324212473,10.952420780764122,0.18960591862213222
1257.7316912813635,11.085775278455612,0.221012059170551
1259.452058350254,11.287280500132237,0.266299354417272
1261.1724254191445,11.48886613228196,0.21933141302659376
1262.892792488035,11.640904656491603,0.17504690863472883
1264.6131595569254,11.690357139389581,0.283067719741617
1266.333526625816,11.739913855872818,0.31097220234278605
1268.0538936947064,11.789577734899085,0.2835039138309138
1269.7742607635969,11.83935171175836,0.1764532488899809
1271.4946278324874,11.885688434012225,0.2279482528692248
1273.2149949013778,11.930418885065386,0.2998078128338686
1274.9353619702683,11.97526775811343,0.3081861652818707
1276.6557290391588,12.020237703870412,0.25931365909340454
1278.3760961080493,12.06769599800571,0.11540206409081169
1280.0964631769398,12.165732841297821,0.26291957858978043
1281.8168302458303,12.26513778770557,0.3092975096079572
1283.5371973147207,12.364680939058024,0.29913420183612877
1285.2575643836112,12.464368178689952,0.2248870975828697
1286.9779314525017,12.56217529238566,0.18684365778417636
1288.6982985213922,12.656657409008943,0.28741259812882014
1290.4186655902827,12.751300870639346,0.31265268239790983
1292.1390326591732,12.84611127100601,0.28346292153503705
1293.8593997280636,12.941094213710988,0.17435731138272695
1295.5797667969546,12.944448139135332,0.23663342401240423
1297.300133865845,12.911545318009672,0.30334783251606234
1299.0205009347355,12.878818906581383,0.30918030370855926
1300.740868003626,12.846266970610017,0.2582903019806727
1302.4612350725165,12.821969541928183,0.1273435596006681
1304.181602141407,12.901215252378378,0.26866793112712173
1305.9019692102975,12.981592850800286,0.31140362080618
1307.622336279188,13.062150998939185,0.2988750382209472
1309.3427033480784,13.142894458056006,0.2219073452053818
1311.063070416969,13.116162520654216,0.19667240401186875
1312.7834374858594,12.935258646408716,0.2905902503268213
1314.5038045547499,12.754532583391748,0.31252104793251606
1316.2241716236404,12.573973650115736,0.27993445117685994
1317.9445386925308,12.393571174978424,0.16284902201909332
1319.6649057614213,12.358869147199135,0.2394397902477392
1321.3852728303118,12.370678988482924,0.30363927320331263
1323.1056398992023,12.382633272531969,0.3072634340018681
1324.8260069680928,12.394732705895391,0.2529307524003252
1326.5463740369833,12.379533165742602,0.1308793765191539
1328.2667411058737,12.135723886541752,0.27016532524658615
1329.9871081747642,11.89176168125698,0.3100752329352586
1331.7074752436547,11.64791561321296,0.2940115929079972
1333.4278423125452,11.404171270315702,0.2094648153648998
1335.1482093814357,11.283174776586481,0.1954722655424501
1336.8685764503261,11.3101302924569,0.2892360101071279
1338.588943519217,11.337167569294762,0.30994564537964164
1340.3093105881076,11.364288205083675,0.27466132033138135
1342.029677656998,11.391493802748014,0.1475473017891462
1343.7500447258885,11.413802867629634,0.2409225091539201
1345.470411794779,11.434961122203909,0.3031178107616198
1347.1907788636695,11.456208515646514,0.3044972037206607
1348.91114593256,11.477546303739324,0.24608590610996073
1350.6315130014505,11.452713421862143,0.13481559469408785
1352.351880070341,11.162518920749823,0.27090531449452493
1354.0722471392314,10.872397456297293,0.30885941997468397
1355.792614208122,10.582331881408296,0.29016168327299774
1357.5129812770124,10.292305052284245,0.19946434487787063
1359.2333483459029,10.07802553151479,0.19808844075815185
1360.9537154147934,9.940727266163934,0.28911764373903487
1362.6740824836838,9.803429825701098,0.3072791206941308
1364.3944495525743,9.66612509540918,0.26783563872508215
1366.1148166214648,9.528804960131131,0.12461967341088818
1367.8351836903553,9.579538939321871,0.2402633502448943
1369.5555507592458,9.66516941744323,0.3014320359022148
1371.2759178281362,9.750784434105798,0.3007420571389613
1372.9962848970267,9.836389049422708,0.23765503831332366
1374.7166519659172,9.89547127776683,0.13675449445217355
1376.4370190348077,9.842178099101794,0.270996964471747
1378.1573861036982,9.788879920743792,0.3076702483647477
1379.8777531725887,9.735573592616038,0.287004686052607
1381.5981202414796,9.682255964135228,0.19122911292034053
1383.31848731037,9.653520865827112,0.2031510277521398
1385.0388543792606,9.645855757742092,0.29060557577245255
1386.759221448151,9.638174046695417,0.3067203854984203
1388.4795885170415,9.630475278677949,0.2648584497454633
1390.199955585932,9.62282599733714,0.1128579412533553
1391.9203226548225,9.738668480540142,0.2450089309095256
1393.640689723713,9.870486705700534,0.3028872967094439
1395.3610567926034,10.002301604309901,0.2999797186490855
1397.081423861494,10.134120967033969,0.23403058153650635
1398.8017909303844,10.214301512115286,0.14938701376257993
1400.522157999275,10.124883798250968,0.27456878568669874
1402.2425250681654,10.035477793502732,0.30822738369890623
1403.9628921370559,9.946078213701727,0.2849024805254721
1405.6832592059463,9.856679775041504,0.1840669915316505
1407.4036262748368,9.742913365409724,0.20922074259893972
1409.1239933437273,9.611560852843489,0.2923478776064385
1410.8443604126178,9.480189710378605,0.30585973843169373
1412.5647274815083,9.348792173558587,0.2608139647712012
1414.2850945503988,9.218955611181592,0.09945292951249363
1416.0054616192892,9.312231082794698,0.24824798449519792
1417.7258286881797,9.424511311532568,0.3032872788773635
1419.4461957570702,9.536761855141192,0.2978974062975589
1421.1665628259607,9.64898934799837,0.22782749876401806
1422.8869298948512,9.736551139112924,0.15652368854637227
1424.607296963742,9.759423127854912,0.2765291843589036
1426.3276640326326,9.782285225826618,0.3080998244285324
1428.048031101523,9.805138784255744,0.2826223003766314
1429.7683981704135,9.827985153852923,0.17695880954872836
1431.488765239304,9.772228771815213,0.21541442569774985
1433.2091323081945,9.668992006574276,0.2942879781580931
1434.929499377085,9.565740005788406,0.30533025812107195
1436.6498664459755,9.462466666945238,0.25742648941935287
1438.370233514866,9.369398333461415,0.0931688892635412
1440.0906005837564,9.76362806184794,0.16257183916661155
1441.810967652647,9.887048688037913,0.2252960651391047
1443.5313347215374,9.839416303615524,0.2994561019547278
1445.251701790428,9.791778756276694,0.3097566288032834
1446.9720688593184,9.744133230488744,0.2637905168845163
1448.6924359282089,9.696476910255713,0.10284224479975197
1450.4128029970993,9.779730223618218,0.2607765327884847
1452.1331700659898,9.865450241463542,0.3092699433570119
1453.8535371348803,9.951166635084064,0.3011561762027457
1455.5739042037708,10.036884470586944,0.23053126235022275
1457.2942712726613,10.077267440441066,0.18114687398165388
1459.0146383415517,10.025162847393373,0.28552097561094075
1460.7350054104422,9.973064069644945,0.3124660447645904
1462.4553724793327,9.920968027984948,0.28487963095353436
1464.1757395482232,9.868871643379409,0.17911576341440394
1465.8961066171137,9.93435375354372,0.23051230985240623
1467.6164736860046,10.056077085787123,0.30126700197990186
1469.336840754895,10.177808060459144,0.30957619780561335
1471.0572078237856,10.29955387224434,0.2614650497656248
1472.777574892676,10.41976341742137,0.10933196108426053
1474.4979419615665,10.47649843359969,0.26551633140708414
1476.218309030457,10.533265940448075,0.3108134992963935
1477.9386760993475,10.590069293100505,0.3004629376903721
1479.659043168238,10.64691184882187,0.22697194356897393
1481.3794102371285,10.571164849493714,0.19048955497440176
1483.099777306019,10.271027140237281,0.28844062223895633
1484.8201443749094,9.970909777638271,0.31222713996523366
1486.5405114438,9.670795023806296,0.2813414856374921
1488.2608785126904,9.370665141006883,0.16791483622990225
1489.9812455815809,9.402739737731892,0.23344370333965384
1491.7016126504714,9.564653527817766,0.3017346863411191
1493.4219797193618,9.72654591563447,0.308022251313161
1495.1423467882523,9.88842646953134,0.25690178689504034
1496.8627138571428,10.039182118245044,0.12031279662922456
1498.5830809260333,10.033719412738307,0.2679718967231537
1500.3034479949238,10.028263028245918,0.31071973970084893
1502.0238150638143,10.022812642281819,0.29781617664913895
1503.7441821327047,10.017367932705504,0.21965936430980143
1505.4645492015952,10.005612973187844,0.19494007740174432
1507.1849162704857,9.984921835002599,0.28989524493746155
1508.9052833393762,9.964234133739778,0.3121999662082877
1510.6256504082671,9.943548646700503,0.27980976811775515
1512.3460174771576,9.922864151289703,0.1628151773733525
1514.066384546048,9.84180002238515,0.24005587457080488
1515.7867516149386,9.741816955134011,0.3037248096393868
1517.507118683829,9.641822956537286,0.30689702542100333
1519.2274857527195,9.541812116622413,0.2518697153792895
1520.94785282161,9.441261346420555,0.12887840729442018
1522.6682198905005,9.336453079706862,0.26985615040555505
1524.388586959391,9.231609923357006,0.3101711240956139
1526.1089540282815,9.126725680788004,0.29456158117799913
1527.829321097172,9.021794153013149,0.21095332869333466
1529.5496881660624,8.955897266370135,0.19813240575504865
1531.270055234953,8.936484897246766,0.29032932093439184
1532.9904223038434,8.917013999081377,0.31050951223783296
1534.7107893727339,8.897483421088639,0.2750171713822342
1536.4311564416244,8.877892008940902,0.1481251617878451
1538.1515235105148,8.90961928572629,0.24187973231453164
1539.8718905794053,8.953813469890928,0.3036177276473842
1541.5922576482958,8.997950149192105,0.3048771336360004
1543.3126247171863,9.042031932244639,0.24658672368414833
1545.0329917860768,9.06147735797925,0.13758006170744622
1546.7533588549672,8.943162635363283,0.272002962855235
1548.4737259238577,8.824789778392631,0.3099744430876599
1550.1940929927482,8.706351790839257,0.2919402824728809
1551.9144600616387,8.587841672650574,0.2035140412501431
1553.6348271305296,8.436292529563369,0.20314726844481484
1555.35519419942,8.251561296732433,0.29150665173645873
1557.0755612683106,8.066731053692479,0.3091451779867119
1558.795928337201,7.8817908763955264,0.2702871743398817
1560.5162954060916,7.696729834279157,0.1320001953691153
1562.236662474982,7.740809822901382,0.24384880491653643
1563.9570295438725,7.82633889273238,0.30335155552375603
1565.677396612763,7.9117438203621315,0.3023002336587003
1567.3977636816535,7.997029653488328,0.2398997378468864
1569.118130750544,8.045067266914884,0.14305757884340908
1570.8384978194345,7.938707675641956,0.27311336013952103
1572.558864888325,7.832230583516788,0.30899647468443214
1574.2792319572154,7.725629697406506,0.28832993384078376
1575.999599026106,7.618898716856226,0.19378848559659434
1577.7199660949964,7.556670533848445,0.20637728801324232
1579.4403331638869,7.532099471851755,0.2921485265070002
1581.1607002327773,7.507386877166904,0.3079269909850534
1582.8810673016678,7.482531289196626,0.26645568894511085
1584.6014343705583,7.457531238898802,0.1178301200617709
1586.3218014394488,7.676693223205101,0.24750481979524103
1588.0421685083393,7.92622701002669,0.30442442323350266
1589.7625355772298,8.175642558349619,0.30156371567800094
1591.4829026461202,8.424954609430536,0.23676478082430236
1593.2032697150107,8.617835561813347,0.15601662590482338
1594.9236367839012,8.628748262908253,0.2771664647558267
1596.6440038527921,8.639584246747274,0.3103199937749328
1598.3643709216826,8.650344153776762,0.2877108624128855
1600.084737990573,8.661028619939488,0.19040792539415333
1601.8051050594636,8.708233418795674,0.21538735676714932
1603.525472128354,8.781433260714724,0.29569981571150233
1605.2458391972445,8.854565409548071,0.3091015553284759
1606.966206266135,8.927634187641324,0.26591314594248
1608.6865733350255,9.000643913590443,0.11371279124920271
1610.406940403916,8.988008117801556,0.25447636257084677
1612.1273074728065,8.96902383552524,0.30683724811386787
1613.847674541697,8.949982947363857,0.3010471730230721
1615.5680416105874,8.930884327945636,0.2328052784177521
1617.288408679478,8.899414888998628,0.1634515921449898
1619.0087757483684,8.836070078863855,0.2567722667352945
1620.729142817259,8.772660804849831,0.24254960375574125
1622.4495098861494,8.710582778304703,0.08947380984889736
1624.1698769550399,8.725947105938513,0.2503834091165106
1625.8902440239303,8.745680060236738,0.30308113539076076
1627.6106110928208,8.765343208323996,0.2952949272598061
1629.3309781617113,8.784937712355491,0.22071136895123805
1631.0513452306018,8.7892508010335,0.15923984256187163
1632.7717122994923,8.75979599781613,0.2767822671254583
1634.4920793683827,8.730272222686793,0.30660384902650706
1636.2124464372732,8.70067773068877,0.27848506430019027
1637.9328135061637,8.671010772699182,0.16507139752112737
1639.6531805750546,8.753426458817142,0.21653510359285344
1641.3735476439451,8.893928222713864,0.2942310981417888
1643.0939147128356,9.034368942335929,0.3041399757024355
1644.814281781726,9.174756918176818,0.2543155716072226
1646.5346488506166,9.304590206889074,0.09285062734138613
1648.255015919507,9.157995843657174,0.25537847003026604
1649.9753829883975,9.002629763167977,0.30438240891839863
1651.695750057288,8.847209063017255,0.29382607689692547
1653.4161171261785,8.69172455733739,0.2151092927564728
1655.136484195069,8.605531798701303,0.16774170612281908
1656.8568512639595,8.646097642869599,0.2792610381046091
1658.57721833285,8.686587795189304,0.30655411962108137
1660.2975854017404,8.727004648749984,0.27587526623849024
1662.017952470631,8.767350592323313,0.15613361537767095
1663.7383195395214,8.769219425134327,0.2219394698411354
1665.4586866084119,8.754640765585203,0.29565306138126873
1667.1790536773024,8.739992829420368,0.3028837696731132
1668.8994207461928,8.725274750913574,0.2494828393468404
1670.6197878150833,8.712643727807015,0.0923058775124857
1672.3401548839738,8.732553284987178,0.258076480560419
1674.0605219528643,8.752840539974684,0.3047232134898157
1675.7808890217548,8.773058411952347,0.29207872320403894
1677.5012560906453,8.793208095875123,0.20967335760121739
1679.2216231595357,8.773548489067158,0.17639777004637988
1680.9419902284262,8.69321690571821,0.28183014564615116
1682.6623572973172,8.61281241541502,0.306382643846877
1684.3827243662076,8.532330265995554,0.2728477010924876
1686.1030914350981,8.451765700717347,0.14543132179935905
1687.8234585039886,8.367834545396235,0.22652169192601934
1689.543825572879,8.28268019783425,0.29661035488063126
1691.2641926417696,8.197428679293816,0.3011192965742265
1692.98455971066,8.112074951136549,0.24371725118858492
1694.7049267795505,8.039958280660265,0.09492070131035953
1696.425293848441,8.096004099663162,0.26004497195510046
1698.1456609173315,8.15235344683914,0.30448437446197013
1699.866027986222,8.20859792031131,0.2895310539333983
1701.5863950551125,8.264740844307125,0.20241980676533022
1703.306762124003,8.227047579054412,0.1826403656594166
1705.0271291928934,8.069251541596843,0.2834269597088958
1706.747496261784,7.911345718849538,0.30540664983948645
1708.4678633306744,7.7533207780697,0.2686776949919017
1710.1882303995649,7.595167379484694,0.13064954110445995
1711.9085974684554,7.578727063910495,0.2296577832686771
1713.6289645373458,7.600753824030175,0.29711251918514725
1715.3493316062363,7.622643109150386,0.29948762494489634
1717.0696986751268,7.644396212995826,0.23873415702559128
1718.7900657440173,7.657643025691481,0.10659885894060582
1720.5104328129078,7.616452259423301,0.26278897415775226
1722.2307998817982,7.575124945978972,0.3043279320351036
1723.9511669506887,7.533658642792409,0.28642838882394495
1725.6715340195797,7.492050899059912,0.19321682155804462
1727.3919010884701,7.56018301043766,0.1870271485656981
1729.1122681573606,7.74670771509401,0.2847160365037181
1730.832635226251,7.933103571088699,0.3051175163589662
1732.5530022951416,8.119381595008278,0.26661288650378456
1734.273369364032,8.305552796487643,0.12253658349571506
1735.9937364329226,8.453575439119035,0.2361647087387327
1737.714103501813,8.59363815251491,0.29958427991419484
1739.4344705707035,8.733622073527796,0.29982039884480327
1741.154837639594,8.873535475669858,0.23706200769019056
1742.8752047084845,8.986240490364032,0.12770387627040417
1744.595571777375,8.971863480600694,0.2683228971542319
1746.3159388462655,8.957430032781854,0.3065061737588534
1748.036305915156,8.942939293850824,0.28663572932799447
1749.7566729840464,8.92839040735981,0.19140640287250207
1751.477040052937,8.910025470039272,0.19882836610332105
1753.1974071218274,8.888181827351726,0.28879867386773334
1754.9177741907179,8.86627680076344,0.30574915051221735
1756.6381412596083,8.844309095614689,0.2641376701132436
1758.3585083284988,8.82227750728019,0.1107150827011928
1760.0788753973893,8.847453135146633,0.24117064985556907
1761.7992424662798,8.879560988404828,0.30091606444154095
1763.5196095351703,8.911606948235926,0.2985246739148043
1765.2399766040608,8.943592908664879,0.23208285748781862
1766.9603436729512,8.935472212680153,0.13835184856004765
1768.6807107418422,8.784123412242781,0.2709221413868272
1770.4010778107327,8.632707077716265,0.3062423987943695
1772.1214448796231,8.481214259915413,0.28337758179297984
1773.8418119485136,8.329636005133523,0.18152399446410125
1775.562179017404,8.270196049338212,0.20282972390804457
1777.2825460862946,8.28135491656559,0.28971252821472904
1779.002913155185,8.292416534484245,0.3046029688656094
1780.7232802240756,8.303381556881595,0.2601746490493946
1782.443647292966,8.314879374231129,0.09598978032510391
1784.1640143618565,8.483035957860412,0.24488232215514172
1785.884381430747,8.666680257345991,0.30182350297741106
1787.6047484996375,8.850250081476354,0.2973297224177357
1789.325115568528,9.03375627981609,0.22779228654995118
1791.0454826374184,9.142830843255814,0.15000290062988156
1792.765849706309,9.041368082178266,0.274264012750745
1794.4862167751994,8.939852991000224,0.306863697841526
1796.20658384409,8.838279569847305,0.28167195474895035
1797.9269509129804,8.73664181541189,0.1753240617938336
1799.6473179818709,8.21010859225925,0.16840364880664357
1801.3676850507613,7.637125589746972,0.15849604336003495
1803.0880521196518,7.672449767811445,0.27746713932997247
1804.8084191885423,7.707640708337742,0.3091545132555471
1806.5287862574328,7.742700491220104,0.2844132369613795
1808.2491533263233,7.777631188604593,0.18145983127356405
1809.9695203952137,7.886292070165705,0.2177430622833171
1811.6898874641047,8.04027373177904,0.2960575260890895
1813.4102545329952,8.194143895415975,0.3078651785159455
1815.1306216018857,8.347911655298027,0.26230984579551747
1816.8509886707761,8.50158609959069,0.09859198310855848
1818.5713557396666,8.687931023312515,0.2569638916898058
1820.291722808557,8.875334548896552,0.3075793985991191
1822.0120898774476,9.062675931254153,0.3005383232806208
1823.732456946338,9.249966242875018,0.23061661106237535
1825.4528240152285,9.37383481892437,0.17607507686169332
1827.173191084119,9.359262323708712,0.2836281817108456
1828.8935581530095,9.344656286942739,0.3116393682481599
1830.6139252219,9.330015845368516,0.28465562681289774
1832.3342922907905,9.315340133689006,0.17936089752774226
1834.054659359681,9.294085045610938,0.22701154642698923
1835.7750264285714,9.269445829988854,0.2995813701187621
1837.495393497462,9.244767764381043,0.30847468461401584
1839.2157605663524,9.220049390234555,0.2603044791009632
1840.9361276352429,9.194325208923255,0.09454084850589038
1842.6564947041334,9.06366568660297,0.261743056312739
1844.3768617730238,8.932955152034584,0.30854787387452176
1846.0972288419143,8.802185879808746,0.29836449416418065
1847.8175959108048,8.671350141041678,0.22353234462283614
1849.5379629796953,8.558048583550478,0.18078721564409356
1851.2583300485862,8.476434744039162,0.28462596549723923
1852.9786971174767,8.394735185060194,0.3103232796910259
1854.6990641863672,8.312945077913614,0.28027383906092534
1856.4194312552577,8.231059588538862,0.16663254592316115
1858.1397983241482,8.31786482381141,0.22912792393028222
1859.8601653930386,8.475504035448726,0.2997244760537155
1861.5805324619291,8.633057472613459,0.3068574630325185
1863.3008995308196,8.790534447213153,0.2558922657206908
1865.02126659971,8.936329943413295,0.10809089950191557
1866.7416336686006,8.868660597096058,0.2645907933834374
1868.462000737491,8.800928713102238,0.30883430454002214
1870.1823678063815,8.733130288272932,0.29631176093375583
1871.902734875272,8.66526131549794,0.21742261246117825
1873.6231019441625,8.592263327355184,0.18731641307417643
1875.343469013053,8.511576887724402,0.28662818802979384
1877.0638360819435,8.430806805637893,0.310101352510874
1878.784203150834,8.349948307322194,0.2776907310076286
1880.5045702197244,8.268996613790769,0.15811101812440215
1882.224937288615,8.290073440321901,0.23417215837414224
1883.9453043575054,8.34571124885894,0.30106731960125754
1885.6656714263959,8.401255611751086,0.3055944557737012
1887.3860384952868,8.456709811848818,0.251150493656533
1889.1064055641773,8.497487202750147,0.1189859946994881
1890.8267726330678,8.397768844206867,0.26698077930828906
1892.5471397019583,8.297960116793611,0.3086963605310716
1894.2675067708487,8.198055121495237,0.2936110758406856
1895.9878738397392,8.098047953603373,0.20980622250224965
1897.7082409086297,8.057183408007694,0.19217744370330372
1899.4286079775202,8.091120505295102,0.2880244378700783
1901.1489750464107,8.124949109813176,0.30960183339688846
1902.8693421153012,8.158671220940601,0.2749924977238167
1904.5897091841916,8.192288831766815,0.14918454753239493
1906.3100762530821,8.19321574519276,0.23911757558329103
1908.0304433219726,8.185332180424012,0.30242340350079344
1909.750810390863,8.177345691093707,0.3044186067511722
1911.4711774597536,8.169255805187014,0.24659647331872803
1913.191544528644,8.157508556291042,0.1300029663781189
1914.9119115975345,8.123203146753339,0.2697675512911329
1916.632278666425,8.088791140639827,0.3090902288879847
1918.3526457353155,8.054270504088079,0.29187817017193435
1920.073012804206,8.019639196816737,0.20430461607511743
1921.7933798730965,7.981795303375821,0.19952944749634016
1923.513746941987,7.940533498560733,0.2902729720995493
1925.2341140108774,7.899154300808293,0.3091005535086786
1926.954481079768,7.857655264478343,0.27142020901324776
1928.6748481486584,7.81603393683976,0.13649380921678306
1930.3952152175493,7.899242552204575,0.24257685609525298
1932.1155822864398,8.0076264569681,0.30313797318094177
1933.8359493553303,8.11589693420217,0.3029659853497255
1935.5563164242208,8.224060383035882,0.24193135173530264
1937.2766834931112,8.28878115221574,0.14043537069996193
1938.9970505620017,8.154814101593557,0.2724692386246633
1940.7174176308922,8.020742322694588,0.3091524786862889
1942.4377846997827,7.886557891455098,0.2893690458728695
1944.1581517686732,7.752252877144727,0.19675938486225866
1945.8785188375637,7.725611337498567,0.2048172815772939
1947.5988859064541,7.795723039053502,0.2918851049584865
1949.3192529753446,7.8657087889065345,0.30864266599461315
1951.039620044235,7.935572723444245,0.2685938203053698
1952.7599871131256,8.005318971844563,0.12585103976358722
1954.480354182016,8.066195603258539,0.24724629576645993
1956.2007212509066,8.125701718231127,0.30448146807661486
1957.921088319797,8.185101384298372,0.3019603544904796
1959.6414553886875,8.24439811216292,0.23778907282962067
1961.361822457578,8.286556705470641,0.15137818688378993
1963.0821895264685,8.268787269857015,0.2756935778201682
1964.802556595359,8.25091984214514,0.3098617222319687
1966.5229236642494,8.232953366318185,0.28799670082067436
1968.24329073314,8.214886780496649,0.1918001478390626
1969.9636578020304,8.264894488621048,0.21249892522642724
1971.684024870921,8.366410594709935,0.29462025570106015
1973.4043919398118,8.467834478554947,0.30890568858696354
1975.1247590087023,8.569172134630135,0.26650088110853504
1976.8451260775928,8.670429552308375,0.11659893688541864
1978.5654931464833,8.687627551308347,0.2825650676353655
1980.2858602153738,8.697117360688939,0.39724493230004876
1982.0062272842642,8.706534493647085,0.4843289453112715
1983.7265943531547,8.715879506763763,0.556932797060136
1985.4469614220452,8.725152952361498,0.6201775945152258
1987.1673284909357,8.73435537853307,0.67670558770221
1988.8876955598262,8.743487329161718,0.728094831206544
1990.6080626287167,8.752549343987408,0.7753787515912193
1992.3284296976071,8.761541958592389,0.8192787284285881
1994.0487967664976,8.77046570447807,0.8603225633204519
1995.769163835388,8.779321109060724,0.8989106410645363
1997.4895309042786,8.78810869572202,0.9353555297613539
1999.209897973169,8.796828983841037,0.9699070041006813
2000.9302650420595,8.805482488811931,1.0027685637561021
2002.65063211095,8.814069722082719,1.0341087371962703
2004.3709991798405,8.822591191190318,1.0640690542233158
2006.091366248731,8.831047399778527,1.0927698154240604
2007.8117333176215,8.839438847635178,1.1203143609001243
2009.532100386512,8.847766030724603,1.1467922902260668
2011.2524674554024,8.856029441206548,1.1722819329038905
2012.972834524293,8.864229567477524,1.1968522725201374
2014.6932015931834,8.872366894189406,1.2205644656814858
2016.4135686620743,8.880441902285865,1.2434730556257445
2018.1339357309648,8.888455069024586,1.2656269525102166
2019.8543027998553,8.896406868007016,1.287070233109862
2021.5746698687458,8.904297769211547,1.3078427991079122
2023.2950369376363,8.912128239015093,1.3279809234804467
2025.0154040065268,8.919898740224978,1.3475177074565676
2026.7357710754172,8.927609732102098,1.3664834653771407
2028.4561381443077,8.935261670391865,1.384906050937143
2030.1765052131982,8.94285500734555,1.402811135408422
2031.8968722820887,8.950390191752394,1.4202224462433473
2033.6172393509792,8.957867668972247,1.4371619727730458
2035.3376064198696,8.96528788094157,1.453650144406715
2037.0579734887601,8.972651266222943,1.4697059857168404
2038.7783405576506,8.979958260010704,1.4853472519901885
2040.498707626541,8.987209294175877,1.5005905481855684
2042.2190746954316,8.994404797274127,1.5154514337286935
2043.939441764322,9.001545194583553,1.5299445151636322
2045.6598088332125,9.00863090812652,1.5440835283476655
2047.380175902103,9.015662356690271,1.5578814116055186
2049.1005429709935,9.022639955854688,1.5713503710371195
2050.820910039884,9.029564118019739,1.584501938990407
2052.5412771087745,9.036435252426484,1.5973470265596765
2054.261644177665,9.043253765177209,1.6098959708443585
2055.9820112465554,9.050020059269508,1.622158577598254
2057.702378315446,9.056734534615204,1.6341441598113795
2059.422745384337,9.063397588060758,1.6458615726924382
2061.1431124532273,9.070009613410477,1.6573192454574353
2062.863479522118,9.076571001455562,1.6685252102768022
2064.5838465910083,9.083082139997472,1.6794871286881623
2066.304213659899,9.089543413866727,1.690212315743256
2068.0245807287893,9.095955204942168,1.7007077621244036
2069.7449477976797,9.102317892182093,1.7109801544374013
2071.46531486657,9.10863185164446,1.7210358938631667
2073.1856819354607,9.114897456501184,1.7308811133291877
2074.906049004351,9.121115077069206,1.7405216933434198
2076.6264160732417,9.12728508083012,1.7499632766171829
2078.346783142132,9.133407832452614,1.7592112815896743
2080.0671502110226,9.13948369381025,1.768270914954446
2081.787517279913,9.145513024002598,1.7771471832774954
2083.5078843488036,9.151496179386882,1.7858449037871909
2085.228251417694,9.157433513583808,1.7943687144079872
2086.9486184865846,9.163325377507254,1.8027230831025391
2088.668985555475,9.16917211938765,1.810912316580387
2090.3893526243655,9.174974084785486,1.8189405684256397
2092.109719693256,9.180731616615114,1.826811846690999
2093.8300867621465,9.186445055169068,1.8345300210009643
2095.550453831037,9.192114738124321,1.842098829202992
2097.2708208999275,9.197741000578766,1.8495218836018201
2098.991187968818,9.203324175063402,1.8568026768089345
2100.7115550377084,9.208864591560666,1.8639445872362883
2102.4319221065994,9.214362577528593,1.8709508842607698
2104.15228917549,9.219818457913233,1.8778247330836306
2105.8726562443803,9.22523255517547,1.8845691993069829
2107.593023313271,9.23060518930326,1.8911872532475709
2109.3133903821613,9.235936677839856,1.8976817740063465
2111.0337574510518,9.241227335892093,1.9040555533108436
2112.7541245199423,9.246477476156144,1.9103112991459352
2114.4744915888327,9.251687408929545,1.9164516391873068
2116.194858657723,9.256857442138545,1.9224791240508499
2117.9152257266137,9.261987881346322,1.928396230370114
2119.635592795504,9.267079029778953,1.9342053637130383
2121.3559598643947,9.27213118833806,1.9399088613482847
2123.076326933285,9.277144655627138,1.9455089948707642
2124.7966940021756,9.282119727952573,1.9510079726951726
2126.517061071066,9.287056699360516,1.9564079424257326
2128.2374281399566,9.291955861639442,1.9617109931097407
2129.957795208847,9.296817504344984,1.966919157381936
2131.6781622777376,9.301641914816898,1.9720344135062444
2133.398529346628,9.306429378193544,1.9770586873209637
2135.1188964155185,9.311180177430128,1.981993854093035
2136.839263484409,9.315894593312283,1.9868417402866623
2138.5596305532995,9.320572904478894,1.9916041252511756
2140.27999762219,9.325215387430891,1.9962827428326995
2142.0003646910804,9.329822316554939,2.0008792829138997
2143.720731759971,9.334393964135309,2.0053953928857724
2145.441098828862,9.338930600371095,2.0098326790551972
2147.1614658977524,9.343432493391592,2.014192707991737
2148.881832966643,9.347899909272387,2.018477007816935
2150.6022000355333,9.352333112051038,2.022687069439148
2152.322567104424,9.356732363745984,2.0268243477367864
2154.0429341733143,9.361097924366916,2.0308902626926195
2155.7633012422048,9.365430051933044,2.0348862004816803
2157.4836683110952,9.369729002485622,2.0388135145151147
2159.2040353799857,9.373995030106428,2.042673526442189
2160.924402448876,9.378228386930513,2.0464675271125596
2162.6447695177667,9.382429323163912,2.0501967775007435
2164.365136586657,9.386598087095612,2.0538625095946497
2166.0855036555477,9.390734925112142,2.0574659272499045
2167.805870724438,9.394840081713339,2.061008207011613
2169.5262377933286,9.398913799528149,2.064490498905095
2171.246604862219,9.402956319326657,2.067913927197065
2172.9669719311096,9.40696788003119,2.071279591128616
2174.687339,9.41094871874041,2.074588565621329
