-197.698849,4.238419248955062,1.1814567772033406
-195.97848193110949,4.231729383975824,1.179567335632819
-194.258114862219,4.224987890179629,1.177645515838855
-192.5377477933285,4.2181943691188,1.1756907035661306
-190.81738072443798,4.211348419277967,1.173702270649787
-189.0970136555475,4.204449636037423,1.1716795746110646
-187.376646586657,4.197497611658195,1.169621958237526
-185.6562795177665,4.1904919352544265,1.167528749147114
-183.935912448876,4.18343219276531,1.1653992593352525
-182.21554537998549,4.176317966940068,1.163232784704156
-180.495178311095,4.169148837304378,1.1610286045734572
-178.7748112422045,4.161924380141549,1.1587859811712147
-177.05444417331398,4.154644168459739,1.1565041591042964
-175.3340771044235,4.1473077719782845,1.1541823648070857
-173.613710035533,4.139914757090706,1.1518198059673765
-171.89334296664248,4.1324646868489685,1.1494156709282641
-170.172975897752,4.124957120927163,1.146969128064755
-168.4526088288615,4.117391615605372,1.1444793251337395
-166.73224175997098,4.109767723737732,1.141945388595888
-165.0118746910805,4.10208499472906,1.1393664229079212
-163.29150762218998,4.094342974505919,1.136741509783624
-161.57114055329947,4.086541205488619,1.1340697074218433
-159.850773484409,4.078679226569725,1.1313500496996023
-158.13040641551848,4.070756573078679,1.128581545328331
-156.41003934662797,4.062772776763953,1.1257631769710768
-154.6896722777375,4.054727365755025,1.1228939003184004
-152.96930520884698,4.046619864544207,1.1199726431205164
-151.2489381399565,4.038449793952975,1.1169983041730425
-149.52857107106598,4.030216671102712,1.1139697522535426
-147.8082040021755,4.02192000939047,1.1108858250058407
-146.087836933285,4.0135593184561476,1.1077453277688507
-144.36746986439448,4.005134104158607,1.1045470323464317
-142.647102795504,3.996643868539145,1.1012896757145005
-140.9267357266135,3.988088109796907,1.097971958661357
-139.20636865772298,3.979466322260292,1.0945925443568438
-137.4860015888325,3.970777996354381,1.0911500568456338
-135.76563451994198,3.9620226185713356,1.0876430794595446
-134.04526745105147,3.9531996714405553,1.0840701531433798
-132.324900382161,3.9443086334972968,1.080429774688329
-130.60453331327048,3.935348979252534,1.0767203948664748
-128.88416624437997,3.9263201791657707,1.0729404164594059
-127.16379917548947,3.9172216995998226,1.0690881921733197
-125.44343210659898,3.9080530028106706,1.065162022432366
-123.72306503770848,3.898813546895178,1.0611601530412322
-122.00269796881798,3.889502785775763,1.0570807727071723
-120.28233089992747,3.88012016915422,1.0529220104108048
-118.56196383103698,3.870665142489372,1.0486819326140002
-116.84159676214648,3.861137146961377,1.0443585402921216
-115.12122969325597,3.851535619430102,1.039949765776639
-113.40086262436547,3.8418599924180903,1.0354534693928221
-111.68049555547498,3.8321096940646986,1.0308674358757057
-109.96012848658448,3.822284148093061,1.0261893705458631
-108.23976141769397,3.812382773786509,1.0214168952246594
-106.51939434880347,3.8024049859398312,1.0165475438665696
-104.79902727991298,3.7923501948356506,1.0115787578838216
-103.07866021102248,3.782217806201366,1.0065078811359978
-101.35829314213197,3.7720072211840434,1.0013321545542893
-99.63792607324147,3.761717836304429,0.9960487103667641
-97.91755900435098,3.7513490434232875,0.9906545658872856
-96.19719193546047,3.740900229714917,0.9851466168264469
-94.47682486656997,3.7303707776209474,0.979521630078109
-92.75645779767947,3.719760064819139,0.9737762359296428
-91.03609072878898,3.7090674641792454,0.967906919637774
-89.31572365989847,3.6982923437370454,0.9619100123048134
-87.59535659100797,3.6874340666458494,0.9557816809819402
-85.87498952211747,3.6764919911511704,0.9495179179168857
-84.15462245322696,3.6654654705376473,0.9431145288526379
-82.43425538433647,3.65435385310424,0.9365671202714376
-80.71388831544597,3.6431564821174263,0.9298710854640367
-78.99352124655547,3.631872695778041,0.9230215892876102
-77.27315417766496,3.6205018271826037,0.9160135514564333
-75.55278710877447,3.6090432042684997,0.9088416281869194
-73.83242003988397,3.5974961498011138,0.9015001919922636
-72.11205297099346,3.5858599813062724,0.8939833093909785
-70.39168590210296,3.574134011056695,0.8862847162570832
-68.67131883321247,3.5623175460077157,0.8783977904965032
-66.95095176432196,3.550409887764985,0.870315521682874
-65.23058469543147,3.538410332552724,0.8620304772246863
-63.510217626540964,3.5263181711542604,0.8535347645622536
-61.78985055765045,3.5141326888900375,0.8448199888046225
-60.06948348875997,3.5018531655536673,0.8358772051096027
-58.34911641986946,3.489478875391467,0.8266968649801245
-56.62874935097895,3.477009087038428,0.8172687554912971
-54.90838228208847,3.464443063492979,0.8075819302672975
-53.18801521319796,3.4517800620662156,0.797624630785888
-51.467648144307475,3.439019334327214,0.7873841962881254
-49.747281075416964,3.4261601260815064,0.7768469601948133
-48.026914006526454,3.4132016773064255,0.7659981304570536
-46.30654693763597,3.4001432221184436,0.7548216506656569
-44.58617986874546,3.38698398872079,0.7433000379723194
-42.86581279985495,3.373723199359894,0.7314141928781885
-41.14544573096447,3.3603600702818808,0.7191431746451382
-39.42507866207396,3.346893811681865,0.7064639343726549
-37.70471159318345,3.3333236276619873,0.6933509955041504
-35.984344524292965,3.319648716180976,0.6797760684578747
-34.263977455402454,3.30586826900765,0.6657075818942096
-32.54361038651194,3.2919814716740943,0.6511101073498093
-30.82324331762146,3.277987503427454,0.6359436458600868
-29.10287624873095,3.2638855371779636,0.6201627336309715
-27.38250917984047,3.2496747394570833,0.6037153070410297
-25.662142110949958,3.235354270357715,0.5865412424102258
-23.941775042059447,3.220923283495595,0.5685704483610413
-22.221407973168965,3.206380925953774,0.5497203302285822
-20.501040904278454,3.191726338232642,0.529892352809351
-18.780673835387944,3.1769586542008446,0.5089672741881048
-17.06030676649746,3.16207700103958,0.4867983608071796
-15.339939697606951,3.147080499197211,0.4632014252328448
-13.61957262871644,3.1319682623307634,0.437939647887098
-11.899205559825958,3.116739397258208,0.41069938734561917
-10.178838490935448,3.1013930039097155,0.3810494059729218
-8.458471422044965,3.0859281752587475,0.3483670109517136
-6.738104353154455,3.070343997289095,0.3116907512309899
-5.017737284263944,3.0546395489220983,0.2693836980447126
-3.297370215373462,3.0388139019788496,0.21818139122657834
-1.5770031464829515,3.0228661211130774,0.14917054171616592
0.14336392240755913,3.0009464290555914,0.03854724604300407
1.8637309912980413,2.9252053193239824,0.14234604280065605
3.584098060188552,2.8485168578112385,0.16892989046993812
5.3044651290790625,2.7716950152164346,0.16007024137267548
7.024832197969545,2.6947352511196567,0.10731835642444632
8.745199266860055,2.6327132317500284,0.0931787173412576
10.465566335750566,2.5904669539781837,0.15590734265645542
12.185933404641048,2.5480720435481783,0.16944035381810146
13.906300473531559,2.505525994786764,0.1479598469648427
15.626667542422041,2.4628360846077455,0.062116981198439176
17.34703461131255,2.475901208414927,0.12360149217146947
19.067401680203062,2.5047486950533364,0.16450047304871923
20.787768749093544,2.5334424828122746,0.16617649925320227
22.508135817984055,2.561984267587583,0.13015425351014823
24.228502886874566,2.601794251450161,0.04366413588019224
25.948869955765048,2.7161792860385066,0.14389413596713607
27.66923702465556,2.830936899805919,0.16914400961839626
29.38960409354607,2.9455600934565065,0.15912300907149912
31.10997116243655,3.0600556415869207,0.10409636275077944
32.83033823132706,3.1375258843477303,0.09876145998692207
34.550705300217544,3.1738191588216917,0.15770993649407958
36.271072369108055,3.2099982786067196,0.16980982754824314
37.991439437998565,3.2460653820151473,0.14711771910372182
39.71180650688905,3.281910921950713,0.05796439795897237
41.43217357577956,3.2469380882392835,0.12787586446816593
43.15254064467007,3.1962625618235676,0.16595525623359003
44.87290771356055,3.1454742072012367,0.16605769616136015
46.59327478245106,3.094570022618951,0.12827423319945724
48.31364185134157,3.061276812974909,0.05493442314882113
50.034008920232054,3.1140837434879387,0.14644346852301565
51.754375989122565,3.166969255918766,0.16974477703724924
53.474743058013075,3.2197402088186267,0.1582023993418795
55.19511012690356,3.2723997211133646,0.10044363617126159
56.91547719579407,3.327047638559935,0.10362492028321665
58.63584426468458,3.3835582694415565,0.15923062179845945
60.35621133357506,3.439967141885268,0.16984555519681463
62.07657840246554,3.496277589842286,0.1456650783123846
63.79694547135608,3.5523939820949373,0.051921228852761486
65.51731254024656,3.5900701412777876,0.13118246783164147
67.23767960913705,3.6246225079614307,0.1670829971496761
68.95804667802759,3.6590873638795145,0.16592318472547857
70.67841374691807,3.6934667460069157,0.12668888836590023
72.39878081580855,3.737501286883954,0.06604984009091049
74.11914788469909,3.817824879217194,0.14923093133617818
75.83951495358957,3.8980856715746404,0.17067461724543087
77.55988202248005,3.9782751157138674,0.15789197021736928
79.28024909137059,4.058397951070953,0.09833120457246594
81.00061616026107,4.068308070803377,0.10965081823751398
82.72098322915156,4.022672079962185,0.16127280039740574
84.4413502980421,3.976972104349506,0.17014345131368414
86.16171736693258,3.9312054429478684,0.1443732336887509
87.88208443582306,3.885304799994546,0.047492507780706336
89.60245150471354,3.834245926726987,0.13442581818058238
91.32281857360408,3.78250542606147,0.16797274195348935
93.04318564249456,3.7306867460107385,0.16518479616342766
94.76355271138505,3.6787868239231796,0.12362688031618832
96.48391978027558,3.62716519168844,0.07268690593298817
98.20428684916607,3.5765246722754886,0.15073514284543743
99.92465391805655,3.525793800266558,0.1704345589707586
101.64502098694709,3.4749695763995474,0.1557736107280593
103.36538805583757,3.424048996797704,0.09150076145094861
105.08575512472805,3.3330124045333793,0.11164751029964283
106.80612219361859,3.2152904471757187,0.1614473491313935
108.52648926250907,3.09745678622107,0.16884556009880045
110.24685633139956,2.9795044573230403,0.14069994359582066
111.9672234002901,2.8648946196458196,0.03266183568579412
113.68759046918058,2.8909314820246537,0.13509774895744986
115.40795753807106,2.9283457577385055,0.16757740488418776
117.1283246069616,2.9656313705141066,0.16350449428500033
118.84869167585208,3.0027905240420143,0.11918759182443689
120.56905874474256,3.0068192140406387,0.07666057908209535
122.2894258136331,2.9321785380128063,0.15153142441482137
124.00979288252358,2.8574094255719396,0.1698720141256898
125.73015995141407,2.782507457626871,0.15350056608545237
127.4505270203046,2.7074682072284886,0.08413256679574066
129.1708940891951,2.6876994743799805,0.11378548013508306
130.89126115808557,2.69850117952715,0.1618792962747914
132.6116282269761,2.7091606371843437,0.1681016117334734
134.3319952958666,2.7196784773578693,0.13822936310715114
136.05236236475707,2.7328613280009715,0.027507445889391056
137.77272943364756,2.811785558425331,0.13728294840538308
139.4930965025381,2.8940373252805407,0.1680235902254329
141.21346357142858,2.9761584014517433,0.16258477010413452
142.93383064031906,3.058153640564891,0.11598200123712228
144.6541977092096,3.1295806168720617,0.08285897382865996
146.37456477810008,3.1804647084692665,0.15326512923540636
148.09493184699056,3.2312350381611172,0.17018518994211154
149.8152989158811,3.2818946066276413,0.15259521785016966
151.53566598477158,3.332446408015269,0.0803477594261792
153.25603305366207,3.2824352279914564,0.11837618859769644
154.9764001225526,3.1863119714996886,0.1633511227468738
156.6967671914431,3.090075298685324,0.167907050357048
158.41713426033357,2.993719521661995,0.13616476634705935
160.1375013292241,2.9009991683868828,0.03057711028091397
161.8578683981146,2.863259645716876,0.13969937518511294
163.57823546700507,2.8271235309383798,0.16843680581868217
165.2986025358956,2.790852770661929,0.16134202978328677
167.0189696047861,2.754445221163942,0.11178658838594342
168.73933667367658,2.7270304783978045,0.08729408779445866
170.45970374256711,2.7143172716271766,0.1543066748996732
172.1800708114576,2.7014627521482213,0.16968063679038045
173.90043788034808,2.688466160219898,0.1502143172094401
175.62080494923862,2.6753267276985557,0.0716068815971967
177.3411720181291,2.9980724662878497,0.08831282801088397
179.06153908701958,3.2547589417165694,0.09687045623172855
180.78190615591006,3.2139917513349188,0.1580211392751792
182.5022732248006,3.173112780598874,0.17225353143740604
184.2226402936911,3.132119613426463,0.15325401297508015
185.94300736258157,3.0910098270006254,0.0800984303564196
187.6633744314721,3.0243819538087657,0.12618037709329163
189.3837415003626,2.9486561188977563,0.16659044072249451
191.10410856925307,2.8728028214542443,0.16931663189615948
192.8244756381436,2.796817578294657,0.1366343468931816
194.5448427070341,2.7306218201097567,0.04825796829409484
196.26520977592457,2.7641973386498364,0.1454916869513836
197.9855768448151,2.7980352393514916,0.17104655005193412
199.7059439137056,2.831736775341866,0.16253201079220406
201.42631098259608,2.865303938494403,0.11245601908487617
203.14667805148662,2.87276402617492,0.10003665504407053
204.8670451203771,2.8462041491572743,0.15879869970946403
206.58741218926758,2.819510754369649,0.17172839740631057
208.30777925815812,2.7926822641435183,0.15109331237144388
210.0281463270486,2.7657170928273715,0.07232628745532553
211.74851339593909,2.762308171432448,0.1283733759560435
213.46888046482962,2.765389025496953,0.1670805422532924
215.1892475337201,2.7683315853517234,0.16855843327830058
216.9096146026106,2.771136024919127,0.13404459860258422
218.62998167150113,2.7807599240025205,0.05606276270047143
220.3503487403916,2.8372580937126104,0.14738305857696812
222.0707158092821,2.893622310121251,0.17140540079849237
223.79108287817257,2.94985581133144,0.16161341140996077
225.5114499470631,3.0059619209028843,0.10926227617824813
227.2318170159536,3.0250532154261696,0.10488614216468574
228.95218408484408,3.0034787668358387,0.16033409156286632
230.67255115373462,2.981780095900186,0.17176447438786696
232.3929182226251,2.9599559201621135,0.14963302272861118
234.11328529151558,2.938004949741641,0.06607843655738425
235.83365236040612,2.8608754177017985,0.1314370546349724
237.5540194292966,2.77184869462768,0.16789033440172335
239.27438649818708,2.682684059130131,0.167802293319718
240.99475356707762,2.5933762413026247,0.13109930632017538
242.7151206359681,2.5185837267466344,0.06339179393085681
244.4354877048586,2.514517188299741,0.1488723792794843
246.15585477374913,2.5102975283264546,0.17129071578368626
247.8762218426396,2.505924497421998,0.15985239574460547
249.5965889115301,2.5013978371363508,0.10391788666166
251.31695598042063,2.509143480144798,0.10750554011092969
253.0373230493111,2.5282554758181788,0.16092986591675248
254.7576901182016,2.547215161935487,0.1711007988363228
256.47805718709213,2.5660236590842893,0.14727329833253713
258.1984242559826,2.5846820788922447,0.05602188317856999
259.9187913248731,2.536661725207577,0.13342290161367656
261.63915839376364,2.4782333578445206,0.16821875108780643
263.3595254626541,2.419649724461264,0.16678279639935675
265.0798925315446,2.360907362581399,0.12790002274893494
266.8002596004351,2.3369923101466306,0.06975407913251401
268.5206266693256,2.4414768724091647,0.150382163422556
270.2409937382161,2.5458039962211054,0.17146071572607102
271.9613608071066,2.649979847659455,0.1588054825373824
273.6817278759971,2.7540105838391744,0.10037439758830073
275.4020949448876,2.815659365780105,0.11195493160653903
277.1224620137781,2.844175365794589,0.16239827511416297
278.84282908266863,2.872557728130231,0.171133743118048
280.5631961515591,2.900808130267678,0.14586044818172292
282.2835632204496,2.928911086206376,0.049810757414554555
284.00393028934013,2.9515390269352633,0.13656094556863593
285.7242973582306,2.9734834606014724,0.16934721822657864
287.4446644271211,2.9953018991095632,0.16674019792450293
289.16503149601164,3.016995631994409,0.12657063070897787
290.8853985649021,3.016974078375448,0.07955813585937047
292.6057656337926,2.9542230922419974,0.1530230767794962
294.32613270268314,2.891344972599079,0.17200167953176906
296.0464997715736,2.8283360031501976,0.15759601049182687
297.7668668404641,2.76519245985928,0.09576384384628094
299.48723390935464,2.8193839852583684,0.11545455712600783
301.2076009782451,2.950476171026564,0.1635323992865289
302.9279680471356,3.081441001828192,0.1710372234703388
304.64833511602615,3.2122862181049703,0.14444032318956332
306.36870218491663,3.34251692909335,0.046944881241839195
308.0890692538071,3.4360775730739053,0.13965707442364741
309.8094363226976,3.527119875819546,0.1704752891159043
311.52980339158813,3.618068905078279,0.16670244317456545
313.2501704604786,3.708930036230064,0.1252495060682807
314.97053752936915,3.751016487307811,0.08813811837556042
316.69090459825964,3.6788408451288865,0.15566451627251984
318.4112716671501,3.606580896655344,0.1728290824465903
320.1316387360406,3.5342323710995696,0.15711464371931072
321.8520058049311,3.4617909924302346,0.09314276370875971
323.5723728738217,3.4636850636126977,0.120352704163245
325.29273994271216,3.506189010541604,0.16527910009532334
327.01310701160264,3.5485984469005674,0.17123253304194289
328.7334740804931,3.5909158792251485,0.14316230427920001
330.4538411493836,3.6376790928286713,0.04808946743303004
332.1742082182741,3.8280168400528023,0.14271726059186965
333.89457528716457,4.023742534807104,0.17161125841612057
335.61494235605517,4.219404308053954,0.1666875607633051
337.33530942494565,4.41501372402841,0.12397894728931415
339.05567649383613,4.57530933575284,0.0959106328234626
340.7760435627266,4.66754712772581,0.1584674903608471
342.4964106316171,4.7597590490994985,0.17427735649858914
344.2167777005076,4.851950549886714,0.15805710250474958
345.9371447693982,4.944127078901281,0.09454640701918807
347.65751183828866,5.004677157230833,0.127561403909837
349.37787890717914,5.050948048272986,0.16840261918011099
351.0982459760696,5.097215728930387,0.17277001296693553
352.8186130449601,5.143482933767287,0.14402211544502833
354.5389801138506,5.194689599239336,0.06013403439375601
356.2593471827412,5.332103797937674,0.13788892592437668
357.97971425163166,5.471087717773138,0.1431569019734786
359.70008132052214,5.610093258815359,0.08516037102268087
361.4204483894126,5.681408388192818,0.12725534765847327
363.1408154583031,5.7265504942228755,0.16771122805070132
364.8611825271936,5.771729320125167,0.17125358369608198
366.5815495960842,5.8169475361042045,0.14069971259420175
368.30191666497467,5.867932980032953,0.06153784461464106
370.02228373386515,5.978836999323446,0.1475844829043346
371.74265080275563,6.090946047025019,0.1730696908096334
373.4630178716461,6.203113351532894,0.16570939727938963
375.1833849405366,6.315345542295265,0.11958281438537857
376.9037520094271,6.4075003049373125,0.10512427956354503
378.6241190783177,6.471445240704373,0.161463588212697
380.34448614720816,6.5354709219966205,0.1746113672189209
382.06485321609864,6.59958113293179,0.1559104759868095
383.7852202849891,6.66377899810385,0.08676010023419255
385.5055873538796,6.7116572865273305,0.13310063131252295
387.2259544227701,6.754545609558471,0.17028969930527668
388.9463214916607,6.797531410249448,0.17246540303258437
390.66668856055117,6.8406172291928895,0.14125563712801747
392.38705562944165,6.860222964969297,0.07370633723597625
394.10742269833213,6.7071573074543025,0.15167730981925506
395.8277897672226,6.552577268456009,0.17432303046371286
397.5481568361131,6.398082770143558,0.16490830447085325
399.2685239050037,6.243664681397182,0.11586173248793305
400.9888909738942,6.191979614838516,0.10861956127770911
402.70925804278465,6.261608929942313,0.16246923706481992
404.42962511167514,6.331306588575262,0.17426844579556783
406.1499921805656,6.401076710088337,0.15400929534581323
407.8703592494561,6.470829469161197,0.0804734180795707
409.5907263183467,6.4329181374301285,0.13519150941185515
411.3110933872372,6.369013652763137,0.17043041394734543
413.03146045612766,6.305183859580646,0.1708507608835764
414.75182752501814,6.241424985346473,0.1367740751063737
416.4721945939086,6.189782981369119,0.07313918665501604
418.1925616627991,6.202937116687188,0.15176749759526592
419.9129287316896,6.216384102504735,0.17378946164632797
421.6332958005802,6.229896758920001,0.1634542170089651
423.35366286947067,6.243475884573944,0.11214304050891044
425.07402993836115,6.208696230986094,0.11228832222138307
426.79439700725163,6.125750859530281,0.16336182506125144
428.5147640761421,6.0428658019562125,0.17341428830911085
430.2351311450326,5.960036159493488,0.1508832534943081
431.9554982139232,5.877710621422706,0.07011737163430584
433.6758652828137,5.9173742110149,0.13579621357429172
435.39623235170416,5.9794719040848365,0.17024846364473004
437.11659942059464,6.041621265483883,0.16980661628594382
438.8369664894851,6.1038259684373575,0.13412613012487418
440.5573335583756,6.147773584675067,0.07873854474996245
442.2777006272662,6.117020702005684,0.15340618271172798
443.9980676961567,6.086268127639487,0.17384763750939086
445.71843476504716,6.055573533600313,0.16198645102980813
447.43880183393765,6.024935105747866,0.10762129391922115
449.1591689028281,6.010191465889829,0.11522808229484653
450.8795359717186,6.008804868104605,0.16424955636624702
452.5999030406092,6.007471672322135,0.17314857057723015
454.3202701094997,6.00619179974783,0.14928413502753865
456.04063717839017,6.004149891377015,0.0655996484384259
457.76100424728065,5.9179683657630315,0.13843928993155646
459.48137131617113,5.820523482228136,0.17064410881876066
461.2017383850616,5.723120872667785,0.16830738214369304
462.9221054539522,5.625754780280249,0.12957290910869262
464.6424725228427,5.528838110807379,0.08045226364128165
466.3628395917332,5.433282804934953,0.15350935626961676
468.08320666062366,5.33774692717171,0.1727179245153921
469.80357372951414,5.24222478975626,0.1589717081500036
471.5239407984046,5.146710747009233,0.09942641579325752
473.2443078672951,5.130551785507533,0.11532438716072593
474.9646749361857,5.170448551958085,0.16369912622993302
476.6850420050762,5.210349170881353,0.1715987956435788
478.40540907396667,5.250256000537681,0.14576202761156815
480.12577614285715,5.289873511068441,0.05549227862469521
481.84614321174763,5.314503980013749,0.13910118656782672
483.5665102806381,5.337738710299653,0.17035104945810847
485.2868773495287,5.360987180438604,0.16691456871866145
487.0072444184192,5.384250764494242,0.12598351357906723
488.7276114873097,5.378107424724088,0.08491203769848067
490.44797855620016,5.296708445593067,0.15466532840386185
492.16834562509064,5.215320781294724,0.1725626097393863
493.8887126939811,5.133939621563769,0.1574195353979808
495.6090797628717,5.052560156511892,0.09449523790166985
497.3294468317622,4.948638086292076,0.11842565899545662
499.0498139006527,4.831386452547216,0.1643172077443837
500.77018096954316,4.7141186316268735,0.1704394010746334
502.49054803843364,4.596827692627939,0.14203328928040457
504.2109151073241,4.485244525682559,0.04475662015030097
505.9312821762147,4.535111028583058,0.13950179994388692
507.6516492451052,4.594926986255658,0.16976927553917637
509.3720163139957,4.654712781247262,0.16501862214690757
511.09238338288617,4.714471947083728,0.12119815341506153
512.8127504517767,4.7813874669013545,0.08747370806487827
514.5331175206671,4.863294236231342,0.15526803759368688
516.2534845895576,4.945186704236992,0.17224574836771067
517.9738516584482,5.027069711028351,0.15599444598204332
519.6942187273387,5.10894809614146,0.09002172190811385
521.4145857962292,5.195692308867211,0.12206485048475076
523.1349528651197,5.284826967575429,0.16577579226365258
524.8553199340101,5.373972238890651,0.17097531734748703
526.5756870029006,5.463133391574923,0.141961541271533
528.2960540717912,5.547794388761883,0.05381294567778853
530.0164211406817,5.5549796283105515,0.14388929501005496
531.7367882095722,5.55924683877737,0.1715715386502637
533.4571552784627,5.563540880934054,0.16545009890668796
535.1775223473531,5.567862008576165,0.12047600814439266
536.8978894162436,5.719351596197376,0.08451731092990951
538.6182564851342,6.099114036834717,0.0661780727943046
540.3386235540247,5.969434287197397,0.14909852453497402
542.0589906229152,5.829107665422795,0.1745187731458048
543.7793576918057,5.688823824972596,0.16793307136211238
545.4997247606962,5.548574474629912,0.12435425068115791
547.2200918295866,5.448256631047179,0.10342785580427438
548.9404588984772,5.414029236537434,0.16111017288087237
550.6608259673677,5.379820090896053,0.17511986421663175
552.3811930362582,5.345627172253515,0.15757497295796632
554.1015601051487,5.311448459701938,0.09189028022672024
555.8219271740392,5.310017301706828,0.1307347553738179
557.5422942429296,5.321073838256173,0.16956222174540958
559.2626613118201,5.332143129719738,0.17281195776919778
560.9830283807107,5.343225830320168,0.14293255899248086
562.7033954496012,5.354890579616134,0.06533754171797126
564.4237625184917,5.373227042922687,0.1498116220628272
566.1441295873822,5.391626937763553,0.17438002503662578
567.8644966562726,5.410043757424692,0.16688310811443108
569.5848637251631,5.4284785904002115,0.12152223327062472
571.3052307940537,5.378816783898967,0.10794262781862882
573.0255978629442,5.234742834418285,0.16240977618836508
574.7459649318347,5.090676537407837,0.17470163401808164
576.4663320007252,4.946609378092079,0.15518945558818706
578.1866990696157,4.8025328416404935,0.0840519613497764
579.9070661385061,4.77374640561467,0.13202571170124677
581.6274332073967,4.780053854149598,0.16946572221109227
583.3478002762872,4.786342081587822,0.17134926443701512
585.0681673451777,4.792611459582772,0.1391285684925035
586.7885344140682,4.80068015923911,0.06616234098898206
588.5089014829587,4.822774644242544,0.1502765244340159
590.2292685518491,4.844860051233782,0.17370482513929802
591.9496356207397,4.86693006738156,0.16470289628302467
593.6700026896302,4.888985997093015,0.11594544794050006
595.3903697585207,4.981410195012088,0.10938131483787283
597.1107368274112,5.155926566273497,0.16294830149067308
598.8311038963017,5.330445931713325,0.17488023516761528
600.5514709651922,5.504978605980434,0.15510663460189852
602.2718380340826,5.679534904518172,0.08351958256654714
603.9922051029732,5.695079237285337,0.13714135963451551
605.7125721718637,5.673126591403994,0.1716110606330359
607.4329392407542,5.651207507869508,0.17203489665638813
609.1533063096447,5.629320691192972,0.138725396248443
610.8736733785352,5.619927985184797,0.07780724244058285
612.5940404474256,5.677700306411779,0.1537506843700456
614.3144075163162,5.735506460312465,0.17537121491544447
616.0347745852067,5.793349863408717,0.1655385740392692
617.7551416540972,5.851233934433052,0.11654333910064328
619.4755087229877,5.908075857129446,0.11726120301699924
621.1958757918782,5.963896583285754,0.1659991838679538
622.9162428607686,6.019768057224276,0.17593442822199265
624.6366099296592,6.075693581121213,0.15473388398168958
626.3569769985497,6.131676460359166,0.08076525948016997
628.0773440674402,6.126979146633029,0.14093453274290263
629.7977111363307,6.11175644358804,0.17313187833488486
631.5180782052212,6.096593227315104,0.17229931309525795
633.2384452741117,6.0814886016164085,0.13783937216853187
634.9588123430023,6.039206339795051,0.08689309361075614
636.6791794118927,5.8874155321466635,0.156320239681988
638.3995464807832,5.735670952003905,0.1756404561162951
640.1199135496737,5.5839636307814855,0.1636844019960394
641.8402806185642,5.432284602089596,0.11074339299861431
643.5606476874547,5.380086873393155,0.11852116700825005
645.2810147563451,5.410411591715065,0.1659243853606575
647.0013818252357,5.44075434509124,0.17459920789318606
648.7217488941262,5.471116926873001,0.15136020156264704
650.4421159630167,5.501389510859088,0.06969279033146687
652.1624830319072,5.441570431464359,0.1412248991408804
653.8828501007977,5.370959085008345,0.17239977390609582
655.6032171696882,5.300363441834561,0.17015124933313494
657.3235842385787,5.229779329520869,0.13279151652715374
659.0439513074692,5.18760104851071,0.08746035304613553
660.7643183763597,5.234573567280082,0.1562513572596598
662.4846854452502,5.281553728514761,0.17500184933807508
664.2050525141407,5.328544308893261,0.16212422290662118
665.9254195830312,5.3755480857100055,0.1067207075306867
667.6457866519218,5.483531651108577,0.12182318739784778
669.3661537208122,5.634059467285242,0.16724931756336942
671.0865207897027,5.78461853681403,0.17506124128055794
672.8068878585932,5.935217758220786,0.15120791351384405
674.5272549274837,6.084580632105586,0.07090259806259994
676.2476219963742,6.095024308878113,0.14552135262713073
677.9679890652648,6.094660810636694,0.17438109781066086
679.6883561341552,6.094355788758512,0.17105887724758018
681.4087232030457,6.094109225212943,0.133166472460405
683.1290902719362,6.07736627872098,0.0976899797413923
684.8494573408267,6.018965647866577,0.15975075024252317
686.5698244097172,5.96061901954443,0.17629848992258365
688.2901914786077,5.902322945292319,0.1619481795396238
690.0105585474982,5.8440739796186865,0.10467722089100215
691.7309256163887,5.835141508993405,0.1264027873346512
693.4512926852792,5.8549906204740765,0.16871842987611432
695.1716597541697,5.87488404304132,0.17466523419550034
696.8920268230602,5.894822952469056,0.14867499381708538
698.6123938919507,5.912805451930135,0.0659812630780774
700.3327609608413,5.849057589549663,0.14666415861250726
702.0531280297317,5.781520858868962,0.17409828408864222
703.7734950986222,5.714024096985597,0.1692328341957585
705.4938621675127,5.6465633146206695,0.12844687399525315
707.2142292364032,5.5863988957383635,0.09918281376759075
708.9345963052937,5.5412396344751205,0.15985139222588915
710.6549633741843,5.496106140620601,0.17532067887182406
712.3753304430747,5.4509957466400225,0.15935204694550664
714.0956975119652,5.405905786365944,0.09756232573029358
715.8160645808557,5.290554947140172,0.12200595461956262
717.5364316497462,5.141242109754117,0.14657462043119074
719.2567987186367,4.9919313986492195,0.11513304316353713
720.9771657875273,4.858748213793218,0.09253048263496609
722.6975328564178,4.754404042708317,0.15659012673741446
724.4178999253082,4.65003913454309,0.17187403043297186
726.1382669941987,4.545647320997169,0.15370009991467562
727.8586340630892,4.441222432181819,0.08226897383199781
729.5790011319797,4.414657343031605,0.1226009332637265
731.2993682008702,4.4204688729826,0.1652954693398693
733.0197352697608,4.426239929218332,0.1692131083393876
734.7401023386512,4.431970852826568,0.13770530202416492
736.4604694075417,4.436480069070525,0.046246951615045134
738.1808364764322,4.426768427154942,0.14325281425253428
739.9012035453227,4.41667714323858,0.17029531161139908
741.6215706142132,4.406545161503859,0.16275962363508856
743.3419376831038,4.396371883121487,0.11397974039843736
745.0623047519942,4.3718226575011885,0.09497086932399686
746.7826718208847,4.325831154457905,0.15708723777047687
748.5030388897752,4.279793584316382,0.17125072653519352
750.2234059586657,4.233707226097365,0.15156450329234614
751.9437730275562,4.18756958868031,0.0748994654270893
753.6641400964468,4.261924265259375,0.12502288391367528
755.3845071653373,4.376701644827117,0.16602602602557787
757.1048742342277,4.491435963896895,0.16890492462993936
758.8252413031182,4.60613400363216,0.1361016024940623
760.5456083720087,4.717990419892061,0.05450322128258309
762.2659754408992,4.806630196349081,0.14611172817907514
763.9863425097898,4.894968057198608,0.1713701571767449
765.7067095786803,4.9832934887532385,0.16276594065355607
767.4270766475707,5.071611711316814,0.11279636260911978
769.1474437164612,5.143979691898636,0.10243992599582143
770.8678107853517,5.19635097149346,0.15980426458947644
772.5881778542422,5.24872763447698,0.17242886366664123
774.3085449231327,5.3011127764798465,0.15191398939590606
776.0289119920233,5.353503275463368,0.07476594864733027
777.7492790609138,5.39080775150401,0.13076574981678094
779.4696461298042,5.424133591705775,0.168324794364973
781.1900131986947,5.457478277976716,0.16956982692519842
782.9103802675852,5.490843781093284,0.13550590466595544
784.6307473364757,5.503556998107947,0.06582376353481728
786.3511144053663,5.393065598104974,0.1493585232444183
788.0714814742568,5.281957597913244,0.17220874777518427
789.7918485431472,5.170860040734536,0.16175492710408693
791.5122156120377,5.059766360353278,0.10878214001714027
793.2325826809282,5.093388644595131,0.10624407773849442
794.9529497498187,5.27996540919352,0.16110353329847132
796.6733168187093,5.466552499064473,0.1726702881707917
798.3936838875998,5.65316094209384,0.15123080608500733
800.1140509564902,5.839403795132386,0.07222710526064165
801.8344180253807,5.8616343493966765,0.13491019664138765
803.5547850942712,5.850621354148436,0.16987871402182217
805.2751521631617,5.83965241175754,0.1696917786241552
806.9955192320523,5.828726873916873,0.13420250711297751
808.7158863009428,5.834973830433201,0.07478596083359844
810.4362533698333,5.91794980021505,0.1522787911027631
812.1566204387237,6.001086268513712,0.17366283580646993
813.8769875076142,6.084275682622558,0.1626254137556194
815.5973545765047,6.167522959299379,0.10978472879694495
817.3177216453952,6.215661672901955,0.11477571742491469
819.0380887142858,6.23251051139656,0.16429072668638867
820.7584557831763,6.249425973614951,0.17366349109520177
822.4788228520667,6.266409059308218,0.15058854527137677
824.1991899209572,6.283384285949248,0.06958673486814909
825.9195569898477,6.289775379919801,0.13848552998403757
827.6399240587383,6.294632785720159,0.17116265559593277
829.3602911276288,6.299560486865499,0.1696006902154144
831.0806581965193,6.304558774596057,0.132594624825462
832.8010252654097,6.304027655987679,0.08268238704146941
834.5213923343002,6.284146581466951,0.15460044250899016
836.2417594031907,6.264332288235311,0.17412677710182234
837.9621264720812,6.244586499488788,0.16152072636488488
839.6824935409717,6.224908048191201,0.10586183508143478
841.4028606098622,6.217007469497236,0.11821953629116945
843.1232276787526,6.217965042200764,0.16535161146604144
844.8435947476434,6.218988378939421,0.173365018546773
846.5639618165338,6.2200775401988615,0.14872566417170574
848.2843288854243,6.222209718979607,0.06490402462392757
850.0046959543148,6.286429123672428,0.14083564552711464
851.7250630232053,6.3573575830113445,0.1718729679760901
853.4454300920958,6.428360044925736,0.16917447492959437
855.1657971609862,6.499440705894518,0.13066567649622005
856.8861642298767,6.552604035444189,0.08960884303019881
858.6065312987672,6.556233981612805,0.15676912038088744
860.3268983676577,6.559949684588558,0.1747307441564774
862.0472654365482,6.563751363982256,0.16091606502188113
863.7676325054387,6.5676392444827005,0.10327101221360134
865.4879995743291,6.52600906111398,0.12268380477086832
867.2083666432198,6.455755995174448,0.16684857652073679
868.9287337121103,6.385582747472959,0.1732253706536034
870.6491007810008,6.3154851705471335,0.14682497503554492
872.3694678498913,6.247084076466082,0.06157002133590628
874.0898349187818,6.234130116266241,0.14297297989787228
875.8102019876723,6.225234536340216,0.17224597245619488
877.5305690565627,6.216405150099804,0.1680731244550669
879.2509361254532,6.207641435700457,0.12720313540293832
880.9713031943437,6.220196254618503,0.09353670930191518
882.6916702632342,6.280411013046212,0.15785235159675967
884.4120373321247,6.3406952262654395,0.17454275042413064
886.1324044010152,6.401052457265104,0.1593544729262904
887.8527714699059,6.461486273349042,0.09849972035167791
889.5731385387963,6.524672122324628,0.1255221978410929
891.2935056076868,6.5893416733999235,0.16785266879561525
893.0138726765773,6.654098938055058,0.1732310745846544
894.7342397454678,6.71894774364836,0.14580711983016323
896.4546068143583,6.774601514850134,0.06309346620231394
898.1749738832488,6.642491427135404,0.09042297162103881
899.8953409521392,6.601188777183002,0.13052419328800502
901.6157080210297,6.609588713597938,0.17055086911372216
903.3360750899202,6.618077560257823,0.17555643809826696
905.0564421588107,6.626655818874095,0.14911192649566843
906.7768092277012,6.6360672636704905,0.07231993147129363
908.4971762965916,6.662949285223781,0.15049977164201306
910.2175433654824,6.690402407597203,0.17610576578689444
911.9379104343728,6.71794921655337,0.17058518080933374
913.6582775032633,6.745591340204095,0.13003045137189032
915.3786445721538,6.725527792311933,0.10824666680847796
917.0990116410443,6.6212046281617365,0.16346713685064282
918.8193787099348,6.516971060792811,0.1772549841552225
920.5397457788252,6.412820929667339,0.1606609014365574
922.2601128477157,6.308748079183298,0.09948852534976844
923.9804799166062,6.331793576200662,0.13344197491234472
925.7008469854967,6.407003842846986,0.1714445713448893
927.4212140543872,6.482291046327379,0.17510979479339192
929.1415811232777,6.557659636349892,0.1470294478369146
930.8619481921684,6.62900677874295,0.07386293707812021
932.5823152610589,6.643891176031401,0.152255447147048
934.3026823299493,6.658235155092369,0.1763562699386841
936.0230493988398,6.672670919554102,0.16950113553157092
937.7434164677303,6.687199322616072,0.12676144392796126
939.4637835366208,6.68607888860362,0.11166168218174093
941.1841506055113,6.661848873205768,0.1646337408116015
942.9045176744017,6.637710856791618,0.17734258130185301
944.6248847432922,6.613663412725912,0.159711384533108
946.3452518121827,6.589705119734244,0.09630612281245297
948.0656188810732,6.626863593986816,0.13689080427110614
949.7859859499637,6.684268612344646,0.17265470711397057
951.5063530188542,6.741766954763157,0.17493943360137992
953.2267200877449,6.799362019581059,0.1453332469415199
954.9470871566353,6.854433847883263,0.07864938099674822
956.6674542255258,6.886313579203208,0.15442457357984377
958.3878212944163,6.9182516617442396,0.17704891480849047
960.1081883633068,6.950296897491691,0.16911858115116252
961.8285554321973,6.982451180418729,0.12494250148463738
963.5489225010878,6.999922590230625,0.1167416843926185
965.2692895699782,6.999183558750103,0.16657663944639017
966.9896566388687,6.998556463807814,0.17791353311897196
968.7100237077592,6.998041268341824,0.15920392444625892
970.4303907766497,6.99763794190036,0.09393763106178048
972.1507578455402,7.057355329756403,0.14074399160322748
973.8711249144309,7.132735281287012,0.1743490621895359
975.5914919833214,7.208235062696093,0.17556973400793946
977.3118590522118,7.283859136249904,0.14522527395063956
979.0322261211023,7.349257324020354,0.0886934528798442
980.7525931899928,7.352085091708343,0.15783210448992507
982.4729602588833,7.355045653541272,0.17839247989966353
984.1933273277738,7.3581391844955455,0.1691356672534593
985.9136943966643,7.36136586740621,0.12352814988418527
987.6340614655547,7.350306723750485,0.12188188141720394
989.3544285344452,7.32432671743978,0.16850329163057462
991.0747956033357,7.298477864665342,0.17826486499906008
992.7951626722262,7.272758637675802,0.15814866959855162
994.5155297411167,7.247167516380824,0.08994263830168521
996.2358968100074,7.288627760259697,0.14359058797212287
997.9562638788979,7.343274718220751,0.17534572379876548
999.6766309477883,7.398053949600938,0.17535765560030248
1001.3969980166788,7.452968692030753,0.14363429782962567
1003.1173650855693,7.490141855164479,0.09499825318618497
1004.8377321544598,7.448287240338232,0.15984717742729906
1006.5580992233503,7.406571105506327,0.17879053612840226
1008.2784662922408,7.3649909851167035,0.16813979819226127
1009.9988333611312,7.323544421648303,0.12027075429976651
1011.7192004300217,7.236405806696873,0.12496350152632746
1013.4395674989122,7.1090413712244604,0.16927776288932156
1015.1599345678027,6.981795365236142,0.17744030095799157
1016.8803016366934,6.854660268090074,0.15526378837532806
1018.6006687055839,6.727615212509089,0.08078378797211026
1020.3210357744744,6.527224590705316,0.14387645239585928
1022.0414028433648,6.316815148355832,0.17401242666210565
1023.7617699122553,6.10647731239961,0.1717113193270902
1025.4821369811457,5.896198651195985,0.1353277618629188
1027.2025040500362,5.7268826187272674,0.0884123317669036
1028.9228711189267,5.697129376614202,0.1567226194525185
1030.6432381878171,5.667411115494222,0.17555579854853406
1032.3636052567076,5.637726078914868,0.16306991364272594
1034.083972325598,5.608072512400809,0.1089809839587255
1035.8043393944886,5.575686277474048,0.12132302424770018
1037.524706463379,5.541279888043199,0.16687129709497098
1039.24507353227,5.5068992683998825,0.17453122272765845
1040.9654406011605,5.47254238653688,0.15021733657341454
1042.685807670051,5.43904945206497,0.06635783213025583
1044.4061747389414,5.555240299194983,0.1428367716254528
1046.126541807832,5.685146879174779,0.1732355253856296
1047.8469088767224,5.815087731938813,0.17073609413507185
1049.567275945613,5.945070537407733,0.1335025836005592
1051.2876430145034,6.019558251168187,0.09522297208550987
1053.0080100833939,5.943359329721471,0.1589272193460108
1054.7283771522843,5.867209942238626,0.17610335014438602
1056.4487442211748,5.791105588048744,0.16227249158741483
1058.1691112900653,5.715041769138289,0.10590877865309278
1059.8894783589558,5.6816776122261405,0.12519354219955717
1061.6098454278463,5.674856840537645,0.1682822675799253
1063.3302124967367,5.668069733459686,0.17465216054306967
1065.0505795656272,5.661315889853967,0.14908824987540606
1066.7709466345177,5.654962974467899,0.06565182171870611
1068.4913137034082,5.668712300399866,0.1456965125823789
1070.2116807722987,5.683633891671325,0.17386789515379383
1071.9320478411892,5.698589666304582,0.16958488846245204
1073.6524149100796,5.713580508236766,0.12966917249890803
1075.3727819789701,5.7947709365065,0.0960336516996273
1077.0931490478606,6.022054292893213,0.14585833873692072
1078.813516116751,6.249391834366192,0.13735009883011448
1080.5338831856416,6.464466706318896,0.06318777998254149
1082.2542502545325,6.407961898284638,0.14549093512362168
1083.974617323423,6.3380996196888635,0.17289414283708524
1085.6949843923135,6.268310205464477,0.16729718588534517
1087.415351461204,6.198589530837601,0.12431835500612641
1089.1357185300944,6.163984281062021,0.09673551236581986
1090.856085598985,6.196344512611393,0.15871476885843244
1092.5764526678754,6.2287692303558755,0.17426975405174985
1094.2968197367659,6.261260350697167,0.15779002458131855
1096.0171868056564,6.293819793967862,0.09366065430121503
1097.7375538745468,6.309334230811347,0.12729602087520017
1099.4579209434373,6.317276922118592,0.1681380811568338
1101.1782880123278,6.325291247110812,0.1723287279458386
1102.8986550812183,6.333377679457135,0.14312561847793717
1104.6190221501088,6.333022917319147,0.06207765695540675
1106.3393892189993,6.2146150264919715,0.14678014387895055
1108.0597562878897,6.092806378682383,0.17274301647898763
1109.7801233567802,5.971056097637786,0.16565543975050215
1111.5004904256707,5.849356987520809,0.11978551056171013
1113.2208574945612,5.77764156249146,0.0993635807563523
1114.9412245634517,5.785303411723944,0.15921979646294965
1116.6615916323422,5.793005453307363,0.17344883396379998
1118.3819587012326,5.800748142463155,0.15516089559852936
1120.1023257701231,5.808531936806386,0.08556131940666295
1121.8226928390136,5.794911903800959,0.12842214037040858
1123.5430599079045,5.77355311335471,0.16798744433025198
1125.263426976795,5.752233820784629,0.1708864690746837
1126.9837940456855,5.730952766052176,0.1394262886766832
1128.704161114576,5.716866010448877,0.06070497164442342
1130.4245281834665,5.769676265186409,0.14754556366534574
1132.144895252357,5.823579164841718,0.17265976384071888
1133.8652623212474,5.877524519069752,0.16469458891231512
1135.585629390138,5.931515516215806,0.11708030914229617
1137.3059964590284,5.947809629839669,0.10452569657460734
1139.0263635279189,5.913875545622652,0.16085713294027845
1140.7467305968094,5.879989252783527,0.17349261029308122
1142.4670976656998,5.846148748537885,0.15362495191300324
1144.1874647345903,5.812358785358751,0.07988620413333103
1145.9078318034808,5.82394281457646,0.13122238452244375
1147.6281988723713,5.848641989571272,0.16885052691307242
1149.3485659412618,5.873385100434115,0.17050912211084854
1151.0689330101523,5.898173609557703,0.13750646574482903
1152.7893000790427,5.920913398872858,0.06698924139272273
1154.5096671479332,5.929779298405431,0.14978523594897386
1156.2300342168237,5.938593966398272,0.17311689735721733
1157.9504012857142,5.947457886707967,0.16367669151670072
1159.6707683546047,5.956371583218571,0.11356347490329653
1161.3911354234951,5.909158231448798,0.1084865480839531
1163.1115024923856,5.798978475680002,0.1619866063012071
1164.831869561276,5.688839720504705,0.17309102725819175
1166.552236630167,5.578735456372325,0.15143559710921412
1168.2726036990575,5.46899704081661,0.07219773477383376
1169.992970767948,5.589655350529429,0.13318788517553307
1171.7133378368385,5.761802433917238,0.1693603022628555
1173.433704905729,5.933988320674902,0.16997953336557928
1175.1540719746195,6.106223187542224,0.13553395064509347
1176.87443904351,6.2323861206548825,0.07396498279028087
1178.5948061124004,6.131266153935619,0.15190081085043136
1180.315173181291,6.029655314129764,0.17335914223560075
1182.0355402501814,5.928099108650371,0.16221785781195924
1183.7559073190719,5.826591535212475,0.1088884567943114
1185.4762743879623,5.808578046542893,0.11135232356384034
1187.1966414568528,5.869565613494772,0.16294794676986646
1188.9170085257433,5.930598352973069,0.17314050845574244
1190.6373755946338,5.9916798721951645,0.15058870065998967
1192.3577426635243,6.052684351080193,0.06971243634814059
1194.0781097324148,6.088568974173308,0.137034362346689
1195.7984768013052,6.120287563561483,0.17069904086873836
1197.5188438701957,6.152066143932105,0.16979131699148972
1199.2392109390862,6.183906593506008,0.13360811992874733
1200.9595780079767,6.2011136567844005,0.08097777453317759
1202.6799450768672,6.162838921968117,0.15404639012183877
1204.4003121457577,6.124603820249706,0.17390882682046374
1206.1206792146481,6.086428964618561,0.16151006850028038
1207.8410462835386,6.0483120988178705,0.1060800341707212
1209.5614133524296,5.999510936350611,0.11595830710891898
1211.28178042132,5.942197955015153,0.16434963135217645
1213.0021474902105,5.884934439002594,0.17275754771910765
1214.722514559101,5.827717003856039,0.14815568157644096
1216.4428816279915,5.771936022337732,0.06207048055880385
1218.163248696882,5.8299135438777405,0.13860395516749022
1219.8836157657724,5.901721751670979,0.17087558066160496
1221.603982834663,5.9735770325148065,0.1687474385726859
1223.3243499035534,6.045483633282418,0.13054726113425413
1225.044716972444,6.112593115247789,0.08585927899955433
1226.7650840413344,6.165308066360451,0.1555007114416966
1228.4854511102249,6.218085641185322,0.1741677677003093
1230.2058181791153,6.270928987167293,0.16073276680594561
1231.9261852480058,6.323841227526175,0.10335008751049034
1233.6465523168963,6.348500166066881,0.12052599601685039
1235.3669193857868,6.354258437072806,0.16611648956086839
1237.0872864546773,6.360090527487697,0.17328078597056654
1238.8076535235678,6.36599678200879,0.14772176081970256
1240.5280205924582,6.3729460927821275,0.06349826980633795
1242.2483876613487,6.420422714675469,0.14258577723755037
1243.9687547302392,6.471348486503475,0.1724405988354137
1245.6891217991297,6.522354998138442,0.1689459723000105
1247.4094888680202,6.573445264223776,0.1294270686932017
1249.1298559369106,6.599176278296976,0.0938252226669817
1250.8502230058011,6.563848827904922,0.1579742001702706
1252.570590074692,6.528607584375936,0.17464163255076062
1254.2909571435825,6.493450464847951,0.1594867980955882
1256.011324212473,6.4583753914221,0.09881127277856329
1257.7316912813635,6.159453061278258,0.09594032384077336
1259.452058350254,5.876839915507003,0.09690598411928797
1261.1724254191445,5.9687333997260925,0.1594370783173045
1262.892792488035,6.060677917591133,0.17609909119408862
1264.6131595569254,6.152678903328906,0.16175356386677003
1266.333526625816,6.244741794476566,0.10430250535024731
1268.0538936947064,6.31885926154997,0.12906641189047094
1269.7742607635969,6.383428186853207,0.17001956795052414
1271.4946278324874,6.448072655590751,0.17555105880033856
1273.2149949013778,6.512796488455071,0.14964341907584153
1274.9353619702683,6.572416871186109,0.07182152735577643
1276.6557290391588,6.481253298858823,0.14958696814887626
1278.3760961080493,6.384881172849684,0.1755441826208997
1280.0964631769398,6.28858467615478,0.17005720269212046
1281.8168302458303,6.192358117339284,0.12917774238883845
1283.5371973147207,6.142547919145641,0.10425825821588748
1285.2575643836112,6.1800811067336765,0.16201379541626534
1286.9779314525017,6.217677819295641,0.176834820346587
1288.6982985213922,6.255340278916596,0.16105037427348934
1290.4186655902827,6.2930707115734785,0.10122853905488682
1292.1390326591732,6.280036325405471,0.13255440137893745
1293.8593997280636,6.244695501673829,0.17091201275483575
1295.5797667969546,6.209422021826531,0.17458015399477683
1297.300133865845,6.174213801095607,0.1461947712234008
1299.0205009347355,6.144143866779428,0.06808937489721399
1300.740868003626,6.197120191314065,0.15013329064933714
1302.4612350725165,6.251493511389537,0.17547848007327446
1304.181602141407,6.305934577138316,0.16935815303735205
1305.9019692102975,6.360446606203385,0.1273105144769475
1307.622336279188,6.409105846253161,0.10980172718437227
1309.3427033480784,6.448547237387332,0.1639744555542883
1311.063070416969,6.4880680206990125,0.17723864561743977
1312.7834374858594,6.527670531996748,0.16011007329521912
1314.5038045547499,6.5673571119071985,0.09773100940977965
1316.2241716236404,6.657292625911391,0.1359652178728753
1317.9445386925308,6.76523175163128,0.17260622178396037
1319.6649057614213,6.8732689865974415,0.17569280687646532
1321.3852728303118,6.981410716149989,0.14734978249280545
1323.1056398992023,7.078297618553771,0.08061338774283296
1324.8260069680928,7.058546591204609,0.15495243234046968
1326.5463740369833,7.038398677981839,0.17752933201747198
1328.2667411058737,7.018365019033472,0.16980742249642714
1329.9871081747642,6.998444430311444,0.12634600595441797
1331.7074752436547,6.958783027883387,0.11580835129036374
1333.4278423125452,6.893115758871959,0.16617396853855138
1335.1482093814357,6.827554157450739,0.17769853189205823
1336.8685764503261,6.762094348726115,0.15906430269439303
1338.588943519217,6.696732463809474,0.09373556795013131
1340.3093105881076,6.679769332318042,0.13876421595501298
1342.029677656998,6.676572473128749,0.17314699243121112
1343.7500447258885,6.673468483137923,0.17441121626720257
1345.470411794779,6.670457178884226,0.14343564976833684
1347.1907788636695,6.6741997445054375,0.08078259873144579
1348.91114593256,6.723863537348666,0.15510280118834774
1350.6315130014505,6.773623886815027,0.17695964811200807
1352.351880070341,6.823482841525159,0.16822682515603754
1354.0722471392314,6.8734433483008885,0.12252676931088587
1355.792614208122,6.962226267146797,0.1186544729857574
1357.5129812770124,7.094016598063586,0.16739611631155696
1359.2333483459029,7.225924470452674,0.1783248235953401
1360.9537154147934,7.357957680491607,0.1594196539617121
1362.6740824836838,7.4901240317624085,0.09415200628830003
1364.3944495525743,7.46077922953943,0.1439148408168121
1366.1148166214648,7.396543187510874,0.17548124090403905
1367.8351836903553,7.33244256723704,0.17538733022755318
1369.5555507592458,7.268473580178043,0.14357096747886836
1371.2759178281362,7.208841567999464,0.09133885284749316
1372.9962848970267,7.1699725724818,0.15849673459641161
1374.7166519659172,7.13122560767839,0.17809577775769525
1376.4370190348077,7.092598383520366,0.16773496708866042
1378.1573861036982,7.054088617013962,0.119879552738421
1379.8777531725887,6.991962792854212,0.12241689521441058
1381.5981202414796,6.907769165761871,0.1682903977296332
1383.31848731037,6.823682072331542,0.1772249369341838
1385.0388543792606,6.739696542740452,0.15571668814085732
1386.759221448151,6.6558076131774095,0.08268609965290911
1388.4795885170415,6.544085626367997,0.14313966495803235
1390.199955585932,6.428068338559379,0.17402800818753777
1391.9203226548225,6.312129232558036,0.1724603513851585
1393.640689723713,6.1962614559925875,0.13732920580661293
1395.3610567926034,6.101907666269308,0.08881973902155554
1397.081423861494,6.087383323918039,0.15709163759112357
1398.8017909303844,6.072917027807319,0.1762527908932875
1400.522157999275,6.058507922929868,0.16447567352715414
1402.2425250681654,6.044155157668236,0.11242080129715308
1403.9628921370559,6.01517455975636,0.1220257661703775
1405.6832592059463,5.974683170425886,0.1674571798924667
1407.4036262748368,5.934243166393829,0.17541782383962207
1409.1239933437273,5.893852157534194,0.15191922320331788
1410.8443604126178,5.853531783782273,0.07133158351941214
1412.5647274815083,5.821577296720524,0.1430893541811863
1414.2850945503988,5.790548238808155,0.1733340236169351
1416.0054616192892,5.759559683236317,0.1707438993541149
1417.7258286881797,5.7286097984851985,0.13341940958875714
1419.4461957570702,5.703140358628099,0.09160600156993337
1421.1665628259607,5.693658995535682,0.1576934673637408
1422.8869298948512,5.6842124083232,0.17567639887411945
1424.607296963742,5.674800038663206,0.16241298977418217
1426.3276640326326,5.6654213302553575,0.10683405770524054
1428.048031101523,5.665584074305191,0.12374665827202477
1429.7683981704135,5.672068193809682,0.1677354392226381
1431.488765239304,5.6785858131078815,0.1745638254827224
1433.2091323081945,5.685137317411749,0.1494183483030456
1434.929499377085,5.693032240741878,0.06533518532712214
1436.6498664459755,5.801044300058638,0.13600934426176098
1438.370233514866,5.915877079945089,0.14551667793911915
1440.0906005837564,6.030757769506885,0.0963348136781108
1441.810967652647,6.090669067118795,0.12213118608087319
1443.5313347215374,6.118865631465896,0.16640677097106893
1445.251701790428,6.14712210276068,0.17257443635405922
1446.9720688593184,6.175440151044384,0.14556335001643922
1448.6924359282089,6.203717336418926,0.06008909544046897
1450.4128029970993,6.229319180765541,0.1438008926502477
1452.1331700659898,6.254827598747137,0.1723602668511516
1453.8535371348803,6.280403959456331,0.16756612712068183
1455.5739042037708,6.306049774544006,0.12565567061566163
1457.2942712726613,6.341897930370371,0.09560757629749533
1459.0146383415517,6.398487183477367,0.1584601265410996
1460.7350054104422,6.455152870052217,0.17450805809965297
1462.4553724793327,6.511898339221565,0.15865819814568186
1464.1757395482232,6.568726944820545,0.0962623901953115
1465.8961066171137,6.623517906977774,0.12692750257348848
1467.6164736860046,6.6773826028749,0.16834621080050638
1469.336840754895,6.731340215841071,0.1732126368139616
1471.0572078237856,6.785393934954879,0.14524977265799055
1472.777574892676,6.835430518605316,0.06607305475779461
1474.4979419615665,6.818978252464349,0.1475996457427635
1476.218309030457,6.8002610295826695,0.17388516829347667
1477.9386760993475,6.781643986284479,0.16778031454993628
1479.659043168238,6.763126022243268,0.1246102278959074
1481.3794102371285,6.768498457173071,0.10286029228298799
1483.099777306019,6.814228695314924,0.16098744557423933
1484.8201443749094,6.860059938576951,0.1752750701164068
1486.5405114438,6.905994895724584,0.15809665803022377
1488.2608785126904,6.952036281665787,0.09346236115566169
1489.9812455815809,6.890842486758749,0.13092235710206174
1491.7016126504714,6.787793782939543,0.1695416591887985
1493.4219797193618,6.684844521846764,0.17258283859110643
1495.1423467882523,6.581988618857737,0.1423456901289473
1496.8627138571428,6.48843875702627,0.06570876927008985
1498.5830809260333,6.493161133899475,0.14869565197700862
1500.3034479949238,6.499915794326854,0.1736793256514745
1502.0238150638143,6.506752882969969,0.16618553077431697
1503.7441821327047,6.5136728039328045,0.12028783077952337
1505.4645492015952,6.460177088545287,0.10549001597323107
1507.1849162704857,6.321114751500973,0.16133928130570713
1508.9052833393762,6.182124274968091,0.1739603345091006
1510.6256504082671,6.0431974441658225,0.1543523463222655
1512.3460174771576,5.904329672007195,0.08195916291883269
1514.066384546048,5.882883804482844,0.13028356101395336
1515.7867516149386,5.898257541778255,0.1685972658196792
1517.507118683829,5.913678147382565,0.17073253774218564
1519.2274857527195,5.92914653269298,0.13837507642128186
1520.94785282161,5.944247272258746,0.06527889172540137
1522.6682198905005,5.956298706193041,0.14916692582410093
1524.388586959391,5.9683704306148995,0.17302075157675215
1526.1089540282815,5.980493167235907,0.16403607117126148
1527.829321097172,5.992667632550639,0.11473888755158852
1529.5496881660624,5.923816617298882,0.10701351752169719
1531.270055234953,5.758475185849232,0.16142159380601642
1532.9904223038434,5.593172361120229,0.17285856380169246
1534.7107893727339,5.427898373189765,0.15140096824566673
1536.4311564416244,5.262699028776485,0.07219908242974392
1538.1515235105148,5.167351448569121,0.13120538767955742
1539.8718905794053,5.089118367445105,0.16811195024813735
1541.5922576482958,5.010884331925359,0.16860034462399687
1543.3126247171863,4.932644718123104,0.13307230293230496
1545.0329917860768,4.874040666068515,0.06287781073484422
1546.7533588549672,4.922443285871811,0.14864946884753483
1548.4737259238577,4.971233238829144,0.17175269696379344
1550.1940929927482,5.020015270003128,0.161271244559608
1551.9144600616387,5.068792262562812,0.10781519179852803
1553.6348271305296,5.078077027151769,0.10763706890945426
1555.35519419942,5.0477094345808675,0.16126173000854904
1557.0755612683106,5.017338440211855,0.17188285695692415
1558.795928337201,4.986962249021354,0.1490023086489797
1560.5162954060916,4.956656125300169,0.06420710118041337
1562.236662474982,4.948221847945047,0.13326198602192946
1563.9570295438725,4.943851317301154,0.1685893958780826
1565.677396612763,4.939471246509907,0.1679037439034021
1567.3977636816535,4.935081376701904,0.13063900954901722
1569.118130750544,4.946164414510694,0.0701264499838158
1570.8384978194345,5.02122367700539,0.15066191076891614
1572.558864888325,5.096333765181124,0.17218532091922426
1574.2792319572154,5.171443325413835,0.16041062711913862
1575.999599026106,5.246556796913806,0.10463956783993356
1577.7199660949964,5.253406916182568,0.11220793409471737
1579.4403331638869,5.2024583190236005,0.16271252068162512
1581.1607002327773,5.151515466222266,0.1717512067334563
1582.8810673016678,5.100575346885732,0.14717565379574776
1584.6014343705583,5.049440737610794,0.05797879247972861
1586.3218014394488,4.977446582142717,0.13573718002864554
1588.0421685083393,4.902598005147315,0.16911464245680233
1589.7625355772298,4.827737449803415,0.16692067038128716
1591.4829026461202,4.752860491620385,0.12732891056435033
1593.2032697150107,4.710820088205611,0.07538722846831795
1594.9236367839012,4.774807938129714,0.15194329744130475
1596.6440038527921,4.838780553116528,0.17199508816123785
1598.3643709216826,4.902737417942583,0.158650273937293
1600.084737990573,4.966682312660581,0.09923970818418767
1601.8051050594636,5.0008932551325795,0.11485248509027712
1603.525472128354,5.013924090464852,0.16343856388181802
1605.2458391972445,5.026949527182271,0.1713281567019369
1606.966206266135,5.039970335120399,0.1453108292351793
1608.6865733350255,5.051746058469696,0.053427483337447707
1610.406940403916,4.999085961164018,0.1383048657824528
1612.1273074728065,4.9402584709102975,0.16977057019687875
1613.847674541697,4.881421228164104,0.16617216385005681
1615.5680416105874,4.822570755456026,0.12450451681066305
1617.288408679478,4.846850322417646,0.07392022453898192
1619.0087757483684,5.083322374268261,0.05909200193471056
1620.729142817259,5.074271465453576,0.14276199871036624
1622.4495098861494,5.047129392590783,0.17248537001619094
1624.1698769550399,5.019983883651676,0.16889074084107814
1625.8902440239303,4.992833334240818,0.12922591296266464
1627.6106110928208,4.987681866699278,0.09247665553381654
1629.3309781617113,5.0365289802902495,0.15764336376384194
1631.0513452306018,5.0853720312840744,0.17483216709544144
1632.7717122994923,5.134213906453374,0.16030549722631715
1634.4920793683827,5.183057492517617,0.10121747147210328
1636.2124464372732,5.181874012680779,0.12463065692926793
1637.9328135061637,5.152185580449183,0.16759137131023055
1639.6531805750546,5.122499921292603,0.17337388780878524
1641.3735476439451,5.092815280694152,0.14645196646853126
1643.0939147128356,5.065624088810149,0.0590329660550098
1644.814281781726,5.130954092881835,0.14498559686704587
1646.5346488506166,5.2003139869423185,0.17315110554313154
1648.255015919507,5.269679498622024,0.16844493819206957
1649.9753829883975,5.339054727636814,0.12726986599176154
1651.695750057288,5.396135135954188,0.09868293872652592
1653.4161171261785,5.428468730089872,0.1596932319092922
1655.136484195069,5.460821426515145,0.17531103063176354
1656.8568512639595,5.493195137372958,0.15948556913609027
1658.57721833285,5.525591776060419,0.09800889559515918
1660.2975854017404,5.419760523462832,0.12838003794603112
1662.017952470631,5.248744154202388,0.16866954489810704
1663.7383195395214,5.077736264934239,0.1727009211565015
1665.4586866084119,4.906726748550823,0.14356301011864087
1667.1790536773024,4.748182012317037,0.05606602740311306
1668.8994207461928,4.835092674558181,0.14615141379350938
1670.6197878150833,4.927348190507706,0.17307321704460732
1672.3401548839738,5.019593190924776,0.16711424391341803
1674.0605219528643,5.111833127785907,0.12360522917770327
1675.7808890217548,5.168360123908407,0.1021826219097029
1677.5012560906453,5.165248557042965,0.160610804734798
1679.2216231595357,5.162140535317204,0.17483682533918327
1680.9419902284262,5.15903587503283,0.15734888340920974
1682.6623572973172,5.1559343926999945,0.09146979853354471
1684.3827243662076,5.146559127087455,0.1301936936681027
1686.1030914350981,5.134769818229443,0.1692222467397426
1687.8234585039886,5.122982253121312,0.17243922094911904
1689.543825572879,5.11119573507652,0.1422954887178137
1691.2641926417696,5.095951425241867,0.0627478444294874
1692.98455971066,5.0392991414758574,0.14893998386956503
1694.7049267795505,4.982326379863231,0.1736514678410344
1696.425293848441,4.925346352100675,0.1658754502469236
1698.1456609173315,4.8683556904927965,0.11942358540154054
1699.866027986222,4.810223242108754,0.10502493488560166
1701.5863950551125,4.750496852604601,0.16123739190009173
1703.306762124003,4.6907494950940105,0.17408799276421322
1705.0271291928934,4.630977638313939,0.15478583181429081
1706.747496261784,4.571177749557025,0.08337906991255192
1708.4678633306744,4.548650431373323,0.13140748175310965
1710.1882303995649,4.537578894170437,0.1691091413361557
1711.9085974684554,4.526473804827784,0.17100666709067544
1713.6289645373458,4.515334506999739,0.13857927102022988
1715.3493316062363,4.5082627150851176,0.06388855135471842
1717.0696986751268,4.5334462295016245,0.14960589578677727
1718.7900657440173,4.558618198538703,0.17327570304542853
1720.5104328129078,4.583757858923621,0.16426050646036872
1722.2307998817982,4.608866696499381,0.11511880298187753
1723.9511669506887,4.591449595474239,0.10803694027954863
1725.6715340195797,4.52402308078744,0.16202201940598054
1727.3919010884701,4.456562212769343,0.173579845612386
1729.1122681573606,4.389063004268726,0.152674102499784
1730.832635226251,4.321521465872297,0.0760774512593692
1732.5530022951416,4.223557743274342,0.1333999991241328
1734.273369364032,4.118279599694977,0.1693347812763184
1735.9937364329226,4.012943122054532,0.1697127236511626
1737.714103501813,3.907542084632021,0.13483327229868666
1739.4344705707035,3.825922781302431,0.06752510809445965
1741.154837639594,3.8747086038595286,0.1503013506369088
1742.8752047084845,3.9234216965297524,0.17274705386046518
1744.595571777375,3.972064938416106,0.16221744767814716
1746.3159388462655,4.0206412044872835,0.10958343530759218
1748.036305915156,4.014392685572629,0.10994321130041129
1749.7566729840464,3.9537678425029763,0.16228438637226084
1751.477040052937,3.893074942200018,0.17260962874342525
1753.1974071218274,3.8323103975205868,0.14987298899299406
1754.9177741907179,3.7714706170906043,0.06586330769527238
1756.6381412596083,3.750458632451159,0.1346713276872034
1758.3585083284988,3.7364330766104397,0.16937950142233216
1760.0788753973893,3.722326618366339,0.16862387663193776
1761.7992424662798,3.7081384239726054,0.13179565593891268
1763.5196095351703,3.724725318057362,0.07354629918070538
1765.2399766040608,3.866963327925293,0.15184743813400586
1766.9603436729512,4.009128150136066,0.17303731001828812
1768.6807107418422,4.151228187087374,0.16144189123961045
1770.4010778107327,4.2932718373429894,0.1068711762402765
1772.1214448796231,4.36134434320388,0.1147744749331433
1773.8418119485136,4.36754898727119,0.16404620759215524
1775.562179017404,4.373710029891081,0.17301577038782742
1777.2825460862946,4.3798278351971005,0.14914352344443563
1779.002913155185,4.3859358245559354,0.0623091914014026
1780.7232802240756,4.423787100933192,0.13851643580634057
1782.443647292966,4.465484847818445,0.17093511987579094
1784.1640143618565,4.50714478157988,0.1689847857921377
1785.884381430747,4.548769364448645,0.13114028412915665
1787.6047484996375,4.577817958437325,0.0839380889347553
1789.325115568528,4.567022496733542,0.15486482198522747
1791.0454826374184,4.5561952231027245,0.1738788933592783
1792.765849706309,4.54533549761582,0.16062176053108537
1794.4862167751994,4.534442678432773,0.10333685643269325
1796.20658384409,4.508754784981003,0.11436034037580378
1797.9269509129804,4.472649285345211,0.14552642022178244
1799.6473179818709,4.43650639602314,0.11932909657882534
1801.3676850507613,4.413223184507508,0.07906505991278645
1803.0880521196518,4.424495101057149,0.15271344306680706
1804.8084191885423,4.435726781851666,0.1714868649184427
1806.5287862574328,4.446918890725824,0.15656235195435755
1808.2491533263233,4.458072089166928,0.09291024612580712
1809.9695203952137,4.451931651583278,0.11579987919947324
1811.6898874641047,4.435136053017928,0.1632895667862435
1813.4102545329952,4.418300847612433,0.17007761909331318
1815.1306216018857,4.401425040358028,0.14212279443437845
1816.8509886707761,4.387287226042281,0.043876330445016244
1818.5713557396666,4.461352204896386,0.13870714737274076
1820.291722808557,4.541400084573439,0.1695523614290818
1822.0120898774476,4.62141463795747,0.16521809912189758
1823.732456946338,4.701400594162006,0.12200975670073826
1825.4528240152285,4.728452909113247,0.08646838455153724
1827.173191084119,4.639942467816131,0.15480711495880775
1828.8935581530095,4.551404524393478,0.1717440438147135
1830.6139252219,4.462833845972764,0.15514641576117225
1832.3342922907905,4.374225197738465,0.08767634432153769
1834.054659359681,4.359538782819058,0.11904728525911928
1835.7750264285714,4.382640113440008,0.16422647061329917
1837.495393497462,4.405698734546711,0.1696322509363925
1839.2157605663524,4.428716008978569,0.1399535048746538
1840.9361276352429,4.450194867286989,0.04288603121366573
1842.6564947041334,4.443128969025345,0.14091973464163593
1844.3768617730238,4.434809816691135,0.16989001650803393
1846.0972288419143,4.4264510382433455,0.16396535284110253
1847.8175959108048,4.41805213964363,0.11799983751820863
1849.5379629796953,4.416769028008512,0.09044889548404245
1851.2583300485862,4.428356633870717,0.155881618254927
1852.9786971174767,4.439904232206621,0.17158703918018914
1854.6990641863672,4.4514125055217795,0.15365974718631667
1856.4194312552577,4.46288213399056,0.08249435185270962
1858.1397983241482,4.434053707545732,0.12241726386267844
1859.8601653930386,4.388267579043743,0.16517866780985607
1861.5805324619291,4.342439073627581,0.16907293746459587
1863.3008995308196,4.296565482687252,0.13744559606251697
1865.02126659971,4.250458417682109,0.04435113124363452
1866.7416336686006,4.202029342690043,0.14276465217355608
1868.462000737491,4.153490920252277,0.16996590271908432
1870.1823678063815,4.104896244852863,0.16237552791593862
1871.902734875272,4.056242444390893,0.11319611947493849
1873.6231019441625,4.0398271688238605,0.09349628189489652
1875.343469013053,4.0719779651588155,0.1565872438008666
1877.0638360819435,4.104067690858565,0.17107638939940883
1878.784203150834,4.1360982425248025,0.15160928532326523
1880.5045702197244,4.168071435981079,0.07531828282853047
1882.224937288615,4.109057030285487,0.12484137079139984
1883.9453043575054,4.019124801913578,0.16562797001373697
1885.6656714263959,3.9291283791121767,0.16802153204560008
1887.3860384952868,3.839062442813612,0.13409470163235462
1889.1064055641773,3.75975407364907,0.04583273177199437
1890.8267726330678,3.771206131415921,0.14400695990187162
1892.5471397019583,3.783732955745586,0.16988941393489532
1894.2675067708487,3.7961816732442673,0.16096657799990916
1895.9878738397392,3.8085530196647213,0.10899901538982383
1897.7082409086297,3.805075903331662,0.09757237018872653
1899.4286079775202,3.7815812335071506,0.1576005748150187
1901.1489750464107,3.7580083296768247,0.17050688917692303
1902.8693421153012,3.73435579860175,0.1490816648366464
1904.5897091841916,3.710659738088457,0.06564108469495707
1906.3100762530821,3.7895148951668673,0.12658442379431364
1908.0304433219726,3.8957749704332176,0.1660728351067198
1909.750810390863,4.00196356091152,0.16757599936083747
1911.4711774597536,4.1080869426736655,0.1323945690771842
1913.191544528644,4.210455232158038,0.05613656410365865
1914.9119115975345,4.290418552166556,0.14682221891050592
1916.632278666425,4.370213143289155,0.17089177691066182
1918.3526457353155,4.449964290419126,0.16082837373047776
1920.073012804206,4.5296767071090525,0.1074303211225736
1921.7933798730965,4.566824034593971,0.10445823603694233
1923.513746941987,4.558622036928747,0.16005495439459796
1925.2341140108774,4.550387730839727,0.1713758280032485
1926.954481079768,4.542120629655516,0.14889146423693736
1928.6748481486584,4.53381253941875,0.06407349225564758
1930.3952152175493,4.522085681298243,0.13142270872896386
1932.1155822864398,4.509628291347619,0.16773771049185784
1933.8359493553303,4.497135697292695,0.16741607827247407
1935.5563164242208,4.484607160773294,0.13018645902754125
1937.2766834931112,4.477621669048766,0.06420021575953384
1938.9970505620017,4.495902069414765,0.14890622523298758
1940.7174176308922,4.514186417390251,0.17118883241917981
1942.4377846997827,4.5324358306557375,0.1595539116696656
1944.1581517686732,4.5506513878144,0.10309052961574698
1945.8785188375637,4.513852585922222,0.1081329059785874
1947.5988859064541,4.427601441460837,0.16099963269744502
1949.3192529753446,4.3413102448431236,0.17074011442607065
1951.039620044235,4.254973895984904,0.14624433023153657
1952.7599871131256,4.169137664342811,0.05403919449285835
1954.480354182016,4.163300852542291,0.13300771286316684
1956.2007212509066,4.169642159174133,0.16789855271706733
1957.921088319797,4.175928167434449,0.1663380326654935
1959.6414553886875,4.182159248844086,0.1269888959320846
1961.361822457578,4.210193785407828,0.07023271779436258
1963.0821895264685,4.314855423246377,0.15044311183652728
1964.802556595359,4.419483773957541,0.17133984945420605
1966.5229236642494,4.524071592729381,0.15843046098293304
1968.24329073314,4.628625061042933,0.09930117981431903
1969.9636578020304,4.640763331260841,0.11236717191071584
1971.684024870921,4.582940165878425,0.16237289906593436
1973.4043919398118,4.525086129356172,0.17069867459782095
1975.1247590087023,4.467197802329808,0.14472827781491807
1976.8451260775928,4.403878570694178,0.04953180574679982
1978.5654931464833,3.9867031300525,0.085144233123305
1980.2858602153738,3.8068160693879736,0.11564855713209754
1982.0062272842642,3.8269205716006534,0.16396936272346121
1983.7265943531547,3.8469495195054306,0.17202645185588947
1985.4469614220452,3.8669040968719335,0.14661743913666644
1987.1673284909357,3.887210952907968,0.05388540604908313
1988.8876955598262,3.969620974259147,0.13943792892044812
1990.6080626287167,4.057340909435387,0.17086782820037175
1992.3284296976071,4.144998908880857,0.1679281387561099
1994.0487967664976,4.232600153460981,0.12827640382375313
1995.769163835388,4.325453198688289,0.08747779207559359
1997.4895309042786,4.432265516116384,0.1559251808819631
1999.209897973169,4.539038057052409,0.17407993268526079
2000.9302650420595,4.645777132089638,0.16008517516100998
2002.65063211095,4.752489049850648,0.10139959292903461
2004.3709991798405,4.787642871965613,0.12257248631321652
2006.091366248731,4.779333504879433,0.16673101157843584
2007.8117333176215,4.771004874122807,0.17301970952896342
2009.532100386512,4.762656487448915,0.14640453721133287
2011.2524674554024,4.754180386491358,0.05681646264515859
2012.972834524293,4.740433990960147,0.14341749394459768
2014.6932015931834,4.7263876253298065,0.1723210981047901
2016.4135686620743,4.712318866755123,0.1678364309274277
2018.1339357309648,4.698226883732397,0.12645843981750082
2019.8543027998553,4.664980000750831,0.09421830396992639
2021.5746698687458,4.590520608745519,0.15789182771186974
2023.2950369376363,4.516030793625404,0.17409258827971033
2025.0154040065268,4.441506152805182,0.1581567591082073
2026.7357710754172,4.366942281642306,0.09510294940280546
2028.4561381443077,4.311035721289295,0.12436993625895523
2030.1765052131982,4.264516707874589,0.16689552892977805
2031.8968722820887,4.217948003481591,0.17179557831034403
2033.6172393509792,4.1713268557425245,0.14299329652972748
2035.3376064198696,4.129955915109743,0.05084807944592006
2037.0579734887601,4.216175279388699,0.14422550028751424
2038.7783405576506,4.305983819929217,0.17210828704867265
2040.498707626541,4.395745120321487,0.1665072766162915
2042.2190746954316,4.485464485748215,0.12292590709468652
2043.939441764322,4.52903005394205,0.0982163199788118
2045.6598088332125,4.49046075046879,0.1590184170545362
2047.380175902103,4.451855110023426,0.17386338609139393
2049.1005429709935,4.4132108508888,0.15643680504069724
2050.820910039884,4.374525689070327,0.08954042100936299
2052.5412771087745,4.330694242109782,0.12697631495808756
2054.261644177665,4.2847040302892205,0.16762477573334666
2055.9820112465554,4.238665320622687,0.17128746906308318
2057.702378315446,4.1925753920711415,0.1408803495389325
2059.422745384337,4.15154180870046,0.05377290183550116
2061.1431124532273,4.182434728205589,0.14631624276601515
2062.863479522118,4.21412102172457,0.1724148438421281
2064.5838465910083,4.245754645714315,0.16526391430946627
2066.304213659899,4.277337469822931,0.119011432248784
2068.0245807287893,4.273349560235663,0.10165917243610167
2069.7449477976797,4.2165136868234105,0.15990316110009298
2071.46531486657,4.159625285296595,0.17336453514867198
2073.1856819354607,4.102680993370921,0.1542542424467711
2074.906049004351,4.045677445452192,0.08237031352484482
2076.6264160732417,4.0459235951471335,0.1289188727229903
2078.346783142132,4.065242075508571,0.16807668048467514
2080.0671502110226,4.084499087119009,0.17065495035101372
2081.787517279913,4.103695768133431,0.1387094332993363
2083.5078843488036,4.12049783168389,0.059622127211145695
2085.228251417694,4.116094471153387,0.1483799119315353
2086.9486184865846,4.111584310294542,0.17274102491239357
2088.668985555475,4.107015419664129,0.16408770198696254
2090.3893526243655,4.102387529222296,0.11520349800358323
2092.109719693256,4.091110363386779,0.10535955990386288
2093.8300867621465,4.071544261046849,0.16102666278539762
2095.550453831037,4.051917062433309,0.17323001515900938
2097.2708208999275,4.032227607524345,0.15277027619780997
2098.991187968818,4.012474732604437,0.076930921434055
2100.7115550377084,3.989766993392654,0.13190216587500553
2102.4319221065994,3.966235207708503,0.1688548346879458
2104.15228917549,3.9426361016550793,0.1698802145024135
2105.8726562443803,3.918968280450131,0.13579491788418332
2107.593023313271,3.9071912619851377,0.06524624779218001
2109.3133903821613,3.9689961898431,0.14979000061001385
2111.0337574510518,4.030733960515679,0.17277513484681414
2112.7541245199423,4.092408222898462,0.1627926119487041
2114.4744915888327,4.154022622141981,0.11129606544522438
2116.194858657723,4.148415960580874,0.10901110310141739
2117.9152257266137,4.072062493623765,0.16206474534796764
2119.635592795504,3.995647961027017,0.17284053884129252
2121.3559598643947,3.919167846446877,0.15070130836196727
2123.076326933285,3.8426176296633447,0.0690969295121203
2124.7966940021756,3.8633421342002845,0.13406397652648477
2126.517061071066,3.903270017073703,0.16939677394617444
2128.2374281399566,3.9431268581356065,0.1692449266611603
2129.957795208847,3.9829150130485083,0.13348734837660226
2131.6781622777376,4.02159683010464,0.07306824138439434
2133.398529346628,4.055547062847973,0.15175945083332176
2135.1188964155185,4.089435253836778,0.17312482035933835
2136.839263484409,4.123263405971764,0.16175421617530614
2138.5596305532995,4.15703351859942,0.1077343945767073
2140.27999762219,4.167545285812925,0.11302312363531343
2142.0003646910804,4.1574029730189075,0.16340932327964047
2143.720731759971,4.1472046384786365,0.172886893572294
2145.441098828862,4.136949679439312,0.14945498687698022
2147.1614658977524,4.126644088526054,0.06361032129231861
2148.881832966643,4.176140915446401,0.13728894032804698
2150.6022000355333,4.233969102987066,0.1704886652037561
2152.322567104424,4.2917457940833685,0.16900534840471376
2154.0429341733143,4.349474403521724,0.13167157081935543
2155.7633012422048,4.395426178139585,0.08401439459681219
2157.4836683110952,4.400862393348527,0.18066961573096135
2159.2040353799857,4.406256976036974,0.24048753140920637
2160.924402448876,4.411610245043708,0.2874762644410804
2162.6447695177667,4.4169225167621065,0.3272192303431263
2164.365136586657,4.422194105167371,0.3621180672628565
2166.0855036555477,4.427425321823079,0.39347109156074817
2167.805870724438,4.432616475916233,0.4220758713502189
2169.5262377933286,4.437767874256523,0.4484647519370062
2171.246604862219,4.442879821306503,0.47301449095081677
2172.9669719311096,4.4479526192054415,0.496003643293941
2174.687339,4.452986567762155,0.5176452616278622
