    -49.10258841
    -49.10258841
    -49.10258841
    -49.10258841
    -32.54635756
    -32.54635756
    -32.54635756
    -32.54635756
    -32.54635756
    -32.54635756
      4.27826218
      4.27826218
      4.27826218
      4.27826218
      4.27826218
      4.27826218
      4.27826218
     13.32710833
     13.32710833
     13.32710833
     13.32710833
     13.32710833
     13.32710833
     13.32710833
     13.32710833
     13.32710833
     13.32710833
     13.32710833
     13.32710833
     31.07163402
     31.07163402
     31.07163402
     31.07163402
     31.07163402
     31.07163402
     31.07163402
     31.07163402
     31.07163402
     31.07163402
     31.07163402
     31.07163402
     31.07163402
     31.07163402
     31.07163402
     31.07163402
     31.07163402
     31.07163402
     31.07163402
     31.07163402
     31.07163402
     31.07163402
     31.07163402
     31.07163402
     31.07163402
     31.07163402
     31.07163402
     31.07163402
     31.07163402
     31.59378839
     31.59378839
     31.59378839
     31.59378839
     31.59378839
     31.59378839
     31.59378839
     54.87965264
     54.87965264
     54.87965264
     54.87965264
     54.87965264
     54.87965264
     54.87965264
     54.87965264
     54.87965264
     54.87965264
     54.87965264
     54.87965264
     54.87965264
     54.87965264
     54.87965264
     54.87965264
     54.87965264
     54.87965264
     54.87965264
     59.02043052
     59.02043052
     59.02043052
     59.02043052
     59.02043052
     59.02043052
     59.02043052
     59.02043052
     59.02043052
     59.02043052
     59.02043052
     63.56385615
     63.56385615
     63.56385615
     63.56385615
     63.56385615
     57.36188628
     57.36188628
     57.36188628
     57.36188628
     57.36188628
     57.36188628
     57.36188628
     57.36188628
     57.36188628
     57.36188628
     57.36188628
     57.36188628
     57.36188628
     57.36188628
     57.36188628
     57.36188628
     57.36188628
     57.36188628
     57.36188628
     57.36188628
     57.36188628
     57.36188628
     57.36188628
     57.36188628
     57.36188628
     57.36188628
     57.36188628
     57.36188628
     57.36188628
     57.36188628
     57.36188628
     57.36188628
     57.36188628
     57.36188628
     57.36188628
     57.36188628
     57.36188628
     57.36188628
     57.36188628
     57.36188628
     57.36188628
     57.36188628
     57.36188628
     57.36188628
     57.36188628
     57.36188628
     57.36188628
     57.36188628
     57.36188628
     57.36188628
     57.36188628
     57.36188628
     57.36188628
     57.36188628
     57.36188628
     57.36188628
     57.36188628
     57.36188628
     57.36188628
     57.36188628
     57.36188628
     57.36188628
     57.36188628
     57.36188628
     57.36188628
     57.36188628
     57.36188628
     57.36188628
     57.36188628
     57.36188628
     57.36188628
     57.36188628
     57.36188628
     57.36188628
     57.36188628
     57.36188628
     57.36188628
     57.36188628
     57.36188628
     57.36188628
     57.36188628
     57.36188628
     57.36188628
     57.36188628
     57.36188628
     57.36188628
     57.36188628
     57.36188628
     57.36188628
     57.36188628
     57.36188628
     57.36188628
     57.36188628
     57.36188628
     57.36188628
     57.36188628
     57.36188628
     57.36188628
     57.36188628
     57.36188628
     55.47832817
     55.47832817
     55.47832817
     55.47832817
     55.47832817
     55.47832817
     55.47832817
     55.47832817
     55.47832817
     55.47832817
     55.47832817
     55.47832817
     55.47832817
     55.47832817
     55.47832817
     55.47832817
     55.47832817
     55.47832817
     55.47832817
     55.47832817
     55.47832817
     55.47832817
     55.47832817
     55.47832817
     55.47832817
     55.47832817
     55.47832817
     55.47832817
     55.47832817
     55.47832817
     55.47832817
     55.47832817
     55.47832817
     55.47832817
     55.47832817
     55.47832817
     55.47832817
     55.47832817
     55.47832817
     55.47832817
     55.47832817
     55.47832817
     55.47832817
     55.47832817
     55.47832817
     55.47832817
     55.47832817
     55.47832817
     55.47832817
     55.47832817
     55.47832817
     55.47832817
     55.47832817
     55.47832817
     55.47832817
     55.47832817
     55.47832817
     55.47832817
     55.47832817
     55.47832817
     55.47832817
     55.47832817
     55.47832817
     55.47832817
     55.47832817
     55.47832817
     55.47832817
     55.47832817
     55.47832817
     55.47832817
     55.47832817
     55.47832817
     55.47832817
     55.47832817
     55.47832817
     55.47832817
     55.47832817
     55.47832817
     55.47832817
     55.47832817
     55.47832817
     57.06346588
     57.06346588
     57.06346588
     57.06346588
     57.06346588
     57.06346588
     57.06346588
     57.06346588
     57.06346588
     57.06346588
     57.06346588
     57.06346588
     57.06346588
     57.06346588
     57.06346588
     57.06346588
     57.06346588
     57.06346588
     57.06346588
   -349.97260915
   -349.97260915
   -349.97260915
   -349.97260915
   -349.97260915
   -349.97260915
   -193.54448905
   -116.03633593
   -116.03633593
   -116.03633593
   -116.03633593
   -116.03633593
   -116.03633593
   -116.03633593
   -116.03633593
   -116.03633593
   -116.03633593
   -116.03633593
   -116.03633593
   -116.03633593
   -116.03633593
   -116.03633593
   -116.03633593
   -116.03633593
   -116.03633593
   -116.03633593
   -116.03633593
   -116.03633593
   -116.03633593
   -116.03633593
   -116.03633593
   -116.03633593
   -116.03633593
   -116.03633593
   -116.03633593
   -116.03633593
   -116.03633593
   -116.03633593
   -116.03633593
   -116.03633593
   -116.03633593
   -116.03633593
   -116.03633593
   -116.03633593
   -116.03633593
   -116.03633593
   -116.03633593
   -116.03633593
   -116.03633593
   -116.03633593
   -116.03633593
   -116.03633593
   -116.03633593
   -116.03633593
   -116.03633593
   -116.03633593
   -116.03633593
   -116.03633593
   -116.03633593
   -116.03633593
   -116.03633593
   -116.03633593
     -8.50276186
     -8.50276186
     -8.50276186
     -8.50276186
     -8.50276186
     -8.50276186
     -8.50276186
     -8.50276186
     -8.50276186
     -8.50276186
     -8.50276186
     -8.50276186
     -8.50276186
     -8.50276186
     -8.50276186
     -8.50276186
     -8.50276186
     -8.50276186
     -8.50276186
     -8.50276186
     -8.50276186
     -8.50276186
     -8.50276186
     -8.50276186
     -8.50276186
     -8.50276186
     -8.50276186
     -8.50276186
     -8.50276186
     -8.50276186
     -8.50276186
     -8.50276186
     -8.50276186
     -2.06318166
     -2.06318166
     -2.06318166
     -2.06318166
     -2.06318166
     41.68416350
     41.68416350
     41.68416350
     41.68416350
     41.68416350
     41.68416350
     41.68416350
     41.68416350
     41.68416350
     41.68416350
     41.68416350
     41.68416350
     41.68416350
     41.68416350
     41.68416350
     41.68416350
     41.68416350
     41.68416350
     41.68416350
     41.68416350
     41.68416350
     41.68416350
     41.68416350
     41.68416350
     41.68416350
     41.68416350
     41.68416350
     41.68416350
     41.68416350
     41.68416350
     41.68416350
     41.68416350
     41.68416350
     41.68416350
     41.50383677
     41.50383677
     41.50383677
     41.50383677
     41.50383677
     41.50383677
     41.50383677
     41.50383677
     41.50383677
     43.85283320
     43.85283320
     43.85283320
     43.85283320
     43.85283320
     43.85283320
     43.85283320
     43.85283320
     43.85283320
     43.85283320
     43.85283320
     43.85283320
     43.85283320
     43.85283320
     43.85283320
     43.85283320
     43.85283320
     43.85283320
     43.85283320
     43.85283320
     43.85283320
     43.85283320
     43.85283320
     43.85283320
     43.85283320
     43.85283320
     43.85283320
     43.85283320
     43.85283320
     43.85283320
     43.85283320
     43.85283320
     43.85283320
     43.85283320
     43.85283320
     43.85283320
     43.85283320
     43.85283320
     43.85283320
     43.85283320
     43.85283320
     43.85283320
     43.85283320
     43.85283320
     43.90142626
     43.90142626
     43.90142626
     43.90142626
     43.90142626
     43.90142626
     43.90142626
     43.90142626
     43.90142626
     43.90142626
     43.90142626
     43.90142626
     43.90142626
     63.73920322
     63.73920322
     63.73920322
     63.73920322
     63.73920322
     63.73920322
     63.73920322
     63.73920322
     63.73920322
     63.73920322
     63.73920322
     63.73920322
     63.73920322
     63.73920322
     63.73920322
     63.73920322
     63.73920322
     63.73920322
     63.73920322
     63.73920322
     63.73920322
     63.73920322
     63.73920322
     63.73920322
     63.73920322
     63.73920322
     63.73920322
     63.73920322
     63.73920322
     63.73920322
     63.73920322
     63.73920322
     63.73920322
     63.73920322
     63.73920322
     63.73920322
     63.73920322
     63.73920322
     63.73920322
     63.73920322
     63.73920322
     63.73920322
     63.73920322
     63.73920322
     63.73920322
     63.73920322
     63.73920322
     63.73920322
     63.73920322
     63.73920322
     63.73920322
     63.73920322
     63.73920322
     63.73920322
     63.73920322
     63.73920322
     63.73920322
     63.73920322
     63.73920322
     70.48454298
     70.48454298
     70.48454298
     70.48454298
     70.48454298
     70.48454298
     70.48454298
     70.48454298
     70.48454298
     70.48454298
     70.48454298
     70.48454298
     70.48454298
     70.48454298
     70.48454298
     70.48454298
     70.48454298
     70.48454298
     70.48454298
     70.48454298
     70.48454298
     70.48454298
     70.48454298
     70.48454298
     70.48454298
     70.48454298
     70.48454298
     70.48454298
     70.48454298
     70.48454298
     70.48454298
     70.48454298
     70.48454298
     70.48454298
     70.48454298
     69.59715057
     69.59715057
     69.59715057
     69.59715057
     69.59715057
     69.24678826
     65.81043832
     65.81043832
     65.81043832
     65.81043832
     65.81043832
     65.81043832
     65.81043832
     65.81043832
     65.81043832
     65.81043832
     65.81043832
     65.81043832
     65.81043832
     65.81043832
     65.81043832
     65.81043832
     65.81043832
     65.81043832
     65.81043832
     65.81043832
     65.81043832
     65.81043832
     65.81043832
     65.81043832
     65.81043832
     65.81043832
     65.81043832
     65.81043832
     65.81043832
     65.81043832
     65.81043832
     65.81043832
     65.81043832
     65.81043832
     65.81043832
     65.81043832
     65.81043832
     65.81043832
     65.81043832
     65.81043832
     65.81043832
     65.81043832
     65.81043832
     65.81043832
     65.81043832
     65.81043832
     65.81043832
     65.81043832
     65.81043832
     65.81043832
     65.81043832
     65.81043832
     65.81043832
     65.81043832
     65.81043832
     65.81043832
     65.81043832
     65.81043832
     65.81043832
     65.81043832
     65.81043832
     65.81043832
     65.81043832
     65.81043832
     65.81043832
     65.81043832
     65.81043832
     65.81043832
     65.81043832
     65.81043832
     65.81043832
     65.81043832
     65.81043832
     65.81043832
     65.81043832
     65.81043832
     65.81043832
     65.81043832
     65.81043832
     65.81043832
     65.78315596
     65.78315596
     65.78315596
     65.78315596
     65.78315596
     65.78315596
     65.78315596
     65.78315596
     65.78315596
     65.78315596
     65.78315596
     65.78315596
     65.78315596
     65.78315596
     65.78315596
     65.78315596
     65.78315596
     65.78315596
     65.78315596
     65.78315596
     68.53958518
     68.53958518
     68.53958518
     68.53958518
     68.53958518
     68.53958518
     68.53958518
     68.53958518
     68.53958518
     68.53958518
     68.53958518
     68.53958518
     68.53958518
     68.53958518
     68.53958518
     68.53958518
     68.53958518
     68.53958518
     68.53958518
     68.53958518
     68.53958518
     68.53958518
     68.53958518
     68.53958518
     68.53958518
     68.53958518
     68.53958518
     68.53958518
     68.53958518
     68.53958518
     68.53958518
     68.53958518
     68.53958518
     68.53958518
     68.53958518
     68.53958518
     68.53958518
     68.53958518
     68.53958518
     68.53958518
     68.53958518
     68.53958518
     68.53958518
     68.53958518
     68.53958518
     74.89616642
     74.89616642
     74.89616642
     74.89616642
     74.89616642
     74.89616642
     74.89616642
     74.89616642
     74.89616642
     74.89616642
     74.89616642
     74.89616642
     74.89616642
     74.89616642
     74.89616642
     74.89616642
     74.89616642
     74.89616642
     74.89616642
     74.89616642
     74.79901951
     74.79901951
     74.79901951
     74.79901951
     74.79901951
     74.79901951
     74.79901951
     74.79901951
     74.79901951
     74.79901951
     74.79901951
     74.79901951
     74.79901951
     74.79901951
     74.79901951
     74.79901951
     74.79901951
     74.79901951
     74.79901951
     74.57223134
     74.57223134
     74.57223134
     74.57223134
     74.57223134
     74.57223134
     74.57223134
     74.57223134
     74.57223134
     74.57223134
     74.57223134
     74.57223134
     74.57223134
     74.57223134
     74.57223134
     74.57223134
     68.23597869
     68.23597869
     68.23597869
     68.23597869
     68.23597869
     68.23597869
     68.23597869
     68.23597869
     68.23597869
     68.23597869
     67.95895548
     65.81091736
     65.81091736
     65.81091736
     65.81091736
     65.81091736
     65.81091736
     65.81091736
     65.81091736
     65.81091736
     65.81091736
     65.81091736
     65.81091736
     65.81091736
     65.81091736
     65.81091736
     65.81091736
     65.81091736
     65.81091736
     65.81091736
     69.14081355
     69.14081355
     69.14081355
     69.14081355
     69.14081355
     69.14081355
     69.14081355
     69.14081355
     69.14081355
     69.14081355
     66.15749670
     66.15749670
     66.15749670
     66.15749670
     66.15749670
     66.15749670
     66.15749670
     66.15749670
     66.15749670
     66.15749670
     66.15749670
     66.15749670
     66.15749670
     66.15749670
     66.15749670
     66.15749670
     66.15749670
     66.15749670
     66.15749670
     66.15749670
     69.19823968
     69.19823968
     69.19823968
     69.19823968
     69.19823968
     69.19823968
     69.19823968
     68.09255078
     68.09255078
     68.09255078
     70.19868917
     70.19868917
     70.19868917
     70.19868917
     70.19868917
     70.19868917
     70.19868917
     70.19868917
     70.19868917
     70.19868917
     70.19868917
     70.19868917
     70.19868917
     70.19868917
     70.19868917
     70.19868917
     70.19868917
     70.19868917
     70.19868917
     70.19868917
     70.19868917
     70.19868917
     70.19868917
     70.19868917
     70.19868917
     70.19868917
     70.19868917
     70.19868917
     70.19868917
     70.19868917
     14.49321269
     14.49321269
     14.49321269
     29.21683194
     29.21683194
     29.21683194
     29.21683194
     29.21683194
     55.45053012
     55.45053012
     55.45053012
     55.45053012
     58.02077891
     58.02077891
     58.02077891
     58.02077891
     58.02077891
     58.02077891
     58.02077891
     58.02077891
     58.02077891
     58.02077891
     58.02077891
     58.02077891
     58.02077891
     58.02077891
     58.02077891
     58.02077891
     58.02077891
     58.02077891
     58.02077891
     58.02077891
     58.02077891
     58.02077891
     58.02077891
     58.02077891
     58.02077891
     58.02077891
     56.77879904
     56.77879904
     56.77879904
     56.77879904
     56.77879904
     56.77879904
     56.77879904
     56.77879904
     56.77879904
     56.77879904
     56.77879904
     56.77879904
     56.77879904
     56.77879904
     56.77879904
     57.20729394
     57.20729394
     57.20729394
     59.43463824
     59.43463824
     59.43463824
     59.43463824
     59.43463824
     59.43463824
     59.43463824
     59.43463824
     59.43463824
     59.43463824
     59.43463824
     59.43463824
     59.43463824
     59.43463824
     59.43463824
     59.43463824
     59.43463824
     59.43463824
     59.43463824
     59.43463824
     59.43463824
     59.43463824
     59.43463824
     59.43463824
     59.43463824
     59.43463824
     59.43463824
     59.43463824
     59.43463824
     59.43463824
     59.43463824
     59.43463824
     59.43463824
     59.43463824
     59.43463824
     59.43463824
     59.43463824
     59.43463824
     59.43463824
     59.43463824
     59.43463824
     59.43463824
     59.43463824
     59.43463824
     78.90411016
     78.90411016
     78.90411016
     78.90411016
     78.90411016
     78.90411016
     78.90411016
     78.90411016
     78.90411016
     78.90411016
     78.90411016
     78.90411016
     78.90411016
     78.90411016
     78.90411016
     78.90411016
     78.90411016
     78.90411016
     78.90411016
     78.90411016
     78.90411016
     78.90411016
     78.90411016
     78.90411016
     78.90411016
     78.90411016
     78.90411016
     78.90411016
     78.90411016
     78.90411016
     78.90411016
     78.90411016
     78.90411016
     78.90411016
     80.74824815
     80.74824815
     80.74824815
     80.74824815
     80.74824815
     80.74824815
     80.74824815
     80.74824815
     80.74824815
     80.74824815
     80.74824815
     80.74824815
     80.74824815
     80.74824815
     80.74824815
     80.74824815
     80.74824815
     80.74824815
     80.74824815
     80.74824815
     80.74824815
     80.74824815
     80.74824815
     80.74824815
     80.74824815
     80.74824815
     80.74824815
     80.74824815
     80.74824815
     80.74824815
     80.74824815
     80.74824815
     80.74824815
     80.74824815
     80.74824815
     80.74824815
     80.74824815
     80.74824815
     80.74824815
     80.74824815
     80.74824815
     80.74824815
     80.74824815
     80.74824815
     80.74824815
     80.74824815
     80.74824815
     80.74824815
     80.74824815
     80.74824815
     80.74824815
     80.74824815
    115.38981441
    115.38981441
    115.38981441
    115.38981441
    115.38981441
    115.38981441
    115.38981441
    115.38981441
    118.89442481
    118.89442481
    121.40136914
    121.40136914
    121.40136914
    118.40231894
     95.27877087
     95.03427521
     95.03427521
     95.03427521
     95.03427521
     95.03427521
     95.03427521
     95.03427521
     95.03427521
     95.03427521
     95.03427521
     95.03427521
    100.15655220
    100.15655220
    109.85105323
    109.85105323
    109.85105323
    109.85105323
    109.85105323
    109.85105323
    109.85105323
    109.85105323
    109.85105323
    109.85105323
    109.85105323
    109.85105323
    109.85105323
    109.85105323
    109.85105323
    109.85105323
    109.85105323
    109.85105323
    109.85105323
    109.95908888
    109.95908888
    109.95908888
    109.95908888
    109.95908888
    109.95908888
    109.95908888
    109.95908888
    109.95908888
    109.95908888
    109.95908888
    109.95908888
    109.95908888
    109.95908888
    109.95908888
    114.06730274
    114.06730274
    114.06730274
    114.06730274
    114.06730274
    114.06730274
    114.06730274
    114.06730274
    114.06730274
    114.06730274
    115.44095204
    115.44095204
    115.44095204
    115.44095204
    115.44095204
    115.44095204
    115.44095204
    115.44095204
    115.44095204
    115.44095204
    115.44095204
    115.44095204
    115.44095204
    115.44095204
    115.44095204
    115.44095204
    115.44095204
    115.44095204
    115.44095204
    115.44095204
    115.44095204
    115.44095204
    115.44095204
    117.43588509
    117.43588509
    117.43588509
    117.43588509
    117.43588509
    117.43588509
    117.43588509
    117.43588509
    117.43588509
    117.43588509
    119.91496447
    119.91496447
    119.91496447
    119.91496447
    119.91496447
    119.91496447
    119.91496447
    119.15991074
    119.15991074
     60.60437444
     60.60437444
     60.60437444
     60.60437444
     60.60437444
     60.60437444
     60.60437444
     60.60437444
     60.60437444
     60.60437444
     60.60437444
     60.60437444
     60.60437444
     60.60437444
     60.60437444
     60.60437444
     60.60437444
     60.60437444
     60.60437444
     60.60437444
     60.60437444
     60.60437444
     60.60437444
     60.60437444
     60.60437444
     60.60437444
     60.60437444
     60.60437444
     60.60437444
     60.60437444
     60.60437444
     60.60437444
     60.60437444
     60.60437444
     60.60437444
     60.60437444
     60.60437444
     60.60437444
     60.60437444
     60.60437444
     60.60437444
     60.60437444
     60.60437444
     60.60437444
     60.60437444
     60.60437444
     60.60437444
     60.60437444
     60.60437444
     60.60437444
     60.60437444
     60.60437444
     60.60437444
     60.60437444
     60.60437444
     60.60437444
     63.04974088
     63.04974088
     63.04974088
     63.04974088
     63.04974088
     63.04974088
     63.04974088
     63.04974088
     63.04974088
     63.04974088
     63.04974088
     63.04974088
     60.92443593
     60.92443593
     60.92443593
     60.92443593
     75.06532702
     75.06532702
     75.06532702
     75.06532702
     75.06532702
     75.06532702
     75.06532702
     75.06532702
     75.06532702
     75.06532702
     75.06532702
     75.06532702
     75.06532702
     75.06532702
     75.06532702
     75.06532702
     75.12477537
     75.12477537
     73.76499020
     71.96955276
     71.96955276
     71.96955276
     71.96955276
     71.96955276
     71.96955276
     74.94573636
     74.94573636
     74.94573636
     71.13919138
     71.13919138
     71.13919138
     71.13919138
     71.13919138
     71.13919138
     71.13919138
     71.13919138
     70.60703056
     70.60703056
     70.60703056
     70.60703056
     70.60703056
     70.60703056
     70.60703056
     70.60703056
     70.60703056
     70.60703056
     70.60703056
     70.60703056
     70.60703056
     70.60703056
     70.60703056
     70.60703056
     70.60703056
     70.60703056
     68.85612833
     68.85612833
     68.85612833
     68.85612833
     68.85612833
     69.25115017
     69.25115017
     69.25115017
     69.25115017
     69.25115017
     69.25115017
     69.25115017
     69.25115017
     69.25115017
     69.25115017
     69.25115017
     69.25115017
     71.47601283
     71.47601283
     71.47601283
     69.00732447
     69.00732447
     69.00732447
     69.00732447
     68.31791264
     68.31791264
     63.26243521
     63.26243521
     63.26243521
     63.26243521
     63.26243521
     63.26243521
     63.26243521
     63.26243521
     63.26243521
     63.26243521
     63.26243521
     63.26243521
     63.26243521
     63.26243521
     63.26243521
     66.22878745
     66.22878745
     66.22878745
     66.22878745
     66.22878745
     66.22878745
     66.22878745
     66.22878745
     66.22878745
     69.12869842
     69.12869842
     69.12869842
     69.12869842
     69.12869842
     69.12869842
     69.12869842
     69.12869842
     69.12869842
     69.12869842
     69.12869842
     69.12869842
     69.12869842
     69.12869842
     69.12869842
     69.12869842
     69.12869842
     69.12869842
     68.29229499
     68.29229499
     68.29229499
     68.29229499
     68.29229499
     68.29229499
     45.42561158
     45.42561158
     51.27486372
     51.27486372
     51.27486372
     51.27486372
     51.27486372
     51.27486372
     51.27486372
     52.60273627
     52.60273627
     52.60273627
     52.60273627
     52.60273627
     52.60273627
     52.60273627
     52.60273627
     52.60273627
     52.60273627
     52.60273627
     52.60273627
     52.60273627
     52.60273627
     52.60273627
     52.60273627
     52.60273627
     52.60273627
     52.60273627
     52.60273627
     52.60273627
     52.60273627
     52.60273627
     52.60273627
     52.60273627
     52.60273627
     52.60273627
     63.47101902
     63.47101902
     63.47101902
     64.56937060
     64.56937060
     69.65685515
     69.65685515
     69.65685515
     69.65685515
     69.65685515
     69.65685515
     69.65685515
     69.65685515
     69.65685515
     69.65685515
     69.65685515
     69.65685515
     69.65685515
     69.65685515
     69.65685515
     69.65685515
     69.65685515
     69.65685515
     69.65685515
     69.65685515
     69.65685515
     69.65685515
     69.65685515
     69.65685515
     69.65685515
     69.65685515
     69.65685515
     69.65685515
     69.65685515
     69.65685515
     69.65685515
     69.84165128
     69.84165128
     69.84165128
     69.84165128
     69.84165128
     70.23019670
     70.23019670
     70.23019670
     70.23019670
     70.07463854
     70.07463854
     70.07463854
     70.07463854
     70.07463854
     70.07463854
     70.07463854
     70.07463854
     70.07463854
     70.07463854
     70.07463854
     70.07463854
     70.07463854
     70.07463854
     70.07463854
     70.07463854
     70.07463854
     70.07463854
     70.07463854
     53.74821358
     53.74821358
     53.74821358
     53.74821358
     53.74821358
     53.74821358
     53.74821358
     53.74821358
     53.74821358
     53.11349222
     53.11349222
     53.11349222
     53.11349222
     53.11349222
     53.11349222
     53.11349222
     53.11349222
     53.11349222
     53.11349222
     53.11349222
     53.11349222
     53.11349222
     53.11349222
     53.11349222
     53.11349222
     53.11349222
     53.11349222
     53.11349222
     53.11349222
     53.11349222
     53.11349222
     53.11349222
     53.11349222
     53.11349222
     53.11349222
     53.11349222
     53.11349222
     53.11349222
     53.11349222
     62.26416746
     62.26416746
     62.26416746
     62.26416746
     62.26416746
     62.26416746
     62.26416746
     62.26416746
     62.26416746
     62.26416746
     62.26416746
     62.26416746
     62.26416746
     62.26416746
     62.26416746
     62.26416746
     62.26416746
     62.26416746
     62.26416746
     62.26416746
     62.26416746
     67.43480637
     67.43480637
     67.43480637
     67.43480637
     67.43480637
     67.43480637
     67.43480637
     67.43480637
     67.43480637
     67.43480637
     67.43480637
     67.43480637
     67.43480637
     67.43480637
     67.43480637
     67.43480637
     67.43480637
     67.43480637
     67.43480637
     67.43480637
     67.43480637
     67.43480637
     67.43480637
     67.43480637
     67.43480637
     72.18346342
     72.18346342
     72.18346342
     72.18346342
     72.18346342
     72.18346342
     72.75452503
     72.75452503
     73.04021493
     73.04021493
     73.04021493
     73.04021493
     73.04021493
     73.04021493
     73.04021493
   -966.16731319
   -966.16731319
   -889.68566421
   -889.68566421
   -889.68566421
   -889.68566421
   -889.68566421
   -889.68566421
   -889.68566421
   -889.68566421
   -889.68566421
   -889.68566421
   -889.68566421
   -889.68566421
   -889.68566421
   -889.68566421
   -889.68566421
   -889.68566421
   -889.68566421
   -889.68566421
   -889.68566421
   -889.68566421
   -889.68566421
   -889.68566421
   -889.68566421
   -889.68566421
   -889.68566421
   -889.68566421
   -576.27941688
   -526.90234686
   -183.15922879
   -183.15922879
    -71.26468557
    -71.26468557
    -71.26468557
    -74.10546472
    -74.10546472
    -74.10546472
    -74.10546472
    -74.10546472
    -74.10546472
    -74.10546472
    -74.10546472
    -74.10546472
    -74.10546472
    -74.10546472
    -21.03950692
    -21.03950692
    -21.03950692
    -21.03950692
    -21.03950692
    -21.03950692
    -21.03950692
    -21.03950692
    -21.03950692
    -21.03950692
    -21.03950692
    -21.03950692
    -21.03950692
    -17.03457144
    -17.03457144
    -17.03457144
    -17.03457144
    -17.03457144
    -17.03457144
    -17.03457144
    -17.03457144
    -17.03457144
    -17.03457144
    -17.03457144
    -17.03457144
    -17.03457144
    -17.03457144
    -17.03457144
    -17.03457144
    -17.03457144
    -17.03457144
    -17.03457144
    -17.03457144
    -17.03457144
    -17.03457144
    -17.03457144
    -17.03457144
    -17.03457144
    -17.03457144
    -17.03457144
    -17.03457144
    -17.03457144
     22.40497498
     32.42742667
     32.42742667
     32.42742667
     32.42742667
     32.42742667
     32.42742667
     32.42742667
     37.61494885
     37.61494885
     37.61494885
     40.65310786
   -195.58715629
   -195.58715629
    -79.91709925
    -79.91709925
    -79.91709925
     21.12057298
     21.12057298
     21.12057298
     21.12057298
     21.12057298
     21.12057298
     21.12057298
     31.93232526
     60.14510413
     60.14510413
     60.14510413
     60.14510413
     60.14510413
     60.14510413
     60.14510413
     60.14510413
     60.14510413
     60.14510413
     60.14510413
     60.14510413
     60.14510413
     60.14510413
     60.14510413
     60.14510413
     60.14510413
     60.14510413
     60.14510413
     60.14510413
     60.14510413
     60.14510413
     60.14510413
     60.05790338
     60.05790338
     60.05790338
     60.05790338
     60.05790338
     60.05790338
     60.05790338
     59.32103159
     58.74864729
     58.74864729
     58.74864729
     58.74864729
     58.74864729
     58.74864729
     58.96102606
     58.96102606
     60.67405541
     60.67405541
     60.67405541
     60.67405541
     60.67405541
     60.67405541
     60.67405541
     60.67405541
     60.67405541
     60.67405541
     60.67405541
     60.67405541
     60.67405541
     60.67405541
     60.67405541
     60.67405541
     60.67405541
     60.67405541
     60.35699358
     60.35699358
     60.35699358
     60.35699358
     60.35699358
     60.35699358
     60.35699358
     60.35699358
     60.35699358
     60.35699358
     60.35699358
     60.35699358
     60.35699358
     60.35699358
     60.35699358
     60.35699358
     60.35699358
     60.35699358
     60.35699358
     57.69037700
     57.69037700
     62.56400121
     62.56400121
     62.56400121
     62.56400121
     62.56400121
     62.56400121
     62.85757286
     70.69759026
     70.69759026
     66.56904021
     66.56904021
     66.56904021
     66.56904021
     66.56904021
     66.56904021
     66.56904021
     66.56904021
     66.56904021
     66.56904021
     66.56904021
     66.56904021
     66.56904021
     66.56904021
     66.56904021
     66.56904021
     66.56904021
     66.56904021
     66.56904021
     66.56904021
     66.56904021
     67.52756889
     67.52756889
     67.52756889
     67.52756889
     67.52756889
     67.52756889
     67.52756889
     67.52756889
     67.52756889
     67.52756889
     67.52756889
     67.52756889
     67.52756889
     67.52756889
     67.52756889
     67.52756889
     66.90219127
     67.53715472
     67.53715472
     67.53715472
     67.53715472
     67.53715472
     67.53715472
     67.53715472
     67.53715472
     67.53715472
     67.53715472
     67.53715472
     67.53715472
     67.53715472
     67.53715472
     67.53715472
     67.53715472
     70.27385129
     70.27385129
     70.27385129
     70.27385129
     70.27385129
     70.49500629
     70.49500629
     70.49500629
     70.49500629
     70.49500629
     70.25754665
     70.25754665
     70.25754665
     70.25754665
     70.25754665
     70.25754665
     70.25754665
     70.25754665
     70.25754665
     70.25754665
     70.25754665
     70.25754665
     70.48581110
     70.48581110
     70.48581110
     70.48581110
     70.48581110
     70.58531923
     69.21900625
     69.21900625
     69.21900625
     69.21900625
     69.21900625
     69.21900625
     69.21900625
     69.21900625
     69.21900625
     69.21900625
     69.21900625
     68.87047293
     68.87047293
     68.87047293
     68.87047293
     68.77824210
     68.77824210
     66.05730140
   -233.77704764
   -233.77704764
   -233.77704764
   -233.77704764
   -233.77704764
   -233.77704764
   -233.77704764
   -233.77704764
   -233.77704764
   -233.77704764
   -233.77704764
   -233.77704764
   -233.77704764
   -233.77704764
   -233.77704764
   -233.77704764
   -233.77704764
   -233.77704764
   -233.77704764
   -233.77704764
   -233.77704764
   -233.77704764
   -233.77704764
   -233.77704764
   -233.77704764
   -233.77704764
   -233.77704764
   -233.77704764
   -233.77704764
   -233.77704764
   -233.77704764
   -233.77704764
   -233.77704764
   -233.77704764
   -233.77704764
   -233.77704764
   -233.77704764
   -233.77704764
   -233.77704764
   -233.77704764
   -233.77704764
   -233.77704764
   -233.77704764
   -233.77704764
   -233.77704764
   -233.77704764
   -233.77704764
   -233.77704764
   -233.77704764
   -233.77704764
   -233.77704764
   -233.77704764
   -233.77704764
   -233.77704764
   -233.77704764
   -233.77704764
   -233.77704764
   -233.77704764
   -233.77704764
   -233.77704764
   -233.77704764
   -233.77704764
   -233.77704764
   -233.77704764
   -233.77704764
   -233.77704764
   -233.77704764
   -233.77704764
   -233.77704764
   -233.77704764
   -233.77704764
   -233.77704764
   -233.77704764
   -233.77704764
   -233.77704764
   -233.77704764
   -233.77704764
   -233.77704764
   -233.77704764
   -233.77704764
   -233.77704764
   -233.77704764
   -233.77704764
   -233.77704764
   -233.77704764
   -233.77704764
   -233.77704764
   -233.77704764
   -233.77704764
   -233.77704764
   -233.77704764
   -233.77704764
   -233.77704764
   -233.77704764
   -233.77704764
   -233.77704764
   -233.77704764
   -233.77704764
   -233.77704764
   -233.77704764
     43.84775810
     43.84775810
     50.19915029
     59.50059218
     59.89316155
     59.89316155
     59.89316155
     59.89316155
     59.89316155
     59.89316155
     59.89316155
     59.89316155
     59.89316155
     59.89316155
     59.89316155
     59.89316155
     59.89316155
     59.89316155
     59.89316155
     59.89316155
     59.89316155
     59.89316155
     59.89316155
     59.89316155
     59.89316155
     59.89316155
     59.89316155
     59.89316155
     59.89316155
     59.89316155
     59.89316155
     59.89316155
     59.89316155
     59.89316155
     59.89316155
     59.89316155
     59.89316155
     59.89316155
     59.89316155
     59.89316155
     59.89316155
     59.89316155
     59.89316155
     59.89316155
     59.89316155
     62.02254678
     70.93434293
     70.93434293
     70.93434293
     70.93434293
     70.46257420
     70.46257420
     70.46257420
     70.46257420
     70.46257420
     70.46257420
     70.46257420
     70.46257420
     70.46257420
     70.46257420
     70.46257420
     70.33640512
     70.33640512
     70.33640512
     70.33640512
     70.07138500
     70.07138500
     70.07138500
     70.07138500
     70.07138500
     70.07138500
     70.07138500
     70.07138500
     70.07138500
     70.07138500
     70.07138500
     70.07138500
     69.36440022
     69.36440022
     69.36440022
     69.36440022
     69.36440022
     69.36440022
     69.36440022
     69.36440022
     69.36440022
     69.36440022
     69.36440022
     69.36440022
     69.36440022
     69.36440022
     69.36440022
     69.36440022
     70.45389058
     70.45389058
     70.45389058
     70.45389058
     70.45389058
     70.45389058
     70.45389058
     42.05352677
     42.05352677
     42.05352677
     42.05352677
     42.05352677
     42.05352677
     42.05352677
     42.05352677
     42.05352677
     42.05352677
     42.05352677
     42.05352677
     42.05352677
     42.05352677
     42.05352677
     42.05352677
     42.05352677
     42.05352677
     42.05352677
     42.05352677
     42.05352677
     42.05352677
     69.80028168
     69.80028168
     69.80028168
     69.80028168
     69.80028168
     69.80028168
     69.80028168
     69.80028168
     69.80028168
     69.80028168
     69.80028168
     69.80028168
     69.80028168
     69.80028168
     69.80028168
     69.80028168
     69.80028168
     69.41270950
     69.41270950
     69.41270950
     69.41270950
     69.41270950
     69.41270950
     69.41270950
     69.41270950
     69.41270950
     69.41270950
     68.87316148
     68.87316148
     68.87316148
     68.87316148
     68.87316148
     68.87316148
     68.87316148
     68.87316148
     68.87316148
     68.87316148
     68.87316148
     68.87316148
     68.87316148
     68.87316148
     68.87316148
     68.87316148
     68.87316148
     68.87316148
     68.87316148
     68.87316148
     68.87316148
     70.78068828
     70.78199695
     70.78199695
     70.78199695
     70.78199695
     70.78199695
     70.80380835
     70.80380835
     70.89643839
     70.89643839
     70.89643839
     71.21989645
     71.21989645
     71.21989645
     71.21989645
     71.21989645
     71.22175511
     70.12977738
     70.12977738
     70.03776725
     68.51628271
     68.51628271
     68.51628271
     68.51628271
     68.51628271
     68.51628271
     68.51628271
     68.51628271
     68.51628271
     68.51628271
  -1119.20613768
  -1119.20613768
  -1119.20613768
  -1119.20613768
  -1119.20613768
  -1119.20613768
  -1119.20613768
  -1119.20613768
  -1119.20613768
  -1119.20613768
  -1119.20613768
  -1119.20613768
  -1119.20613768
  -1119.20613768
  -1119.20613768
  -1119.20613768
  -1119.20613768
  -1119.20613768
  -1119.20613768
  -1119.20613768
  -1119.20613768
  -1119.20613768
  -1119.20613768
  -1119.20613768
  -1119.20613768
  -1119.20613768
  -1119.20613768
  -1119.20613768
  -1119.20613768
  -1119.20613768
  -1119.20613768
  -1119.20613768
  -1119.20613768
  -1119.20613768
  -1119.20613768
  -1119.20613768
  -1119.20613768
  -1119.20613768
  -1119.20613768
  -1119.20613768
  -1119.20613768
  -1119.20613768
  -1119.20613768
  -1119.20613768
  -1119.20613768
  -1119.20613768
  -1119.20613768
  -1119.20613768
  -1119.20613768
  -1119.20613768
  -1119.20613768
  -1119.20613768
  -1119.20613768
  -1119.20613768
  -1119.20613768
  -1119.20613768
  -1119.20613768
  -1119.20613768
  -1119.20613768
  -1119.20613768
  -1119.20613768
  -1119.20613768
  -1119.20613768
  -1119.20613768
  -1119.20613768
  -1119.20613768
  -1119.20613768
  -1119.20613768
  -1119.20613768
  -1119.20613768
  -1119.20613768
  -1119.20613768
  -1119.20613768
  -1119.20613768
  -1119.20613768
  -1119.20613768
  -1119.20613768
  -1119.20613768
  -1119.20613768
  -1119.20613768
  -1119.20613768
  -1119.20613768
  -1119.20613768
  -1119.20613768
  -1119.20613768
  -1119.20613768
  -1119.20613768
  -1119.20613768
  -1119.20613768
  -1119.20613768
  -1119.20613768
  -1119.20613768
  -1119.20613768
   -584.17645734
   -351.59516098
   -351.59516098
   -351.59516098
   -351.59516098
   -351.59516098
   -351.59516098
     47.32150698
     47.32150698
     47.32150698
     47.32150698
     47.32150698
     47.32150698
     47.32150698
     47.32150698
     47.32150698
     47.32150698
     47.32150698
     47.32150698
     60.13370366
     60.13370366
     60.13370366
     60.13370366
     60.13370366
     60.13370366
     60.13370366
     60.13370366
     60.13370366
     60.13370366
     60.13370366
     60.13370366
     60.13370366
     60.13370366
     60.13370366
     60.13370366
     60.13370366
     60.13370366
     60.13370366
     60.13370366
     60.13370366
     60.13370366
     60.13370366
     60.13370366
     60.13370366
     60.13370366
     60.13370366
     60.13370366
     60.13370366
     60.13370366
     60.13370366
     62.66232398
     62.66232398
     62.66232398
     62.66232398
     62.66232398
     62.66232398
     62.66232398
     62.66232398
     62.66232398
     62.66232398
     62.66232398
     62.66232398
     62.66232398
     62.66232398
     62.66232398
     62.66232398
     62.66232398
     62.66232398
     62.66232398
     62.66232398
     62.66232398
     62.66232398
     62.66232398
     62.66232398
     62.66232398
     62.66232398
     67.47153077
     67.47153077
     67.47153077
     67.47153077
     67.47153077
     67.47153077
     67.47153077
     67.47153077
     67.47153077
     67.47153077
     67.47153077
     67.47153077
     67.47153077
     67.47153077
     67.47153077
     67.47153077
     67.47153077
     67.47153077
     67.47153077
     67.47153077
     67.47153077
     67.47153077
     67.47153077
     67.47153077
     67.47153077
     67.47153077
     67.47153077
     67.47153077
     67.47153077
     67.47153077
     67.47153077
   -110.64926555
     -8.83403527
     -8.83403527
     -8.83403527
     -8.83403527
     -8.83403527
     -8.83403527
      5.30919230
      5.30919230
      5.30919230
      5.30919230
      5.30919230
      5.30919230
     37.71433406
     37.71433406
     37.71433406
     37.71433406
     37.71433406
     37.71433406
     37.71433406
     37.71433406
     37.71433406
     37.71433406
     37.71433406
     37.71433406
     37.71433406
     37.71433406
     37.71433406
     37.71433406
     37.71433406
     37.71433406
     37.71433406
     37.71433406
     37.71433406
     37.71433406
     37.71433406
     37.71433406
     37.71433406
     37.71433406
     37.71433406
     37.71433406
     37.71433406
     68.31670730
     68.31670730
     68.31670730
     70.51078988
     70.51078988
     70.51078988
     70.51078988
     70.51078988
     70.51078988
     70.51078988
     70.51078988
     70.51078988
     70.51078988
     70.51078988
     70.51078988
     70.51078988
     70.51078988
     70.51078988
     70.51078988
     70.51078988
     70.51078988
     70.51078988
     70.51078988
     70.51078988
     70.51078988
     70.51078988
     70.51078988
     70.51078988
     70.51078988
     70.51078988
     70.51078988
     70.51078988
     70.51078988
     70.51078988
     70.44941166
     70.44941166
     70.44941166
     70.44941166
     70.44941166
     70.44941166
     70.44941166
     70.44941166
     70.44941166
     70.44941166
     70.44941166
     70.44941166
     70.44941166
     70.44941166
     70.44941166
     70.44941166
     70.44941166
     70.44941166
     70.44941166
     70.44941166
     70.44941166
     70.44941166
     70.44941166
     70.44941166
     48.71467042
     50.66875595
     50.66875595
     50.66875595
     50.66875595
     55.98196591
     55.98196591
     55.98196591
     55.98196591
     55.84201958
     55.84201958
     55.84201958
     55.84201958
     55.84201958
     56.27500226
     56.27500226
     56.27500226
     56.27500226
     56.27500226
     56.27500226
     56.27500226
     56.27500226
     56.27500226
     56.27500226
     56.27500226
     56.27500226
     56.27500226
     56.27500226
     56.27500226
     56.27500226
     56.27500226
     56.27500226
     56.27500226
     56.27500226
     56.27500226
     56.27500226
     68.85277837
     68.85277837
     68.85277837
     68.85277837
     68.85277837
     68.85277837
     68.85277837
     68.85277837
     68.85277837
     68.85277837
     68.85277837
     68.85277837
     70.00849514
     70.00849514
     70.00849514
     70.00849514
     70.00849514
     70.00849514
     70.00849514
     70.00849514
     70.00849514
     70.00849514
     70.00849514
     70.00849514
     70.00849514
     70.00849514
     71.48797317
     71.48797317
     71.48797317
     71.48797317
     71.30454571
     71.30454571
     71.30454571
     71.30454571
     71.30454571
     70.76855002
     70.76855002
     70.76855002
     70.76855002
     71.27632875
     71.27632875
     71.27632875
     71.27632875
     71.27632875
     71.27632875
     71.27632875
     71.27632875
     71.27632875
     71.27632875
     71.27632875
     71.27632875
     71.27632875
     71.27632875
     71.27632875
     71.27632875
     71.27632875
     71.27632875
     71.27632875
     71.27632875
     71.27632875
     71.27632875
     71.27632875
     71.27632875
     71.27632875
     71.84684545
     71.84684545
     71.84684545
     71.84684545
     71.84684545
     71.84684545
     71.84684545
     71.84684545
     71.84684545
     71.84684545
     71.84684545
     71.84684545
     71.84684545
     71.84684545
     71.84684545
     71.84684545
     71.84684545
     71.84684545
     71.84684545
     71.84684545
     71.84684545
     71.84684545
     71.84684545
     71.84684545
     71.84684545
     71.84684545
     71.84684545
     71.84684545
     71.84684545
     71.84684545
     71.84684545
     71.84684545
     71.84684545
     71.84684545
     71.84684545
     71.84684545
     71.84684545
     71.84684545
     71.84684545
     71.84684545
     71.84684545
     71.84684545
     71.84684545
     71.84684545
     71.84684545
     71.84684545
     71.84684545
     71.84684545
     71.84684545
     71.84684545
     71.84684545
     71.84684545
     71.84684545
     71.84684545
     71.84684545
     71.84684545
     71.84684545
     71.84684545
     71.84684545
     71.84684545
     71.84684545
     71.83217829
     71.83217829
     71.83217829
     71.83217829
     71.83217829
     71.83217829
     71.83217829
     71.83217829
     71.83217829
     71.83217829
     71.83217829
     71.83217829
     71.83217829
     71.83217829
     71.83217829
     71.83217829
     71.83217829
     71.83217829
     71.83217829
     71.83217829
     71.83217829
     71.83217829
     71.83217829
     71.83217829
     71.83217829
     71.83217829
     71.83217829
     71.83217829
     71.83217829
     71.83217829
     71.83217829
     71.83217829
     71.83217829
     71.83217829
     71.83217829
     71.83217829
     72.65296017
     72.65296017
     72.65296017
     52.48312249
     52.48312249
     52.48312249
     52.05904928
     52.05904928
     52.05904928
     52.05904928
     52.05904928
     52.05904928
     52.05904928
     52.05904928
     52.05904928
     52.05904928
     52.05904928
     52.05904928
     52.05904928
     52.05904928
     52.05904928
     53.60091924
     53.60091924
     53.60091924
     52.44408543
     52.44408543
     52.44408543
     52.44408543
     52.44408543
     52.44408543
     52.44408543
     52.44408543
     52.44408543
     52.44408543
     52.44408543
     59.32533833
    102.72466894
    102.72466894
    102.72466894
    102.72466894
    116.27550179
    116.27550179
    116.27550179
    116.27550179
    116.27550179
    116.27550179
    116.27550179
    116.27550179
    116.27550179
    116.27550179
    116.27550179
    116.27550179
    116.27550179
    116.27550179
    116.27550179
    116.27550179
    116.27550179
    116.27550179
    116.27550179
    116.27550179
    116.27550179
    116.27550179
    116.27550179
    116.27550179
    116.27550179
    116.27550179
    116.27550179
    116.27550179
    116.27550179
    116.27550179
    116.27550179
    119.91548008
    119.91548008
    119.91548008
    119.91548008
    119.91548008
    119.91548008
    119.91548008
    119.91548008
    119.91548008
    119.91548008
    119.91548008
    119.91548008
    119.91548008
    119.91548008
    119.91548008
    119.91548008
    119.91548008
    119.91548008
    119.91548008
    119.89566643
    120.36536457
    120.36536457
    120.36536457
    120.36536457
    120.36536457
    120.36536457
    120.36536457
    120.36536457
    120.36536457
    120.36536457
    120.36536457
    120.36536457
   -131.38355352
   -131.38355352
   -131.38355352
   -131.38355352
   -118.02999341
   -118.02999341
   -118.02999341
   -118.02999341
   -118.02999341
   -118.02999341
   -118.02999341
     -3.95955765
     -3.95955765
     -3.95955765
     40.86615744
     40.86615744
     40.86615744
     45.68280044
     45.68280044
     45.68280044
     45.68280044
     45.68280044
     45.68280044
     45.68280044
     45.68280044
     45.68280044
     45.68280044
     45.68280044
     45.68280044
     45.68280044
     45.68280044
     45.68280044
     45.68280044
     45.68280044
     45.68280044
     45.68280044
     45.68280044
     45.68280044
     45.68280044
     45.68280044
     45.68280044
     45.68280044
     45.68280044
     45.68280044
     60.38941175
     62.43131573
     62.43131573
     62.43131573
     62.43131573
     62.43131573
     62.43131573
     62.43131573
     62.43131573
     62.43131573
     62.43131573
     62.43131573
     62.43131573
     62.43131573
     62.43131573
     62.43131573
     62.43131573
     62.43131573
     62.43131573
     62.43131573
     62.43131573
     62.43131573
     62.43131573
     62.43131573
     62.43131573
     70.04797576
     70.04797576
     70.04797576
     71.89363865
     71.89363865
     71.89363865
     71.89363865
     71.89363865
     71.89363865
     71.89363865
     71.89363865
     71.89363865
     71.89363865
     71.89363865
     71.89363865
     71.89363865
     71.89363865
     71.89363865
     71.89363865
     71.89363865
     71.89363865
     73.56907679
     73.56907679
     73.56907679
     73.56907679
     73.56907679
     73.56907679
     73.56907679
     73.56907679
     73.56907679
     73.56907679
     52.61598044
     52.61598044
     52.61598044
     52.61598044
     52.61598044
     52.61598044
     55.56914882
     55.56914882
     55.56914882
     55.56914882
     55.56914882
     55.20184647
     55.20184647
     55.20184647
     55.20184647
     55.20184647
     55.20184647
     55.20184647
     55.20184647
     55.20184647
     55.20184647
     55.20184647
     55.20184647
     55.20184647
     55.20184647
     55.20184647
     55.20184647
     55.20184647
     55.20184647
     55.20184647
     55.20184647
     55.20184647
     55.20184647
     55.20184647
     55.20184647
     55.20184647
     55.20184647
     55.20184647
     55.20184647
     55.20184647
     55.15915059
     55.15915059
     55.15915059
     58.45184270
     59.78700658
     59.78700658
     59.78700658
     59.78700658
     59.78700658
     62.36019591
     63.70518467
     63.70518467
     63.70518467
     63.70518467
     63.70518467
     63.70518467
     63.70518467
     63.70518467
     63.70518467
     63.70518467
     63.70518467
     63.70518467
     63.70518467
     63.70518467
     63.70518467
     63.70518467
     63.70518467
     63.70518467
     63.70518467
     63.70518467
     63.70518467
     63.70518467
     63.70518467
     63.70518467
     97.91738875
     97.91738875
     97.91738875
     97.91738875
     97.91738875
     97.91738875
     97.91738875
     97.91738875
     97.91738875
     97.91738875
     97.91738875
     97.91738875
    101.65254345
    109.75671430
    109.75671430
    109.75671430
    109.75671430
    109.75671430
    109.75671430
    109.75671430
    109.75671430
    109.75671430
    109.75671430
    116.65502462
    116.65502462
    116.65502462
     47.48944519
     47.48944519
     47.48944519
     47.48944519
     47.48944519
     47.48944519
     58.62510121
     58.62510121
     58.62510121
     58.62510121
     58.62510121
     58.62510121
     58.62510121
     58.62510121
     58.41560611
     58.41560611
     58.41560611
     58.41560611
     58.41560611
     58.41560611
     58.45374362
     58.45374362
     58.45374362
     58.45374362
     58.45374362
     58.45374362
     58.45374362
     58.45374362
     58.45374362
     58.45374362
     58.45374362
     58.45374362
     58.45374362
     58.45374362
     58.45374362
     58.45374362
     58.45374362
     58.45374362
     58.45374362
     58.45374362
     58.45374362
     59.02649780
     59.02649780
     59.02649780
     59.02649780
     59.02649780
     59.02649780
     59.02649780
     59.02649780
     59.02649780
     59.02649780
     59.02649780
     59.02649780
     59.02649780
     59.02649780
     59.02649780
     59.02649780
     59.02649780
     59.02649780
     59.02649780
     59.02649780
     59.02649780
     59.02649780
     59.02649780
     59.02649780
     59.02649780
     59.02649780
     59.02649780
     59.02649780
     59.02649780
     59.02649780
     59.02649780
     59.02649780
     59.02649780
     59.02649780
     59.02649780
     59.02649780
     59.02649780
     59.02649780
     59.02649780
     59.02649780
     59.02649780
     59.02649780
     59.02649780
     59.02649780
     59.02649780
     59.02649780
     59.02649780
     59.02649780
     59.02649780
     59.02649780
     59.02649780
     59.02649780
     59.02649780
     59.02649780
     59.02649780
     59.02649780
     59.02649780
     59.02649780
     59.02649780
     31.00775162
     31.00775162
     31.00775162
     31.00775162
     31.00775162
     31.00775162
     31.00775162
     31.00775162
     31.00775162
     31.00775162
     31.00775162
     31.00775162
     31.00775162
     31.00775162
     31.00775162
     31.00775162
     31.00775162
     65.00390646
     65.00390646
     65.00390646
     65.00390646
     65.00390646
     65.00390646
     65.00390646
     65.00390646
     65.00390646
     65.00390646
     65.00390646
     65.00390646
     65.00390646
     65.00390646
     65.00390646
     65.00390646
     65.00390646
     65.00390646
     65.00390646
     65.00390646
     69.28953020
     69.28953020
     69.28953020
     69.28953020
     69.28953020
     69.28953020
     69.28953020
     69.28953020
     69.28953020
     69.28953020
     69.28953020
     69.28953020
     69.28953020
     69.28953020
     69.28953020
     69.28953020
     69.28953020
     69.28953020
     69.28953020
     69.28953020
     69.28953020
     69.28953020
     69.28953020
     69.28953020
     69.28953020
     69.28953020
    103.01247908
    103.01247908
    103.01247908
    103.01247908
    103.01247908
    103.01247908
    103.01247908
    103.01247908
    103.01247908
    103.01247908
    103.01247908
    103.01247908
    103.01247908
    103.01247908
    103.01247908
    103.01247908
    103.01247908
    103.01247908
    113.68316193
    113.68316193
    122.04056492
    122.04056492
    122.04056492
    122.04056492
    122.04056492
    122.04056492
    122.04056492
    122.04056492
    122.04056492
    122.77282718
    122.77282718
    122.77282718
    122.77282718
    123.14489030
    123.14489030
    123.52413374
    123.52413374
     33.43376043
     33.43376043
     33.43376043
     33.43376043
     33.43376043
     33.43376043
     36.12954777
     36.12954777
     36.12954777
     36.12954777
     36.12954777
     36.12954777
     36.12954777
     36.12954777
     36.12954777
     36.12954777
     36.12954777
     36.12954777
     36.12954777
     36.12954777
     36.12954777
     36.12954777
     36.12954777
     36.12954777
     36.12954777
     36.12954777
     36.12954777
     36.12954777
     36.12954777
     36.12954777
     36.12954777
     36.12954777
     36.12954777
     36.12954777
     36.12954777
     36.12954777
     36.12954777
     36.12954777
     54.43573703
     54.43573703
     54.43573703
     54.43573703
     54.43573703
     54.43573703
     54.43573703
     54.43573703
     54.43573703
     54.43573703
     54.43573703
     54.43573703
     54.43573703
     54.43573703
     54.43573703
     54.43573703
     54.43573703
     58.04821171
     58.04821171
     58.04821171
     58.04821171
     58.04821171
     59.29017598
     59.29017598
     59.29017598
     59.29017598
     59.29017598
     59.29017598
     59.29017598
     59.29017598
     59.29017598
     59.29017598
     59.29017598
     59.29017598
     59.29017598
     59.29017598
     59.29017598
     59.29017598
     59.29017598
     59.41866555
     59.41866555
     59.41866555
     59.41866555
     59.41866555
     59.41866555
     59.41866555
     59.41866555
     59.41866555
     59.36943601
     59.36943601
     59.36943601
     59.36943601
     59.36943601
     59.36943601
     59.36943601
     59.36943601
     59.36943601
     59.36943601
     62.64919613
     62.64919613
     62.64919613
     62.64919613
    -31.90792455
    -31.90792455
    -31.90792455
    -31.90792455
    -31.90792455
    -31.90792455
    -31.90792455
    -31.90792455
    -31.90792455
    -31.90792455
    -31.90792455
    -31.90792455
    -31.90792455
    -31.90792455
    -31.90792455
    -31.90792455
    -31.90792455
    -31.90792455
    -31.90792455
    -31.90792455
    -31.90792455
    -31.90792455
    -31.90792455
    -31.90792455
    -31.90792455
    -31.90792455
    -31.90792455
    -31.90792455
    -16.18224142
    -16.18224142
    -16.18224142
    -16.18224142
    -16.18224142
    -16.18224142
    -16.18224142
    -16.18224142
    -16.18224142
    -16.18224142
    -16.18224142
    -16.18224142
    -16.18224142
    -16.18224142
    -16.18224142
    -16.18224142
    -16.18224142
    -15.91278346
    -15.91278346
    -15.91278346
    -15.91278346
    -15.91278346
    -15.91278346
    -15.91278346
    -15.91278346
    -15.91278346
    -15.91278346
    -15.91278346
    -15.91278346
    -15.91278346
    -15.91278346
    -15.91278346
    -15.91278346
    -15.91278346
    -15.91278346
    -15.91278346
    -15.91278346
    -15.91278346
    -15.91278346
    -15.91278346
    -15.91278346
    -15.91278346
    -15.91278346
    -15.91278346
    -15.91278346
    -15.91278346
    -15.91278346
    -15.91278346
    -15.91278346
    -15.91278346
    -15.91278346
    -15.91278346
    -15.91278346
    -15.91278346
    -15.91278346
    -15.91278346
    -15.91278346
    -15.91278346
    -15.91278346
    -15.91278346
    -15.91278346
    -15.91278346
    -15.91278346
    -15.91278346
    -15.91278346
    -15.91278346
    -15.91278346
    -15.91278346
    -15.91278346
    -15.91278346
    -15.91278346
    -15.91278346
     58.03643974
     58.03643974
     58.03643974
     58.03643974
     58.03643974
     58.03643974
     58.03643974
     58.03643974
     58.03643974
     58.03643974
     58.03643974
     58.03643974
     58.03643974
     58.03643974
     58.03643974
     58.03643974
     58.03643974
     58.03643974
     58.03643974
     58.03643974
     58.03643974
     58.03643974
     58.03643974
     58.03643974
     58.03643974
     58.03643974
     58.03643974
     58.03643974
     58.03643974
     58.03643974
     58.03643974
     58.03643974
     58.03643974
     58.03643974
     58.03643974
     58.03643974
     58.03643974
     58.10002208
     58.10002208
     59.99945646
     59.99945646
     59.99945646
     59.99945646
     59.99945646
     59.99945646
     59.99945646
     59.99945646
     59.99945646
     59.99945646
     59.99945646
     59.87188544
     59.87188544
     59.87188544
     59.87188544
     65.99541364
     65.99541364
     65.99541364
     65.99541364
     69.54389520
     69.54389520
     69.54389520
     69.54389520
     69.36344445
     69.95298004
     69.96127485
     69.96127485
     69.96127485
     69.96127485
     69.96127485
     69.96127485
     69.96127485
     69.96127485
     69.96127485
     69.96127485
     69.96127485
     69.96127485
     69.96127485
     69.96127485
     70.51012566
     70.51012566
     70.51012566
     70.51012566
     70.51012566
     70.51012566
     70.51012566
     70.51012566
     70.51012566
     70.51012566
     70.51012566
     70.51012566
     70.51012566
     70.39386172
     70.39386172
     70.39386172
     70.39386172
     70.65870739
     70.65870739
     70.57016665
     70.57016665
     70.57016665
     -3.43223128
     -3.43223128
     -3.43223128
     -3.43223128
     -3.43223128
     -3.43223128
     -3.43223128
     -3.43223128
     -3.43223128
     -3.43223128
     -3.43223128
     -3.43223128
     -3.43223128
     -3.43223128
     -3.43223128
     -3.43223128
     61.32968955
     61.32968955
     61.32968955
     61.32968955
     61.32968955
     61.32968955
     61.32968955
     61.32968955
     61.32968955
     61.32968955
     61.32968955
     61.32968955
     61.32968955
     61.32968955
     61.32968955
     61.32968955
     61.32968955
     61.32968955
     61.32968955
     61.32968955
     61.32968955
     61.32968955
     61.32968955
     61.32968955
     61.32968955
     61.32968955
     61.32968955
     61.32968955
     61.32968955
     61.32968955
     61.32968955
     61.32968955
     61.32968955
     61.32968955
     61.32968955
     61.32968955
     61.32968955
     61.32968955
     61.32968955
     61.32968955
     61.32968955
     61.32968955
     73.78434849
     85.10868943
     85.10868943
     85.10868943
     85.10868943
     85.10868943
     85.10868943
    116.61147245
    116.61147245
    116.61147245
    116.61147245
    116.61147245
    116.61147245
    116.61147245
    116.61147245
    116.61147245
    116.61147245
    116.61147245
    116.61147245
    116.61147245
    116.61147245
    116.61147245
    116.61147245
    116.61147245
    116.61147245
    116.61147245
    116.61147245
    116.61147245
    116.61147245
    116.61147245
    116.61147245
    122.48209571
    122.48209571
    122.48209571
    122.48209571
    122.48209571
    122.48209571
    122.48209571
    122.86368872
    122.86368872
    122.86368872
    122.86368872
     68.20246621
     70.44071478
     70.44071478
     70.44071478
     70.44071478
     70.44071478
     70.44071478
     70.44071478
     70.44071478
     70.44071478
     70.44071478
     70.44071478
     70.44071478
     70.44071478
     70.44071478
     70.44071478
     70.44071478
     70.44071478
     70.44071478
     70.44071478
     70.44071478
     70.44071478
     70.44071478
     70.44071478
     70.44071478
     70.44071478
     70.44071478
     70.44071478
     70.44071478
     70.44071478
     70.44071478
     70.44071478
     70.44071478
     70.44071478
     70.44071478
     70.44071478
     70.44071478
     70.44071478
     70.44071478
     70.44071478
     70.44071478
     70.44071478
     72.32313062
     72.32313062
     72.32313062
     72.32313062
     72.32313062
     72.32313062
     72.32313062
     72.32313062
     72.32313062
     72.32313062
     72.32313062
     72.32313062
     72.32313062
     72.32313062
     72.32313062
     72.32313062
     72.32313062
     72.32313062
     72.32313062
     72.32313062
     72.32313062
     72.32313062
     72.32313062
     72.32313062
     72.32313062
     72.07574885
     72.07574885
     72.07574885
     72.07574885
     72.07574885
     72.07574885
     72.07574885
     72.07574885
     72.07574885
     72.07574885
     72.07574885
     72.07574885
     72.07574885
     72.07574885
     72.07574885
     72.07574885
     72.07574885
     72.07574885
     72.07574885
     72.07574885
     72.07574885
     72.07574885
     72.07574885
     72.07574885
     72.07574885
     72.07574885
     72.07574885
     72.07574885
     72.07574885
     72.07574885
     72.07574885
     72.07574885
     72.07574885
     45.06151302
     45.06151302
     45.06151302
     45.06151302
     45.06151302
     45.06151302
     45.06151302
     45.06151302
     45.06151302
     45.06151302
     45.06151302
     45.06151302
     45.06151302
     45.06151302
     45.06151302
     45.06151302
     45.06151302
     45.06151302
     45.06151302
     45.06151302
     45.06151302
     45.06151302
     45.06151302
     45.06151302
     45.06151302
     45.06151302
     45.06151302
     45.06151302
     45.06151302
     45.06151302
     45.06151302
     45.06151302
     45.06151302
     45.06151302
     45.06151302
     45.06151302
     45.06151302
     45.06151302
     45.06151302
     45.06151302
     45.06151302
     45.06151302
     45.06151302
     45.06151302
     45.06151302
     45.06151302
     45.06151302
     51.56574260
     51.56574260
     51.56574260
     51.56574260
     51.56574260
     51.56574260
     51.56574260
     51.54113555
     51.54113555
     51.54113555
     51.54113555
     51.54113555
     51.54113555
     51.54113555
     51.54113555
     55.40405206
     55.40405206
     55.40405206
     55.40405206
     55.40405206
     55.40405206
     56.00705777
     56.00705777
     56.00705777
     56.00705777
     56.00705777
     56.00705777
     56.00705777
     56.00705777
     56.00705777
     56.00705777
     56.00705777
     56.00705777
     56.00705777
     56.00705777
     56.00705777
     56.00705777
     56.00705777
     60.05096105
     60.05096105
     60.05096105
     60.05096105
     60.05096105
     60.05096105
     60.05096105
     60.05096105
     60.05096105
     60.05096105
     60.05096105
     60.05096105
     60.05096105
     60.05096105
     60.05096105
     37.73592573
     37.73592573
     37.73592573
     37.73592573
     37.73592573
     37.73592573
     37.73592573
     37.73592573
     37.73592573
     37.73592573
     37.73592573
     37.73592573
     37.73592573
     37.73592573
     37.73592573
     37.73592573
     37.73592573
     37.73592573
     37.73592573
     37.73592573
     37.73592573
     37.73592573
     37.73592573
     37.73592573
     45.11194491
     45.11194491
     45.11194491
     45.11194491
     45.11194491
     45.11194491
     45.11194491
     45.11194491
     45.11194491
     53.52144227
     55.85176184
     55.85176184
     55.85176184
     55.85176184
     55.85176184
     55.85176184
     55.85176184
     73.61812006
     73.61812006
     73.90247658
     73.90247658
     73.90247658
     73.90247658
     73.90247658
     73.90247658
     73.90247658
     73.90247658
     73.90247658
     73.90247658
     73.90247658
     73.90247658
     73.90247658
     73.90247658
     70.93394963
     70.93394963
     70.93394963
     70.93394963
     70.93394963
     70.93394963
     70.93394963
     70.93394963
     70.93394963
     70.93394963
     70.93394963
     70.93394963
     70.93394963
     73.06778471
     73.06778471
     73.06778471
     73.06778471
     73.06778471
     73.06778471
     73.06778471
     73.06778471
     73.06778471
     73.06778471
     73.06778471
     73.06778471
     73.06778471
     73.06778471
     73.06778471
     73.06778471
     73.06778471
     73.06778471
     73.06778471
     73.06778471
     73.06778471
     69.15549348
     69.15549348
     69.15549348
     69.15549348
     69.15549348
     69.15549348
     69.15549348
     69.15549348
     69.15549348
     -5.61416832
     -5.61416832
     -5.61416832
     -5.61416832
     -5.61416832
     -5.61416832
     -5.61416832
     -5.61416832
     -5.61416832
     -5.61416832
     -5.61416832
     -5.61416832
     -5.61416832
     -5.61416832
     -5.61416832
     -5.61416832
     -5.61416832
     -5.61416832
     -5.61416832
     -5.61416832
     -5.61416832
     -5.61416832
     -5.61416832
     -5.61416832
     -5.61416832
     -5.61416832
     -5.61416832
     -5.61416832
     -5.61416832
     -5.61416832
     -5.61416832
     -5.61416832
     -5.61416832
     -5.61416832
     -5.61416832
     -5.61416832
     -5.61416832
     -5.61416832
     -5.61416832
     -5.61416832
     -5.61416832
     -5.61416832
     -5.61416832
     -5.61416832
     -5.61416832
     -5.61416832
     -5.61416832
     -5.61416832
     -5.61416832
     10.42253499
     10.42253499
     10.42253499
     10.42253499
     10.42253499
     10.42253499
     10.42253499
     10.42253499
     10.42253499
     10.42253499
     10.42253499
     10.42253499
     10.42253499
     10.42253499
     10.42253499
     10.42253499
     10.42253499
     10.42253499
     10.42253499
     10.42253499
     10.42253499
     10.42253499
     10.42253499
     10.42253499
     10.42253499
     16.70010238
     16.70010238
     16.70010238
     16.70010238
     16.70010238
     16.70010238
     16.70010238
     16.70010238
     16.70010238
     16.70010238
     16.70010238
     16.70010238
     28.05575671
     28.05575671
     28.05575671
     28.05575671
     28.05575671
     28.05575671
     28.05575671
     28.05575671
     28.05575671
     28.05575671
     28.05575671
     28.05575671
     28.05575671
     28.05575671
     36.68024764
     36.68024764
     39.16344870
     39.16344870
     39.16344870
     58.11856143
     58.11856143
     58.11856143
     58.11856143
     58.11856143
     58.11856143
     58.11856143
     58.11856143
     58.11856143
     58.11856143
     58.11856143
     58.11856143
     58.11856143
     58.11856143
     58.11856143
     58.11856143
     58.11856143
     58.11856143
     58.11856143
     58.11856143
     58.11856143
     58.11856143
     58.11856143
     58.11856143
     58.11856143
     58.11856143
     58.11856143
     58.11856143
     58.11856143
     58.11856143
     58.11856143
     58.11856143
     58.11856143
     58.11856143
     58.11856143
     61.42358063
     61.42358063
     61.42358063
     61.42358063
     61.42358063
     61.42358063
     61.42358063
     61.42358063
     61.42358063
     61.42358063
     61.42358063
     61.42358063
     61.42358063
     61.42358063
     61.42358063
     61.42358063
     61.42358063
     61.42358063
     61.42358063
     61.42358063
     63.62253099
     63.62253099
     63.62253099
     63.62253099
     63.62253099
     63.62253099
     63.62253099
     63.62253099
     63.62253099
     63.62253099
     63.62253099
     63.62253099
     63.62253099
     63.62253099
     63.62253099
     63.62253099
     63.62253099
     63.62253099
     63.62253099
     63.62253099
     63.62253099
     63.62253099
     63.62253099
     63.62253099
     63.62253099
     63.62253099
     63.62253099
     67.13796394
     67.13796394
     67.13796394
     68.80671522
     68.80671522
     68.80671522
     68.80671522
     68.80671522
     68.80671522
     68.80671522
     68.80671522
     68.80671522
     68.80671522
     69.03928816
     69.03928816
     69.03928816
     68.98861749
     68.98861749
     68.98861749
     68.98861749
     68.98861749
     68.98861749
     68.98861749
     68.98861749
     68.98861749
     68.98861749
     68.98861749
     68.98861749
     68.98861749
     70.45839399
     70.45839399
     70.45839399
     70.45839399
     70.45839399
     70.69738382
     70.69738382
     70.69738382
     70.69738382
     70.69738382
     70.69738382
     70.69738382
     70.69738382
     70.69738382
     70.69738382
     70.69738382
     70.69738382
     70.69738382
     70.69738382
     70.69738382
     70.69738382
     70.69738382
     70.69738382
     70.69738382
     70.69738382
     70.69738382
     70.69738382
     70.69738382
     70.69738382
     70.69738382
     70.69738382
     70.69738382
     70.69738382
     70.69738382
     70.69738382
     70.69738382
     70.69738382
     70.69738382
     70.69738382
     70.69738382
     70.69738382
     70.69738382
     70.69738382
     70.69738382
     70.69738382
     70.69738382
     70.69738382
     70.69738382
     70.69738382
     70.69738382
     70.69738382
     70.69738382
     70.69738382
     70.69738382
     70.69738382
     70.69738382
     70.69738382
     70.69738382
     70.69738382
     70.69738382
     70.85635534
     70.85635534
     70.85635534
     70.85635534
     70.85635534
     70.85635534
     70.85635534
     70.85635534
     70.85635534
     70.85635534
     70.85635534
     70.85635534
     70.85635534
     70.85635534
     70.85635534
     70.85635534
     70.85635534
     70.85635534
     70.85635534
     70.85635534
     70.85635534
     70.85635534
     70.85635534
     70.85635534
     53.04920987
     53.04920987
     53.04920987
     53.04920987
     53.04920987
     53.04920987
     53.04920987
     53.04920987
     53.04920987
     53.04920987
     53.04920987
     53.04920987
     57.78388393
     57.78388393
     57.78388393
     57.78388393
     57.78388393
     57.78388393
     57.78388393
     57.78388393
     57.78388393
     57.78388393
     57.78388393
     57.78388393
     57.78388393
     57.78388393
     57.78388393
     57.78388393
     57.78388393
     57.78388393
     57.78388393
     57.78388393
     57.78388393
     57.78388393
     57.78388393
     57.78388393
     57.78388393
     57.78388393
     57.78388393
     57.78388393
     57.78388393
     57.78388393
     57.78388393
     57.78388393
     57.78388393
     57.78388393
     57.78388393
     57.78388393
     57.78388393
     57.78388393
     57.78388393
     57.78388393
     57.78388393
     57.78388393
     57.21006342
     57.21006342
     57.21006342
     57.21006342
     57.21006342
     57.21006342
     57.21006342
     57.21006342
     57.21006342
     58.41251044
     58.41251044
     58.41251044
     58.41251044
     58.41251044
     58.41251044
     58.41251044
     58.41251044
     58.41251044
     58.41251044
     58.41251044
     58.41251044
     58.41251044
     58.41251044
     58.41251044
     56.33349178
     56.33349178
     56.33349178
     56.33349178
     56.33349178
     56.33349178
     50.26020963
     50.26020963
     57.08550946
     57.08550946
     67.17311287
     67.17311287
     67.17311287
     67.17311287
     67.17311287
     67.17311287
     67.17311287
     67.17311287
     67.17311287
     67.17311287
     67.17311287
     67.17311287
     72.06267880
     72.06267880
     72.06267880
     72.06267880
     72.06267880
     72.06267880
     72.06267880
     72.06267880
     72.06267880
     72.06267880
     72.06267880
     72.06267880
     72.06267880
     72.06267880
     72.06267880
     72.06267880
     72.06267880
     72.06267880
     72.06267880
     71.72721088
     71.72721088
     71.72721088
     71.72721088
     71.72721088
     71.72721088
     71.72721088
     71.72721088
     71.72721088
     71.72721088
     71.72721088
     71.72721088
     71.72721088
     71.72721088
     71.72721088
     71.72721088
     71.72721088
     71.72721088
     71.72721088
     71.72721088
     71.72721088
     71.72721088
     71.72721088
     71.72721088
     71.72721088
     71.72721088
     71.72721088
     71.72721088
     71.72721088
     71.72721088
     71.72721088
     71.72721088
     71.72721088
     71.72721088
     71.72721088
     71.72721088
     71.72721088
     71.72721088
     71.72721088
     71.72721088
     71.72721088
     71.72721088
     71.72721088
     71.72721088
     71.72721088
     71.72721088
     71.72721088
     71.72721088
     71.72721088
     71.72721088
     71.72721088
     71.72721088
     71.72721088
     71.72721088
     71.72721088
     71.72721088
     71.72721088
     71.72721088
     71.72721088
     74.90380333
     74.90380333
     74.90380333
     74.90380333
     74.90380333
     74.90380333
     74.90380333
     74.90380333
     74.90380333
     74.90380333
     74.30661950
     74.30661950
     74.30661950
     74.30661950
     74.30661950
     74.30661950
     74.30661950
     74.30661950
     74.30661950
     74.30661950
     74.30661950
     74.30661950
    -87.32932755
    -87.32932755
    -87.32932755
    -87.32932755
    -87.32932755
    -87.32932755
    -87.32932755
    -87.32932755
    -87.32932755
    -87.32932755
    -87.32932755
    -87.32932755
    -87.32932755
    -87.32932755
    -87.32932755
    -87.32932755
    -87.32932755
    -87.32932755
    -87.32932755
    -87.32932755
    -87.32932755
    -87.32932755
    -87.32932755
    -87.32932755
    -87.32932755
    -87.32932755
    -87.32932755
    -87.32932755
    -87.32932755
    -87.32932755
    -87.32932755
    -87.32932755
    -87.32932755
    -87.32932755
    -87.32932755
    -87.32932755
    -87.32932755
    -87.32932755
    -87.32932755
    -87.32932755
    -87.32932755
    -87.32932755
    -87.32932755
    -87.32932755
    -87.32932755
    -87.32932755
    -83.67534830
    -83.67534830
    -83.67534830
    -83.67534830
    -83.67534830
    -83.67534830
    -21.96256598
    -21.62305491
    -21.62305491
    -21.62305491
    -21.62305491
    -21.62305491
    -21.62305491
    -21.62305491
    -21.62305491
    -21.62305491
    -21.62305491
    -21.62305491
    -21.62305491
    -21.62305491
    -21.62305491
    -21.62305491
    -21.62305491
    -21.62305491
    -21.62305491
    -21.62305491
    -21.62305491
    -21.62305491
    -21.62305491
    -17.23360265
    -17.23360265
    -17.23360265
     15.03984763
     15.03984763
     23.26273076
     23.26273076
     23.26273076
     27.35236245
     27.35236245
     27.35236245
     27.35236245
     27.35236245
     27.35236245
     27.35236245
     27.35236245
     27.35236245
     27.35236245
     27.35236245
     39.25045007
     39.25045007
     39.25045007
     41.97549715
     59.50391976
     59.50391976
     39.61828093
     39.61828093
     39.61828093
     39.61828093
     39.61828093
     39.61828093
     39.61828093
     39.61828093
     39.61828093
     39.61828093
     39.61828093
     39.61828093
     39.61828093
     39.61828093
     39.61828093
     39.61828093
     39.61828093
     39.61828093
     39.61828093
     39.61828093
     39.61828093
     39.61828093
     39.61828093
     39.61828093
     39.61828093
     39.61828093
     39.61828093
     39.61828093
     39.61828093
     39.61828093
     39.61828093
     39.61828093
     39.61828093
     39.61828093
     39.61828093
     39.61828093
     39.61828093
     39.61828093
     39.61828093
     39.61828093
     39.61828093
     39.61828093
     40.17426641
     40.17426641
     40.17426641
     40.17426641
     40.17426641
     40.17426641
     40.17426641
     40.17426641
     48.84316381
     48.84316381
     48.84316381
     48.84316381
     48.84316381
     48.84316381
     48.84316381
     48.84316381
     48.84316381
     48.84316381
     48.84316381
     48.84316381
     51.01590279
     51.01590279
     51.01590279
     51.01590279
     51.01590279
     51.01590279
     51.01590279
     51.01590279
     51.01590279
     51.01590279
     51.01590279
     51.01590279
     51.01590279
     59.46029432
     59.46029432
     59.46029432
     61.70985718
     61.70985718
     61.70985718
     61.70985718
     61.70985718
     61.70985718
     61.70985718
     61.70985718
     61.70985718
     61.70985718
     61.70985718
     61.70985718
     61.70985718
     61.70985718
     61.70985718
     61.70985718
     61.70985718
     64.36845117
     64.36845117
     64.36845117
     64.36845117
     64.36845117
     56.15203236
     56.15203236
     56.15203236
     56.15203236
     56.15203236
     56.15203236
     56.15203236
     56.15203236
     56.15203236
     56.15203236
     56.15203236
     56.15203236
     56.15203236
     56.15203236
     56.15203236
     56.15203236
     56.15203236
     60.84009942
     62.91177612
     62.91177612
     62.91177612
     62.91177612
     62.91177612
     62.91177612
     62.91177612
     62.91177612
     61.08702654
     61.08702654
     61.17098414
     61.17098414
     61.17098414
     61.17098414
     61.17098414
     61.17098414
     61.17098414
     61.17098414
     61.17098414
     61.17098414
     61.17098414
     61.17098414
     61.17098414
     61.17098414
     63.44632160
     63.44632160
     63.44632160
     63.44632160
     63.44632160
     63.44632160
     63.44632160
     63.44632160
     63.44632160
     63.44632160
     63.44632160
     63.44632160
     63.44632160
     63.44632160
     63.44632160
     63.44632160
     68.47177509
     68.47177509
     68.32350424
     68.32350424
     68.32350424
     68.32350424
     68.32350424
     68.32350424
     68.32350424
     68.32350424
     68.32350424
     70.20712006
     70.20712006
     70.20712006
     70.20712006
     70.20712006
     70.38362869
     70.38362869
     70.38362869
     70.38362869
     70.69539273
     70.69539273
    120.52955878
    120.52955878
    120.52955878
    116.30079611
    116.30079611
    116.30079611
    116.30079611
    116.30079611
    116.30079611
    116.30079611
    116.30079611
    116.30079611
    116.30079611
    116.30079611
    116.30079611
    118.61172045
    118.61172045
    118.61172045
    118.61172045
    118.61172045
     71.67510291
     71.67510291
     71.67510291
     71.67510291
     71.67510291
     71.67510291
     71.67510291
     71.67510291
     71.67510291
     71.67510291
     71.67510291
     71.67510291
     71.67510291
     71.67510291
     71.67510291
     71.67510291
     71.67510291
     71.99855865
     71.99855865
     72.13201013
     72.13201013
     72.13201013
     72.13201013
     72.13201013
     71.78242751
     71.78242751
     71.78242751
     71.78242751
     71.78242751
     71.78242751
     71.78242751
     71.78242751
     71.78242751
     71.78242751
     71.78242751
     71.78242751
     71.78242751
     71.78242751
     71.78242751
     71.78242751
     71.78242751
     71.78242751
     71.78242751
     71.78242751
     71.78242751
     71.78242751
     71.78242751
     71.78242751
     71.78242751
     71.78242751
     71.78242751
     71.78242751
     71.78242751
     71.78242751
     71.78242751
     71.78242751
     71.78242751
     71.78242751
     71.78242751
     71.78242751
     71.78242751
     71.78242751
     71.78242751
     71.78242751
     71.78242751
     71.78242751
     71.78242751
     71.78242751
     71.78242751
     71.78242751
     71.78242751
     71.78242751
     71.38257034
     71.38257034
     71.38257034
     71.38257034
     71.38257034
     71.38257034
     71.38257034
     71.38257034
     71.38257034
     71.38257034
     71.38257034
     71.38257034
     71.38257034
     72.43838479
     72.43838479
     72.43838479
     72.43838479
     72.43838479
     72.43838479
     72.43838479
     72.43838479
     72.43838479
     72.43838479
     72.43838479
     72.43838479
     72.43838479
     72.43838479
     72.43838479
    117.23155026
    117.23155026
    117.23155026
    117.23155026
    117.23155026
    117.23155026
    117.23155026
    117.23155026
    117.23155026
    117.23155026
    117.23155026
    117.23155026
    117.23155026
    117.23155026
    117.23155026
    117.23155026
    117.23155026
    117.23155026
    117.23155026
    117.23155026
    117.23155026
    117.23155026
    117.23155026
    117.23155026
    117.23155026
    117.23155026
    117.23155026
    117.23155026
    117.23155026
    117.23155026
    117.23155026
    117.23155026
    117.23155026
    117.23155026
    117.23155026
    117.41056043
    117.41056043
    117.41056043
    117.41056043
    117.41056043
    117.41056043
    117.41056043
    117.41056043
    117.41056043
    117.41056043
    117.41056043
    117.41056043
    117.41056043
    117.41056043
    117.41056043
    117.41056043
    117.41056043
    117.41056043
    117.41056043
    117.41056043
    117.41056043
    117.41056043
    120.65195724
    120.65195724
    120.65195724
    120.65195724
    120.65195724
    120.65195724
    120.65195724
    120.65195724
    120.65195724
    120.59618008
    120.59618008
    120.59618008
    120.59618008
    120.59618008
    120.59618008
    120.59618008
    120.59618008
    120.59618008
    120.59618008
    120.59618008
    120.59618008
    120.59618008
    120.59618008
    120.59618008
    120.59618008
    120.59618008
    120.59618008
    120.59618008
    120.59618008
    120.59618008
    120.59618008
    120.59618008
    120.59618008
    120.59618008
    120.59618008
    120.59618008
    120.59618008
    120.59618008
    120.59618008
    121.69094501
    121.69094501
    121.69094501
    124.99001586
     51.64497225
     51.64497225
     51.64497225
     51.64497225
     51.64497225
     51.64497225
     51.64497225
     51.64497225
     51.64497225
     51.64497225
     51.64497225
     51.64497225
     51.64497225
     51.64497225
     51.64497225
     58.38384167
     58.38384167
     58.38384167
     58.38384167
     58.38384167
     62.34470850
     62.34470850
     62.34470850
     62.34470850
     62.34470850
     62.34470850
     62.34470850
     62.34470850
     62.34470850
     62.34470850
     62.34470850
     62.34470850
     62.34470850
     61.50344813
     61.50344813
     61.50344813
     61.50344813
     61.50344813
     61.50344813
     61.50344813
     61.50344813
     61.50344813
     61.50344813
     61.89663145
     61.89663145
     61.89663145
     61.89663145
     61.89663145
     61.89663145
     61.98685972
     61.98685972
     61.98685972
     61.98685972
     61.98685972
     61.98685972
     61.98685972
     62.69309619
     62.69309619
     62.69309619
     62.69309619
     62.69309619
     62.77694358
     62.77694358
     62.77694358
     62.77694358
     62.77694358
     62.77694358
     66.57257447
     68.09017293
     68.09017293
     68.09017293
     68.09017293
     68.09017293
     68.09017293
     68.70025885
     68.70025885
     68.70025885
     68.70025885
     68.70025885
     68.70025885
     68.70025885
     68.70025885
     68.70025885
     68.70025885
     68.70025885
     68.70025885
     68.70025885
     71.70310778
     70.86095857
     70.86095857
     70.86095857
     70.86095857
     70.86095857
     70.86095857
     70.86095857
     70.86095857
     70.86095857
     70.86095857
     70.86095857
     70.86095857
