-197.698849,8.13908599499,1.08373750468
-195.978481931,8.12440744414,1.03986658942
-194.258114862,8.10962448703,0.993392181614
-192.537747793,8.09473638105,0.943919752479
-190.817380724,8.07974237827,0.890939213715
-189.097013656,8.06464172549,0.833770377655
-187.376646587,8.04943366411,0.77146987402
-185.656279518,8.03411743016,0.702659774231
-183.935912449,8.0186922542,0.625178082913
-182.21554538,8.00315736137,0.535252953211
-180.495178311,7.98751197126,0.425034181197
-178.774811242,7.97175529792,0.270742240797
-177.054444173,7.94918120949,0.16672586354
-175.334077104,7.91068616095,0.316779004409
-173.613710036,7.87207596981,0.354135307592
-171.893342967,7.83334869649,0.320922397382
-170.172975898,7.79450239551,0.18188606194
-168.452608829,7.77104149174,0.241450207547
-166.73224176,7.75597999785,0.338208198468
-165.011874691,7.74079558965,0.350671965636
-163.291507622,7.72548750437,0.28992767021
-161.571140553,7.70956043436,0.0490799973383
-159.850773484,7.67188765701,0.288361361371
-158.130406416,7.63343041753,0.350326012841
-156.410039347,7.59484410744,0.338813619661
-154.689672278,7.55612678836,0.243618023355
-152.969305209,7.51404387897,0.177867451377
-151.24893814,7.46556055295,0.319752436303
-149.528571071,7.41693972334,0.354001948165
-147.808204002,7.36817894767,0.317598399764
-146.087836933,7.31927577642,0.16997294023
-144.367469864,7.27085013214,0.248001910774
-142.647102796,7.2225596347,0.340009080418
-140.926735727,7.17411942646,0.349521444343
-139.206368658,7.12552707402,0.284927116322
-137.486001589,7.08530712417,0.052876011518
-135.76563452,7.22001432371,0.292663115615
-134.045267451,7.35653687288,0.351133290022
-132.324900382,7.49291644164,0.336767487625
-130.604533313,7.62915988105,0.236649474014
-128.884166244,7.71400562368,0.188898566131
-127.163799175,7.71608691981,0.322875500912
-125.443432107,7.71804329761,0.353991627131
-123.723065038,7.71987485535,0.314438148809
-122.002697969,7.72158168505,0.157883211391
-120.2823309,7.67457564721,0.254745156948
-118.561963831,7.609505261,0.341957825688
-116.841596762,7.54430460231,0.348511889165
-115.121229693,7.47897039576,0.280128812074
-113.400862624,7.42275160758,0.0739062954307
-111.680495555,7.47387562876,0.29713596892
-109.960128487,7.52501333479,0.351959718425
-108.239761418,7.57601652387,0.334584054797
-106.519394349,7.62688775815,0.229128623119
-104.79902728,7.67785096147,0.198878571565
-103.078660211,7.72898636927,0.325746297874
-101.358293142,7.77999750674,0.353794370803
-99.6379260732,7.83088693644,0.31102401012
-97.9175590044,7.88165721481,0.144226804116
-96.1971919355,7.96663289567,0.261036584458
-94.4768248666,8.06158234773,0.3437870517
-92.7564577977,8.15642423753,0.347526832623
-91.0360907288,8.25116332943,0.275493566833
-89.3157236599,8.33532628057,0.100599518711
-87.595356591,8.3428316606,0.301753691305
-85.8749895221,8.35024360696,0.352911139684
-84.1546224532,8.35756249201,0.332565692534
-82.4342553843,8.36478868341,0.221841136407
-80.7138883154,8.37625007864,0.208925303138
-78.9935212466,8.39254132389,0.328771545047
-77.2731541777,8.40874163267,0.353692814622
-75.5527871088,8.42485181879,0.307696010306
-73.8324200399,8.44087269155,0.129689238984
-72.112052971,8.46888064693,0.26731731588
-70.3916859021,8.49953559459,0.345562359111
-68.6713188332,8.53010498066,0.34634146039
-66.9509517643,8.56059034079,0.270325443017
-65.2305846954,8.57301620183,0.121263113884
-63.5102176265,8.49297279111,0.305853708032
-61.7898505577,8.4128434891,0.353488883531
-60.0694834888,8.33262427049,0.330052653663
-58.3491164199,8.25231110546,0.21327063067
-56.628749351,8.24900982728,0.217452743476
-54.9083822821,8.31957992101,0.331281495594
-53.1880152132,8.39005541303,0.353236269258
-51.4676481443,8.46043984368,0.303930935077
-49.7472810754,8.53073674875,0.111961477827
-48.0269140065,8.51151969012,0.272969869118
-46.3065469376,8.47740454643,0.346999106164
-44.5861798687,8.44320272938,0.344794160511
-42.8658127999,8.40891252083,0.264454425684
-41.145445731,8.36601594478,0.137445561572
-39.4250786621,8.29008180653,0.309454702143
-37.7047115932,8.21405158472,0.353803441982
-35.9843445243,8.13792145994,0.327324276096
-34.2639774554,8.0616876078,0.20408700844
-32.5436103865,7.99869581527,0.225435209579
-30.8232433176,7.94638836332,0.333551278448
-29.1028762487,7.89396756228,0.352429377645
-27.3825091798,7.84143077879,0.299455620347
-25.6621421109,7.78877544038,0.0874741595998
-23.9417750421,7.75746190881,0.277699030444
-22.2214079732,7.72839965443,0.347970156814
-20.5010409043,7.69921310024,0.34285290606
-18.7806738354,7.66990078008,0.257896678213
-17.0603067665,7.63250074426,0.150874155249
-15.3399396976,7.57082159218,0.31263623568
-13.6195726287,7.50901022433,0.35383160713
-11.8992055598,7.44706353559,0.324244812967
-10.1788384909,7.38497841406,0.193780964252
-8.45847142204,7.41204454761,0.232630159061
-6.73810435315,7.49964509462,0.335599332256
-5.01773728426,7.58710985029,0.35158638305
-3.29737021537,7.67444320843,0.295088490611
-1.57700314648,7.75594525409,0.0637613703885
0.143363922408,6.79414307867,0.114877511776
1.8637309913,6.70261290271,0.305840323256
3.58409806019,6.6109068963,0.35739014668
5.30446512908,6.51902045256,0.340252779117
7.02483219797,6.42694895557,0.240142897363
8.74519926686,6.31693281012,0.214448511107
10.4655663358,6.18326607328,0.332249424251
12.1859334046,6.04939741649,0.35854403707
13.9063004735,5.9153201148,0.316992513626
15.6266675424,5.78102743283,0.161787889055
17.3470346113,5.79822123394,0.270616587711
19.0674016802,5.85839739586,0.348913389175
20.7877687491,5.91835531795,0.352089624896
22.508135818,5.97809801223,0.282689648547
24.2285028869,6.02425370315,0.129104539029
25.9488699558,5.97729062563,0.308783696287
27.6692370247,5.93011528091,0.357383213629
29.3896040935,5.88272529915,0.33734353187
31.1099711624,5.83511829968,0.231469792564
32.8303382313,5.81256695145,0.22150833848
34.5507053002,5.81791664128,0.334278402494
36.2710723691,5.82304605772,0.357914443183
37.991439438,5.82795545847,0.313291120826
39.7118065069,5.83264509013,0.147924862945
41.4321735758,5.91536835316,0.275994427028
43.1525406447,6.01495483288,0.350438329178
44.8729077136,6.1143309375,0.350988737207
46.5932747825,6.21350165917,0.278084905373
48.3136418513,6.28946139749,0.146275597407
50.0340089202,6.25155530762,0.312986696572
51.7543759891,6.21345072831,0.358193846563
53.474743058,6.17514574538,0.335304527123
55.1951101269,6.13663843455,0.224357672241
56.9154771958,6.03710726262,0.230218961268
58.6358442647,5.88028683388,0.336932238865
60.3562113336,5.72324926496,0.3573904791
62.0765784025,5.56598666701,0.309220774444
63.7969454714,5.40849113993,0.131093400238
65.5173125402,5.38099686946,0.28063004502
67.2376796091,5.37387342954,0.351305109042
68.958046678,5.36650740963,0.348833620913
70.6784137469,5.35889843969,0.27122264061
72.3987808158,5.35991237555,0.156713896208
74.1191478847,5.39386444876,0.315466242503
75.8395149536,5.42757494622,0.357893960891
77.5598820225,5.4610455614,0.332072879493
79.2802490914,5.49427797568,0.214635272897
81.0006161603,5.45132308635,0.236532623164
82.7209832292,5.34805730132,0.33865951655
84.441350298,5.24454763943,0.356374854956
86.1617173669,5.14078890083,0.304776087114
87.8820844358,5.03677587316,0.111084162435
89.6024515047,5.19383581437,0.285114820068
91.3228185736,5.37779882846,0.352425967875
93.0431856425,5.56151945974,0.347463049679
94.7635527114,5.74500693746,0.26621285999
96.4839197803,5.89450805119,0.170862999355
98.2042868492,5.94430447281,0.319427194545
99.9246539181,5.99388697018,0.358611411877
101.645020987,6.04325803409,0.330007181193
103.365388056,6.09242014468,0.207213800892
105.085755125,6.13548760204,0.244918192511
106.806122194,6.17443958599,0.341592421942
108.526489263,6.21318920656,0.356620770423
110.246856331,6.25173841039,0.302433468761
111.9672234,6.29008913396,0.0976785234792
113.687590469,6.18646731673,0.29177155636
115.407957538,6.07492686495,0.354347664631
117.128324607,5.96317905079,0.346054457935
118.848691676,5.85121826053,0.260199414269
120.569058745,5.84069015365,0.182109564845
122.289425814,6.07184382762,0.32269573811
124.009792883,6.30278998432,0.359031808016
125.730159951,6.53354022536,0.327845650509
127.45052702,6.76410614255,0.199662287732
129.170894089,6.94981535932,0.253049691934
130.891261158,7.11059418802,0.344485541805
132.611628227,7.27121768128,0.356843861711
134.331995296,7.43169390811,0.30006273944
136.052362365,7.59203093007,0.0822381372536
137.772729434,7.46612585059,0.298232813761
139.493096503,7.33745371498,0.356525962602
141.213463571,7.20863764029,0.345443805918
142.93383064,7.07967115543,0.256131277102
144.654197709,7.01941709054,0.195981740112
146.374564778,7.09365374277,0.327072131505
148.094931847,7.16773420861,0.359966865303
149.815298916,7.24166220947,0.325903787185
151.535665985,7.31544145916,0.19204918054
153.256033054,7.57571571892,0.260954622989
154.976400123,7.92132895422,0.347349448649
156.696767191,8.26682758157,0.357065845471
158.41713426,8.6122289572,0.297710977573
160.137501329,8.95140201027,0.105486937016
161.857868398,9.1125781641,0.304695377721
163.578235467,9.27369955268,0.359363411527
165.298602536,9.43477426998,0.346472442929
167.018969605,9.59581040762,0.256009221186
168.739336674,9.72019967516,0.21419895014
170.459703743,9.78505104639,0.33372340524
172.180070811,9.8498814342,0.362813779527
173.90043788,9.91469409535,0.32660808945
175.620804949,9.97949228575,0.19100605198
177.341172018,9.61192271135,0.265286985626
179.061539087,9.08311828517,0.323840424363
180.781906156,8.5542576138,0.287671156324
182.502273225,8.02692763782,0.0687336363033
184.222640294,7.9613034059,0.282030250501
185.943007363,7.92924637419,0.349029551778
187.663374431,7.89707513225,0.34149996443
189.3837415,7.86478806397,0.252867179535
191.104108569,7.86024411798,0.162176042219
192.824475638,7.92616996343,0.315589379535
194.544842707,7.99198144411,0.35413999421
196.265209776,8.0576818661,0.322120619952
197.985576845,8.12327452986,0.186096695978
199.705943914,8.19927803405,0.239293355682
201.426310983,8.28134321892,0.337697650425
203.146678051,8.36331188125,0.351256640796
204.86704512,8.44518813874,0.292040683803
206.587412189,8.52471777257,0.0558066379399
208.307779258,8.4649505476,0.287273894931
210.028146327,8.39960479772,0.350313604519
211.748513396,8.33416846619,0.339833220452
213.468880465,8.2686382658,0.246628923522
215.189247534,8.24547036788,0.174882948578
216.909614603,8.31018626334,0.319056678672
218.629981672,8.37480708518,0.354369714392
220.35034874,8.43933607967,0.319266370145
222.070715809,8.50377648842,0.175646731826
223.791082878,8.57910877155,0.246621576449
225.511449947,8.65969287248,0.339899484931
227.231817016,8.74019945737,0.350499305889
228.952184085,8.82063257045,0.287711632041
230.672551154,8.90206246499,0.0576017591241
232.392918223,9.01113230527,0.292206566096
234.113285292,9.12060867746,0.351571531718
235.83365236,9.23003068781,0.33836538853
237.554019429,9.33940383315,0.240932831124
239.274386498,9.42623173395,0.187766390454
240.994753567,9.47437930893,0.322856443094
242.715120636,9.52249029383,0.354870732765
244.435487705,9.5705671055,0.316782953492
246.155854774,9.61861215911,0.165788269501
247.876221843,9.6076298404,0.2543491567
249.596588912,9.57316081051,0.342319372132
251.31695598,9.53866015284,0.349851215789
253.037323049,9.50412613425,0.283433419084
254.757690118,9.47189749834,0.0749611810369
256.478057187,9.47234185161,0.297043145038
258.198424256,9.47287323872,0.352591968823
259.918791325,9.47336796008,0.336337634756
261.639158394,9.47382604056,0.233747949843
263.359525463,9.47000889164,0.197948917707
265.079892532,9.46006874424,0.32577720049
266.8002596,9.45009128787,0.354667342922
268.520626669,9.44007602129,0.313308384062
270.240993738,9.4300224414,0.152462753171
271.961360807,9.4943336918,0.260424510581
273.681727876,9.58235929413,0.344046903492
275.402094945,9.67035373076,0.348795750293
277.122462014,9.75832142213,0.278733201677
278.842829083,9.84574535926,0.0982522510357
280.563196152,9.92873203037,0.301568450688
282.28356322,10.0117049359,0.35359869173
284.003930289,10.094668244,0.334553236009
285.724297358,10.1776261225,0.227205624152
287.444664427,10.2176634038,0.208652350744
289.165031496,10.2058834515,0.329090353929
290.885398565,10.1941036564,0.354818702931
292.605765634,10.1823234267,0.310365738998
294.326132703,10.1705421706,0.139950917284
296.046499772,10.204386748,0.267160271681
297.76686684,10.2495997501,0.346094264438
299.487233909,10.2948151054,0.347904574708
301.207600978,10.3400350855,0.274123918876
302.927968047,10.3762655036,0.120658671765
304.648335116,10.3607321404,0.306038026902
306.368702185,10.3452067133,0.354435343871
308.089069254,10.3296884424,0.332355766435
309.809436323,10.314176548,0.219463104609
311.529803392,10.3145156328,0.217712419671
313.25017046,10.3309903651,0.33184661226
314.970537529,10.3474715394,0.354571583573
316.690904598,10.3639599835,0.306917470322
318.411271667,10.3804565259,0.124690885499
320.131638736,10.3852014329,0.273107711133
321.852005805,10.3877661197,0.347721153655
323.572372874,10.3903401005,0.346576616915
325.292739943,10.3929235048,0.268707488318
327.013107012,10.3920559516,0.137635455523
328.73347408,10.3764979053,0.309859131102
330.453841149,10.360948587,0.354893563904
332.174208218,10.3454072157,0.329787531499
333.894575287,10.3298730105,0.210808798875
335.614942356,10.3392255042,0.225818477158
337.335309425,10.3699455891,0.334262438233
339.055676494,10.400674073,0.354040754033
340.776043563,10.4314124993,0.303046454978
342.496410632,10.4621624124,0.105837325805
344.216777701,10.5092953504,0.278481200661
345.937144769,10.5585591256,0.349119673398
347.657511838,10.6078407748,0.34514363136
349.377878907,10.6571427737,0.263191877109
351.098245976,10.7154253562,0.152874917678
352.818613045,10.8032105326,0.313712757903
354.538980114,10.8910258732,0.355563495084
356.259347183,10.9788757892,0.32772775671
357.979714252,11.0667646938,0.20335221412
359.700081321,11.5320957551,0.161165956212
361.420448389,11.5531520626,0.274524372651
363.140815458,11.2968075968,0.353056538435
364.861182527,11.0405180911,0.359224577105
366.581549596,10.7842706706,0.297564524759
368.301916665,10.5415305828,0.132280526906
370.022283734,10.4821224524,0.310844114043
371.742650803,10.4227283562,0.36148724761
373.463017872,10.3633453105,0.345907329447
375.183384941,10.3039703321,0.252107912901
376.903752009,10.2775975635,0.222960058743
378.624119078,10.2975526921,0.336721221284
380.344486147,10.317512583,0.363291194757
382.064853216,10.3374782388,0.324827429844
383.785220285,10.3574506626,0.184317561122
385.505587354,10.388556968,0.278063803689
387.225954423,10.4231191336,0.353848459053
388.946321492,10.4576923693,0.357917881935
390.666688561,10.4922784119,0.293273755481
392.387055629,10.4945556517,0.148766954839
394.107422698,10.2379600849,0.314810115848
395.827789767,9.98136628664,0.361797036744
397.548156836,9.72476136695,0.342801772828
399.268523905,9.46813243518,0.242797443511
400.988890974,9.33487075446,0.228100813255
402.709258043,9.34730806684,0.337826938361
404.429625112,9.35970240571,0.361714520652
406.149992181,9.37205439365,0.319631665122
407.870359249,9.3843646512,0.167637404314
409.590726318,9.41689022748,0.280766426709
411.311093387,9.45425172846,0.353767449145
413.031460456,9.49157562824,0.355129487738
414.751827525,9.5288638018,0.285878672421
416.472194594,9.60810310116,0.156081107763
418.192561663,9.91882777009,0.316823402802
419.912928732,10.2295381759,0.362339654914
421.633295801,10.5402499272,0.342208116265
423.353662869,10.8509786327,0.240464813224
425.074029938,10.9848162676,0.240879117603
426.794397007,10.9424824106,0.342675182036
428.514764076,10.900185714,0.363209288078
430.235131145,10.8579240531,0.318605997437
431.955498214,10.8156953048,0.161822598605
433.675865283,10.8962722734,0.28891756449
435.396232352,10.9988031015,0.357247262095
437.116599421,11.1013739194,0.356320120712
438.836966489,11.2039898796,0.285461893395
440.557333558,11.3059631495,0.178720947436
442.277700627,11.4051494929,0.323766819854
443.998067696,11.5043962388,0.364808742957
445.718434765,11.6037083731,0.341655164909
447.438801834,11.7030908846,0.236114728649
449.159168903,11.7344427623,0.250673018618
450.879535972,11.708672876,0.346354332366
452.599903041,11.68297864,0.363994034833
454.320270109,11.6573587633,0.316907686382
456.040637178,11.6318119591,0.154179615857
457.761004247,11.3876555118,0.295647945695
459.481371316,11.1168140449,0.358942521184
461.201738385,10.846018496,0.354188483956
462.922105454,10.5752552616,0.277914145926
464.642472523,10.3826524623,0.184828490917
466.362839592,10.4395204078,0.325054406805
468.083206661,10.4964002473,0.363516223957
469.80357373,10.5532948382,0.33707258249
471.523940798,10.6102070386,0.223781784425
473.244307867,10.5595410238,0.253385247868
474.964674936,10.4328858341,0.346306453761
476.685042005,10.3062422052,0.361360181097
478.405409074,10.179603775,0.310105282431
480.125776143,10.0529641818,0.12912614527
481.846143212,10.1216401659,0.296963746717
483.566510281,10.2042183716,0.358564444672
485.28687735,10.2867966508,0.351941707552
487.007244418,10.3693791519,0.272158106477
488.727611487,10.504096465,0.195160501806
490.447978556,10.7721800932,0.328481374964
492.168345625,11.0402923267,0.364596872533
493.888712694,11.3084466341,0.336430154033
495.609079763,11.5766564862,0.220588198206
497.329446832,11.6749067111,0.263807308576
499.049813901,11.6727479379,0.350599427565
500.77018097,11.6706630102,0.362927185682
502.490548038,11.6686518233,0.309813837795
504.210915107,11.6667142761,0.125372223942
505.931282176,11.5645544831,0.305100236672
507.651649245,11.4600013539,0.361619425059
509.372016314,11.3555113828,0.351865414779
511.092383383,11.2510793208,0.268713119509
512.812750452,11.1925232575,0.208153705289
514.533117521,11.2298217128,0.332556258424
516.25348459,11.2671717631,0.364847565976
517.973851658,11.3045752846,0.333005607214
519.694218727,11.3420341565,0.20958569598
521.414585796,11.2737736688,0.268044296848
523.134952865,11.1537157184,0.351288557041
524.855319934,11.0337055398,0.360745499184
526.575687003,10.9137371043,0.30339758203
528.296054072,10.7946179899,0.114071697954
530.016421141,10.7185599699,0.306836726376
531.73678821,10.6425278615,0.360932642753
533.457155278,10.5665178452,0.348411249719
535.177522347,10.4905261027,0.25980968199
536.897889416,10.3753592293,0.210377480603
538.618256485,10.1923329516,0.315052348471
540.338623554,10.0093061503,0.312835951036
542.058990623,9.82626963116,0.200208527927
543.779357692,9.72929133536,0.231246056663
545.499724761,9.69639582742,0.335653970739
547.22009183,9.66347488243,0.352983922891
548.940458898,9.63052684662,0.298796455857
550.660825967,9.59764390918,0.0833376729138
552.381193036,9.6411718757,0.281662370381
554.101560105,9.69137002631,0.34952261314
555.821927174,9.74154248744,0.343155928526
557.542294243,9.79169177945,0.257104273158
559.262661312,9.84507861816,0.161611134916
560.983028381,9.9073397771,0.315773060177
562.70339545,9.96958609582,0.355108997516
564.423762518,10.0318207013,0.324488498305
566.144129587,10.0940467199,0.193079258915
567.864496656,10.131436657,0.239197323028
569.584863725,10.1533215,0.338157883384
571.305230794,10.1752038597,0.352593368108
573.025597863,10.1970848353,0.295180199937
574.745964932,10.2188131901,0.0704800150809
576.466332001,10.2263401882,0.287285451491
578.18669907,10.2331611285,0.351032302926
579.907066139,10.2399835964,0.341715027806
581.627433207,10.2468079344,0.251332610772
583.347800276,10.2377091313,0.174816768431
585.068167345,10.1932747116,0.319376607411
586.788534414,10.1488398156,0.355348050632
588.508901483,10.1044022112,0.321524864934
590.229268552,10.0599596661,0.182523483437
591.949635621,10.0290156013,0.246117871311
593.67000269,10.005077248,0.340124996547
595.390369759,9.98112896427,0.351571906326
597.110736827,9.9571695472,0.290394513946
598.831103896,9.93308139644,0.0631876966891
600.551470965,9.90504371218,0.291595592964
602.271838034,9.87689818424,0.351756972394
603.992205103,9.84873628682,0.33944639195
605.712572172,9.82055660527,0.243924037609
607.432939241,9.78842116022,0.184831645138
609.15330631,9.74905507394,0.322062536292
610.873673379,9.70966619597,0.355008903117
612.594040447,9.67025254761,0.317943944002
614.314407516,9.63081214888,0.169971632528
616.034774585,9.61097251293,0.252074406204
617.755141654,9.59948876849,0.341697072561
619.475508723,9.58797471886,0.350295831666
621.195875792,9.57642978564,0.285295535876
622.916242861,9.56755971864,0.0699167577264
624.63660993,9.60480450896,0.295708160345
626.356976999,9.64235570556,0.352468713989
628.077344067,9.67987875037,0.337316142351
629.797711136,9.71737552844,0.236823082664
631.518078205,9.77610633349,0.195173207359
633.238445274,9.86728314595,0.325081197129
634.958812343,9.95844310595,0.355036134067
636.679179412,10.0495907929,0.314984586865
638.399546481,10.1407307857,0.158638875262
640.11991355,10.1915061318,0.259028682742
641.840280619,10.2283338607,0.343879801958
643.560647687,10.2651628746,0.349657811303
645.281014756,10.3019950236,0.281280045769
647.001381825,10.3339710528,0.0935473646903
648.721748894,10.317369902,0.300760596776
650.442115963,10.300761312,0.353669907214
652.162483032,10.2841576456,0.335531536773
653.882850101,10.2675580684,0.230111823431
655.60321717,10.2450964498,0.205677929807
657.323584239,10.2151170038,0.328218978287
659.043951307,10.1851381789,0.354946784785
660.764318376,10.1551584691,0.311585697534
662.484685445,10.1251763682,0.144973000106
664.205052514,10.0915063099,0.265050026142
665.925419583,10.0568258137,0.345454220131
667.645786652,10.0221379868,0.348195689097
669.366153721,9.9874410866,0.2756025355
671.08652079,9.95375855092,0.112816352181
672.806887859,9.92673490112,0.304331520667
674.527254927,9.89969738543,0.353970496696
676.247621996,9.87264464561,0.332815879757
677.967989065,9.84557532264,0.221424133472
679.688356134,9.79775558568,0.213764645378
681.408723203,9.72751865201,0.330474857307
683.129090272,9.6572578448,0.354231049869
684.849457341,9.58696963442,0.307403006328
686.56982441,9.51665048996,0.127508118563
688.290191479,9.48752568346,0.270060578337
690.010558547,9.46691709929,0.346563339727
691.730925616,9.44627155015,0.346403152982
693.451292685,9.42558799895,0.26944328072
695.171659754,9.39885189865,0.128747653995
696.892026823,9.34386434653,0.307610786491
698.612393892,9.28883364784,0.354053209904
700.332760961,9.23375703816,0.329802928568
702.05312803,9.17863175065,0.211825287258
703.773495099,9.14239225342,0.221090666819
705.493862168,9.12335639719,0.332506951832
707.214229236,9.10426631715,0.353413955004
708.934596305,9.0851210543,0.303159390947
710.654963374,9.06591964687,0.107549155754
712.375330443,9.03315415451,0.275074474939
714.095697512,8.99832442267,0.347681061603
715.816064581,8.96343418605,0.344595941719
717.53643165,8.92848169186,0.263169650512
719.256798719,9.68429275009,0.130956312344
720.977165788,12.032880506,0.218003681972
722.697532856,12.1633901646,0.336231854325
724.417899925,12.2939983162,0.366331323896
726.138266994,12.4247115219,0.333121887117
727.858634063,12.5555363483,0.208235085139
729.579001132,12.6323143736,0.276907102778
731.299368201,12.686673848,0.35529648388
733.01973527,12.7411581026,0.362767214357
734.740102339,12.7957698746,0.304584967761
736.460469408,12.8374550345,0.144111323347
738.180836476,12.648934502,0.314624141123
739.901203545,12.460536854,0.364577592163
741.621570614,12.2722526262,0.350086136276
743.341937683,12.0840723601,0.260608356385
745.062304752,12.0260275064,0.227736490767
746.782671821,12.162208864,0.33945358124
748.50303889,12.2984886553,0.366429263787
750.223405959,12.4348737264,0.330140500631
751.943773028,12.5713709285,0.198470876524
753.664140096,12.6241842591,0.28209332182
755.384507165,12.6489833364,0.356721008376
757.104874234,12.6739053006,0.361503405198
758.825241303,12.6989514038,0.299802993451
760.545608372,12.717388254,0.156924985488
762.265975441,12.6726446388,0.318070502739
763.98634251,12.6280250992,0.365341680913
765.706709579,12.5835273935,0.348638838903
767.427076648,12.5391492867,0.255714561369
769.147443716,12.5600545671,0.237265632763
770.867810785,12.6627959495,0.342760304536
772.588177854,12.7656609126,0.366717404881
774.308544923,12.868654624,0.327550731893
776.028911992,12.9717822576,0.189479927798
777.749279061,13.0377011126,0.287910793487
779.46964613,13.0939039476,0.358735696384
781.190013199,13.1502520203,0.36111317998
782.910380268,13.2067481612,0.29669387522
784.630747336,13.2550409563,0.173087817911
786.351114405,13.2515914269,0.32292925593
788.071481474,13.2482950567,0.366904942819
789.791848543,13.2451516798,0.34781214284
791.512215612,13.2421611386,0.251679779077
793.232582681,13.3064830662,0.247297681522
794.95294975,13.4419430279,0.346697191692
796.673316819,13.577565711,0.368003763807
798.393683888,13.7133579287,0.3268679941
800.114050956,13.8493265024,0.185582717711
801.834418025,13.8753093755,0.296096545345
803.554785094,13.8794964383,0.361924415471
805.275152163,13.8838682031,0.361380980391
806.995519232,13.8884248895,0.294098413126
808.715886301,13.8835951076,0.188528388044
810.43625337,13.835690625,0.327806087957
812.156620439,13.7879686438,0.368215000316
813.876987508,13.7404267668,0.346301848384
815.597354577,13.6930626056,0.245930348423
817.317721645,13.7235417678,0.255141386109
819.038088714,13.8234393619,0.349490459975
820.758455783,13.9235188421,0.368103894545
822.478822852,14.0237852358,0.324300011693
824.199189921,14.1242435799,0.176486679995
825.91955699,14.0721343351,0.301553166355
827.639924059,13.9986307315,0.3635291491
829.360291128,13.9253178147,0.360179983858
831.080658197,13.8521919019,0.289244465233
832.801025265,13.745418154,0.198635754754
834.521392334,13.5214063367,0.330687755975
836.241759403,13.2975612328,0.367805457567
837.962126472,13.0738715972,0.342404382002
839.682493541,12.8503261929,0.235011670999
841.40286061,12.5411364923,0.258087014226
843.123227679,12.1676677722,0.348845736648
844.843594748,11.7942977601,0.363679491256
846.563961817,11.4210076995,0.313559091587
848.284328885,11.0477788381,0.140911752272
850.004695954,10.9718475181,0.297327506677
851.725063023,10.9222632497,0.359218418662
853.445430092,10.872715126,0.353270499767
855.165797161,10.8232006579,0.275116912897
856.88616423,10.770251504,0.193183176335
858.606531299,10.7077767247,0.327636867244
860.326898368,10.6453273154,0.363888784706
862.047265437,10.5829001388,0.335458148911
863.767632505,10.5204920589,0.218387929039
865.487999574,10.6396046535,0.257723487882
867.208366643,10.8729917661,0.34814719021
868.928733712,11.1064125482,0.362183342648
870.649100781,11.3398787259,0.310377709568
872.36946785,11.5734020273,0.12912053052
874.089834919,11.4498876789,0.303015992773
875.810201988,11.3120206276,0.360982787583
877.530569057,11.1742093004,0.352267913846
879.250936125,11.0364467747,0.270499119069
880.971303194,10.9376632796,0.204582211474
882.691670263,10.9261110888,0.331370442654
884.412037332,10.914595236,0.36464395915
886.132404401,10.9031151428,0.333669109913
887.85277147,10.8916702323,0.211923565762
889.573138539,10.8987112669,0.265451913729
891.293505608,10.9154540259,0.350496342158
893.013872677,10.9322325875,0.36111478604
894.734239745,10.9490477947,0.305180021239
896.454606814,10.9662187641,0.10864287809
898.174973883,11.0688409931,0.29450014801
899.895340952,11.1715067302,0.325079694944
901.615708021,11.2742211329,0.26200476101
903.33607509,11.3353321599,0.147889107719
905.056442159,11.2405386551,0.312515331402
906.776809228,11.1457972836,0.355634496069
908.497176297,11.0511032861,0.329100538853
910.217543365,10.9564519057,0.207740201004
911.937910434,10.828683163,0.230554985072
913.658277503,10.6747152107,0.335721752642
915.378644572,10.5207709674,0.353791040271
917.099011641,10.3668426999,0.300890544278
918.81937871,10.2129330054,0.0939440962236
920.539745779,10.1492195177,0.280539859755
922.260112848,10.0948951536,0.349401378959
923.980479917,10.0405653711,0.343913914183
925.700846985,9.98622744107,0.25939972757
927.421214054,9.94002842358,0.157302524939
929.141581123,9.91784040269,0.314632272104
930.861948192,9.89563806906,0.354999248759
932.582315261,9.87342030737,0.325334467841
934.30268233,9.85118600157,0.196070291619
936.023049399,9.89097422061,0.236294947359
937.743416468,9.97196759746,0.337234887404
939.463783537,10.0529493807,0.352727412386
941.184150606,10.1339236384,0.296488152516
942.904517674,10.2139474384,0.074007726317
944.624884743,10.1450845674,0.285379098883
946.345251812,10.0670537468,0.350485101987
948.065618881,9.98901610924,0.34211508795
949.78598595,9.91096773452,0.253078733321
951.506353019,9.8575635307,0.169803430183
953.226720088,9.86284144448,0.317945736874
954.947087157,9.86810228272,0.355145538086
956.667454226,9.87334630961,0.322420255535
958.387821294,9.87857378862,0.185915141493
960.108188363,9.90726178616,0.243484956526
961.828555432,9.94895115433,0.339339282788
963.548922501,9.99062777262,0.351870456537
965.26928957,10.0322937347,0.29201313769
966.989656639,10.073213652,0.0636745356734
968.710023708,10.0804443224,0.290054266201
970.430390777,10.0866056785,0.351519118228
972.150757846,10.0927611999,0.340315999428
973.871124914,10.0989111956,0.246734243364
975.591491983,10.0938588298,0.181704613953
977.311859052,10.0669023367,0.321263382074
979.032226121,10.0399390191,0.355261730587
980.75259319,10.0129675225,0.319411017745
982.472960259,9.98598649186,0.17505085961
984.193327328,10.0113444588,0.250368274742
985.913694397,10.0606735117,0.341362958981
987.634061466,10.109995427,0.350980019264
989.354428534,10.1593126826,0.287507431929
991.074795603,10.2058351632,0.0685929676121
992.795162672,10.1932287449,0.294682548594
994.515529741,10.1799168922,0.352476179629
996.23589681,10.1666038923,0.338334851996
997.956263879,10.1532890764,0.239851800162
999.676630948,10.1208016098,0.192341401189
1001.39699802,10.0571435195,0.324285936399
1003.11736509,9.99347811443,0.355149512824
1004.83773215,9.92980219633,0.316083615672
1006.55809922,9.86611256641,0.162754804088
1008.27846629,9.84694781119,0.256648865176
1009.99883336,9.84437869896,0.343083515671
1011.71920043,9.8417915837,0.34975418543
1013.4395675,9.8391863354,0.282373233857
1015.15993457,9.84196794141,0.0831320493006
1016.88030164,9.90907882878,0.298744902239
1018.60066871,9.97628179591,0.353159508595
1020.32103577,10.0434733863,0.336165217014
1022.04140284,10.110656975,0.232599240117
1023.76176991,10.1565015009,0.202243289016
1025.48213698,10.173283446,0.327218906034
1027.20250405,10.1900639106,0.355082582319
1028.92287112,10.2068437377,0.312954392165
1030.64323819,10.2236237702,0.150455944394
1032.36360526,10.2296261557,0.263219692395
1034.08397233,10.2324257621,0.34502639087
1035.80433939,10.235226859,0.348781310353
1037.52470646,10.2380295873,0.277670139061
1039.24507353,10.2517472574,0.106590714366
1040.9654406,10.3467608531,0.303195892954
1042.68580767,10.4417816831,0.354077535946
1044.40617474,10.5368145206,0.334212142874
1046.12654181,10.6318641398,0.225622620598
1047.84690888,10.6852315024,0.212227727215
1049.56727595,10.6908058646,0.330305343709
1051.28764301,10.6964047442,0.355100010099
1053.00801008,10.7020284225,0.309882581604
1054.72837715,10.707677182,0.137437875348
1056.44874422,10.675379031,0.269699454355
1058.16911129,10.6343912211,0.346942275698
1059.88947836,10.5934250946,0.347751013083
1061.60984543,10.5524785936,0.272806491635
1063.3302125,10.5252560641,0.126823853825
1065.05057957,10.5695486427,0.307440017431
1066.77094663,10.6138596474,0.354789604964
1068.4913137,10.658191304,0.331902830904
1070.21168077,10.7025458397,0.217641178017
1071.93204784,10.7103362109,0.220921793886
1073.65241491,10.6827674475,0.332886398844
1075.37278198,10.6552227977,0.354609447271
1077.09314905,10.6277008777,0.305962345202
1078.81351612,10.6002003051,0.120009112156
1080.53388319,11.0446412452,0.105398901525
1082.25425025,11.2464662544,0.304676181989
1083.97461732,11.4471433567,0.361237481884
1085.69498439,11.6478829712,0.351301978701
1087.41535146,11.8486951821,0.267559038471
1089.13571853,12.0206461025,0.215078886709
1090.8560856,12.1374418215,0.335279725059
1092.57645267,12.25433473,0.366299652425
1094.29681974,12.3713307002,0.333994198488
1096.01718681,12.4884356094,0.211040317943
1097.73755387,12.4040836515,0.274629737678
1099.45792094,12.2298292914,0.354194775091
1101.17828801,12.0556767619,0.362078263432
1102.89865508,11.8816173144,0.303912516913
1104.61902215,11.7170753358,0.13142020863
1106.33938922,11.7863295099,0.311309575116
1108.05975629,11.8556632352,0.363455956481
1109.78012336,11.9250799949,0.350482644332
1111.50049043,11.9945832759,0.262916993402
1113.22085749,12.0122901321,0.225165963136
1114.94122456,11.9476576773,0.338326768298
1116.66159163,11.8831128784,0.365681013366
1118.3819587,11.8186524925,0.329357533409
1120.10232577,11.7542732818,0.196777216452
1121.82269284,11.8082996733,0.277292660483
1123.54305991,11.9053312206,0.354786709369
1125.26342698,12.0024482971,0.361083106347
1126.98379405,12.0996557819,0.300689751943
1128.70416111,12.1945546079,0.150766263353
1130.42452818,12.2623916,0.316359363982
1132.14489525,12.3303320584,0.3648940792
1133.86526232,12.3983793964,0.349185388896
1135.58562939,12.466537032,0.257738692272
1137.30599646,12.5884329207,0.234440902465
1139.02636353,12.7818775083,0.342092424561
1140.7467306,12.975451659,0.367487896919
1142.46709767,13.1691650967,0.330191671752
1144.18746473,13.3630275527,0.19738175034
1145.9078318,13.3774448483,0.288419906067
1147.62819887,13.3402704894,0.359322292906
1149.34856594,13.3032537443,0.362127496674
1151.06893301,13.2663927536,0.298760589592
1152.78930008,13.2196688129,0.169705069697
1154.50966715,13.1022121394,0.321846489845
1156.23003422,12.984901121,0.366467875301
1157.95040129,12.8677298644,0.347773783045
1159.67076835,12.7506924836,0.25204400736
1161.39113542,12.6862530714,0.242628506641
1163.11150249,12.6807937777,0.344451263339
1164.83186956,12.6754589688,0.366338721911
1166.55223663,12.6702483769,0.324875172115
1168.2726037,12.6651617401,0.180721798894
1169.99297077,12.7352737358,0.290279948854
1171.71333784,12.8221240292,0.35917246906
1173.43370491,12.9091059072,0.359957072715
1175.15407197,12.9962237396,0.293181270013
1176.87443904,13.1084422401,0.179672291607
1178.59480611,13.3459120228,0.325078490872
1180.31517318,13.5835397029,0.367757080214
1182.03554025,13.8213372176,0.347844517821
1183.75590732,14.0593165127,0.250848116364
1185.47627439,14.114508303,0.255258147222
1187.19664146,13.9967647363,0.349582604389
1188.91700853,13.8792117626,0.368236684725
1190.63737559,13.7618434766,0.324546126873
1192.35774266,13.6446539823,0.177193997052
1194.07810973,13.570831494,0.298479866342
1195.7984768,13.504132001,0.3621275129
1197.51884387,13.4375983536,0.359594084813
1199.23921094,13.3712272094,0.289144555369
1200.95957801,13.2878789369,0.191731845833
1202.67994508,13.1397661685,0.328364786351
1204.40031215,12.9918009417,0.367128204099
1206.12067921,12.8439758234,0.342995005896
1207.84104628,12.6962833875,0.237502329907
1209.56141335,12.5162293488,0.255816607557
1211.28178042,12.310384777,0.348352742953
1213.00214749,12.1046460824,0.36449606669
1214.72251456,11.8990029298,0.316176685473
1216.44288163,11.6934449887,0.150578769978
1218.1632487,11.6524940326,0.297406002354
1219.88361577,11.6291190209,0.359970175049
1221.60398283,11.605815663,0.355123109541
1223.3243499,11.5825827881,0.279376666456
1225.04471697,11.5472348299,0.193752134925
1226.76508404,11.4756620143,0.328208774849
1228.48545111,11.4041531437,0.365012755988
1230.20581818,11.3327046256,0.337764641371
1231.92618525,11.2613128707,0.224207659834
1233.64655232,11.19995105,0.257674964143
1235.36691939,11.1453224076,0.348173481475
1237.08728645,11.0907411151,0.362297636787
1238.80765352,11.036204431,0.31064902516
1240.52802059,10.9817096155,0.130182589812
1242.24838766,10.9630553084,0.300134545595
1243.96875473,10.9464686212,0.359934371219
1245.6891218,10.9299192947,0.352384085604
1247.40948887,10.9134064976,0.271928375406
1249.12985594,10.9039908648,0.200439850499
1250.85022301,10.9115791364,0.329986852549
1252.57059007,10.919203016,0.364339396121
1254.29095714,10.9268628865,0.334270167198
1256.01132421,10.9345591328,0.214166171569
1257.73169128,10.9955985826,0.25684942721
1259.45205835,11.0864855434,0.324398549936
1261.17242542,11.1774168988,0.297488454039
1262.89279249,11.2683972166,0.125551378797
1264.61315956,11.2337528007,0.274964429322
1266.33352663,11.1767113496,0.348526054007
1268.05389369,11.1197188256,0.346936108801
1269.77426076,11.0627723657,0.268864231541
1271.49462783,10.7334536977,0.139322241486
1273.2149949,9.28636103785,0.266035429302
1274.93536197,7.83922234264,0.196528403601
1276.65572904,8.15558981285,0.204892079612
1278.37609611,9.91037605972,0.19455292893
1280.09646318,9.86029968075,0.215549282198
1281.81683025,8.29400611623,0.262351317362
1283.53719731,6.74169498231,0.0910344781985
1285.25756438,8.28575029236,0.229937403027
1286.97793145,10.1976695651,0.101027398872
1288.69829852,8.99766835208,0.252063546787
1290.41866559,7.41674113053,0.238167712733
1292.13903266,6.69290333088,0.143011429631
1293.85939973,8.59957344042,0.224656016496
1295.5797668,9.7281784566,0.149867173435
1297.30013387,8.37220214235,0.265828157138
1299.02050093,7.01613386993,0.18665841467
1300.740868,7.56001600141,0.2088816625
1302.46123507,9.40642329802,0.186563969547
1304.18160214,9.55793174841,0.220851920104
1305.90196921,8.51184477789,0.260870406011
1307.62233628,7.497871486,0.0811731202973
1309.34270335,8.58477645639,0.231086889608
1311.06307042,9.83405415399,0.0783241659181
1312.78343749,9.13882525802,0.254855765201
1314.50380455,8.29802881889,0.235199515378
1316.22417162,8.04594550723,0.15831162661
1317.94453869,9.24743984464,0.222339524924
1319.66490576,9.81141139206,0.161809416716
1321.38527283,8.74402859795,0.266533686291
1323.1056399,7.67657252454,0.179183754621
1324.82600697,8.16309527779,0.214296435983
1326.54637404,9.53979862742,0.178718541362
1328.26674111,9.49652660208,0.226445567106
1329.98710817,8.6138094138,0.259154928243
1331.70747524,7.79253839333,0.0767709127612
1333.42784231,8.87088738292,0.231852767582
1335.14820938,10.0174764852,0.0654731655039
1336.86857645,9.37273154506,0.257620215868
1338.58894352,8.65489885366,0.231083810215
1340.30931059,8.46810517911,0.169633914179
1342.02967766,9.35572277732,0.219221211079
1343.75004473,9.77195215971,0.17253069692
1345.47041179,9.20240148602,0.26720932689
1347.19077886,8.63280055945,0.172062113421
1348.91114593,9.05026810692,0.219495416202
1350.631513,9.93587124322,0.170433090776
1352.35188007,9.93962769592,0.232076909344
1354.07224714,9.51097104151,0.258173220318
1355.79261421,9.13770367905,0.0867618540704
1357.51298128,9.75109066452,0.23292567665
1359.23334835,10.3476236279,0.0673527408849
1360.95371541,9.74357295494,0.260343320076
1362.67408248,9.11826315218,0.226922897358
1364.39444955,9.02287280929,0.179985484075
1366.11481662,9.81714602107,0.215957905927
1367.83518369,10.0422993596,0.182858331487
1369.55555076,9.28157907711,0.267099967013
1371.27591783,8.52081251919,0.160781306618
1372.9962849,9.02303469762,0.222614062836
1374.71665197,10.014429766,0.160882212648
1376.43701903,9.65041691826,0.236779233683
1378.1573861,8.74211347497,0.254528903792
1379.87775317,8.00692642385,0.0867570177351
1381.59812024,9.24764236054,0.23177043593
1383.31848731,10.3449792467,0.0786328223935
1385.03885438,9.03152129818,0.261555266826
1386.75922145,7.70789159686,0.218350876306
1388.47958852,7.65790255434,0.184173889784
1390.19995559,9.39736568442,0.211390062851
1391.92032265,9.93313542434,0.191834589159
1393.64068972,8.72604557776,0.266048097583
1395.36105679,7.51888154831,0.145057655747
1397.08142386,8.49111673341,0.224416919333
1398.80179093,10.1390875271,0.150509443692
1400.522158,9.42077253009,0.241223261168
1402.24252507,7.93873234477,0.25055976999
1403.96289214,6.84722709178,0.0940937511982
1405.68325921,8.79701574625,0.230540679715
1407.40362627,10.4027424233,0.0996189444815
1409.12399334,8.94867191512,0.263178610031
1410.84436041,7.49453840784,0.211638607842
1412.56472748,7.59404232831,0.19104432887
1414.28509455,9.52977327514,0.206790364302
1416.00546162,10.0443757226,0.200191751572
1417.72582869,8.82915353966,0.265406739119
1419.44619576,7.6138623537,0.13103091848
1421.16656283,8.67461756972,0.226858358554
1422.88692989,10.2837830742,0.137679134658
1424.60729696,9.75780568051,0.245249286348
1426.32766403,8.69305985207,0.248227661664
1428.0480311,8.01607317593,0.115701799354
1429.76839817,9.48063557044,0.229919490959
1431.48876524,10.5251494028,0.119776529814
1433.20913231,9.11327355044,0.26465965797
1434.92949938,7.70134296772,0.205108701237
1436.64986645,8.03939061788,0.197975524891
1438.37023351,10.1216298528,0.20211703698
1440.09060058,10.468169363,0.160433499749
1441.81096765,8.80145418961,0.218616887442
1443.53133472,7.00068916971,0.110763119427
1445.25170179,7.53502872314,0.253391427332
1446.97206886,8.48672986003,0.273670480291
1448.69243593,9.438344792,0.103956685631
1450.412803,7.90572727562,0.221082538766
1452.13317007,6.86523717522,0.129634981668
1453.85353713,8.03871577258,0.276550676684
1455.5739042,9.21208565903,0.248068859291
1457.29427127,9.9885249212,0.20442744219
1459.01463834,9.95531639699,0.330738497551
1460.73500541,9.92209544264,0.363029190789
1462.45537248,9.88886038933,0.330154205655
1464.17573955,9.85560956753,0.202529486802
1465.89610662,9.92859440891,0.264926839756
1467.61647369,10.0523875768,0.349699667974
1469.33684075,10.1761731909,0.359522499158
1471.05720782,10.2999574698,0.301806791123
1472.77757489,10.4221941959,0.113118378085
1474.49794196,10.4811773201,0.306627719837
1476.21830903,10.5401744307,0.36086480578
1477.9386761,10.5991884919,0.348441660285
1479.65904317,10.6582224678,0.259967951122
1481.37941024,10.5818606512,0.215518951981
1483.09977731,10.2763739979,0.334157127299
1484.82014437,9.9708910431,0.362849490494
1486.54051144,9.66539644056,0.326264828577
1488.26087851,9.35987484362,0.189796935114
1489.98124558,9.3931562213,0.269071119986
1491.70161265,9.55885020698,0.350570319159
1493.42197972,9.72451184607,0.357900375121
1495.14234679,9.8901494604,0.296613722954
1496.86271386,10.0443371888,0.128535491273
1498.58308093,10.0379163307,0.309851533835
1500.30344799,10.031487192,0.360983935251
1502.02381506,10.0250494497,0.345590148346
1503.74418213,10.0186027802,0.251744383774
1505.4645492,10.006436031,0.221744514733
1507.18491627,9.98617474845,0.336136068631
1508.90528334,9.96590258602,0.362776633386
1510.62565041,9.94561852531,0.324087424248
1512.34601748,9.92532154749,0.18237169515
1514.06638455,9.84397258116,0.276408318754
1515.78675161,9.74348533783,0.352741724643
1517.50711868,9.64297502298,0.356615929499
1519.22748575,9.54243658764,0.290941061923
1520.94785282,9.44135204963,0.140818626924
1522.66821989,9.3360351897,0.31252589934
1524.38858696,9.23067478985,0.360677288157
1526.10895403,9.12526555738,0.342174523756
1527.8293211,9.01980219695,0.242189430189
1529.54968817,8.9536843508,0.226734620163
1531.27005523,8.93442287578,0.337196785921
1532.9904223,8.91509768578,0.361226839046
1534.71078937,8.89570781011,0.319000675363
1536.43115644,8.87625227462,0.165908726594
1538.15152351,8.909029721,0.27943017624
1539.87189058,8.95449325709,0.353044690303
1541.59225765,8.99989408642,0.354525379299
1543.31262472,9.04523448984,0.284999136086
1545.03299179,9.0656572058,0.152670704256
1546.75335885,8.94677086075,0.315385408504
1548.47372592,8.82782142108,0.360647444086
1550.19409299,8.7088029114,0.339279179465
1551.91446006,8.58970935256,0.233658508556
1553.63482713,8.43711606512,0.233241525439
1555.3551942,8.25087940877,0.338875036079
1557.07556127,8.06454469959,0.359933155692
1558.79592834,7.87810257708,0.313928854451
1560.51629541,7.69154367496,0.147744400875
1562.23666247,7.73708051076,0.282532321565
1563.95702954,7.82460661125,0.35318309246
1565.67739661,7.91201324487,0.351919028681
1567.39776368,7.99930480263,0.277759700952
1569.11813075,8.0487319936,0.161157518085
1570.83849782,7.9411911716,0.317297012386
1572.55886489,7.83353673945,0.359910359365
1574.27923196,7.72576328916,0.335487350886
1575.99959903,7.6178654066,0.222986252456
1577.71996609,7.55468699208,0.238059434975
1579.44033316,7.52935067201,0.340048722986
1581.16070023,7.5038800528,0.35873679518
1582.8810673,7.47827385508,0.309599388451
1584.60143437,7.45253079241,0.130788433343
1586.32180144,7.67365865788,0.287050347692
1588.04216851,7.92550156462,0.354451272738
1589.76253558,8.17723007317,0.350880767245
1591.48290265,8.42885682893,0.273573062063
1593.20326972,8.62314603842,0.176052725642
1594.92363678,8.63253998153,0.321730832033
1596.64400385,8.64185504443,0.361137946263
1598.36437092,8.65109169535,0.33425982921
1600.08473799,8.66025039806,0.217793535317
1601.80510506,8.70731996301,0.247865165554
1603.52547213,8.7813738689,0.343715163699
1605.2458392,8.85535637143,0.359583969129
1606.96620627,8.92927118707,0.308092411821
1608.68657334,9.00312202903,0.122450461339
1610.4069404,8.99164977946,0.294417807831
1612.12730747,8.97384779201,0.356861258376
1613.84767454,8.95598407007,0.350015289673
1615.56804161,8.93805771649,0.268631920993
1617.28840868,8.93417636404,0.186386348867
1619.00877575,8.9666883389,0.309170957581
1620.72914282,8.99913821979,0.315631101242
1622.44950989,9.03152763668,0.21644771954
1624.16987696,9.01435261519,0.213509945418
1625.89024402,8.94478096129,0.330208755483
1627.61061109,8.87514611286,0.353714093684
1629.33097816,8.80544457171,0.306296001846
1631.05134523,8.73567283631,0.123053953256
1632.7717123,9.6407138883,0.247911766754
1634.49207937,10.7403229955,0.250728008883
1636.21244644,11.3557378876,0.146732329554
1637.93281351,9.88544283848,0.229327750961
1639.65318058,8.90323904715,0.127283226491
1641.37354764,10.1279826657,0.267279092989
1643.09391471,11.352722528,0.211450947181
1644.81428178,10.9733505078,0.21227040588
1646.53464885,9.20488179791,0.194897389325
1648.25501592,9.24390760348,0.211220640819
1649.97538299,10.8947868671,0.26795098387
1651.69575006,12.5381901663,0.1330609774
1653.41611713,10.8506293749,0.234932433618
1655.1364842,8.71404203315,0.101435427843
1656.85685126,10.0186885885,0.251836883147
1658.57721833,11.8099473258,0.250160097287
1660.2975854,12.6870930528,0.165511951872
1662.01795247,10.5196631659,0.228033247936
1663.73831954,9.23276398353,0.1426616562
1665.45868661,11.0029291108,0.269594379001
1667.17905368,12.773134435,0.209792984766
1668.89942075,12.2369541802,0.220446193216
1670.61978782,10.0198277435,0.188937853856
1672.34015488,9.78238791208,0.218365377383
1674.06052195,11.0315635592,0.266630953283
1675.78088902,12.2516038648,0.121786238807
1677.50125609,10.7840850732,0.235486109078
1679.22162316,9.07074136304,0.0810547072045
1680.94199023,10.3212532598,0.255284280793
1682.6623573,11.837835775,0.24609320836
1684.38272437,12.453941735,0.174118728506
1686.10309144,10.6772190114,0.225332414742
1687.8234585,9.68277800508,0.156481832874
1689.54382557,10.8455090114,0.26955303553
1691.26419264,12.0082723068,0.198039890723
1692.98455971,11.3421756773,0.221449003368
1694.70492678,9.55963639784,0.180671900722
1696.42529385,9.7295769711,0.224209389215
1698.14566092,11.1288909832,0.265031486019
1699.86602799,12.4526102209,0.115528301118
1701.58639506,10.8327042218,0.235666292119
1703.30676212,9.06404872145,0.0630561006723
1705.02712919,10.049983187,0.257604891921
1706.74749626,11.1772698401,0.239579831381
1708.46786333,11.4903095992,0.178449772182
1710.1882304,10.0403591874,0.22122099432
1711.90859747,9.43203516088,0.167390849792
1713.62896454,10.7089776467,0.269871577391
1715.34933161,11.9859455629,0.189627350404
1717.06969868,11.1968207087,0.224712824367
1718.79006574,9.35962239066,0.171695965592
1720.51043281,9.58418995417,0.229519139163
1722.23079988,10.8892344795,0.262778349838
1723.95116695,12.0691113092,0.111910230128
1725.67153402,10.5881755058,0.23521920874
1727.39190109,9.08864814053,0.0571439334224
1729.11226816,10.2269364387,0.26024250782
1730.83263523,11.4301622383,0.235422214568
1732.5530023,11.6360064064,0.187154937193
1734.27336936,10.056761009,0.217564424899
1735.99373643,9.35804852027,0.177728628894
1737.7141035,10.2863798444,0.269095750604
1739.43447057,11.2147153694,0.17599593462
1741.15483764,10.8255321461,0.225881680603
1742.87520471,9.88758933,0.163140948995
1744.59557178,9.9103523727,0.234924906317
1746.31593885,10.3474892346,0.258569232763
1748.03630592,10.6928891322,0.103537872349
1749.75667298,9.82629442555,0.233239415925
1751.47704005,9.02856394651,0.0654163682958
1753.19740712,9.80626730227,0.261794625801
1754.91777419,10.5963280848,0.22782516902
1756.63814126,10.6614930539,0.190993183105
1758.35850833,9.64366747671,0.212751881555
1760.0788754,9.35855288704,0.186894013853
1761.79924247,10.2020134243,0.268559729348
1763.51960954,11.0454739244,0.163829957984
1765.2399766,10.4501206576,0.227756503112
1766.96034367,9.37124020041,0.151325986167
1768.68071074,9.52487224452,0.239090054391
1770.40107781,10.1089262587,0.255724017141
1772.12144488,10.5521980066,0.111807415804
1773.84181195,9.74969867145,0.232281494934
1775.56217902,9.03633352048,0.0852481503513
1777.28254609,9.30685113125,0.262964630822
1779.00291316,9.57770980234,0.219023691918
1780.72328022,9.58034872633,0.194178367151
1782.44364729,9.24639847834,0.207566659339
1784.16401436,9.24587430049,0.195397449826
1785.88438143,9.67638476621,0.267237368433
1787.6047485,10.1068687896,0.147356818567
1789.32511557,9.73753164597,0.228614103268
1791.04548264,9.1568136465,0.138716654194
1792.76584971,9.56101247959,0.243355364124
1794.48621678,10.2370737867,0.25308181471
1796.20658384,10.7211515321,0.125758289237
1797.92695091,10.0139221145,0.231209555178
1799.64731798,9.15097633208,0.103384555937
1801.36768505,8.33412020132,0.170123262709
1803.08805212,10.4003392235,0.204654987682
1804.80841919,10.8684618055,0.215018622269
1806.52878626,9.64634666487,0.283519765153
1808.24915333,8.42420357301,0.201197913898
1809.9695204,9.16303946801,0.216929411607
1811.68988746,11.1083903214,0.138638570105
1813.41025453,10.6040036701,0.258458383319
1815.1306216,9.61023893088,0.274833155069
1816.85098867,8.61644442659,0.103072265493
1818.57135574,8.75009021123,0.297512362355
1820.29172281,8.92262391268,0.357692724052
1822.01208988,9.09509330651,0.349162454757
1823.73245695,9.26750705672,0.265374073806
1825.45282402,9.38070889377,0.199226058791
1827.17319108,9.36466946215,0.328902527009
1828.89355815,9.34858792908,0.362351800715
1830.61392522,9.33246348681,0.330244658298
1832.33429229,9.31629532524,0.203618575753
1834.05465936,9.294901512,0.261266493337
1835.77502643,9.27081205343,0.348059895059
1837.4953935,9.24667577859,0.358646695955
1839.21576057,9.22249147491,0.301175978235
1840.93612764,9.19728092476,0.0964389979442
1842.6564947,9.06571731031,0.302923892771
1844.37686177,8.93409657646,0.358812496091
1846.09722884,8.80241211127,0.346783043907
1847.81759591,8.6706572996,0.257482806785
1849.53796298,8.55646647627,0.205951808159
1851.25833005,8.47402031888,0.330549894499
1852.97869712,8.39148731805,0.361201530595
1854.69906419,8.30886332783,0.325623013322
1856.41943126,8.22614419756,0.189604129068
1858.13979832,8.31437729463,0.264729318808
1859.86016539,8.4743945756,0.348661967968
1861.58053246,8.634325032,0.356983454177
1863.30089953,8.79417669801,0.296139913094
1865.0212666,8.94215996102,0.115177200368
1866.74163367,8.87330549286,0.306513609853
1868.46200074,8.80438423947,0.359275548446
1870.18236781,8.73539273866,0.344467453255
1871.90273488,8.6663275246,0.250370163751
1873.62310194,8.59232398665,0.214142077933
1875.34346901,8.51092101223,0.333034079396
1877.06383608,8.42943304806,0.360971417614
1878.78420315,8.34785600083,0.322531741779
1880.50457022,8.26618577217,0.179124255429
1882.22493729,8.28814708029,0.270700362709
1883.94530436,8.34521371397,0.350277242745
1885.66567143,8.40218703368,0.355593124594
1887.3860385,8.45906990148,0.290751458803
1889.10640556,8.50101213501,0.130127188277
1890.82677263,8.39992558933,0.309653969005
1892.5471397,8.29874847807,0.359339707625
1894.26750677,8.19747571867,0.341552483882
1895.98787384,8.09610222359,0.241831132576
1897.70824091,8.05481821701,0.220698928327
1899.42860798,8.08953273197,0.334951272706
1901.14897505,8.12414108861,0.360470613269
1902.86934212,8.15864502566,0.319298773691
1904.58970918,8.19304627644,0.168001972489
1906.31007625,8.19408234207,0.276509452417
1908.03044332,8.18612882636,0.35187028465
1909.75081039,8.17807400488,0.354247053263
1911.47117746,8.16991747316,0.285469170128
1913.19154453,8.15809874445,0.144407887737
1914.9119116,8.12368210273,0.313091183591
1916.63227867,8.08916101829,0.35983360595
1918.35264574,8.05453375701,0.339444196784
1920.0730128,8.01979857929,0.235052420741
1921.79337987,7.98156956762,0.229328020034
1923.51374694,7.93962308683,0.337575901255
1925.23411401,7.89756291717,0.359936411522
1926.95448108,7.85538694563,0.315253340233
1928.67484815,7.81309305351,0.153110323947
1930.39521522,7.89766226295,0.280942757702
1932.11558229,8.00782145202,0.352871815585
1933.83594936,8.11787037805,0.352629543158
1935.55631642,8.22781456951,0.280028620287
1937.27668349,8.29364246257,0.157585560153
1938.99705056,8.15769062216,0.316410119762
1940.71741763,8.02163604738,0.360010097419
1942.4377847,7.88547190367,0.336622717658
1944.15815177,7.74919135072,0.226351146302
1945.87851884,7.72208476663,0.236004396192
1947.59888591,7.79308980795,0.339606559474
1949.31925298,7.86397379916,0.359409852651
1951.03962004,7.93474030117,0.311816191822
1952.75998711,8.00539286894,0.139599003486
1954.48035418,8.06666653862,0.286371599121
1956.20072125,8.12649857399,0.354386883319
1957.92108832,8.18622630808,0.351366357298
1959.64145539,8.24585274144,0.274978228845
1961.36182246,8.28806543093,0.170789016759
1963.08218953,8.26937914009,0.320136602529
1964.8025566,8.25059572566,0.36071571429
1966.52292366,8.23171424414,0.334753023527
1968.24329073,8.21273374686,0.219806953188
1969.9636578,8.26415357201,0.24467561319
1971.68402487,8.36884245537,0.342564019859
1973.40439194,8.47343921172,0.359443555668
1975.12475901,8.57794909551,0.308896783427
1976.84512608,8.68237735677,0.126475209581
1978.56549315,8.83544553059,0.312953695559
1980.28586022,8.99287373997,0.421963014348
1982.00622728,9.1502411707,0.488484687567
1983.72659435,9.30755572817,0.52881537339
1985.44696142,9.46482531519,0.548767944865
1987.16732849,9.62205783212,0.550566331078
1988.88769556,9.77926117766,0.534394217053
1990.60806263,9.93644324893,0.498502170953
1992.3284297,10.093611942,0.43806111567
1994.04879677,10.2507751522,0.340213439311
1995.76916384,10.4079407748,0.141534595774
1997.4895309,10.2909986061,0.274035751559
1999.20989797,10.1163436627,0.348721599038
2000.93026504,9.94168437837,0.348337021192
2002.65063211,9.76701197923,0.272564339847
2004.37099918,9.62458826204,0.135390327763
2006.09136625,9.63578780598,0.309573179907
2007.81173332,9.64695886817,0.355565676464
2009.53210039,9.65810200992,0.331829591322
2011.25246746,9.66921779088,0.216527266883
2012.97283452,9.66582957294,0.224706281594
2014.69320159,9.6491082565,0.334242037639
2016.41356866,9.63235912752,0.354976235667
2018.13393573,9.61558134461,0.305560057988
2019.8543028,9.5987336312,0.118004090112
2021.57466987,9.52765486062,0.277450785336
2023.29503694,9.44828829536,0.349128201653
2025.01540401,9.36888382925,0.346151842781
2026.73577108,9.28943747351,0.266026904029
2028.45613814,9.26918088553,0.148332778393
2030.17650521,9.46378261449,0.312746984448
2031.89687228,9.65834722101,0.356004197065
2033.61723935,9.85288447913,0.329838388069
2035.33760642,10.0474041615,0.209690705497
2037.05797349,10.2158998221,0.234204360195
2038.77834056,10.3642501851,0.337565688515
2040.49870763,10.512608661,0.355519879303
2042.2190747,10.6609827025,0.30362074103
2043.93944176,10.8089893858,0.112602079502
2045.65980883,10.9023740953,0.285087298919
2047.3801759,10.9899939009,0.352099157408
2049.10054297,11.0776532536,0.346634381265
2050.82091004,11.1653565571,0.264232347757
2052.54127711,11.2453734895,0.169897138009
2054.26164418,11.3032664809,0.318978450857
2055.98201125,11.3612147568,0.358069015416
2057.70237832,11.4192212283,0.329042335845
2059.42274538,11.4772888093,0.204718248609
2061.14311245,11.3831837467,0.244650356787
2062.86347952,11.1901967181,0.340990543652
2064.58384659,10.9972592938,0.355251090512
2066.30421366,10.8043617818,0.299402991887
2068.02458073,10.6208202792,0.102317906885
2069.7449478,10.9083574191,0.289721797894
2071.46531487,11.2290864388,0.353502385099
2073.18568194,11.5498670165,0.345832975918
2074.906049,11.8707152667,0.260474903401
2076.62641607,12.0878221311,0.185403512088
2078.34678314,12.0640279873,0.323718631256
2080.06715021,12.0403273449,0.359263291939
2081.78751728,12.0167190135,0.327426972942
2083.50788435,11.9932018071,0.198000727985
2085.22825142,12.0772955893,0.253502231319
2086.94861849,12.2197353476,0.344519410792
2088.66898556,12.3622764293,0.356514129352
2090.38935262,12.5049259952,0.299150749631
2092.10971969,12.6435372607,0.115994433608
2093.83008676,12.6752598755,0.298447229499
2095.55045383,12.7025022459,0.356636266555
2097.2708209,12.7298701918,0.345521056179
2098.99118797,12.7573650879,0.256232904657
2100.71155504,12.7783055139,0.198542234448
2102.43192211,12.786609142,0.327891295506
2104.15228918,12.7950425707,0.360106426532
2105.87265624,12.8036062236,0.325446282577
2107.59302331,12.8123005311,0.190325668837
2109.31339038,12.7912686054,0.261314566727
2111.03375745,12.7570222123,0.34701805327
2112.75412452,12.7229041334,0.355853656507
2114.47449159,12.6889126549,0.294817634083
2116.19485866,12.6570892586,0.118085750285
2117.91522573,12.6569230214,0.302689206269
2119.6355928,12.6575988852,0.357472578543
2121.35595986,12.6583980688,0.34355083373
2123.07632693,12.6593206122,0.249680570586
2124.796694,12.7069317176,0.207946852114
2126.51706107,12.8287009472,0.330846962782
2128.23742814,12.9506020921,0.360309125167
2129.95779521,13.0726412757,0.323009045996
2131.67816228,13.1948246288,0.181634593402
2133.39852935,13.2319425669,0.268453626566
2135.11889642,13.2382715316,0.349455405405
2136.83926348,13.2447529863,0.355560529446
2138.55963055,13.2513872565,0.291514740136
2140.27999762,13.2467730242,0.129365128304
2142.00036469,13.1269933846,0.307833126544
2143.72073176,13.0063231481,0.358674928149
2145.44109883,12.8857937496,0.341623784743
2147.1614659,12.7653991343,0.242767693506
2148.88183297,12.6901140259,0.216659528112
2150.60220004,12.6749142852,0.333418054073
2152.3225671,12.659838734,0.359825060201
2154.04293417,12.6448866151,0.319162114276
2155.76330124,12.6300571773,0.168324669994
2157.48366831,12.706203591,0.273220263461
2159.20403538,12.8086814226,0.35061597538
2160.92440245,12.9112901635,0.354092671602
2162.64476952,13.0140349684,0.286356383484
2164.36513659,13.1186041173,0.139177327336
2166.08550366,13.2350960857,0.311620502191
2167.80587072,13.3517573211,0.359766075046
2169.52623779,13.4685767475,0.340718554929
2171.24660486,13.5855602332,0.238908290055
2172.96697193,13.6413575582,0.241835004754
2174.687339,13.6284552994,0.406376683876
